"logFC"	"logCPM"	"LR"	"PValue"	"FDR2"
"hsa-let-7a-2-3p"	-7.43243377650815	3.62264866945105	29.2244011180309	6.4462262548066e-08	2.5375620812572e-07
"hsa-let-7a-3p"	-2.31758779889505	6.29678643811278	20.6462502639687	5.52452770984347e-06	1.48117067247695e-05
"hsa-let-7a-5p"	-0.373738783498313	14.8954815780711	0.746196145676095	0.387683232336004	0.43406519918433
"hsa-let-7b-3p"	-1.62797425245095	6.96079937269397	9.57886260420356	0.00196830306534674	0.00336647696693787
"hsa-let-7b-5p"	-1.00036996996036	11.5934612583445	4.36872558767447	0.0366043582065638	0.0509851489190917
"hsa-let-7c-5p"	-6.44540823260404	8.6214124427427	39.2588557122101	3.71181047527199e-10	2.14076511131966e-09
"hsa-let-7d-3p"	1.32527344968573	8.06817622289542	6.43709536657139	0.0111761243792815	0.0171620981180297
"hsa-let-7d-5p"	1.04748984235365	10.3943448296161	3.86170969092453	0.0493999653164408	0.0664021214009611
"hsa-let-7e-3p"	-3.52333473830868	3.69880140072901	26.1260389460039	3.19841533760689e-07	1.04369342595593e-06
"hsa-let-7e-5p"	-3.6881535972955	10.5092160079464	38.6345024485346	5.11074470528758e-10	2.84823525148611e-09
"hsa-let-7f-1-3p"	-1.02952497358389	4.463718520068	2.95316705986983	0.0857094414309984	0.11070802851504
"hsa-let-7f-2-3p"	-1.67389503127254	4.24285473315052	9.51497963111821	0.00203801367415497	0.0034737277745047
"hsa-let-7f-5p"	-0.386931942444548	14.4089810725824	0.659282335486751	0.416813420200507	0.458402342393462
"hsa-let-7g-3p"	0.123236984961425	3.19839828838483	0.0340822720623812	0.853531925240382	0.867551730564588
"hsa-let-7g-5p"	1.75974509586024	12.6280493445172	12.9602607077722	0.000318172870206809	0.000621313951269989
"hsa-let-7i-3p"	-0.221392119661362	5.7195275395987	0.153207273562399	0.69548902313752	0.721678986351904
"hsa-let-7i-5p"	-2.38429844494885	13.4527524891898	23.6381511357266	1.16259552689158e-06	3.47377940565195e-06
"hsa-miR-100-3p"	-11.3317625878888	7.28567040532712	62.7256266478908	2.37603859499034e-15	4.36487090042671e-14
"hsa-miR-100-5p"	-7.78370768258692	16.6764620856265	89.4228981154079	3.18824936601756e-21	1.23928723270499e-19
"hsa-miR-101-3p"	4.36360176410458	13.332892872665	58.2435798644313	2.31591530621914e-14	3.58966872463967e-13
"hsa-miR-101-5p"	5.91635917466361	5.25173035095701	57.4739900220029	3.42478389832779e-14	4.8534080387731e-13
"hsa-miR-103a-2-5p"	2.29774027272038	2.87079651908562	6.84007674196215	0.00891350097845962	0.0140799251124712
"hsa-miR-103a-3p"	2.11032267781629	13.0179449656888	20.8506004491756	4.96536573454926e-06	1.36067480902565e-05
"hsa-miR-106b-3p"	1.65715047186293	8.4001289871871	6.59101708277856	0.0102494598643522	0.0160370097562103
"hsa-miR-106b-5p"	2.12896726156488	8.85197264725355	10.7634841732728	0.00103522315143548	0.00188084499308424
"hsa-miR-107"	-1.07682436004805	5.24073673624289	3.25867801749333	0.0710463815481145	0.093224881608108
"hsa-miR-10a-3p"	-5.4957486666647	3.16312411811096	25.8663091351731	3.65900018243867e-07	1.18618568005855e-06
"hsa-miR-10a-5p"	-3.08317221177236	12.7850702274698	30.7359977156272	2.95629430902798e-08	1.26407067006714e-07
"hsa-miR-10b-5p"	-8.10397837863516	10.6761328996025	16.2402197694014	5.57968825127911e-05	0.000120852636359582
"hsa-miR-1180-3p"	-5.47108284016582	4.00756302314347	36.0457990878866	1.92733848359782e-09	9.95791549858873e-09
"hsa-miR-1185-1-3p"	-6.38168064764041	5.41751639024611	42.6450683341548	6.56296866889159e-11	4.45922254763045e-10
"hsa-miR-1185-2-3p"	-6.4108985939675	2.8255515924511	26.7231603199939	2.34790375835074e-07	7.76373509427977e-07
"hsa-miR-1185-5p"	-5.02313853364	4.21388633361623	29.4043342227649	5.87461104953388e-08	2.34984441981355e-07
"hsa-miR-1197"	-5.7368649315168	3.95569640008715	27.4580459255012	1.60539576171856e-07	5.7924362028567e-07
"hsa-miR-1226-3p"	1.10401068299936	3.62430918729135	3.32147123291353	0.0683806101055977	0.0904447536330039
"hsa-miR-1247-5p"	-5.16610273941091	2.02556901770913	4.36442006817422	0.0366969721050721	0.0509851489190917
"hsa-miR-1248"	3.08106245209028	2.50799502173611	5.58765230024754	0.018087522863672	0.026464340237113
"hsa-miR-1249-3p"	1.29813847929571	5.08626222130465	6.79396043213631	0.00914667687865061	0.0144023864501927
"hsa-miR-1255a"	2.22282242760314	2.94322959247307	5.84892304221186	0.0155865869970626	0.0232859853932019
"hsa-miR-125a-3p"	-0.0224480620623061	4.75962908652115	0.00174268476991313	0.966701600899568	0.968654533426638
"hsa-miR-125a-5p"	-0.961355419212628	12.5180400682476	2.94586683824193	0.0860974950007641	0.110920409143842
"hsa-miR-125b-1-3p"	-10.9680417629704	9.55140074405949	117.331969206919	2.42824674085465e-27	2.40882076692782e-25
"hsa-miR-125b-2-3p"	-9.08338906713989	6.40739897740921	49.0933760959967	2.44062999586643e-12	2.01758746324958e-11
"hsa-miR-125b-5p"	-7.22435737213077	13.1526052348274	105.424083968684	9.86041248997517e-25	6.98680656432526e-23
"hsa-miR-126-3p"	1.61978189140656	7.87821177985314	4.64804356745802	0.0310889612079533	0.043931979370783
"hsa-miR-126-5p"	1.71952692320906	9.46323530006352	5.37635632026425	0.0204114649655116	0.0295162875303025
"hsa-miR-1260a"	3.4627815430128	6.63561789024125	38.055346592831	6.87660157101216e-10	3.74812569145278e-09
"hsa-miR-1260b"	4.06931211157295	5.26742961501509	42.5617410202048	6.84859382276891e-11	4.52920338145784e-10
"hsa-miR-127-3p"	-4.84790813549852	13.0588617409763	27.8111108224987	1.3375575578623e-07	4.95095931865448e-07
"hsa-miR-127-5p"	-6.63615903996656	5.47616018793556	41.3216865930084	1.29128317137762e-10	8.21123657696541e-10
"hsa-miR-1271-5p"	-2.82016567948114	6.4909182350099	17.5919706301349	2.73741708303586e-05	6.19981220632779e-05
"hsa-miR-1273h-3p"	8.80098606944382	4.82287313757635	58.1820692057306	2.38947071125424e-14	3.59144688721849e-13
"hsa-miR-1277-5p"	-1.69838703706625	2.18806998405247	0.672121013285663	0.412313101262842	0.456489504969575
"hsa-miR-128-1-5p"	-0.495339817263151	3.69305461817223	0.812800435529864	0.367293594258373	0.416882431927124
"hsa-miR-128-3p"	0.821073176361914	10.058945119729	2.16978190629406	0.140746193435295	0.172703368403414
"hsa-miR-1285-3p"	-1.7901020619869	4.56171366168724	8.89679523012559	0.00285671599276931	0.00478692950139722
"hsa-miR-1293-3p"	-7.282774716388	3.50391542217584	18.1344561215497	2.05842793097629e-05	4.81594459322755e-05
"hsa-miR-1294"	3.4993984583253	2.97710103655343	18.6441854101015	1.5752696114857e-05	3.79288217134421e-05
"hsa-miR-1296-5p"	-3.58154578855515	5.1271414316974	34.1929740344296	4.99088211178892e-09	2.45554455825016e-08
"hsa-miR-1301-3p"	1.53913613351116	6.17484938674726	5.55392776206214	0.0184392642628794	0.02689963257173
"hsa-miR-1304-3p"	0.28856756754147	6.02714718725601	0.200567768406181	0.654262949525184	0.686324554593996
"hsa-miR-1306-3p"	-0.4705874013239	2.42707793208728	0.215800631255809	0.642258426039365	0.677787615564946
"hsa-miR-1306-5p"	-0.0402948943720303	3.92626802813333	0.00308165666720805	0.955730035334647	0.959599387704422
"hsa-miR-1307-3p"	-0.197214609083321	7.74594942763637	0.129285714205944	0.719173787352778	0.744697700473857
"hsa-miR-1307-5p"	-1.1429208926235	9.0653492588576	4.09523794020751	0.0430041765530305	0.0584385522474059
"hsa-miR-130a-3p"	-2.36367071403874	9.63603341191893	19.2421350719445	1.15143751460599e-05	2.82729211507214e-05
"hsa-miR-130b-3p"	-0.568722206265818	8.54398329527525	1.00447557741826	0.316229967176136	0.363921261529846
"hsa-miR-130b-5p"	-0.449896623667114	7.26812809361391	0.478714298867922	0.489005264253217	0.528423989258378
"hsa-miR-132-3p"	-0.430315484467816	6.38658353476165	0.735289329656983	0.391174065103182	0.43698724389905
"hsa-miR-132-5p"	0.495680578066142	4.21568967535796	1.02521126213758	0.311286064385665	0.359064855663465
"hsa-miR-133a-3p"	1.59865844803865	2.62716447429754	2.67014886347309	0.102246459616992	0.12970394877245
"hsa-miR-134-5p"	-3.4337485702037	6.3799466653922	11.0811327105915	0.000872105121623689	0.00160208940861241
"hsa-miR-1343-3p"	-1.7877919776998	4.07100809343928	2.54897339902461	0.110365947355983	0.138763100626057
"hsa-miR-135b-5p"	-6.52855234957329	2.91810425579766	10.0848063123618	0.00149496875891616	0.00260177019095585
"hsa-miR-136-3p"	-6.69063806642052	8.95762292323109	35.5406347984816	2.49785080313686e-09	1.26421836566927e-08
"hsa-miR-136-5p"	-4.35263536154713	5.78721850177916	38.8308179409928	4.62173287385621e-10	2.6349189717617e-09
"hsa-miR-137"	-9.02532668350344	5.05198274150039	54.7649931791213	1.35838940038903e-13	1.56688637812316e-12
"hsa-miR-138-1-3p"	-6.32673226531249	2.76557826185249	12.5340595683899	0.000399600681536996	0.000774226320477931
"hsa-miR-138-5p"	-11.5871493504413	9.76081292674207	40.7486197615469	1.73125678724882e-10	1.07337920809427e-09
"hsa-miR-139-5p"	1.20374188595233	3.47912691481463	1.3506065410018	0.245172108487854	0.289338189945913
"hsa-miR-140-3p"	3.96339170560723	12.6072830792134	49.9021339919387	1.61608798633861e-12	1.35860956139653e-11
"hsa-miR-140-5p"	1.91759802305004	6.52081286636185	12.91161749664	0.000326548980498956	0.000635169781676401
"hsa-miR-141-3p"	-2.95650397679458	8.57774561863233	1.69795555089577	0.192555563639682	0.231814464964277
"hsa-miR-141-5p"	-8.13265597511968	5.8753894513507	6.04346585481251	0.0139578562358197	0.0209790808877774
"hsa-miR-142-3p"	13.2053585451995	11.6281548368157	132.736606548654	1.03239149352424e-30	1.28016545197005e-28
"hsa-miR-142-5p"	12.487961401975	13.792146697361	168.000667648572	2.02234575640586e-38	5.01541747588654e-36
"hsa-miR-143-3p"	3.19551335081436	15.6916253934104	20.4747079140443	6.04244511648658e-06	1.60270202020179e-05
"hsa-miR-143-5p"	1.30655718201095	5.53717658944549	3.07893257389409	0.0793125631047725	0.103252050656082
"hsa-miR-144-3p"	7.76371286930155	5.12132812017401	52.2217997803552	4.95727456703179e-13	4.72847727932263e-12
"hsa-miR-144-5p"	8.57770414574363	7.3290498971957	60.7524102971323	6.47238232777312e-15	1.14653629806267e-13
"hsa-miR-145-3p"	2.8336334277578	8.09132899433259	23.1297309857998	1.51431043022054e-06	4.41822337287875e-06
"hsa-miR-145-5p"	1.26685145836339	8.63982878488888	3.27366235135339	0.0704002957704229	0.0926221397934477
"hsa-miR-1468-5p"	-0.465117546913391	3.3757944334241	0.259984319081981	0.610130928000533	0.647731499273077
"hsa-miR-146a-3p"	-4.28863680738603	2.68063216350453	6.74433987586037	0.00940455678275889	0.0147615827982545
"hsa-miR-146a-5p"	0.24612903830183	9.91418436439794	0.108247676538227	0.742148018766838	0.765291927875991
"hsa-miR-146b-3p"	2.61249096863805	4.44144378654851	19.5260568126807	9.92367569483796e-06	2.49854981961402e-05
"hsa-miR-146b-5p"	5.2608126299525	10.3650475028756	41.6155570388614	1.11105632078056e-10	7.1569342221709e-10
"hsa-miR-147b"	-1.68897943853955	2.82022939287814	5.4707939807271	0.0193368387952818	0.02804407029959
"hsa-miR-148a-3p"	4.3163457017554	15.0811217059786	24.4375088117495	7.67595750576921e-07	2.36476703283325e-06
"hsa-miR-148a-5p"	2.43719450626156	7.82484430174876	6.47540283412802	0.0109377520375283	0.0168482143186772
"hsa-miR-148b-3p"	1.76548900405081	11.3005666264424	12.2875843448189	0.000455981547312145	0.000873231071300478
"hsa-miR-148b-5p"	0.214939506624435	6.82756473627846	0.18944756272135	0.663376804459384	0.694166445172689
"hsa-miR-149-5p"	-10.4892873633919	8.60254130983754	89.9498160135402	2.44278208970992e-21	1.10147265136011e-19
"hsa-miR-150-5p"	8.33512868622468	9.96030808631021	63.050482394547	2.01476031041401e-15	3.84354274602058e-14
"hsa-miR-151a-3p"	-2.99702888215704	11.6477896233118	27.4505800978722	1.61160523385932e-07	5.7924362028567e-07
"hsa-miR-151a-5p"	-2.81423388462756	12.2753240581923	20.7199722749112	5.3158644946096e-06	1.43297216811215e-05
"hsa-miR-151b"	-1.00798058854367	3.08642975376138	1.74388223191055	0.186647673163094	0.225248773452298
"hsa-miR-152-3p"	-4.22168334449844	7.48703130770119	39.8498542525674	2.74254657702793e-10	1.63891940024801e-09
"hsa-miR-152-5p"	-5.31320705435307	4.39009635906122	34.1893436249661	5.00020162063037e-09	2.45554455825016e-08
"hsa-miR-154-5p"	-3.05593535093738	3.34550848957159	10.1515774731698	0.0014417781661305	0.00251803510704482
"hsa-miR-155-5p"	-4.45969770448767	10.0098208055708	32.4928583287283	1.19631346543433e-08	5.65115694148028e-08
"hsa-miR-15a-5p"	3.09234858339097	10.8328512255561	20.0226779501494	7.65291631738708e-06	1.96675984115233e-05
"hsa-miR-15b-3p"	1.37537983080877	6.77642914984623	6.56441444703205	0.0104037964006056	0.0162273050776741
"hsa-miR-15b-5p"	3.70719466098571	10.4898272598595	39.5355196168841	3.22146314583551e-10	1.87981849451107e-09
"hsa-miR-16-2-3p"	1.4667109217054	6.84359461819761	6.1599388712833	0.0130675724246191	0.0197607192762533
"hsa-miR-16-5p"	2.75804297072945	13.6492469310906	27.254993949153	1.78313975061654e-07	6.31740940218432e-07
"hsa-miR-17-3p"	1.84968994712651	7.07289485351994	12.3125370482697	0.000449926003778535	0.000864974022768036
"hsa-miR-17-5p"	0.570973529757471	8.7165376456007	0.750745287067616	0.386240371024282	0.43388273235843
"hsa-miR-181a-2-3p"	-0.73009699787728	7.31832014239224	1.09437558013948	0.295503751252787	0.343254942907219
"hsa-miR-181a-3p"	-0.992166972861004	8.65718097391633	2.18321704006163	0.139522552475397	0.171720064585104
"hsa-miR-181a-5p"	0.815828343063365	14.000294952577	2.64770938087986	0.103699224587397	0.131211263763645
"hsa-miR-181b-3p"	-3.48199201984502	3.62467394847681	15.9712131258295	6.43130247344372e-05	0.000138092035793424
"hsa-miR-181b-5p"	-2.46959437105742	10.6063454550242	21.8899096196463	2.8874824120793e-06	8.18395015080761e-06
"hsa-miR-181c-3p"	2.13858534878479	7.13178626793086	18.6234839551775	1.59246754199942e-05	3.81576763686817e-05
"hsa-miR-181c-5p"	3.67651805507718	10.4275136391919	35.6449267494398	2.3676367549696e-09	1.21066786645868e-08
"hsa-miR-181d-5p"	1.28079747343915	6.09249459305603	6.55578107693466	0.0104543938474623	0.0162551076750511
"hsa-miR-182-5p"	-1.51397003351112	10.0303465393536	0.854540304251302	0.355271072752085	0.40602408314524
"hsa-miR-183-3p"	-3.24203457208787	2.46806699572967	2.57611011379317	0.108487969610492	0.136921203376092
"hsa-miR-183-5p"	-2.72453038632289	8.08350576221936	1.74957521802753	0.185930142285655	0.224930123350451
"hsa-miR-184"	-8.28381749970716	5.17167282541465	5.86339059020297	0.0154589866938158	0.0231651280970775
"hsa-miR-185-3p"	3.2743992735838	4.84331043865807	27.1799612020739	1.8537006744485e-07	6.52081939380464e-07
"hsa-miR-185-5p"	1.95561339890596	7.48813910184869	12.3729243673371	0.000435604792097833	0.000840700299146013
"hsa-miR-186-5p"	1.25763695900425	13.2738329282264	5.03001707035264	0.0249116528945985	0.0356085874228266
"hsa-miR-188-5p"	-3.81257896033526	3.38002408229524	25.0051821115497	5.71764348704315e-07	1.78361708778201e-06
"hsa-miR-18a-3p"	-0.289798483347524	4.47683379390944	0.25848048134992	0.611166011410888	0.647731499273077
"hsa-miR-18a-5p"	0.379540154816022	6.69565035675884	0.178045189402035	0.673058583896223	0.701742009284063
"hsa-miR-190a-5p"	-0.34641025641985	3.57043541776086	0.302464353389731	0.582341601313157	0.622263802925148
"hsa-miR-190b"	3.52459782937736	3.77437702360612	24.3040436783906	8.22661808678136e-07	2.50331446076292e-06
"hsa-miR-191-3p"	0.125196918197668	4.45931455739935	0.0413166850006799	0.838927862771654	0.857955092648949
"hsa-miR-191-5p"	3.96163925878484	16.1088177286418	55.7935511185801	8.04951598894511e-14	1.05067366592547e-12
"hsa-miR-1910-5p"	-4.00418790129993	3.36335374670082	15.5536068287978	8.01984988987671e-05	0.00016927002320761
"hsa-miR-192-5p"	3.3827101941369	11.3372536265402	31.9275865401153	1.60028240516257e-08	7.26401868268214e-08
"hsa-miR-193a-3p"	-5.48638711512654	8.46322194753385	25.4407146964006	4.5618799974931e-07	1.4412054004819e-06
"hsa-miR-193a-5p"	1.01432655626408	7.25416956437968	3.01939696549513	0.0822740541582833	0.106548122356419
"hsa-miR-193b-3p"	-8.9226609146563	7.57412821753811	84.0049265398878	4.93543350482756e-20	1.63198334559631e-18
"hsa-miR-194-5p"	2.97556434152315	6.17415467699214	18.1397898545829	2.05267046911732e-05	4.81594459322755e-05
"hsa-miR-195-5p"	-3.02315554900879	4.67053809981412	15.6647343206444	7.56211180044237e-05	0.00016097886064461
"hsa-miR-196a-5p"	-5.24256403991586	3.50333726944184	4.18399341480106	0.0408074389951304	0.0557589249079468
"hsa-miR-196b-5p"	0.874085296566146	5.94919697893574	0.200274931369332	0.65449902081242	0.686324554593996
"hsa-miR-197-3p"	3.96053326831627	11.6619488427881	55.1201055614905	1.13385125549111e-13	1.37168347005754e-12
"hsa-miR-1976"	6.56997202281272	4.64783857593595	55.0407346094372	1.18057539840371e-13	1.39420332763867e-12
"hsa-miR-199a-3p"	-2.10136092062019	11.8800821854629	13.2142155238622	0.000277833763516509	0.000546847407556304
"hsa-miR-199a-5p"	-3.80406064752103	9.86127953626905	22.5196785497091	2.08001842610362e-06	5.99819267062439e-06
"hsa-miR-199b-3p"	-1.91288126628902	10.5747339723152	10.6504294150321	0.00110045352912383	0.00197762663204862
"hsa-miR-199b-5p"	0.152522717409362	10.5729935196505	0.0222497454891695	0.881424631732068	0.892217586406338
"hsa-miR-19a-3p"	1.08393455484026	8.14571544436345	2.20118678976215	0.137904528601273	0.170150861159779
"hsa-miR-19b-3p"	1.67372002401864	9.7402092314696	6.50045076380351	0.010784714685665	0.016664232037663
"hsa-miR-200a-3p"	-4.23704122760684	5.35733679786696	4.30686384363386	0.037958878849765	0.0522988997485651
"hsa-miR-200a-5p"	-6.07305557890201	2.59864854411485	4.89801031787428	0.026887657891323	0.0383226388336097
"hsa-miR-200b-3p"	-4.77946243198268	8.93670882955925	3.81108231813275	0.0509145408540293	0.0682530061178339
"hsa-miR-200b-5p"	-3.60111024833274	2.10842981843638	2.85560597649091	0.0910559218544009	0.117004500621199
"hsa-miR-200c-3p"	-3.8508692435161	7.77420971895332	3.04631808703908	0.0809204020119746	0.105069422507695
"hsa-miR-200c-5p"	-4.4878909754858	2.11307919609108	3.57810411748182	0.0585459327873521	0.0780612437164695
"hsa-miR-203a-3p"	-6.50899984868743	5.10922494608889	4.72721797961778	0.0296888695916712	0.0421939235457562
"hsa-miR-204-5p"	-9.96051651279258	8.90629993754267	31.0835538273853	2.47156651010649e-08	1.06599738175028e-07
"hsa-miR-205-3p"	-6.86069889385148	3.17497799528882	5.35161777917691	0.0207030527935766	0.0297764722663326
"hsa-miR-205-5p"	-14.5248889822469	12.2458667587419	10.2780638039187	0.00134621142102275	0.00235943768490207
"hsa-miR-20a-3p"	-0.929330349254042	3.03475308037775	1.11599045588979	0.290783453499094	0.33856477214918
"hsa-miR-20a-5p"	0.64257408047802	8.78174717159771	0.660809034377387	0.416274468963	0.458402342393462
"hsa-miR-21-3p"	-3.72537117518536	11.2024522670508	30.1181934466318	4.0649970088266e-08	1.70867670879491e-07
"hsa-miR-21-5p"	-3.36997940761848	15.7641285076656	46.2257292231011	1.05383944494519e-11	8.16725569832523e-11
"hsa-miR-210-3p"	-5.60115695405166	7.74686516312999	55.6310505103852	8.74316689437612e-14	1.1062629268889e-12
"hsa-miR-210-5p"	-7.10949234189017	4.72665989557484	33.6278392882558	6.67307997015298e-09	3.18254583191911e-08
"hsa-miR-2110"	3.37517214985567	3.40315556056165	19.8931206887077	8.18944846803379e-06	2.09379713409524e-05
"hsa-miR-2110-3p"	2.80323892799062	5.45131862756452	20.6038462276804	5.6482524174805e-06	1.50620064466147e-05
"hsa-miR-2115-3p"	8.91536588420865	4.93066412975404	66.7008582958495	3.15997481083024e-16	7.46355955319903e-15
"hsa-miR-2115-5p"	7.49672025465705	3.64163648264564	47.2203674577103	6.34378161536163e-12	5.15822242822848e-11
"hsa-miR-2116-3p"	-4.85758026444896	2.37283781657356	14.1226291963754	0.00017127094537196	0.000348157331575788
"hsa-miR-212-3p"	-1.68440083115138	3.16843592364875	5.80152066960521	0.0160123202864145	0.0237077936180944
"hsa-miR-212-5p"	0.506037526260029	3.91107140788066	0.821599081184484	0.364713046584849	0.41490291538093
"hsa-miR-214-3p"	-10.1055245193338	6.08478394357504	70.087755494839	5.67239793745022e-17	1.48079440893437e-15
"hsa-miR-214-5p"	-9.41975836279163	5.42529254857513	66.4654156561567	3.56086646557036e-16	8.02813530419499e-15
"hsa-miR-215-5p"	-0.04231711200528	3.92349809641978	0.00551306040856092	0.940811472575385	0.946536491678278
"hsa-miR-218-1-3p"	-9.09963433406584	5.1219880354718	26.9746576987988	2.06140529498902e-07	6.95548997492893e-07
"hsa-miR-218-5p"	-5.59621157412907	6.4608169701093	32.2089439114981	1.3845195160684e-08	6.36162918603658e-08
"hsa-miR-22-3p"	-3.20811045302111	15.9554207954117	44.5041862736983	2.53813905840845e-11	1.85134848966263e-10
"hsa-miR-22-5p"	-1.89198065571917	6.33733415548206	15.7249371914796	7.32520513309074e-05	0.000156607833879871
"hsa-miR-221-3p"	-1.68377320273282	12.5005973697569	11.4608248057534	0.000710787452619124	0.00132041414419133
"hsa-miR-221-5p"	-0.673855198222015	9.53578861539457	1.61516008693924	0.203767967156986	0.244127806062476
"hsa-miR-222-3p"	-4.46531664468391	12.8928291649901	73.6532263371489	9.31195157714277e-18	2.71689881309577e-16
"hsa-miR-222-5p"	-6.0055327093322	5.42815559321683	51.3576770271253	7.69803748865268e-13	7.20420112145609e-12
"hsa-miR-223-3p"	18.7808956833682	16.0670290017747	307.910580284715	6.22867402333009e-69	3.08942231557172e-66
"hsa-miR-223-5p"	10.1645654378669	6.1334899409745	91.2465028235818	1.26843990205862e-21	6.29146191421073e-20
"hsa-miR-224-5p"	-5.96914256995193	9.3949395351533	57.5004411753029	3.37903485021369e-14	4.8534080387731e-13
"hsa-miR-2277-5p"	2.00359329840762	4.02120156331383	14.3828014626465	0.00014915843191723	0.000305713149714653
"hsa-miR-2355-3p"	1.98420820583312	3.42234970218409	3.1564462189956	0.075627650770473	0.098713986268828
"hsa-miR-2355-5p"	2.56012913700262	6.53072224758446	15.4132921059492	8.63785604184941e-05	0.00018154138121853
"hsa-miR-23a-3p"	1.73844686289662	12.2850412257333	12.2298218779186	0.000470316881917486	0.000897219897811819
"hsa-miR-23a-5p"	-1.26733157733266	5.09578098031773	2.35743466182692	0.124687082521395	0.154226416285815
"hsa-miR-23b-3p"	-1.87251186790114	9.71999850410765	9.48241898702299	0.00207450255985906	0.00352381256743182
"hsa-miR-23c"	4.87081863449388	1.89155305709855	5.5317874240387	0.0186740190480023	0.027162209524367
"hsa-miR-24-2-5p"	0.400758521314323	7.65257552681511	0.609297669856209	0.435052372447052	0.475299508224092
"hsa-miR-24-3p"	2.44242587609818	10.7495279356241	18.2107735115834	1.97757026815931e-05	4.67083263336675e-05
"hsa-miR-2467-5p"	2.45575610667255	4.68617591289015	18.2404936830283	1.94695215111606e-05	4.62051802370128e-05
"hsa-miR-25-3p"	3.18775815669149	12.6635272049534	30.0394193544069	4.23352163966819e-08	1.76456028006338e-07
"hsa-miR-25-5p"	0.562399299096033	4.30389679662845	0.663735350567289	0.415244313198444	0.458402342393462
"hsa-miR-2682-3p"	-6.45025550190755	2.84740611693192	27.5406284437011	1.53828918343292e-07	5.61023113957887e-07
"hsa-miR-2682-5p"	-7.40122871278709	3.59722255677685	31.3543792266029	2.14973261359796e-08	9.35322259951391e-08
"hsa-miR-26a-2-3p"	-0.348561659197568	4.93796192431571	0.466505136299946	0.494599378204459	0.533307155629156
"hsa-miR-26a-5p"	2.74008273980226	16.044064849667	36.142429401255	1.83409626142374e-09	9.67778452836358e-09
"hsa-miR-26b-3p"	2.29680684397101	6.98557879254315	19.5797980154579	9.64840383455478e-06	2.44163688874448e-05
"hsa-miR-26b-5p"	3.65413789744072	13.5194541714936	53.1283615941278	3.12448417318943e-13	3.2973279785148e-12
"hsa-miR-27a-3p"	0.529347475451637	12.8396792611856	0.959675178830452	0.327268729816269	0.375752986085346
"hsa-miR-27a-5p"	-0.51052181994171	6.70271142769098	0.800673022424667	0.370892223042527	0.420005805089254
"hsa-miR-27b-3p"	-2.73843595367168	13.9779933184807	23.568577016962	1.20540001545601e-06	3.580110225546e-06
"hsa-miR-27b-5p"	-5.04362951160843	6.3935449424581	50.2817052107232	1.33185417612414e-12	1.13896495061651e-11
"hsa-miR-28-3p"	1.15327417419181	12.1585134883749	5.61834564179768	0.0177734181965222	0.0260817024422338
"hsa-miR-28-5p"	-0.70652005449768	8.89990247318883	1.34823190466252	0.245587455579092	0.289338189945913
"hsa-miR-296-3p"	-6.40462518673764	4.09262582250468	27.0768058479395	1.95529936973887e-07	6.68847232683091e-07
"hsa-miR-296-5p"	-3.20777068302943	3.19061951006185	17.1903821597336	3.38143993510902e-05	7.58911406250711e-05
"hsa-miR-299-3p"	-7.54884087740298	5.43180498202357	50.971786839332	9.37031602782087e-13	8.29942276749848e-12
"hsa-miR-299-5p"	-4.15444875973734	3.30634610766997	24.9555948513442	5.86660367660782e-07	1.81864713974843e-06
"hsa-miR-29a-3p"	-0.718513907691941	13.0060239894433	2.54601362559239	0.110572928551708	0.138763100626057
"hsa-miR-29a-5p"	-1.25701202552044	5.94024519014308	4.1698873137384	0.0411485363328458	0.0560705330249767
"hsa-miR-29b-1-5p"	-1.48886169527753	4.20982047562887	8.47715393833928	0.00359634305758447	0.00594595385520633
"hsa-miR-29b-2-5p"	1.95727030636975	2.65480101294008	3.90465328036777	0.0481525625080059	0.0649012799020949
"hsa-miR-29b-3p"	-0.72446299735663	8.25604942615605	1.03852688649745	0.308164326774568	0.357125014206041
"hsa-miR-29c-3p"	2.68224174572191	9.65254930558087	19.2782783259694	1.1298445302339e-05	2.78807406465679e-05
"hsa-miR-29c-5p"	3.07238248942903	6.04976889760016	22.6992604200027	1.89440768848243e-06	5.49489013735255e-06
"hsa-miR-301a-3p"	-1.04125192447166	7.86553802938565	3.28439360290033	0.069941460297981	0.0922632029462728
"hsa-miR-301b-3p"	-1.75718769336071	5.58303248588763	9.78722922846428	0.00175728056556887	0.00302642764070195
"hsa-miR-30a-3p"	-7.67599922766007	6.75180060203044	63.0570517148789	2.00805183796932e-15	3.84354274602058e-14
"hsa-miR-30a-5p"	-8.90410886315396	12.2032733898165	95.95974496944	1.1724332265434e-22	6.46140978183919e-21
"hsa-miR-30b-5p"	1.45244762471827	9.98182119535828	6.40865010948207	0.0113565720344481	0.0173853695342169
"hsa-miR-30c-1-3p"	1.45261726051678	4.78842478862698	6.16078224704646	0.0130613433602041	0.0197607192762533
"hsa-miR-30c-2-3p"	-7.19759876279826	3.42922051855042	31.8970756576649	1.62561708422927e-08	7.26401868268214e-08
"hsa-miR-30c-5p"	2.55834507387099	12.5070900811865	27.4102200731404	1.645592611533e-07	5.87204270014655e-07
"hsa-miR-30d-3p"	-1.13470746052095	4.89694023034923	4.67183556483701	0.0306611404815443	0.0434512162252742
"hsa-miR-30d-5p"	1.60913461615043	12.6797205259617	11.0204611933414	0.000901116484341557	0.00164927592706056
"hsa-miR-30e-3p"	3.16477751496874	9.06379455829935	28.2493463568624	1.06650640129156e-07	4.03807003847797e-07
"hsa-miR-30e-5p"	1.95798992337894	12.8280139036965	13.8502432653903	0.000197971106987745	0.000395942213975489
"hsa-miR-31-3p"	-12.5493008610525	8.49262414781434	54.6217032646123	1.46113071996395e-13	1.64709281159572e-12
"hsa-miR-31-5p"	-11.4478031559423	13.052769830551	116.107022672082	4.5032704985104e-27	3.72270361210193e-25
"hsa-miR-3117-3p"	-5.96004440242715	2.50486363607074	18.00477106476	2.20352012025269e-05	5.05993509095062e-05
"hsa-miR-3129-3p"	-4.99813983763548	2.46267134986809	15.0868543504035	0.000102675818455734	0.000213979856949764
"hsa-miR-3150b-3p"	7.14891421851382	3.34708454264642	36.7858383709065	1.3184449806278e-09	7.03170656334825e-09
"hsa-miR-3152-5p"	-6.46547840409284	2.8588430595224	21.6712519204327	3.2360480632754e-06	9.06824768013896e-06
"hsa-miR-3158-3p"	-0.951498757290418	3.23353742263581	1.96865041941147	0.160591185217527	0.196190216423383
"hsa-miR-3173-5p"	3.75828736772941	2.70911996387083	13.7090271692056	0.000213426155353704	0.000423437492221748
"hsa-miR-3176"	-3.51969552326776	3.5227999913633	20.0647455589886	7.48640606577137e-06	1.94411382650398e-05
"hsa-miR-32-3p"	1.11397789859387	3.00021759912376	1.35929602879493	0.243659523194291	0.289127089723369
"hsa-miR-32-5p"	0.307275608645634	4.48514289681274	0.11657442588227	0.732779914726047	0.757205911883582
"hsa-miR-320a"	-1.43670928393366	10.0057764624197	7.60302692835415	0.00582703936442723	0.0093838036518049
"hsa-miR-320d"	3.04241215225342	2.93978000790382	10.8205477511112	0.00100379787373728	0.00183045494622681
"hsa-miR-323a-3p"	-6.08338229008568	6.16004817187447	32.4022763268157	1.25339566512692e-08	5.86494575380145e-08
"hsa-miR-323b-3p"	-2.12827770930781	5.09214026726222	3.52896272875546	0.0603055045309901	0.0801917701001906
"hsa-miR-324-3p"	0.289970906222193	4.85006980203815	0.300814399699385	0.583372315242327	0.622263802925148
"hsa-miR-324-5p"	0.880634270500821	4.58142131654194	1.91695244621642	0.166193010423056	0.202038561690774
"hsa-miR-326"	3.86492265197559	6.09518382293055	27.8355661578071	1.32075711262428e-07	4.92553028467401e-07
"hsa-miR-328-3p"	1.49073561269704	6.80304465183194	6.28556240542185	0.0121725444522756	0.0185771755333191
"hsa-miR-329-3p"	-4.76856026963515	5.1940606672326	30.5680452463826	3.2235957746429e-08	1.36658419164349e-07
"hsa-miR-330-3p"	1.54839850090489	5.85195386197261	8.58472397613748	0.00338994771708031	0.00562345842030714
"hsa-miR-330-5p"	-1.6060913152011	6.03159685531456	10.281770351946	0.00134350976945539	0.00235943768490207
"hsa-miR-331-3p"	-0.130298221392843	8.95099199949423	0.0485420802940659	0.825619863369903	0.846089777337752
"hsa-miR-331-5p"	-2.57035842172031	3.24029765777489	14.7910969900818	0.000120101179783413	0.00024717919158744
"hsa-miR-335-3p"	-3.57392847160649	7.54306696266598	14.0051746710268	0.00018230821450764	0.000369081119982815
"hsa-miR-335-5p"	-0.717885933131428	6.81179786354089	0.859656606691423	0.353834805586781	0.40531654404398
"hsa-miR-337-3p"	-5.28909867704439	5.39981269854394	25.6854261052569	4.01850346848415e-07	1.2942712469923e-06
"hsa-miR-337-5p"	-6.53234139198732	3.5258549179529	27.9595692430731	1.23876834724023e-07	4.65476591084208e-07
"hsa-miR-338-3p"	12.3702205829599	11.1413738972138	143.362380743101	4.897774336251e-33	8.09765356926833e-31
"hsa-miR-338-5p"	8.74793401237664	7.53364700967681	87.844187748568	7.0819035428703e-21	2.50901725518833e-19
"hsa-miR-339-3p"	-0.441089537094126	6.89018614049999	0.677741810540206	0.410365409715936	0.456370500491265
"hsa-miR-339-5p"	0.478937921994971	7.01675144057662	0.642373628032125	0.422852576872176	0.463014244011528
"hsa-miR-33a-3p"	-0.117484736525709	3.25437311738234	0.0262308295337585	0.871337868855784	0.883811008082758
"hsa-miR-33a-5p"	-0.189816420778575	4.35071794893885	0.0343507595280963	0.852962696234116	0.867551730564588
"hsa-miR-33b-5p"	-0.82439168645264	4.566175207445	1.38187045962739	0.239782796832208	0.285209273929917
"hsa-miR-340-3p"	3.53894819014851	6.41189550359894	43.1638184693498	5.03430824659162e-11	3.51692519761893e-10
"hsa-miR-340-5p"	3.58768738581921	10.7113379104813	36.112282097916	1.86269120036534e-09	9.72520879348643e-09
"hsa-miR-342-3p"	1.13725754401689	8.85647665053117	2.73868363464038	0.0979454202542837	0.12488670551703
"hsa-miR-342-5p"	1.25731860872913	3.33268623264126	4.54429418176351	0.0330286364376131	0.0464085089888275
"hsa-miR-345-3p"	-4.56248967063838	2.77771297507716	3.52308093361104	0.0605198487785859	0.0802616176314936
"hsa-miR-345-5p"	2.16276175264558	9.22468996696645	14.8786415372109	0.000114653818349704	0.000237311380386612
"hsa-miR-34a-3p"	-6.71742989781783	3.04861737728057	31.589463530984	1.90460185979492e-08	8.36002232263964e-08
"hsa-miR-34a-5p"	-5.44120384273589	7.0506811176412	51.2136428556182	8.28408886287306e-13	7.60908902960192e-12
"hsa-miR-34b-5p"	-0.996591028624621	3.69071209766543	0.642314576459738	0.4228738962444	0.463014244011528
"hsa-miR-34c-5p"	-2.45066719025049	6.84592079849767	8.4285804045416	0.00369368603067642	0.00608660555221098
"hsa-miR-3605-3p"	2.03528890761393	5.00187822341334	11.9704759691222	0.000540501333089737	0.00102323916493324
"hsa-miR-3605-5p"	2.51038347817485	4.37284165753315	13.9708320111845	0.000185668807974062	0.000374356620955832
"hsa-miR-3607-3p"	0.219466937293661	5.79400136065797	0.155623041990267	0.693218670768787	0.720831154510101
"hsa-miR-3609"	3.68034666645621	2.32407071660223	7.40054243063994	0.00652042126064359	0.0104326740170297
"hsa-miR-361-3p"	2.27871174944121	9.14198933528639	8.80710353848994	0.00300059997271216	0.00501110298473142
"hsa-miR-361-5p"	1.02398378439466	8.12816664875416	4.33916859398658	0.037245106629701	0.0516021589059545
"hsa-miR-3613-3p"	2.87356113941871	3.80506910422138	15.6157467248789	7.76056210873495e-05	0.000164497384868912
"hsa-miR-3613-5p"	3.25407267915562	5.64645470282766	27.6986165054019	1.41764061229524e-07	5.20851661998845e-07
"hsa-miR-3614-5p"	3.53336386273071	5.59373763257267	4.24857924208016	0.039283181610559	0.0539735680854217
"hsa-miR-3615"	4.31018100006465	6.07837601519605	53.667684330733	2.37436800783876e-13	2.56018811280005e-12
"hsa-miR-362-5p"	0.836818723871149	4.24192672873803	1.61896614654831	0.203236003952666	0.244080043487947
"hsa-miR-363-3p"	7.71062065146223	6.14297629648779	58.8485334813844	1.70288645838726e-14	2.8154389445336e-13
"hsa-miR-3651"	-0.780319672174805	3.17850461289051	1.14982277489942	0.283586252106141	0.330961837752108
"hsa-miR-365a-3p"	-0.736295096350987	6.33679073735814	2.3782168533758	0.123037916575628	0.152949390028851
"hsa-miR-365b-3p"	-0.736295096350987	6.33679073735814	2.3782168533758	0.123037916575628	0.152949390028851
"hsa-miR-365b-5p"	-4.40945067665564	3.31829643881709	23.4679359409755	1.27013040707756e-06	3.74990882089566e-06
"hsa-miR-3661"	-2.5659801395385	2.47470349788213	7.39107190690658	0.00655484140515668	0.0104540235915039
"hsa-miR-369-3p"	-5.433028200386	6.65215488612261	31.8089861218205	1.70103918834758e-08	7.53317354839641e-08
"hsa-miR-369-5p"	-5.08649697700289	5.61512240206075	27.1264636194346	1.9057125376064e-07	6.61002390666277e-07
"hsa-miR-3690"	9.81411353187749	5.79229770908754	52.2911057351173	4.78536949114396e-13	4.65400640707335e-12
"hsa-miR-370-3p"	-4.4864214439624	6.12133187871947	26.8242843028806	2.22819667899001e-07	7.41735270321507e-07
"hsa-miR-370-5p"	-5.55498164986449	2.2421972885236	10.7215577677514	0.00105894483133117	0.00191692203043892
"hsa-miR-371b-3p"	7.77764061123462	3.88642742116882	44.0339383732514	3.22731266419193e-11	2.28678154491314e-10
"hsa-miR-371b-5p"	10.4206035209222	6.3841479244236	63.7811552509609	1.39037237044e-15	2.87343623224266e-14
"hsa-miR-374a-3p"	-0.420340933799884	7.14001093429412	0.791468262972323	0.373656523988318	0.422172291339877
"hsa-miR-374a-5p"	2.80405191334639	7.32228989372353	27.0826928323858	1.94935387569589e-07	6.68847232683091e-07
"hsa-miR-374b-3p"	-0.990985280244969	3.63523971966532	3.15916606197098	0.075501743056475	0.098713986268828
"hsa-miR-374b-5p"	1.4913552294255	6.49284260183019	9.19210854805039	0.00243060734831983	0.00410061647879808
"hsa-miR-375"	-6.99800052138172	4.76887267637143	8.06588965209239	0.00451063225856593	0.00733532327950394
"hsa-miR-376a-3p"	-3.86120078421692	4.52023876573907	15.1206632633662	0.00010085332858525	0.000211068569528624
"hsa-miR-376a-5p"	-7.72289796130685	6.14289236184244	52.9970499895688	3.34049690167531e-13	3.45184679839782e-12
"hsa-miR-376b-3p"	-4.00382920235142	3.54963194864873	16.6996364463515	4.37893892750178e-05	9.61041463734905e-05
"hsa-miR-376c-3p"	-5.05272977430944	6.68715966242152	29.0250079982885	7.14499434028466e-08	2.76868530686031e-07
"hsa-miR-377-3p"	-5.43078634778623	4.56082748478427	33.7136519182699	6.38510099448993e-09	3.07476708084175e-08
"hsa-miR-377-5p"	-3.98804054143551	5.26210033903176	17.2508407200113	3.27552579494524e-05	7.38482179224017e-05
"hsa-miR-378a-3p"	-0.76605902159098	10.3371829724514	0.759491071515647	0.383487837443346	0.432295380390681
"hsa-miR-378a-5p"	0.256054261064219	3.77760598598727	0.0546786384933373	0.81511335674796	0.837052225563123
"hsa-miR-379-3p"	-4.74786364143778	4.79368995043617	18.6712269991644	1.55308522534816e-05	3.7577086427936e-05
"hsa-miR-379-5p"	-3.57843786549467	3.28967815346836	16.3890305121223	5.15828920484429e-05	0.000112215414280823
"hsa-miR-380-3p"	-5.07157105691977	4.54886498773099	29.779587089027	4.84062028378627e-08	1.98425426508925e-07
"hsa-miR-381-3p"	-7.15899520087816	9.60046083692815	38.167742042327	6.49167837023754e-10	3.57763607959758e-09
"hsa-miR-382-3p"	-4.03602036001628	4.1357864298659	18.0403062884097	2.16277055436083e-05	5.0127766119765e-05
"hsa-miR-382-5p"	-3.80691460903702	5.59425863214786	20.0446187512638	7.56561245265535e-06	1.95444988360263e-05
"hsa-miR-3909"	2.65401489014467	5.64229758913519	19.4050737979598	1.05725800653287e-05	2.62199985620153e-05
"hsa-miR-3928-3p"	2.23743350379485	3.38386016042972	4.31262923078875	0.0378304497755359	0.052267139522746
"hsa-miR-3929"	-5.09871792209611	2.00600993702204	4.37252760880503	0.0365227782746731	0.0509851489190917
"hsa-miR-409-3p"	-3.93617578185242	10.4259332820565	12.1671313271725	0.000486390545221388	0.000924328392451374
"hsa-miR-409-5p"	-3.83336190225308	8.6975346063287	10.4317034850598	0.001238704399119	0.00219427636415366
"hsa-miR-410-3p"	-4.40501205165732	8.93632477865314	13.3913268934465	0.000252790494534604	0.000499538188403043
"hsa-miR-411-3p"	-5.10462830132133	4.79737921638187	20.2580183034246	6.76692552346086e-06	1.7665237155982e-05
"hsa-miR-411-5p"	-6.08557799465292	9.85632649883255	29.3384536768812	6.07775732136873e-08	2.41165410511911e-07
"hsa-miR-412-3p"	-3.84476625270381	1.9568959991718	4.2222360404698	0.0398975503036337	0.0546662567696196
"hsa-miR-412-5p"	-2.803888964316	3.41555200625682	3.74437178949546	0.0529856413681448	0.0708379464113203
"hsa-miR-421"	0.394516147509727	7.68818236089532	0.415619167177068	0.519131128735514	0.558544554995261
"hsa-miR-423-3p"	0.513646213488851	12.1536162089438	1.20560119841494	0.272205046353113	0.318428544790434
"hsa-miR-423-5p"	0.902901692326384	11.2726047616189	2.54296358521357	0.110786669048223	0.138763100626057
"hsa-miR-424-3p"	0.615728344629988	6.10210206157857	0.674414578039597	0.411516705099966	0.456489504969575
"hsa-miR-424-5p"	1.20019491662849	8.36653491580305	1.32715849158818	0.249311354818169	0.293029459691498
"hsa-miR-425-3p"	4.46250204506223	6.94951863743732	52.8857099568459	3.53532314049925e-13	3.57861281160740e-12
"hsa-miR-425-5p"	3.25088021643993	10.1623078548411	32.2079983841124	1.38519345179829e-08	6.36162918603658e-08
"hsa-miR-4286"	6.7421148769547	3.01888798410106	25.2137092645942	5.1316125226871e-07	1.61093658940051e-06
"hsa-miR-429"	-5.42280706933388	5.89595271491151	5.76648104749313	0.0163347116878704	0.0241131458249515
"hsa-miR-431-3p"	-4.72797137023739	5.02064083551199	23.4277570408455	1.29693624719385e-06	3.80639277282928e-06
"hsa-miR-431-5p"	-4.12739310297584	6.81379321762874	16.9041204633768	3.9316144809874e-05	8.70571777932924e-05
"hsa-miR-432-5p"	-4.19522757536633	6.17186387898272	27.0154853093474	2.01832044131533e-07	6.85675985542742e-07
"hsa-miR-4326"	-1.55229783090281	4.00086322013761	2.1668167741699	0.141017871377787	0.172703368403414
"hsa-miR-433-3p"	-2.6245069255581	2.87513034547898	6.10685395149641	0.0134658616221021	0.0203011166096129
"hsa-miR-4433b-5p"	8.97314353775362	4.98530633601799	68.8020296082053	1.08860601599348e-16	2.69974291966384e-15
"hsa-miR-449a"	-3.64880744176491	2.85141493819469	4.06842042071875	0.0436921136772088	0.0592111704478021
"hsa-miR-449b-5p"	-4.22793473932158	2.01432329126701	5.74236304887338	0.0165604978853333	0.0243739078668406
"hsa-miR-450a-5p"	1.88177311401126	7.72936158684925	9.91860742793699	0.00163616129619076	0.00282765157808577
"hsa-miR-450b-5p"	1.05682493270089	8.26343260129151	2.74551208177723	0.0975278284108284	0.124674749721059
"hsa-miR-451a"	11.9018624665624	12.1922646082875	89.3860850579661	3.24813185991228e-21	1.23928723270499e-19
"hsa-miR-452-3p"	-7.44176159091257	4.31272130043676	50.6597151215135	1.09851337753565e-12	9.55899360101195e-12
"hsa-miR-452-5p"	-6.63699477347047	6.64919859749475	52.550681320333	4.19287265620154e-13	4.15932967495193e-12
"hsa-miR-4521"	-3.88753838674306	3.46873878509347	16.1285290780856	5.91857211263943e-05	0.000127635294255181
"hsa-miR-454-3p"	1.33754732935216	7.78294283865543	6.16718888641087	0.013014124300054	0.0197607192762533
"hsa-miR-454-5p"	1.84391109893199	5.31292137811254	11.7662659064199	0.000603138497330541	0.00112889318745641
"hsa-miR-455-3p"	-10.108293166056	6.9463029155905	45.2231321742077	1.75816091283989e-11	1.32128456480089e-10
"hsa-miR-455-5p"	-9.87477870387862	5.8620557074528	60.2960254589799	8.16120286479569e-15	1.3958471106685e-13
"hsa-miR-4645-3p"	5.90714253333847	3.99698045320958	46.1821373746065	1.07754926298072e-11	8.22252976059138e-11
"hsa-miR-4662a-5p"	-2.24464259836836	2.77645633356971	5.35091007118572	0.0207114575239612	0.0297764722663326
"hsa-miR-4677-3p"	0.52133029257088	4.74508760981266	0.515095365989268	0.472941391348038	0.513301816430256
"hsa-miR-4732-3p"	5.74028147571623	2.30447869354791	11.4384954542482	0.000719380168908655	0.00133139016335333
"hsa-miR-4772-3p"	7.98465822027798	4.07068000982605	45.0152837307913	1.95502611483455e-11	1.4473029148626e-10
"hsa-miR-4772-5p"	9.49457956262312	5.48344465279848	71.1228996960831	3.35651599728396e-17	9.24906630362691e-16
"hsa-miR-4775"	-2.98156537753204	4.43225959346725	17.9801956250874	2.23215205875613e-05	5.10206184858544e-05
"hsa-miR-484"	2.34132940749497	11.0671549058384	19.8788192501539	8.25094263370508e-06	2.09870130580396e-05
"hsa-miR-485-3p"	-2.81303043056915	5.64002543554997	6.90045421612386	0.00861738530585487	0.013655664893623
"hsa-miR-485-5p"	-3.72982528167374	5.03248907818274	11.8725641465911	0.000569669272862936	0.00107028772477279
"hsa-miR-486-3p"	4.68253201170106	3.92013588307523	29.8278586922121	4.7215833809395e-08	1.951587797455e-07
"hsa-miR-486-5p"	7.70404438470845	13.1421179494582	99.7910493726286	1.6935389064639e-23	1.04999412200762e-21
"hsa-miR-487a-3p"	-3.32644893943177	4.29062414280675	10.5665712833014	0.00115151112098575	0.00206191161014054
"hsa-miR-487b-3p"	-4.83338492471408	7.58985050209302	23.6609776474535	1.14888661598889e-06	3.45362279715449e-06
"hsa-miR-491-5p"	3.19564778636624	3.37762138221091	22.0589413088402	2.64405169095151e-06	7.53706688914912e-06
"hsa-miR-493-3p"	-6.15324278065053	6.33451332713927	36.7884187097225	1.3167011053408e-09	7.03170656334825e-09
"hsa-miR-493-5p"	-4.69575300816188	5.91510123959605	33.91324769757	5.76249874291234e-09	2.80215625145541e-08
"hsa-miR-494-3p"	-5.28785454707683	6.33656187558612	31.9115156625403	1.61357715170086e-08	7.26401868268214e-08
"hsa-miR-495-3p"	-3.70473916464873	5.44450031132358	20.4354458868677	6.16768031829022e-06	1.6272177861021e-05
"hsa-miR-496"	-1.23979433851461	3.53298043206115	0.82548383371015	0.363581684888735	0.414566702769684
"hsa-miR-497-5p"	-6.32789390010893	5.61191760406507	34.7171876999991	3.81250662333661e-09	1.91010432845956e-08
"hsa-miR-500a-3p"	0.261690979202587	9.23450003017751	0.200541569669749	0.65428406127012	0.686324554593996
"hsa-miR-501-3p"	0.220149118635056	8.13221486609653	0.177597652636345	0.673445960522609	0.701742009284063
"hsa-miR-501-5p"	-2.28372232650074	3.29292687533344	11.9298047000789	0.000552429677687498	0.00104184456324334
"hsa-miR-502-3p"	0.128896788946396	4.86037433361021	0.0340695473733383	0.853558960716773	0.867551730564588
"hsa-miR-503-5p"	-0.91760091785828	3.79580373978844	1.57390283936875	0.209641130889572	0.250559038364404
"hsa-miR-504-5p"	5.48414036366774	5.22041106878753	28.6445439166159	8.69586579670582e-08	3.31780725782007e-07
"hsa-miR-505-3p"	0.00505189440933929	6.78723264140828	0.00011358848734222	0.991496474903582	0.991496474903582
"hsa-miR-532-3p"	0.341672241911619	5.48276462631588	0.502136600927653	0.478562819709183	0.518268905187237
"hsa-miR-532-5p"	0.374545317692938	9.20685864156608	0.369009930365454	0.543544436084964	0.58354554177087
"hsa-miR-539-3p"	-6.21167058596458	6.07752754848596	42.5964968756314	6.7279771785985e-11	4.50956308187143e-10
"hsa-miR-539-5p"	-4.54719290895219	3.17849523798505	18.3276189593743	1.85991112954165e-05	4.43517269352238e-05
"hsa-miR-541-5p"	-6.29959145338915	2.73850773583998	13.0456729408943	0.000303985914612259	0.000595956575682532
"hsa-miR-542-3p"	0.243191017477433	4.49111317247385	0.2252714672973	0.635052348777798	0.671611865658397
"hsa-miR-542-5p"	3.72796530503069	5.21020690422035	29.7619512288725	4.88485597390164e-08	1.98597423201247e-07
"hsa-miR-543"	-4.94332837426484	5.32601184982944	29.0531008274055	7.04212934954265e-08	2.75031193493949e-07
"hsa-miR-548au-5p"	3.87385992106272	3.45472219402706	20.9286118616058	4.76720705670482e-06	1.31363038895866e-05
"hsa-miR-548e-3p"	4.54549614003083	8.11647200327396	51.0433023735173	9.03506529507849e-13	8.14798615701624e-12
"hsa-miR-548e-5p"	3.16250328851754	5.01085881729907	20.8343412656432	5.00769594965423e-06	1.36473472034533e-05
"hsa-miR-548h-5p"	-1.86695743293443	2.37564249692246	1.94033195841815	0.163632495112533	0.19941453949832
"hsa-miR-548k"	2.84274826610008	7.44598733020609	10.4333124199322	0.00123762579055404	0.00219427636415366
"hsa-miR-548o-3p"	0.992926891871394	4.59389222648525	1.31213221325693	0.252008969150825	0.295499878720589
"hsa-miR-548w"	1.94421397249304	3.42069565588927	8.09622052498444	0.00443576576246813	0.00723730203350063
"hsa-miR-550a-3p"	4.487703155716	5.72143780074276	41.2848727284376	1.31583265860526e-10	8.26143036288871e-10
"hsa-miR-550a-5p"	2.43426744829325	3.96911565851945	7.23432530212135	0.00715226837285602	0.0113702727978737
"hsa-miR-551a"	5.19097348095667	4.09738947467403	39.5926986340909	3.12850777539179e-10	1.84730935308849e-09
"hsa-miR-561-5p"	-5.29742091896005	3.56778817922125	13.7667958040148	0.00020696202995963	0.000412261714297094
"hsa-miR-574-3p"	-0.92679874452488	8.75789466347853	2.79481729197306	0.0945695455011215	0.121205412321851
"hsa-miR-574-5p"	-3.74567922291456	2.77184321664879	16.9376183524012	3.86284404280959e-05	8.59179661539712e-05
"hsa-miR-576-5p"	1.72902781232483	5.58280161146456	9.71046360179396	0.00183221787898678	0.0031445677092645
"hsa-miR-582-3p"	2.76730504277315	7.31664670564749	7.40544513452102	0.00650267517774493	0.0104326740170297
"hsa-miR-582-5p"	4.05803562338331	7.94488464172504	14.312289739588	0.000154850611588322	0.000316073676328428
"hsa-miR-584-5p"	-0.0856884852851473	7.30463343587467	0.0213585289496887	0.88380646936335	0.892806535242814
"hsa-miR-589-3p"	0.416742358239798	5.04205878993731	0.527643462398873	0.46759928518426	0.508616766340774
"hsa-miR-589-5p"	2.85429229314166	8.33080416668934	26.545701488053	2.57376751286394e-07	8.45422971112923e-07
"hsa-miR-590-3p"	0.783009713819027	6.04527525103369	1.85918359349168	0.172719054849814	0.209458804903442
"hsa-miR-598-3p"	0.550043258925041	3.18330725804264	0.307500287503677	0.57921817495247	0.620501543793574
"hsa-miR-615-3p"	-8.59106517515898	4.64834921327108	18.1015938290463	2.09426057295274e-05	4.8767757942937e-05
"hsa-miR-616-5p"	3.35997919982199	4.1956707275139	24.1243965878724	9.03088964685675e-07	2.73129345417131e-06
"hsa-miR-618"	9.22383229793904	7.15722476065198	79.4488479245288	4.94873258130597e-19	1.53410710020485e-17
"hsa-miR-625-3p"	-1.74384477837858	5.81251823078834	7.71736167633605	0.00546922649718127	0.00883627473160232
"hsa-miR-625-5p"	-1.25892106811794	5.71797897221151	5.82274258473955	0.0158202582668327	0.0235641084094565
"hsa-miR-627-3p"	2.1357695397344	2.96457365444007	9.20308788020161	0.00241607230333485	0.00409000635649859
"hsa-miR-628-3p"	4.14520421516994	4.8742341120699	42.6663616915512	6.49191329629418e-11	4.45922254763045e-10
"hsa-miR-628-5p"	2.93046193684584	5.99012569684407	21.089147481076	4.38403992876955e-06	1.21479542160318e-05
"hsa-miR-629-3p"	3.05396290339502	3.38213427341545	20.3883181554534	6.32145056695644e-06	1.65896268847111e-05
"hsa-miR-629-5p"	4.35180403027023	6.27609651647967	46.5698675143343	8.84093290601038e-12	6.96048051012881e-11
"hsa-miR-641"	0.411047421917459	4.29137933989929	0.678570785051669	0.410079303952025	0.456370500491265
"hsa-miR-651-5p"	2.14996892409429	2.87564527438271	5.80314924575647	0.0159974966167478	0.0237077936180944
"hsa-miR-6511b-3p"	-1.26066022296642	2.66369350996137	2.35822123563693	0.124624219150535	0.154226416285815
"hsa-miR-6516-3p"	4.57445262493119	2.92605841871022	10.3839710071385	0.00127114009583926	0.00224372059621449
"hsa-miR-652-3p"	3.59330255664086	8.15403163854499	25.6006545385166	4.19896941163473e-07	1.33505694113515e-06
"hsa-miR-652-5p"	2.55433385096759	4.72295069458182	10.0120520400182	0.00155519146006629	0.00269711525941566
"hsa-miR-654-3p"	-4.83949012175248	10.0908496928411	19.4672227202375	1.02340852608423e-05	2.55080718059184e-05
"hsa-miR-654-5p"	-3.55456278693302	4.03528694390728	8.27470086465913	0.00402012853315167	0.00660259520676566
"hsa-miR-655-3p"	-5.66708509221717	3.66285384913191	40.0807946604091	2.43672920176698e-10	1.47392400497125e-09
"hsa-miR-656-3p"	-5.69222744409685	4.95806086836883	26.9497582625787	2.08813263901453e-07	6.99806614156219e-07
"hsa-miR-659-5p"	1.45602455301704	3.31192391632513	5.23647873446067	0.0221179986294088	0.0317067263589213
"hsa-miR-660-5p"	-0.0969076474907689	8.74822707547013	0.0183279182774356	0.892310928523662	0.899565488918163
"hsa-miR-664a-3p"	2.76329674013563	6.54834877000622	16.6757568579952	4.43440843812272e-05	9.68928011149282e-05
"hsa-miR-664a-5p"	5.30737488880833	2.97186528845043	28.7576837477486	8.20238450967974e-08	3.15378505178384e-07
"hsa-miR-665"	-8.64936398972999	4.70215247453149	56.7344482751957	4.98820213435719e-14	6.80331325032524e-13
"hsa-miR-668-3p"	-2.87948166289246	2.77916876988999	8.64742550200272	0.00327523826060445	0.00545140327939533
"hsa-miR-671-3p"	-0.442108448150636	6.69411182265385	0.74946553158409	0.386645499400052	0.43388273235843
"hsa-miR-671-5p"	-2.65010752455369	3.76088579577588	10.4326737267084	0.00123805384819761	0.00219427636415366
"hsa-miR-6803-3p"	3.1621746283719	3.67950750662361	21.7724795392952	3.06971896564573e-06	8.6510261759107e-06
"hsa-miR-6819-3p"	3.79473183438845	3.00238112195311	19.4695825741171	1.02214489550828e-05	2.55080718059184e-05
"hsa-miR-6842-3p"	7.02083845593111	5.84363116261592	66.1086292159338	4.26743387485169e-16	9.20281392141929e-15
"hsa-miR-6852-5p"	1.84311436396242	3.74984141852502	9.11918363636207	0.00252942814836231	0.00425286902233121
"hsa-miR-7-1-3p"	2.30980309724095	5.24195847942185	18.0291421815643	2.17549061904135e-05	5.01880626532329e-05
"hsa-miR-7-5p"	2.96651629041734	5.87277174213387	18.7680196133775	1.47621884086732e-05	3.60691894123247e-05
"hsa-miR-708-3p"	-9.25523997195329	5.2700364570208	40.5483262329171	1.91812775540295e-10	1.17455724281464e-09
"hsa-miR-708-5p"	-7.88017285734326	5.6898037444756	42.4946350147142	7.08763663381958e-11	4.62561548733488e-10
"hsa-miR-7155-3p"	3.59654793599965	2.82260198302725	16.8903577965349	3.96022441776474e-05	8.73009471649472e-05
"hsa-miR-744-3p"	0.354546155458759	3.46635847092237	0.275331668288195	0.599777461061156	0.638389743962088
"hsa-miR-744-5p"	1.24607877848901	8.50836410192396	3.9183579347342	0.0477615100911564	0.0645496158180207
"hsa-miR-758-3p"	-5.46660177103616	6.51358727064432	24.3197459319516	8.15982938812569e-07	2.49831813364836e-06
"hsa-miR-766-3p"	5.16091976275324	6.48636821260966	55.5913628574361	8.92147521684593e-14	1.1062629268889e-12
"hsa-miR-769-5p"	0.653578060755996	9.70791341541365	1.50104765872947	0.22051023286405	0.262916046876367
"hsa-miR-770-5p"	-4.71587097470779	2.22347356793304	8.15829198574821	0.00428647212708923	0.0070167992575454
"hsa-miR-7706"	-0.654229490545512	4.78034995315111	1.03355075102474	0.309326154985061	0.357635834201842
"hsa-miR-7974"	-8.35563961672798	4.43602045041031	27.1500299060108	1.88262287292751e-07	6.57592214769047e-07
"hsa-miR-7976"	2.46485047528304	4.58631341449663	11.4785318986684	0.000704047227501719	0.00131280986782275
"hsa-miR-7977"	2.35795417804387	3.0871541762481	7.98520076782451	0.00471612650603715	0.00764444034965498
"hsa-miR-873-3p"	7.64774307480302	3.77240284502459	46.8948835254744	7.4897990881101e-12	5.99183927048808e-11
"hsa-miR-873-5p"	5.47776233429762	4.07499924312142	29.6998809647286	5.04379178885277e-08	2.0339192904642e-07
"hsa-miR-874-3p"	-0.447800178736909	4.3169267013137	0.56728841078605	0.451338446077013	0.492008503855381
"hsa-miR-877-5p"	-2.93859635708964	5.21212987815679	20.7945254851203	5.11289071622929e-06	1.38578895915286e-05
"hsa-miR-887-3p"	-8.2724174124309	4.35798245203652	44.1141579870597	3.09772260760464e-11	2.22676871503174e-10
"hsa-miR-889-3p"	-5.8077758685751	7.19516695342406	38.7365203715975	4.85048321313754e-10	2.73390872013207e-09
"hsa-miR-9-3p"	-2.1954473950751	2.9384440354009	1.34972902119257	0.245325495267893	0.289338189945913
"hsa-miR-9-5p"	-2.80813774802611	5.82879875418446	2.40778076046991	0.12073341560595	0.150840740908189
"hsa-miR-92a-1-5p"	-3.66813223882032	3.19931879711458	11.3768502979188	0.000743651098222511	0.00137119310304225
"hsa-miR-92a-3p"	2.04015177975396	15.6522934914847	17.8304697525559	2.41485091003665e-05	5.494339685221e-05
"hsa-miR-92b-3p"	-4.31532739019262	10.7974930128388	58.5778280096615	1.95406187694443e-14	3.12649900311109e-13
"hsa-miR-93-3p"	3.06344155112136	6.66449981319794	25.6567564766595	4.07864955104738e-07	1.30516785633516e-06
"hsa-miR-93-5p"	2.48712454033801	10.9477121024062	18.7161944144069	1.51688737889411e-05	3.68811833299744e-05
"hsa-miR-935"	-3.66295597024652	5.75671525207658	14.8757765974049	0.000114828087283845	0.000237311380386612
"hsa-miR-940"	-2.37709567988628	2.75731135267812	4.62954315949645	0.0314259303321624	0.0442819927407744
"hsa-miR-941"	5.12223026419521	10.8377071299115	56.7005047620915	5.07505222302487e-14	6.80331325032524e-13
"hsa-miR-941-3-5p"	5.11578872095797	8.52130370335383	54.0986616959744	1.9067108591161e-13	2.10161908027019e-12
"hsa-miR-942-5p"	2.5345433577025	5.08540535239858	21.2099081396049	4.11631042030671e-06	1.1470168362203e-05
"hsa-miR-944"	-9.20671325809617	5.22870329897658	6.54168099181109	0.0105375732094117	0.0163332384745882
"hsa-miR-96-5p"	-2.69539661557198	5.64405792160275	2.69930195253228	0.100392192472819	0.127678275555175
"hsa-miR-98-3p"	-1.07390508666792	4.29487730528068	4.39542819678393	0.036035409568378	0.0504902913726426
"hsa-miR-98-5p"	0.155682592631207	10.4032903836589	0.0855963118424441	0.769852014105734	0.792212860988473
"hsa-miR-99a-3p"	-4.95334775010432	2.91522259884819	17.044081088871	3.65220355811692e-05	8.1598782199369e-05
"hsa-miR-99a-5p"	-3.02618662395371	8.22655568313886	10.7016508229029	0.00107039980972	0.00193061202044044
"hsa-miR-99b-3p"	-3.16144891585203	5.46146304442802	22.4851392195642	2.11775646909779e-06	6.07171796920522e-06
"hsa-miR-99b-5p"	-2.15260674087071	13.5108570875108	13.8693511110277	0.000195968348648926	0.000393523485546021
