"logFC"	"logCPM"	"LR"	"PValue"	"FDR2"
"hsa-let-7a-2-3p"	-6.13025423218692	3.16612106018425	27.009126701808	2.02497077952524e-07	6.19173757585602e-07
"hsa-let-7a-3p"	-1.50676309271039	6.02228334314872	4.80684318800231	0.0283469279121104	0.0416045680433128
"hsa-let-7a-5p"	1.37992634297149	15.654919324399	6.36042546859721	0.0116693557701931	0.0191281192521722
"hsa-let-7b-3p"	-2.61617080399211	6.25958428562177	25.7910962866151	3.80439434257561e-07	1.12018277864726e-06
"hsa-let-7b-5p"	-0.52575534007307	11.3798508821518	1.13594696458557	0.286510386157389	0.336614419204617
"hsa-let-7c-5p"	-6.0040695488711	8.09054229581894	47.4379884087439	5.67717526165059e-12	3.47181102539402e-11
"hsa-let-7d-3p"	0.871139756930867	7.4823416680896	3.03977390314842	0.0812472325612644	0.106762892373893
"hsa-let-7d-5p"	1.58535373258367	10.5381648812911	5.76816138084142	0.016319099614945	0.0256059556458183
"hsa-let-7e-3p"	-7.12517927469817	3.1768978371906	37.9937968104155	7.09699145892707e-10	3.13450456102612e-09
"hsa-let-7e-5p"	-3.4631994899254	9.99744520904728	5.44679807442078	0.0196042256884707	0.03006821753505
"hsa-let-7f-1-3p"	-1.15111888029124	4.0400411692376	4.32534467451324	0.0375488088730998	0.0534650203954287
"hsa-let-7f-2-3p"	-0.724922934381731	4.1297225034433	1.77777069930347	0.182423310159968	0.221979385067104
"hsa-let-7f-5p"	1.5055990845545	15.2731129128166	7.59305763148996	0.00585934887765559	0.00987600499873399
"hsa-let-7g-3p"	2.67238884615465	4.58114147106053	15.0545834898043	0.000104446310559333	0.000225433892021727
"hsa-let-7g-5p"	3.82173572102892	14.2385658639236	46.7420560448517	8.09725069694388e-12	4.88909947144586e-11
"hsa-let-7i-3p"	3.1341139764618	7.86699634192779	34.2138530063959	4.93762106879191e-09	1.93052889328995e-08
"hsa-let-7i-5p"	0.0680564392316928	13.8823897139022	0.0157943629424153	0.899988696588121	0.919260403153177
"hsa-miR-100-3p"	-10.0263419225595	6.68200900154079	70.0747223809892	5.70999989738773e-17	1.08946798042158e-15
"hsa-miR-100-5p"	-11.6841172752162	16.0646242708399	108.629141091466	1.9567653204668e-25	9.33377057862662e-24
"hsa-miR-101-3p"	4.40849622769748	13.2136868238968	24.5238355597917	7.33962411011824e-07	2.08392898840857e-06
"hsa-miR-101-5p"	4.88498481835821	4.16459203024134	22.1046654412235	2.58181507578661e-06	6.91868421994501e-06
"hsa-miR-103a-3p"	1.20965652757384	12.0601012906983	4.46019912789551	0.0346934529594028	0.0499054694664988
"hsa-miR-106a-5p"	6.65432201053232	4.23425423119682	56.9104997596005	4.56104122646487e-14	3.95566666367953e-13
"hsa-miR-106b-3p"	3.01871671350246	9.35098824843168	15.1982726049633	9.67919203233568e-05	0.000210820757964572
"hsa-miR-106b-5p"	1.52309429248265	8.15264539392867	3.35128466930992	0.0671525864576913	0.0900110660853602
"hsa-miR-107"	-1.96685375133676	4.60603624812343	10.4414942154908	0.00123215551136085	0.00230485560360441
"hsa-miR-10a-3p"	-4.39720639216583	2.80141971155322	20.3785450213901	6.35381737104381e-06	1.59514257157258e-05
"hsa-miR-10a-5p"	-1.42033814305898	12.6491114193502	6.62754438747686	0.0100413600013737	0.0166310025022752
"hsa-miR-10b-5p"	-4.01398060503665	10.2402858143303	6.82442874892554	0.00899193119572875	0.01499703209917
"hsa-miR-1180-3p"	-3.93751192590988	3.63483479220744	21.4374355903477	3.6556360648318e-06	9.47683914633025e-06
"hsa-miR-1185-1-3p"	-8.13944453122895	4.84807036120332	55.8457743841951	7.83850381019943e-14	6.23161052910855e-13
"hsa-miR-1185-2-3p"	-6.11849294575041	2.45999193094398	24.5355908138295	7.29498279410616e-07	2.08365676214889e-06
"hsa-miR-1185-5p"	-7.01137377384698	3.69054254674181	39.6210564458828	3.08340771463432e-10	1.47078547988057e-09
"hsa-miR-1197"	-7.46785953677704	3.44813494227906	34.537616537581	4.18092944944043e-09	1.66191945615257e-08
"hsa-miR-122-5p"	4.78975947399568	4.80639090849316	11.9276135479726	0.000553079806808327	0.00109016143738666
"hsa-miR-1226-3p"	-1.37689744011054	2.39705837946099	2.81134035295297	0.0936001418038795	0.122321281206714
"hsa-miR-1247-5p"	-4.19963046031798	1.7998445223313	3.58940066660736	0.0581492110900502	0.0794761423780915
"hsa-miR-1248"	4.87084916149152	3.69857957264556	14.2787400410675	0.000157635277185222	0.000332708085032525
"hsa-miR-1249-3p"	-1.9456995695991	3.37993718167945	11.0578872476022	0.000883107167809189	0.00169173541785134
"hsa-miR-125a-3p"	-4.15400188623586	3.52001930442251	22.3149580457657	2.31397130163887e-06	6.23595655865391e-06
"hsa-miR-125a-5p"	-4.01728999397682	11.467385034961	22.0496074394979	2.65694015003624e-06	7.08022598640943e-06
"hsa-miR-125b-1-3p"	-12.5599845985247	8.9641357976351	131.704616868833	1.73623403992845e-30	2.07045909261467e-28
"hsa-miR-125b-2-3p"	-5.97911753637312	5.90611369630765	39.8754150870591	2.70688963718551e-10	1.3042286433712e-09
"hsa-miR-125b-5p"	-9.83265244046898	12.5619086992794	151.351202531498	8.7826899572326e-35	2.09467155479998e-32
"hsa-miR-126-3p"	-2.35751679696227	5.67109486151971	8.64137827081291	0.00328612734476516	0.00584881620691411
"hsa-miR-126-5p"	0.0431791317873999	8.06476008892081	0.00156625426260604	0.968431217204117	0.976620910372863
"hsa-miR-1260a"	-0.234697728276037	3.74893102503056	0.172822146617462	0.677615759895573	0.732931332131946
"hsa-miR-127-3p"	-8.6816365301631	12.4002462945085	95.7016517453601	1.33568965302027e-22	5.30936637075557e-21
"hsa-miR-127-5p"	-7.75795896579475	4.90206522353921	51.1423157813343	8.59063076193335e-13	5.64893112733925e-12
"hsa-miR-1271-5p"	0.0795434224099794	6.96902334691674	0.008259772242595	0.927585328579513	0.945423507975273
"hsa-miR-1273h-3p"	9.44357898585083	5.55024315682685	78.434574928072	8.26920981653994e-19	1.87829194404264e-17
"hsa-miR-1277-5p"	-0.288879032791672	2.24982414168422	0.0317170486589422	0.858650089253322	0.88845139386949
"hsa-miR-128-1-5p"	2.6644252999421	5.39014114378407	4.99441284471669	0.0254292797797552	0.0379055201716976
"hsa-miR-128-3p"	-0.338273309315242	9.03288386822038	0.450225946419538	0.502227675542771	0.563676708785651
"hsa-miR-1285-3p"	-4.28147487180068	3.83280794351595	36.9852791708051	1.1902447948694e-09	5.11483574011443e-09
"hsa-miR-1293-3p"	-7.00371396097573	3.08610776034025	18.4907977042501	1.70726636793584e-05	4.09229174625828e-05
"hsa-miR-1296-5p"	-5.25167650386139	4.55423900468483	48.2564747010126	3.73961380095893e-12	2.31661790007456e-11
"hsa-miR-1299"	6.91919884988109	3.13310941075178	6.60054841131421	0.0101947362375274	0.0167685833975882
"hsa-miR-1301-3p"	-0.551264059863955	4.63144276858489	0.647593837888636	0.420974261105927	0.478106482256018
"hsa-miR-1304-3p"	-0.178427055590311	5.41883113311214	0.0473204770778501	0.827793223448896	0.864020497998082
"hsa-miR-1306-3p"	-2.45542974520922	1.85567050748246	3.67638445372318	0.0551884023256215	0.0758641726493413
"hsa-miR-1306-5p"	-3.63540138234484	2.82486054970798	10.9446744206861	0.000938730404281265	0.00179109761136865
"hsa-miR-1307-3p"	-0.269269461542736	7.35838628590749	0.181430066476832	0.670147133626136	0.726500415317425
"hsa-miR-1307-5p"	-1.56517356199144	8.48982675494457	8.11141743929706	0.00439873181279857	0.00762980027165424
"hsa-miR-130a-3p"	-5.10795486827845	8.86616196278535	65.3751631421358	6.19142998711709e-16	8.28942902388945e-15
"hsa-miR-130b-3p"	-1.49806720080698	7.79473278905664	8.59004369932431	0.00338005895067324	0.00597143747952272
"hsa-miR-130b-5p"	-3.32267263831844	6.11034232644585	30.1274445603586	4.04565196769592e-08	1.36863545290138e-07
"hsa-miR-132-3p"	-0.21999465748159	6.11352914919034	0.0557064924317778	0.813415421394158	0.850875342116257
"hsa-miR-132-5p"	-1.54406491005617	3.14782663389819	5.64849212165297	0.0174703884633862	0.0270564133020623
"hsa-miR-134-5p"	-9.96526907993694	5.68488003385324	74.7678341878396	5.29453326284896e-18	1.05228848599123e-16
"hsa-miR-1343-3p"	-4.64268221139683	3.40055514397654	11.5604213595215	0.000673705840806908	0.00130633205717437
"hsa-miR-135b-5p"	-6.27741435999633	2.56835135476233	10.5798701851008	0.00114325687403423	0.00216402194013623
"hsa-miR-136-3p"	-8.86174659061415	8.33082818929122	86.1593321309719	1.66006678737625e-20	4.65795210340277e-19
"hsa-miR-136-5p"	-8.17934602944447	5.16673078777492	66.0997437928479	4.28671499889412e-16	6.38988454522655e-15
"hsa-miR-137"	-8.70762711202713	4.51383751792027	58.1897067921902	2.38021195600235e-14	2.31706347553698e-13
"hsa-miR-138-1-3p"	-2.55874161478359	2.57251607486204	4.81913393046705	0.0281454837716047	0.0414364066637514
"hsa-miR-138-5p"	-4.76501046628264	9.28683189529155	20.5993853565681	5.661428768938e-06	1.43643698020395e-05
"hsa-miR-139-5p"	-2.37684194956663	2.11948580880355	3.49059640112625	0.0617183462254978	0.0838736499987534
"hsa-miR-140-3p"	3.53397483383824	12.0055965049888	35.4661980111704	2.59515245974106e-09	1.0580236951252e-08
"hsa-miR-140-5p"	1.55442936248934	5.97750607634219	7.66287855648917	0.00563684992176177	0.00960277647385845
"hsa-miR-141-3p"	1.49145663667636	10.1164865649118	0.580254018523764	0.446212771007385	0.504368463911192
"hsa-miR-141-5p"	-4.36618827394001	5.45646347732894	3.4626088421477	0.0627712031443098	0.0848211441921693
"hsa-miR-142-3p"	12.7303182449631	11.0442985846153	55.2221662577257	1.07647904765793e-13	8.28194364085212e-13
"hsa-miR-142-5p"	14.7575370048331	15.9101907579361	147.114553619769	7.4078008336525e-34	1.17784033255075e-31
"hsa-miR-143-3p"	-5.25362124508428	11.7649017263676	53.525538500131	2.55252962308319e-13	1.8548678324018e-12
"hsa-miR-143-5p"	-6.47104582924454	3.40358855906016	25.2980820521841	4.91196924180831e-07	1.42000565354095e-06
"hsa-miR-144-5p"	3.47381731141226	2.58903226093606	5.08023338460349	0.0242001122636667	0.0363001683955001
"hsa-miR-145-3p"	-6.9605702374968	4.61011044652489	53.2354390721092	2.95872513384324e-13	2.04537954904815e-12
"hsa-miR-145-5p"	-7.15119572067014	6.29185710516403	53.3705628988225	2.76204868619546e-13	1.96641376614214e-12
"hsa-miR-1468-5p"	2.7520467804523	5.14461457886507	11.6837116290483	0.000630496301085387	0.00123256858859725
"hsa-miR-146a-3p"	-3.66900361101197	2.34780813174097	5.88742284813637	0.0152494012844358	0.024165994726498
"hsa-miR-146a-5p"	4.53175160920528	13.1386038112663	30.0152247651571	4.28667401937272e-08	1.43996021636675e-07
"hsa-miR-146b-3p"	5.30763483745729	6.68254874296713	20.1018199647671	7.34267708166411e-06	1.81474454298123e-05
"hsa-miR-146b-5p"	9.26843873545281	14.1914471753807	25.728229686952	3.93035634354824e-07	1.15017176433896e-06
"hsa-miR-147b"	-2.41303804545232	2.40513273022694	8.23101057455482	0.00411805929360223	0.00716903023010316
"hsa-miR-148a-3p"	-0.0116879523251542	11.3716692063584	0.000227907340644151	0.987955113220749	0.989482804001504
"hsa-miR-148a-5p"	0.34136692999265	6.05699762224337	0.10765441343187	0.74283051954564	0.790915530855513
"hsa-miR-148b-3p"	0.911983045412105	10.3866043165674	3.37076047157505	0.0663631155645392	0.0894214862267944
"hsa-miR-148b-5p"	-0.74159544814306	6.00556428373078	2.54416755279712	0.110702243252975	0.141568284267209
"hsa-miR-149-5p"	-9.10704719783787	8.05446243581806	88.1002134010851	6.22209147488869e-21	1.9786250890146e-19
"hsa-miR-150-3p"	10.8080737506511	6.88971638484159	81.8568964831375	1.46305518166449e-19	3.87709623141091e-18
"hsa-miR-150-5p"	12.3322549819639	13.8101701941457	126.492279999115	2.39933246564391e-29	2.28896317222429e-27
"hsa-miR-151a-3p"	1.41798523231377	13.0818064945978	6.68767890246102	0.00970815230054402	0.016135152081392
"hsa-miR-151a-5p"	0.0389476903950686	12.7492677381902	0.00607029776500667	0.937897961814052	0.951866654862346
"hsa-miR-151b"	5.8434050104401	7.86062424715951	49.4698736002364	2.0144150549686e-12	1.26431050160529e-11
"hsa-miR-152-3p"	-3.1311218995571	7.03036211125279	30.3608506496591	3.58694863505444e-08	1.23091690569854e-07
"hsa-miR-152-5p"	-4.52880126815872	3.92247097926737	30.6499594705518	3.09033055313184e-08	1.07597640426561e-07
"hsa-miR-154-5p"	-6.62705762647837	2.80488304581023	27.6978736933439	1.41818507154948e-07	4.39269012421495e-07
"hsa-miR-155-5p"	3.89825667260687	13.772090598078	7.96207716013214	0.00477675640062693	0.00822567798952725
"hsa-miR-15a-5p"	4.1572761255749	11.657482016057	27.3129492898076	1.73048628702625e-07	5.32543199297755e-07
"hsa-miR-15b-3p"	0.00893365400235395	5.61624075650136	0.000342004071978153	0.985245280913911	0.989393682096706
"hsa-miR-15b-5p"	1.35569292750027	8.26150947533309	6.61821833870757	0.0100940762362517	0.0166604649297303
"hsa-miR-16-2-3p"	1.70937947513144	6.79534041318631	9.17075276295999	0.0024591339921389	0.00442644118585002
"hsa-miR-16-5p"	4.19056420092452	14.7900388332864	42.703271035029	6.37056713691552e-11	3.33929727946011e-10
"hsa-miR-17-3p"	2.1844924922284	7.1189089688714	17.8994501137003	2.32888388752243e-05	5.49939413043663e-05
"hsa-miR-17-5p"	1.3966339809758	9.02120469624797	5.11147870182912	0.0237680543055795	0.0357645485923074
"hsa-miR-181a-2-3p"	1.62495411499876	8.38470075792589	4.46980057355251	0.0344990180518886	0.0498667624568208
"hsa-miR-181a-3p"	1.00822309034732	9.33646744620902	2.66341221452708	0.102680246837312	0.132017460219401
"hsa-miR-181a-5p"	4.16442640204588	16.5878522950094	38.8425194605045	4.59411078371167e-10	2.10710658060622e-09
"hsa-miR-181b-3p"	-0.909455666558446	3.65740806290764	2.14670818585715	0.142875933252391	0.179346895161554
"hsa-miR-181b-5p"	0.52914491930121	11.3217371853448	0.845535345132049	0.357818442990145	0.411275656159757
"hsa-miR-181c-3p"	-1.37074190563117	4.82419179894011	5.90044869069412	0.0151370281759113	0.0240678747996989
"hsa-miR-181c-5p"	1.33476122948916	8.20974294625888	5.71555060893167	0.0168152900941392	0.0262980110652604
"hsa-miR-181d-5p"	-1.05503936837357	4.53692001247792	2.75624547393334	0.0968753491586288	0.125911557353313
"hsa-miR-182-5p"	-1.67036703318836	9.57396437000742	1.04095967887073	0.307598381005851	0.359240675522834
"hsa-miR-183-3p"	-4.05690269936062	2.13622340053787	3.14312669581174	0.0762475089041303	0.101027949297973
"hsa-miR-183-5p"	-2.26708992651392	7.70791478318705	1.58507532717657	0.208031145617599	0.250582970857562
"hsa-miR-184"	-5.8122219478776	4.72540460324981	5.38035696792919	0.0203647107932275	0.0310350384931933
"hsa-miR-185-5p"	0.0771838678333479	5.90387357619184	0.0245659737938111	0.875453416418994	0.90387722864039
"hsa-miR-186-5p"	1.92087116385277	13.542434513452	8.34199364801543	0.00387390648555143	0.00679357865297071
"hsa-miR-188-5p"	-1.00256555492996	3.41189192612069	0.761306653966696	0.382919917749243	0.439069232611511
"hsa-miR-18a-3p"	-0.434093210792393	4.09084538996846	0.294625449372536	0.587271566805324	0.650601690472085
"hsa-miR-18a-5p"	-0.773384903188448	5.80685772909543	0.947515421219905	0.330352532790864	0.383401844625893
"hsa-miR-190a-5p"	-1.48719227499289	2.87683203751766	3.05139303360473	0.0806679244590724	0.106294475046899
"hsa-miR-191-3p"	-1.55908093222635	3.50324878049127	3.29114413758546	0.0696544694489598	0.0928077707462398
"hsa-miR-191-5p"	2.71562258660661	14.7522215495203	17.3687172188871	3.07851431334914e-05	7.12840450226962e-05
"hsa-miR-1910-5p"	-0.725409967587059	3.51623680970733	1.03911165136689	0.308028168320418	0.359240675522834
"hsa-miR-192-5p"	4.32755596233329	12.0606359004159	45.40108107815	1.6054573761088e-11	9.33906302931584e-11
"hsa-miR-193a-3p"	-8.25652704982041	7.83971491783754	65.8908327384559	4.76603306656099e-16	6.88908415984726e-15
"hsa-miR-193a-5p"	0.298611211238948	6.46863549745271	0.203476350539829	0.65192934800825	0.709977851598026
"hsa-miR-193b-3p"	-3.5786876560922	7.16124142592246	39.9289449929821	2.63371281132494e-10	1.28191939898163e-09
"hsa-miR-194-5p"	3.04965364220273	6.06287491706669	17.530730408819	2.82701297808448e-05	6.57797653925022e-05
"hsa-miR-195-5p"	1.88317378205613	6.42264006014174	5.90782365022383	0.015073783350857	0.0240474737737752
"hsa-miR-196a-5p"	-4.22220281579945	3.15234429221907	3.81859567298638	0.0506867037040398	0.0700798772951507
"hsa-miR-196b-5p"	-3.06139845511504	4.26493543209032	2.71370207123253	0.0994898642700788	0.128608848934492
"hsa-miR-197-3p"	1.52978710588222	9.30509059173496	9.29640752858913	0.00229603663411576	0.00418018883386724
"hsa-miR-1976"	5.1303363368143	3.27350644974557	29.0284760356289	7.13221472442166e-08	2.34625270589595e-07
"hsa-miR-199a-3p"	-6.57555155440284	11.0122155878994	115.941867355196	4.89435022285281e-27	3.3351500804297e-25
"hsa-miR-199a-5p"	-7.41729987845919	9.17072349513104	86.3021991718913	1.54436697356276e-20	4.60414403993397e-19
"hsa-miR-199b-3p"	-6.41537330115701	9.67328694571963	109.775476504574	1.09742698386062e-25	5.8163630144613e-24
"hsa-miR-199b-5p"	-6.05914348323096	8.98105746386253	28.9347968015789	7.48560300268281e-08	2.4125896164052e-07
"hsa-miR-19a-3p"	0.654207598896568	7.58930736631217	0.47881677822825	0.488958756815234	0.550078601417138
"hsa-miR-19b-3p"	2.46442648302314	10.1812225712931	9.17346950823381	0.00245548623642054	0.00442644118585002
"hsa-miR-200a-3p"	-0.460435634451918	5.70917195029149	0.0855094522371189	0.769965523821942	0.810758399256218
"hsa-miR-200a-5p"	-3.12789563605818	2.3769545111462	2.38199597540438	0.122740634033489	0.156126086490598
"hsa-miR-200b-3p"	-3.8346642698317	8.48888159161342	3.65680416487503	0.0558406461256448	0.0765401959825649
"hsa-miR-200b-5p"	-3.06597385149725	1.87937785182079	2.03013741454538	0.154206664091285	0.191056048757254
"hsa-miR-200c-3p"	-2.46831252047492	7.4644408439326	1.93365116451404	0.164359542091837	0.20206057107682
"hsa-miR-200c-5p"	-4.10982868579283	1.86279349999743	3.47873874504802	0.0621621014179219	0.0842367112964454
"hsa-miR-203a-3p"	-5.87751740647543	4.64477588105993	5.91734877423103	0.0149925020280767	0.0240353681768126
"hsa-miR-204-5p"	-9.17887576455244	8.36751286396426	34.4599731906016	4.35107600152112e-09	1.71525888655006e-08
"hsa-miR-205-3p"	-6.61785862433175	2.80492488139577	5.7699953412865	0.0163020777404408	0.0256059556458183
"hsa-miR-205-5p"	-15.3777998772577	11.7180730768165	14.5167140951922	0.000138921500076897	0.000295828372931606
"hsa-miR-20a-3p"	-0.119119103921226	2.99359749112148	0.0215350595237824	0.883330704212456	0.908490052205233
"hsa-miR-20a-5p"	2.75212914014649	10.1941869340201	12.3587797076056	0.000438917483378975	0.000879679157864585
"hsa-miR-20b-5p"	9.65278716318836	5.96517021375012	80.7043607090483	2.62143032436525e-19	6.58116981432749e-18
"hsa-miR-21-3p"	0.663072594110068	12.169650796734	0.291557499466762	0.589224172503021	0.650601690472085
"hsa-miR-21-5p"	-0.916295360738914	15.8358718014067	1.36172857450765	0.243238129088577	0.289338123629056
"hsa-miR-210-3p"	-2.0761648647661	7.55428032949132	12.1507551726675	0.00049067992534514	0.000975226351623465
"hsa-miR-210-5p"	-0.926565441148103	4.90990621812176	0.648171955340828	0.420767012354993	0.478106482256018
"hsa-miR-2110"	3.43275850644096	3.2607093807445	12.647631932324	0.000376041695909329	0.000763284633824467
"hsa-miR-2110-3p"	0.755928807660282	3.73323057573696	1.81120237759824	0.178364060676438	0.21759503054389
"hsa-miR-2116-3p"	0.306436673197256	2.8731906977836	0.229887049734468	0.631607592051552	0.689420643955584
"hsa-miR-212-3p"	-0.0226914898297256	3.34875046251917	0.000415143166846654	0.983744177061138	0.989393682096706
"hsa-miR-212-5p"	-1.80524238522874	2.82785114242866	5.91461235892039	0.0150158065339416	0.0240353681768126
"hsa-miR-214-3p"	-7.11345462808268	5.53916150773553	63.2064238046597	1.86140348627978e-15	2.11402253084633e-14
"hsa-miR-214-5p"	-7.5685476426682	4.88948472255366	63.5396575790842	1.57170626497791e-15	1.87425972098616e-14
"hsa-miR-215-5p"	0.625085559288132	3.94675971312752	1.21650414406734	0.270047807781899	0.318260482418414
"hsa-miR-218-1-3p"	-8.84092302917915	4.63322094193798	28.9349613294726	7.48496721865726e-08	2.4125896164052e-07
"hsa-miR-218-5p"	-7.91074730862803	5.89672858223165	57.5602625506455	3.27781223985099e-14	2.89540081186838e-13
"hsa-miR-22-3p"	-4.14175628966639	15.3281406647223	53.5148279364626	2.56648379326036e-13	1.8548678324018e-12
"hsa-miR-22-5p"	-3.39836444000728	5.6130617909993	40.86237630089	1.63335574895441e-10	8.20116518159215e-10
"hsa-miR-221-3p"	-0.681530153976092	12.4120228037218	1.93482646741953	0.164231370958685	0.20206057107682
"hsa-miR-221-5p"	-2.60830544760226	8.54968774202	21.3216790030671	3.88315169171392e-06	9.90515164143069e-06
"hsa-miR-222-3p"	-3.13178871506814	12.4528471112758	38.2179419085533	6.32680010881594e-10	2.82045201112636e-09
"hsa-miR-222-5p"	-2.96588924903924	5.078724685736	7.83819329110446	0.00511537073322203	0.00877709294872988
"hsa-miR-223-3p"	12.3912532071595	9.63875795075442	112.950235000353	2.21259126951696e-26	1.31925754444949e-24
"hsa-miR-223-5p"	9.27221944389458	5.38397013917804	77.7323184821999	1.17994817544149e-18	2.55834218038906e-17
"hsa-miR-224-5p"	-8.92523827370556	8.76761324556869	101.551147676793	6.96418019964341e-24	3.01992177748174e-22
"hsa-miR-2355-3p"	-0.0156078941262997	2.20535283071439	0.000173758062700813	0.989482804001504	0.989482804001504
"hsa-miR-2355-5p"	0.234378313247009	4.62085404743453	0.129855569311699	0.718581836590714	0.768592499573301
"hsa-miR-23a-3p"	-2.29595977631191	9.95159515057639	17.7635853161107	2.50124990271917e-05	5.84851080194631e-05
"hsa-miR-23a-5p"	-0.141009296695434	5.1709445731827	0.0206869800339708	0.885634956552271	0.908490052205233
"hsa-miR-23b-3p"	-3.48491969330322	8.95838586955716	32.3026891108571	1.31930626396335e-08	4.87836502256216e-08
"hsa-miR-24-2-5p"	-3.37293997812048	6.07381478814014	32.3876082427003	1.26289238331452e-08	4.7062473971955e-08
"hsa-miR-24-3p"	-0.0251246608704073	8.71198895371676	0.00239064322477134	0.961003607551729	0.971183730513083
"hsa-miR-2467-5p"	0.0550553248463785	2.95090771110121	0.00475912455937877	0.945000438159952	0.957038660302117
"hsa-miR-25-3p"	3.56873329460837	12.8422652969307	29.1112846933719	6.83377739960002e-08	2.26368876361751e-07
"hsa-miR-25-5p"	0.763403337307009	4.15774034772061	1.34253853142662	0.24658678877705	0.291865752473084
"hsa-miR-2682-3p"	-6.15865432224295	2.48291310639676	24.9542649145563	5.87065193965895e-07	1.68692829832369e-06
"hsa-miR-2682-5p"	-7.07625396825302	3.138990773536	31.2289653091503	2.2931880574199e-08	8.35000536938391e-08
"hsa-miR-26a-2-3p"	-0.782661850193823	4.38049647075522	1.64418148204584	0.199752716261047	0.241220368750682
"hsa-miR-26a-5p"	2.69094263301817	15.7908547899206	23.8771432016576	1.02683741673575e-06	2.84812502264755e-06
"hsa-miR-26b-3p"	0.657020738811292	5.52381411393367	1.6973958437894	0.19262889638299	0.233208080138798
"hsa-miR-26b-5p"	3.58096852054549	13.2643221535312	40.1674752320131	2.33096966510072e-10	1.14626034046706e-09
"hsa-miR-27a-3p"	-2.15537324495433	11.3712099054218	13.523127536605	0.000235641383731629	0.000495158326167343
"hsa-miR-27a-5p"	-0.519420555902356	6.33238552046049	0.713114445466199	0.398411826335299	0.454646988425688
"hsa-miR-27b-3p"	-1.39301646174584	13.7946184029758	6.2675593285654	0.0122968412955499	0.0200190897541887
"hsa-miR-27b-5p"	-2.5590159967929	6.07762227527583	15.2642506001495	9.34688667561572e-05	0.00020622184224494
"hsa-miR-28-3p"	3.48106780364946	13.8840400851549	26.9565720770743	2.08078428179292e-07	6.32187326379124e-07
"hsa-miR-28-5p"	1.45489383564189	9.85585269785608	5.67257540114046	0.0172321392326564	0.0267743661693065
"hsa-miR-296-3p"	-4.66961298734489	3.682651660835	20.3671569699201	6.3917423935558e-06	1.59626236739587e-05
"hsa-miR-296-5p"	-0.895326638018735	3.22965548794896	2.17317524321294	0.140436002697633	0.177216860547013
"hsa-miR-299-3p"	-9.11900733911475	4.88924206818123	58.0178729923095	2.59747059266609e-14	2.42939896608182e-13
"hsa-miR-299-5p"	-6.68514345381365	2.84712731840093	32.0549818158143	1.49870276228585e-08	5.49908628931037e-08
"hsa-miR-29a-3p"	0.825553758039699	13.4889646877185	2.32536186660666	0.127280618239032	0.161470358776644
"hsa-miR-29a-5p"	-2.27050138910737	5.2409885242637	14.4809126257828	0.000141586971623067	0.000300164379840901
"hsa-miR-29b-1-5p"	-0.625317117379084	4.1095681121712	0.867596461505839	0.351621570166083	0.405129200408747
"hsa-miR-29b-3p"	1.58946000165806	9.32012874184943	4.86508438154735	0.0274054583602497	0.0405975268255872
"hsa-miR-29c-3p"	4.76293279253137	11.4203915272479	28.7091550949673	8.41051865226588e-08	2.67454493142055e-07
"hsa-miR-29c-5p"	3.21142340214836	5.98559296717672	28.9965552085181	7.25071209988625e-08	2.3688970353738e-07
"hsa-miR-301a-3p"	-1.57815323816683	7.27451440665264	5.07183063862677	0.0243176895034106	0.0363621877527488
"hsa-miR-301b-3p"	-2.38381391419029	5.00856975058248	16.2850974487033	5.44908211815437e-05	0.000122028740392471
"hsa-miR-30a-3p"	-4.58132917919548	6.23787102596697	34.1256010807835	5.16670199789571e-09	1.98751359112601e-08
"hsa-miR-30a-5p"	-1.95123078015332	12.0268993177897	8.65950139014501	0.0032536031414077	0.00581261684813285
"hsa-miR-30b-3p"	2.73748198975949	3.50422663684903	8.38041818534033	0.00379285144623851	0.00667597837585155
"hsa-miR-30b-5p"	2.98071387344404	11.04934394403	15.0973157233222	0.000102108378296057	0.000221389529305541
"hsa-miR-30c-1-3p"	1.25371320624168	4.40766454879001	2.58099887349441	0.108153393562911	0.138680561100829
"hsa-miR-30c-2-3p"	-5.95203241336431	3.00435851345547	28.174759240468	1.10840641437028e-07	3.45561999774265e-07
"hsa-miR-30c-5p"	1.27807288434818	11.2318844466636	5.8211602481717	0.0158344964301866	0.0250101152225132
"hsa-miR-30d-3p"	2.20655588850369	6.55154619526359	16.9918645206486	3.75403280921739e-05	8.56781650716122e-05
"hsa-miR-30d-5p"	2.96250955036044	13.6002009803022	30.7246557507034	2.97362475484221e-08	1.05068074671091e-07
"hsa-miR-30e-3p"	3.81909509346735	9.47494949209867	7.60037496650395	0.00583561632872776	0.00987088293901823
"hsa-miR-30e-5p"	2.93338903759896	13.445975791524	13.4564982195116	0.000244159041958231	0.000508575821022167
"hsa-miR-31-3p"	-11.2881488034526	7.92165203120394	61.1588438142763	5.26507291073829e-15	5.58097728538259e-14
"hsa-miR-31-5p"	-12.1130715569828	12.464164149374	166.459120582988	4.39113260144213e-38	2.09457025088789e-35
"hsa-miR-3117-3p"	-5.66173276870856	2.17531741840626	16.9190581334691	3.90079701673145e-05	8.86038179514715e-05
"hsa-miR-3129-3p"	-2.71994938528408	2.24916205525915	7.82245268036396	0.00516011220196292	0.00882212731303338
"hsa-miR-3150b-3p"	9.49084282881894	5.59670565286037	76.6643408244038	2.02629289601326e-18	4.20235526694923e-17
"hsa-miR-3152-5p"	-6.1856821956856	2.50074655293443	20.3090704025197	6.58874956954547e-06	1.63689247118395e-05
"hsa-miR-3158-3p"	0.114583999533857	3.30582670853756	0.0406138679803387	0.840285091364572	0.873237447888673
"hsa-miR-3176"	-0.364386373626115	3.78857946421974	0.0971937997429499	0.755223532187508	0.796994745250976
"hsa-miR-32-3p"	1.54051960482311	3.04160756995048	2.80295298515837	0.0940908685322498	0.12262662374285
"hsa-miR-32-5p"	4.3638966180916	7.51263550844906	12.6822553888132	0.000369142036314052	0.000752481843255569
"hsa-miR-320a"	0.150801169030142	10.2903491497805	0.0839625670582826	0.771997594169513	0.811107604446823
"hsa-miR-320b"	2.46945629326025	3.51948250534114	18.9363459142652	1.35153085724034e-05	3.2891847903247e-05
"hsa-miR-323a-3p"	-7.93450298469382	5.56071567179261	55.0344078649334	1.18438170858831e-13	8.96746150788294e-13
"hsa-miR-323b-3p"	-8.41895444378989	4.25568188357644	32.5939208412852	1.13569419857045e-08	4.26556010014257e-08
"hsa-miR-324-3p"	0.355441613465182	4.58717527442797	0.292338535883813	0.588725824185101	0.650601690472085
"hsa-miR-324-5p"	1.00829845126282	4.40163240889789	3.35066008016863	0.0671780702859292	0.0900110660853602
"hsa-miR-326"	-1.71528321710952	2.54465797598257	3.84543775684472	0.049881498882302	0.0691670783920292
"hsa-miR-328-3p"	0.65864765310866	5.94531662905182	0.739526162831217	0.389812707334625	0.445900866663348
"hsa-miR-329-3p"	-8.8092562986812	4.60577271484173	60.2248241606321	8.46182476298557e-15	8.58785194030663e-14
"hsa-miR-330-3p"	-0.198634658503754	4.4941754204568	0.151253202429655	0.697340618464065	0.750861117398102
"hsa-miR-330-5p"	-1.07658821688332	5.7698586985139	4.42137617454473	0.0354914012948272	0.0508390342871849
"hsa-miR-331-3p"	-2.87822036886892	7.68313543278519	31.0874027993811	2.46667041030193e-08	8.8466299677746e-08
"hsa-miR-331-5p"	-0.318691672519747	3.43043022907657	0.392505432705236	0.530985371359241	0.593161644352126
"hsa-miR-335-3p"	-0.935502084462606	7.53845741065471	1.51513075277096	0.218357845221488	0.261044341279824
"hsa-miR-335-5p"	-1.02688168581739	6.22743249094726	1.350342759155	0.245218204134227	0.290967869084642
"hsa-miR-337-3p"	-9.01879510755811	4.79726157472804	45.5214922889901	1.50973097660225e-11	8.89063797332437e-11
"hsa-miR-337-5p"	-6.98255189337706	3.06737988704495	29.8100454399205	4.76516521107884e-08	1.58949916481441e-07
"hsa-miR-338-3p"	5.01267951733055	3.84317199815919	23.5680903372623	1.20570493848653e-06	3.32440032172297e-06
"hsa-miR-339-3p"	2.09583779509463	8.24692554856952	16.122621219779	5.93706303421742e-05	0.000131719956619614
"hsa-miR-339-5p"	0.104890655936963	6.48182743355857	0.033668295994739	0.854414171807176	0.885990347721789
"hsa-miR-33a-3p"	0.901677030878013	3.47204923934913	2.12547123244278	0.144868219979691	0.180895656885635
"hsa-miR-33a-5p"	-0.379501943147785	3.96001879591952	0.112811393337987	0.736965828695486	0.786426622567667
"hsa-miR-33b-5p"	-1.64552805376008	3.95911706235441	4.70202860720359	0.0301270378865821	0.0440815861101216
"hsa-miR-340-3p"	0.0906525191171591	3.65897966500981	0.0212153034798512	0.884193951935623	0.908490052205233
"hsa-miR-340-5p"	1.57344193739043	8.75516403823785	6.09065215879764	0.0135898916627782	0.0219741638072718
"hsa-miR-342-3p"	4.63179666606671	11.7153026744979	37.1533775455013	1.09193453491666e-09	4.73502521050226e-09
"hsa-miR-342-5p"	4.98532041673343	6.1901789377581	64.7593347740869	8.46277509788235e-16	1.06230097939207e-14
"hsa-miR-345-3p"	-5.4048901731428	2.43511957093263	4.62869226228412	0.0314415200380048	0.0458642356517685
"hsa-miR-345-5p"	0.105001815067505	7.48502670623258	0.0424337798835595	0.836795120603083	0.871509328663036
"hsa-miR-34a-3p"	-4.27841088759307	2.71353988446381	21.3989691929729	3.72971656018491e-06	9.61662053626054e-06
"hsa-miR-34a-5p"	-3.32122088742529	6.63649026603004	30.816533137197	2.83611235532338e-08	1.00957133842481e-07
"hsa-miR-34b-5p"	-6.66593760370954	2.8374673488078	10.3352430499382	0.00130513937129074	0.00242237930002211
"hsa-miR-34c-5p"	-7.57901300574729	6.08580240882467	40.5991987580826	1.86883280373289e-10	9.2857629935478e-10
"hsa-miR-3605-3p"	-0.931733930393521	3.10614674145296	2.52726328872461	0.111894131086019	0.142709894459976
"hsa-miR-3607-3p"	3.08823606664814	7.71086341894391	6.22992158243694	0.012560929883159	0.020379467871656
"hsa-miR-3609"	7.62587348574617	5.49616776252169	36.1640221030821	1.81388597194428e-09	7.52368355319496e-09
"hsa-miR-361-3p"	4.46678021060105	10.959642554865	30.3723938976593	3.565666644349e-08	1.23091690569854e-07
"hsa-miR-361-5p"	2.15026324084756	8.73199500642398	18.2669346889477	1.92011278334723e-05	4.57946898828315e-05
"hsa-miR-3613-5p"	1.42862110589818	3.96985542186895	3.57476975933399	0.0586635805581952	0.0799500797893118
"hsa-miR-3614-5p"	0.606345629406465	3.21539048810891	0.129797544943065	0.718642043626189	0.768592499573301
"hsa-miR-3615"	4.47216762883015	6.05615310084617	28.4283506110007	9.72309790623085e-08	3.07146867633915e-07
"hsa-miR-362-3p"	1.72324185614358	2.92287891729382	3.92111321830447	0.0476832954106076	0.0665056488621633
"hsa-miR-362-5p"	3.17178635247875	5.78670515616265	6.94232477953119	0.00841796365266904	0.0140890128502566
"hsa-miR-363-3p"	11.4997475611408	9.78056473785485	116.648532100666	3.42725977265183e-27	2.72467151925821e-25
"hsa-miR-3651"	1.7998437648151	4.24223691355234	5.51743944967065	0.0188277978613008	0.0290642704849206
"hsa-miR-3653-3p"	3.30174496331505	3.70315379961286	14.7928403832019	0.00011999019658629	0.000257816773746218
"hsa-miR-3653-5p"	7.58578409493722	3.80041220440654	40.9020000567168	1.60057251946236e-10	8.12205416791007e-10
"hsa-miR-365a-3p"	-3.78020853763539	5.25889606332073	42.7106343188312	6.34663201589957e-11	3.33929727946011e-10
"hsa-miR-365b-3p"	-3.78020853763539	5.25889606332073	42.7106343188312	6.34663201589957e-11	3.33929727946011e-10
"hsa-miR-365b-5p"	-4.2808371429967	2.91475071658878	21.6499243160251	3.27222921056693e-06	8.52925318819906e-06
"hsa-miR-3661"	-0.772672341022492	2.49557815999822	1.05429207653821	0.304520649824495	0.356895208762368
"hsa-miR-3681-5p"	6.48579293980114	2.87090784326644	26.3353888807644	2.86981733607711e-07	8.60945200823132e-07
"hsa-miR-369-3p"	-8.51841909469424	6.06548383566444	57.9787922397161	2.64958940092018e-14	2.43048873892101e-13
"hsa-miR-369-5p"	-9.24457384675094	5.00566380051281	55.3667028694458	1.00016379717175e-13	7.82095297132662e-13
"hsa-miR-370-3p"	-8.81827519449038	5.4837614020554	60.6398565413811	6.85322962663254e-15	7.10650115631244e-14
"hsa-miR-370-5p"	-5.20933001912933	1.92647281408749	10.5715080168644	0.00114844001838608	0.00216524066707573
"hsa-miR-374a-3p"	0.253875485169372	7.13176082691799	0.103814031001903	0.747299784407347	0.793901998134309
"hsa-miR-374a-5p"	2.5762983167613	6.9193444795081	8.73803104417507	0.00311640846645907	0.00558844676128187
"hsa-miR-374b-3p"	-0.354208270777681	3.51955267340971	0.40219754345147	0.525956530739913	0.58892315765948
"hsa-miR-374b-5p"	1.04228709301704	5.91429840361577	4.33389907524046	0.0373605698048707	0.0533562628650399
"hsa-miR-375"	-6.54358129765582	4.30799580960661	9.28167703733551	0.00231457421891871	0.00419791597879933
"hsa-miR-376a-3p"	-8.01249445242524	3.90183308297353	32.9522658446117	9.44496031861695e-09	3.57882685850513e-08
"hsa-miR-376a-5p"	-9.83954757476647	5.56504330852932	64.4682682891516	9.80995694027362e-16	1.1998331950027e-14
"hsa-miR-376b-3p"	-6.94545858482497	3.03926855592383	30.2220816482723	3.85297656300818e-08	1.31276415753922e-07
"hsa-miR-376c-3p"	-9.60250338395577	6.05318274575481	68.4993889497504	1.26916924686096e-16	2.2421990027877e-15
"hsa-miR-377-3p"	-7.216848520451	4.02586173867625	44.0540818100086	3.19427062375129e-11	1.77170591573182e-10
"hsa-miR-377-5p"	-8.83210605852222	4.62659889080423	51.2829783303972	7.9966012374194e-13	5.37236449330853e-12
"hsa-miR-378a-3p"	1.76937757067627	11.6093926397353	3.96312673602023	0.0465072413270175	0.0650555839090538
"hsa-miR-378a-5p"	1.2414694775817	4.10838166498094	1.53693406723362	0.21507474063407	0.258414738746729
"hsa-miR-378c"	4.67970441543324	4.44753457645188	30.7074351672187	3.00013246335862e-08	1.05225234192799e-07
"hsa-miR-378d"	5.94350807084299	3.02211230732394	25.9009194355284	3.5939792177809e-07	1.07145505430093e-06
"hsa-miR-379-3p"	-8.35087059336691	4.19573901256166	36.2979110579801	1.69345278403457e-09	7.08576296477622e-09
"hsa-miR-379-5p"	-4.37057798683825	2.83607504151959	20.3973899272812	6.29155466916681e-06	1.58786855936115e-05
"hsa-miR-380-3p"	-6.20042234413708	4.00503231425212	38.7870688554017	4.72648606825998e-10	2.14717509958096e-09
"hsa-miR-381-3p"	-8.33180742962974	8.96733752444028	67.2868135620023	2.34746248549046e-16	3.86117105372051e-15
"hsa-miR-382-3p"	-7.64466189375176	3.59230648631663	36.9238726702943	1.22832717817179e-09	5.18506251316763e-09
"hsa-miR-382-5p"	-9.18352855210129	4.94909806107196	65.524427914204	5.73980843488976e-16	8.05261359836004e-15
"hsa-miR-3909"	-1.65048867804276	3.04383396571	5.70017564743471	0.016963215285598	0.0264426591216675
"hsa-miR-3912-3p"	3.01094505930438	4.22341639997148	17.2233701746396	3.32323027126665e-05	7.62106172785669e-05
"hsa-miR-3929"	-4.85829319820525	1.76188763684974	4.48113531581316	0.0342709481890171	0.0496876665232862
"hsa-miR-409-3p"	-8.21138799731581	9.71700925208551	65.252482065367	6.58911473722688e-16	8.49461548556005e-15
"hsa-miR-409-5p"	-9.32032463375936	7.99997703096526	93.8691537792671	3.37086574530199e-22	1.23684843116081e-20
"hsa-miR-410-3p"	-6.69464840118073	8.2581572851457	41.3212337482298	1.29158234998298e-10	6.62456753700948e-10
"hsa-miR-411-3p"	-8.36490512213513	4.20822043717687	35.0949387520003	3.14015896544948e-09	1.26936934450797e-08
"hsa-miR-411-5p"	-7.76625461542475	9.22946219950965	68.8817378815827	1.04548474307091e-16	1.91806239401856e-15
"hsa-miR-412-3p"	-4.63716380207746	1.65801581607728	5.95591768951944	0.0146679656208277	0.0236372283822122
"hsa-miR-412-5p"	-6.67933621066364	2.84130252949081	18.7376621724931	1.49990631094743e-05	3.61341065819155e-05
"hsa-miR-421"	-0.899794649589506	6.71308363683152	2.10778870247361	0.146550953472859	0.182043762517067
"hsa-miR-423-3p"	-0.12460023031775	11.445537497006	0.0592644445029009	0.807662315477269	0.846714119742104
"hsa-miR-423-5p"	1.24208982661155	11.2255237326663	5.48930915170028	0.019133101909288	0.0294402890668722
"hsa-miR-424-3p"	-5.27132264286122	4.39287467683401	24.0906350976142	9.1906174444139e-07	2.57877912999143e-06
"hsa-miR-424-5p"	-6.04748698646457	6.17393070973495	21.9960703498676	2.73209269527103e-06	7.24004564246824e-06
"hsa-miR-425-3p"	2.54233799823398	5.02915211959985	20.0117173613702	7.69690730078133e-06	1.89248700127458e-05
"hsa-miR-425-5p"	2.30017831840628	9.1139071431688	16.6605189638658	4.4701729666078e-05	0.000101055568960755
"hsa-miR-429"	-3.65655017425025	5.50087949161385	3.96938393197204	0.0463347217500999	0.0650048890435225
"hsa-miR-431-3p"	-8.63680306387582	4.44969096357887	45.9307903691032	1.22505299252328e-11	7.30437846792004e-11
"hsa-miR-431-5p"	-7.55050780983765	6.16253466145891	56.4829760953599	5.66870369942813e-14	4.74380993794248e-13
"hsa-miR-432-5p"	-8.29204115917243	5.51787890597547	58.1428665823203	2.437564783474e-14	2.3254368034342e-13
"hsa-miR-4326"	-1.73190274100337	3.55395372349943	5.29578574502327	0.0213770846159485	0.0324741062477944
"hsa-miR-433-3p"	-4.07306778003475	2.39954747049196	10.2091779683132	0.00139743447963208	0.00258362886350583
"hsa-miR-4424"	7.28355942189198	4.61700658333755	26.7104600788642	2.363386536662e-07	7.13503403789732e-07
"hsa-miR-4443"	3.4304663386789	2.79547529729966	8.59672092288974	0.00336768823247157	0.00597143747952272
"hsa-miR-4464"	7.74358332713521	3.95834743154545	18.8348380058682	1.42539648564565e-05	3.45134072920293e-05
"hsa-miR-4482-3p"	7.05268053171648	3.2742855075488	10.5300332020549	0.00117450102399943	0.00220565743483357
"hsa-miR-4485-3p"	2.56544980781835	2.57971675104592	2.8598660496142	0.0908150607103904	0.119007648238616
"hsa-miR-449a"	-0.676339685516986	3.01368088277734	0.261951940955859	0.608782305550984	0.669099446423547
"hsa-miR-449b-5p"	-1.29498001350766	2.01172975753831	0.927938018996699	0.335399303358446	0.387374013806244
"hsa-miR-450a-5p"	-5.30114667312811	5.0801856459831	37.1847178859643	1.07452562449596e-09	4.70228186132635e-09
"hsa-miR-450b-5p"	-5.98877676720845	6.15787696653295	43.9096877928817	3.43882540749167e-11	1.86399968110628e-10
"hsa-miR-451a"	6.12089386254342	6.30468057146637	11.419239803003	0.000726874305641015	0.00139806066044663
"hsa-miR-452-3p"	-7.91184487166905	3.81619080598757	53.908158044849	2.10083597965662e-13	1.56577931608782e-12
"hsa-miR-452-5p"	-8.63467719917641	6.04571067495835	68.0536610820385	1.59106141582561e-16	2.71048676910291e-15
"hsa-miR-4521"	-2.06936399883986	3.26812403462807	6.35307541907575	0.0117177989083556	0.0191417468468685
"hsa-miR-454-3p"	0.52946990656418	6.95753012929064	0.97479688867639	0.323486755393976	0.376349225177869
"hsa-miR-454-5p"	-0.0831682708963694	3.85832343514135	0.0171597955610521	0.89577894408292	0.916923940617066
"hsa-miR-455-3p"	-7.52314838114036	6.37702335270671	45.0891449193966	1.88266086602488e-11	1.0819629314384e-10
"hsa-miR-455-5p"	-4.90173408614087	5.38910279245373	39.5257872312097	3.23755812826911e-10	1.52902497741026e-09
"hsa-miR-4661-5p"	3.7055213230506	3.14253232304358	10.8259678760474	0.00100086360457193	0.00190203959912673
"hsa-miR-4662a-5p"	2.18888545465613	4.41376454426085	5.40160833911111	0.0201182039056986	0.0307576386635199
"hsa-miR-4677-3p"	1.66165129729679	5.19313106636143	4.60954490519464	0.0317944699683284	0.0462376895575996
"hsa-miR-4775"	-2.64385197113863	3.99546977862661	17.7737702626559	2.48789556260029e-05	5.84594178995242e-05
"hsa-miR-484"	0.555233917842353	9.45676954760115	1.21562396037829	0.270221164317521	0.318260482418414
"hsa-miR-485-3p"	-7.75998148029782	4.90445966474465	56.3046190220677	6.20694414117764e-14	5.01815653447752e-13
"hsa-miR-485-5p"	-7.62278326158142	4.38102949399035	36.0933253803996	1.88089995467387e-09	7.73439033085719e-09
"hsa-miR-486-3p"	8.18838224940511	7.0798619245947	60.0207248482737	9.38637892123557e-15	9.32771405297784e-14
"hsa-miR-486-5p"	9.94627135605941	15.2078028554357	53.2619314336291	2.9190905315384e-13	2.04537954904815e-12
"hsa-miR-487a-3p"	-6.24431083168789	3.68174341492963	31.0956368491633	2.45622885582151e-08	8.8466299677746e-08
"hsa-miR-487b-3p"	-9.87059579397302	6.94755272191885	79.203405601071	5.60334060798808e-19	1.33639673500516e-17
"hsa-miR-493-3p"	-9.08263755682193	5.73521404786885	65.3546627247552	6.25617284821845e-16	8.28942902388945e-15
"hsa-miR-493-5p"	-7.27857975856175	5.31529219096978	66.2236080406047	4.02561975846717e-16	6.194260079964e-15
"hsa-miR-494-3p"	-8.4920142641001	5.7067659993164	51.9517910530246	5.6880146363486e-13	3.87597568791183e-12
"hsa-miR-495-3p"	-8.0877074443494	4.80214477500321	50.6380980157768	1.1106795636817e-12	7.1593804307591e-12
"hsa-miR-496"	-4.9544240660041	2.73150649268862	12.0926080432346	0.000506221153060329	0.00100193979257169
"hsa-miR-497-5p"	-1.52440974625052	5.58807057335146	2.72024867965019	0.0990825775140443	0.128430406179889
"hsa-miR-5000-3p"	4.29578358025139	3.20470425642483	28.8882171646476	7.66779418599588e-08	2.45472337363761e-07
"hsa-miR-500a-3p"	0.961155064532372	9.34236191745873	0.934582377297275	0.333675021234343	0.386317925069858
"hsa-miR-501-3p"	0.583904720883446	8.00736178838388	1.47807301922642	0.224076259856219	0.267210939878541
"hsa-miR-501-5p"	-1.27445538686502	3.13596622667005	2.13642979947463	0.143836294017868	0.180078509833394
"hsa-miR-502-3p"	-2.18105970940396	3.70458482441132	12.4122459603596	0.000426527573434659	0.000858454230077352
"hsa-miR-503-5p"	-6.02911186451359	2.91957809584553	21.3854013943677	3.75620392664148e-06	9.63284555380637e-06
"hsa-miR-505-3p"	-1.51492780832285	5.79029179717732	10.0435105112773	0.00152885570829118	0.00281569178708453
"hsa-miR-5196-3p"	7.94775388337249	4.12808390781606	63.4115278651381	1.67733531528974e-15	1.95143645217855e-14
"hsa-miR-532-3p"	0.330098647951273	5.15377180974609	0.17051481257041	0.679654682214023	0.733473491891604
"hsa-miR-532-5p"	1.88060188295642	9.97832396064138	5.14435107625232	0.023322125508031	0.0352046008459834
"hsa-miR-539-3p"	-9.00824285361199	5.48479452158445	57.6272858609493	3.16800270519909e-14	2.85120243467918e-13
"hsa-miR-539-5p"	-6.51587082206593	2.72591525826288	24.2939682078143	8.26976200183857e-07	2.33412809164319e-06
"hsa-miR-541-5p"	-6.04176144450352	2.40462731132658	13.1103360412065	0.000293671005731888	0.000609048129278742
"hsa-miR-542-3p"	-3.8135667170688	3.17223620895463	21.7960468378764	3.03224250712454e-06	7.94714107636487e-06
"hsa-miR-543"	-8.22106831310093	4.75064731614552	44.7055712945163	2.29004769567147e-11	1.30041994147058e-10
"hsa-miR-548e-3p"	1.64004162147128	5.33335528938233	4.93867811111274	0.0262621139980264	0.0390250105204317
"hsa-miR-548e-5p"	2.25059583493225	4.06558019381706	8.32236065381419	0.00391599952776549	0.00684224093312871
"hsa-miR-548h-5p"	-3.18730529880369	1.97506293532961	4.45815262675543	0.0347350437376889	0.0499054694664988
"hsa-miR-548k"	0.294266688120735	5.27244231817507	0.138889435938304	0.709387568699326	0.762112320426978
"hsa-miR-548o-3p"	0.336952174483834	3.90801928361075	0.183982838474489	0.667972560833121	0.72579250915125
"hsa-miR-550a-5p"	-0.852979709010837	2.12337782525469	0.599177355269845	0.438892074553906	0.497272017962502
"hsa-miR-561-5p"	-5.1713783723623	3.15280457088394	13.4913016776604	0.000239671877467267	0.000501418796280203
"hsa-miR-574-3p"	-4.98060640172142	7.62899592433705	66.5895532682289	3.34353377432444e-16	5.31621870117586e-15
"hsa-miR-574-5p"	-5.9770149113158	2.36630675138736	22.3524524571802	2.26923081452704e-06	6.1501312416443e-06
"hsa-miR-576-5p"	2.46660807178525	5.94425825318825	16.1664320125868	5.80131018045478e-05	0.000129309577386772
"hsa-miR-577"	7.67238009251338	7.71588249431321	92.6877967157651	6.12299661549694e-22	2.08619241828003e-20
"hsa-miR-582-3p"	2.26178064525359	6.70242275962786	4.85579990417105	0.0275533346815185	0.0406902187092394
"hsa-miR-582-5p"	2.02433461653284	5.97265732707667	4.01916094240022	0.044986088931856	0.0632990100899566
"hsa-miR-584-5p"	-3.67976262540609	5.93575090858825	25.8847529558456	3.62420510470652e-07	1.07375517698448e-06
"hsa-miR-589-3p"	-2.29459280118033	3.75395191853656	11.7178615986183	0.000619030467864886	0.00121513388136441
"hsa-miR-589-5p"	1.897215532473	7.27791076305916	15.2483042599072	9.42613490508286e-05	0.000206250749987364
"hsa-miR-590-3p"	0.647606346328867	5.67013752469716	0.56405705132209	0.452630197953107	0.510412776415205
"hsa-miR-598-3p"	4.69564189096814	6.13505795699619	28.3274679605004	1.02432149707606e-07	3.21448259279791e-07
"hsa-miR-615-3p"	-5.49188873927171	4.21423783622876	14.6743204096838	0.000127775296304938	0.000273313077746436
"hsa-miR-616-5p"	2.90567309046023	3.64855287745807	22.7269105822503	1.86734383614587e-06	5.08984577052332e-06
"hsa-miR-625-3p"	0.0428004460383604	6.09317624461569	0.00622383217723499	0.937119108667874	0.951866654862346
"hsa-miR-625-5p"	-1.32767202523764	5.25681813287801	5.19511716644864	0.0226504281252865	0.0342992197325768
"hsa-miR-628-3p"	1.97650945338123	2.95258864607527	8.03868289335989	0.00457888181855048	0.00791350227336442
"hsa-miR-628-5p"	-0.194065196809299	3.57928650201457	0.101957776173712	0.749492756325558	0.794462321705091
"hsa-miR-629-5p"	4.0429483064125	5.80093736610257	34.983988290024	3.32427712752906e-09	1.33250436120282e-08
"hsa-miR-641"	0.159359646421269	3.84526180280237	0.0982223096092099	0.753973451871801	0.796994745250976
"hsa-miR-650-3p"	5.91808703976623	2.46573271473451	12.9260035265862	0.000324048883833983	0.000666255679262112
"hsa-miR-651-5p"	3.89191614392603	4.02320874626291	12.478061625511	0.000411759238881501	0.00083224219045117
"hsa-miR-6511b-3p"	-1.12020226804377	2.38761471878728	1.87995493107261	0.170339270203118	0.208338030479198
"hsa-miR-6516-3p"	6.55919117081974	4.48945483681985	17.2900037744557	3.20870395727489e-05	7.39396998850302e-05
"hsa-miR-652-3p"	2.79320117561428	7.25920120917154	18.0032694692665	2.20525894158619e-05	5.23337569719708e-05
"hsa-miR-652-5p"	0.434035256804475	3.08461074509379	0.266546975488683	0.605657552691205	0.667202431024722
"hsa-miR-654-3p"	-8.90386212918833	9.40738798551827	62.0739273450648	3.3080237727153e-15	3.58619849905726e-14
"hsa-miR-654-5p"	-7.45243223639975	3.43622178607344	23.1043396958023	1.53443986151136e-06	4.20648168931562e-06
"hsa-miR-655-3p"	-6.22327565570119	3.21054634816505	39.2210745729431	3.78433375607482e-10	1.76973255063499e-09
"hsa-miR-656-3p"	-8.56412917120087	4.3848292156737	44.1278528548779	3.07612570332418e-11	1.72624936527721e-10
"hsa-miR-659-5p"	3.57645317337821	4.73122614821687	25.5940655859686	4.21333200802899e-07	1.22546302916453e-06
"hsa-miR-660-5p"	0.353856768091171	8.67127402376622	0.250587337134065	0.61666181865904	0.6746506594045
"hsa-miR-664a-3p"	3.75232245646317	7.21166599348476	32.9505078369343	9.45350490925883e-09	3.57882685850513e-08
"hsa-miR-664a-5p"	7.4983345715267	4.8155341070985	62.3157066142068	2.92582239330526e-15	3.24562158513165e-14
"hsa-miR-664b-3p"	2.73748460829248	3.60981043531587	13.0945702816851	0.000296152929384196	0.000611536568468664
"hsa-miR-665"	-8.35678073616205	4.2010119604601	56.3632569839854	6.02457103723807e-14	4.95469031855614e-13
"hsa-miR-668-3p"	-4.48416389598714	2.33306871645236	15.2572527925453	9.38158066397318e-05	0.00020622184224494
"hsa-miR-671-3p"	-0.423506219481007	6.31334368258691	0.307947167518384	0.578942625734233	0.643719423019182
"hsa-miR-671-5p"	-1.52694769638939	3.58781474666473	4.24793630996649	0.0392980571355613	0.0557892061120915
"hsa-miR-6842-3p"	7.49029568803895	6.17575560267763	51.1299053449518	8.64511472318166e-13	5.64893112733925e-12
"hsa-miR-7-1-3p"	3.10878618224057	5.71976700615294	21.9575970185732	2.78741316322433e-06	7.34583468982323e-06
"hsa-miR-7-5p"	2.52177326251526	5.31198459892489	9.35073319081084	0.00222896281040905	0.00407362168798896
"hsa-miR-708-3p"	-1.53090509832141	5.24633970971214	1.95105790383182	0.162472897115969	0.20077609306818
"hsa-miR-708-5p"	-1.66810179153972	5.62016341363449	2.16544775850481	0.141143505142577	0.177639714915592
"hsa-miR-744-3p"	-1.09822084745742	2.65855994885383	1.72508825543611	0.189039390153709	0.229444755988089
"hsa-miR-744-5p"	-1.26708774772726	6.81140785158417	3.32656558095054	0.0681690831291479	0.0910830606515505
"hsa-miR-758-3p"	-8.64720214386009	5.87637778026584	43.9691622374147	3.33590414148505e-11	1.82899571895215e-10
"hsa-miR-766-3p"	4.86783170057195	6.02363233205901	50.5515292853375	1.16076704637625e-12	7.38247841495298e-12
"hsa-miR-769-5p"	0.64955121524122	9.37832332573096	1.52134998837664	0.217415314025387	0.260570615050527
"hsa-miR-770-5p"	-5.23454700318974	1.93696686468033	9.49644933027907	0.00205869900218036	0.00377692086169243
"hsa-miR-7706"	2.69609376059315	6.66912193695906	7.62906610838017	0.00574350347152356	0.00974964824169658
"hsa-miR-7974"	-1.5564115354136	4.4099312634736	1.89264837388583	0.168903513538626	0.207113048735025
"hsa-miR-7976"	-1.96541788037515	2.3171887309762	4.23179681713171	0.0396734192695574	0.0561549584319848
"hsa-miR-874-3p"	1.59990675190193	5.22355187678976	7.35627822924763	0.00668289815386563	0.0112244451387109
"hsa-miR-877-5p"	-0.470611816532164	5.43299569583337	0.253263461633136	0.61478649031572	0.674145185932411
"hsa-miR-887-3p"	-6.47122987516069	3.89365179914288	38.9577585996293	4.33075678613321e-10	2.00560289998596e-09
"hsa-miR-889-3p"	-6.658484137746	6.5844695876669	56.6592584046983	5.18262670688413e-14	4.41448739139952e-13
"hsa-miR-9-3p"	-3.38435757497455	2.50841387080779	3.1718229781651	0.0749187811381949	0.0995438958298578
"hsa-miR-9-5p"	-0.883583417060204	5.89258247565499	0.321663486694465	0.570609661227594	0.635936468237295
"hsa-miR-92a-1-5p"	1.30748814468801	4.41198986400608	3.10171569835591	0.0782098295815548	0.103340965956791
"hsa-miR-92a-3p"	3.60370765383123	16.8405894448237	36.962299067668	1.20435590846875e-09	5.12926578874637e-09
"hsa-miR-92b-3p"	-3.14344481843218	10.3479519762202	16.4582206774276	4.97340514601504e-05	0.000111901615785338
"hsa-miR-93-3p"	-0.896914871369431	3.83322519117799	2.21002056306436	0.137116843347501	0.173487358824292
"hsa-miR-93-5p"	1.97147946211852	10.304312505265	12.1907089752288	0.000480281262479291	0.000958552979927289
"hsa-miR-935"	-9.34098266761234	5.094944770179	42.3910378557215	7.4731698499289e-11	3.87467610697401e-10
"hsa-miR-940"	-1.89883382307072	2.49079478096684	3.89475139600517	0.048437207365346	0.0673601979978719
"hsa-miR-941"	2.3298675704281	8.0371619612847	11.6193687706582	0.000652685483341838	0.00127073867573084
"hsa-miR-941-3-5p"	2.25969146892046	5.69696469935258	11.5258684361856	0.000686343806752929	0.00132544937579412
"hsa-miR-942-5p"	1.05540526300162	3.78624078716854	3.70338590789261	0.0543021687087154	0.0748616603296452
"hsa-miR-944"	-2.76441021002419	4.97590470145583	2.1123945392077	0.146110532870524	0.181970559214726
"hsa-miR-95-3p"	7.02070856110072	3.31470315030112	38.5734088551685	5.27324912077496e-10	2.37296210434873e-09
"hsa-miR-96-5p"	-2.36732777417977	5.26117114073864	2.68413546379381	0.101352218992374	0.130662185025304
"hsa-miR-98-3p"	-2.29268837778468	3.62451686545059	12.7426084905815	0.000357418862734289	0.00073171157735732
"hsa-miR-98-5p"	1.7296300173195	11.1977336977452	4.11126822061115	0.0425984075351526	0.0601166875570053
"hsa-miR-99a-3p"	-6.2340090875326	2.53243658217502	19.6886073694053	9.11431173817431e-06	2.22950087133802e-05
"hsa-miR-99a-5p"	-5.07588841422818	7.58207854861254	23.8768443065432	1.02699686351232e-06	2.84812502264755e-06
"hsa-miR-99b-3p"	-3.94391744660747	4.9049651517033	10.4189404293604	0.00124729435616297	0.00232406018706928
"hsa-miR-99b-5p"	-5.10521151829311	12.7021961345849	34.127430289245	5.16184745229763e-09	1.98751359112601e-08
