"logFC"	"logCPM"	"LR"	"PValue"	"FDR2"
"hsa-let-7a-2-3p"	-7.98137729616625	4.01076765290862	36.3831694116836	1.62096947027173e-09	8.39491557235463e-09
"hsa-let-7a-3p"	-2.05498505535435	6.84032732841539	9.67656291752386	0.00186633439732773	0.00452333262800612
"hsa-let-7a-5p"	-1.11531950933363	15.132017296658	4.25483196084519	0.039138820066903	0.0690369199809673
"hsa-let-7b-3p"	-3.41094582035149	7.19313732384203	23.8548251482763	1.03881161766796e-06	3.90149096101248e-06
"hsa-let-7b-5p"	-1.66149711250253	11.9187913003874	8.25445134723845	0.00406521922907698	0.00913282128176198
"hsa-let-7c-5p"	-4.57033776738334	9.16572382230451	16.681960726966	4.41993000566542e-05	0.000135799477782411
"hsa-let-7d-3p"	0.720464633839667	8.17776870882591	1.51795335463147	0.217929474610037	0.297011915535009
"hsa-let-7d-5p"	0.801500827408976	10.7461078336547	1.82944759868833	0.176192806304207	0.25347035292886
"hsa-let-7e-3p"	-0.993931031535904	4.54682290318529	1.63715408516623	0.200716386583165	0.27801921825417
"hsa-let-7e-5p"	-0.61672752313527	11.6379098191958	1.18898948960106	0.275533482995657	0.362466507042415
"hsa-let-7f-1-3p"	-0.657890812101178	5.05972485925637	0.764243854172573	0.382003673801566	0.471042124086142
"hsa-let-7f-2-3p"	-0.980828266770463	4.88538148401836	1.43230515047732	0.231388604853701	0.313414649567816
"hsa-let-7f-5p"	-0.164138919880994	15.0233686235702	0.0987938580296799	0.753281880688161	0.800463683150271
"hsa-let-7g-3p"	0.2698534833364	3.68915705534921	0.102522076192833	0.748823782397453	0.799178526983833
"hsa-let-7g-5p"	0.987730571583416	12.5864229751824	3.13508457056197	0.0766244125808794	0.123200035914355
"hsa-let-7i-3p"	-0.378352289619142	6.14555855881419	0.243512068329974	0.621680942056353	0.701529870393867
"hsa-let-7i-5p"	-1.06968029717256	14.2747337685495	3.93265064522402	0.0473572451466539	0.0820414246906822
"hsa-miR-100-3p"	-11.8846175705123	7.79215103452523	66.9824504292894	2.73934912115876e-16	4.64744747451761e-15
"hsa-miR-100-5p"	-11.2875027398782	17.1849564745329	146.952516732472	8.03732103617341e-34	3.95436194979732e-31
"hsa-miR-101-3p"	0.746250852161808	10.8352522262526	1.42189696362887	0.233091424388249	0.313414649567816
"hsa-miR-101-5p"	2.77857297821825	3.06283486591149	5.75289338191565	0.0164615225569462	0.0320121308222037
"hsa-miR-103a-3p"	0.756619055312047	12.5492445974265	1.97886071968537	0.159510479043896	0.232186851152653
"hsa-miR-106b-3p"	-1.28358774350142	7.35819637977343	3.2553785753274	0.071189496564758	0.115977590430003
"hsa-miR-106b-5p"	-0.674008285233068	7.64901530976952	0.843700056300081	0.35834069258333	0.447471118657356
"hsa-miR-107"	-1.05782558105748	5.72986396082809	2.6840696937384	0.101356403971051	0.157310254743713
"hsa-miR-10a-3p"	-7.39626990163098	3.49351572610688	35.4739919233614	2.58478907954271e-09	1.31104765684022e-08
"hsa-miR-10a-5p"	-4.17719336341699	13.215591194098	20.9814331426365	4.63755974314115e-06	1.61821233590457e-05
"hsa-miR-10b-5p"	-8.25069722485018	11.1751981993716	17.7387249358164	2.53414970608601e-05	8.19595438079234e-05
"hsa-miR-1180-3p"	-4.18731826801891	4.46965886916177	29.4654834287195	5.69214653128918e-08	2.37333567236803e-07
"hsa-miR-1185-1-3p"	-9.94600284499385	5.87785003545318	56.1587062777058	6.68509204858245e-14	6.20578356208031e-13
"hsa-miR-1185-2-3p"	-6.96421357035905	3.12971701910071	32.3846623580378	1.26480834296356e-08	5.65714277034609e-08
"hsa-miR-1185-5p"	-8.62088632120845	4.60341052772354	46.503378978251	9.14606012302605e-12	6.61744350077767e-11
"hsa-miR-1197"	-8.34982894818582	4.34925224137471	39.9100401834394	2.65932719386036e-10	1.5576059278325e-09
"hsa-miR-1226-3p"	1.29330467037287	4.20405912008417	3.15686740867313	0.0756081381865369	0.12196460323861
"hsa-miR-1228-3p"	4.33529014499528	3.8320375092859	20.016981143072	7.67574920308646e-06	2.64088713840457e-05
"hsa-miR-1228-5p"	5.48712600738888	2.19586701837258	7.29689884203532	0.0069073729503738	0.0149053837350171
"hsa-miR-1237-3p"	1.27134350743958	2.22617007385692	1.10434346994216	0.293314866392339	0.377777262473902
"hsa-miR-1247-5p"	-5.68858357819737	2.20192841043623	6.17187713593974	0.0129796815590087	0.0257500134154528
"hsa-miR-1249-3p"	2.78482257736181	6.74408138903504	18.9869655490542	1.31614476300052e-05	4.34592767380037e-05
"hsa-miR-125a-3p"	-1.81282428484698	4.63331001971239	8.67763604640164	0.00322138564373528	0.0074061763398026
"hsa-miR-125a-5p"	-0.277841378232362	13.2984880654706	0.228760300265549	0.632444574520539	0.708798930897734
"hsa-miR-125b-1-3p"	-14.1618194023812	10.0626903860022	124.033706861162	8.28246224350533e-29	1.35832380793487e-26
"hsa-miR-125b-2-3p"	-5.37596891431276	6.92749213737139	33.3650975658964	7.63825400099223e-09	3.54530280046055e-08
"hsa-miR-125b-5p"	-9.63349152200562	13.6556021066152	127.962465837889	1.14385854922389e-29	2.81389203109077e-27
"hsa-miR-126-3p"	-3.33462014308315	6.50613735711865	17.1701795700822	3.41759369507479e-05	0.000107785647306205
"hsa-miR-126-5p"	-3.82232532649932	7.97202109978247	22.7485280842939	1.84645513591924e-06	6.58301396284252e-06
"hsa-miR-1260a"	0.0959330085342038	4.68327343701723	0.018799962984771	0.890941510971842	0.917036032213695
"hsa-miR-1260b"	1.33949598590885	3.61513124404408	2.59010953086957	0.107532899214634	0.1653318325425
"hsa-miR-127-3p"	-11.1010537776814	13.5238457748985	120.671443766992	4.50961461989082e-28	5.5468259824657e-26
"hsa-miR-127-5p"	-10.0120809946981	5.94229769258867	52.7994306353129	3.69408327652211e-13	3.13360167594634e-12
"hsa-miR-1271-5p"	-1.70133031098508	7.18840772852607	6.91586102322631	0.00854344935253855	0.0178175513635274
"hsa-miR-1273h-3p"	6.05843211062434	2.5629420176448	11.6653526190804	0.000636748732847597	0.00164884408716325
"hsa-miR-1277-5p"	-5.65203267873339	2.19316234277175	6.20189050649439	0.0127613935822132	0.0254194560423032
"hsa-miR-128-1-5p"	-0.312100571203309	4.20038954535288	0.277840775012153	0.59811995415848	0.679618977935271
"hsa-miR-128-3p"	-0.935605238635173	9.71108952434671	2.45660397855977	0.117031566054593	0.178646290941483
"hsa-miR-1285-3p"	-0.961233129282628	5.2475487215345	2.170831651993	0.140650152254729	0.210333966289747
"hsa-miR-1293-3p"	-7.84081556426213	3.88877534237593	23.5884979022494	1.1929849826589e-06	4.44658038991046e-06
"hsa-miR-1296-5p"	-1.93355803717511	5.8173473583749	9.8587115481105	0.00169029443238976	0.00413743711808836
"hsa-miR-1301-3p"	2.48112040319977	7.42914942841072	12.5547030989048	0.000395210384631232	0.00105675820238351
"hsa-miR-1303"	3.56619769905608	3.79419390539909	4.34980121335294	0.0370132662365683	0.0662200981396059
"hsa-miR-1304-3p"	-1.38410564810426	5.86098503749249	3.49513838610213	0.0615492638416073	0.103706293870105
"hsa-miR-1306-3p"	-3.02591450868968	2.27271990401286	4.78131544677233	0.0287701353708154	0.0532139345956435
"hsa-miR-1306-5p"	-1.13937213784447	3.96414708411899	2.05698742569918	0.151509449891744	0.222192773182065
"hsa-miR-1307-3p"	0.363122099240522	8.54088410105363	0.367808447600098	0.544201282042861	0.62704222661613
"hsa-miR-1307-5p"	-1.03476468924231	9.61551398971916	2.78220062967272	0.0953171174717831	0.148876259670214
"hsa-miR-130a-3p"	-5.27803601437116	9.92933407479238	60.5239327838909	7.26893214988482e-15	8.12798776759848e-14
"hsa-miR-130b-3p"	-1.29293364619957	8.80290372001827	4.56125972383381	0.032703010697438	0.0595921528264425
"hsa-miR-130b-5p"	-1.79646073882304	7.34689025853803	8.41861370588621	0.0037139886614673	0.00849898800670655
"hsa-miR-132-3p"	0.603835221840003	7.4140958543463	1.12435990656031	0.288981586476224	0.373173072300006
"hsa-miR-132-5p"	0.56890323008285	4.72678702809878	0.816173424075533	0.366301347489298	0.452814731067172
"hsa-miR-133a-3p"	3.26470626572863	4.21485475436158	4.97411058866935	0.0257294296122981	0.0483163334704223
"hsa-miR-134-5p"	-10.8314704686126	6.74833868193785	73.4844707344184	1.01431050173781e-17	2.62653035186844e-16
"hsa-miR-1343-3p"	-1.99660428022454	4.45687030599521	3.26496581948843	0.0707744976371327	0.115977590430003
"hsa-miR-135b-5p"	-7.08803447729883	3.24323599282984	13.3172946542144	0.000262969313662122	0.000714811615037372
"hsa-miR-136-3p"	-13.553976756078	9.45571906956298	87.9801491142703	6.61146616015661e-21	2.71070112566421e-19
"hsa-miR-136-5p"	-10.280615345397	6.20584489793099	66.6506298200152	3.24152670131068e-16	5.14461657111243e-15
"hsa-miR-137"	-5.45088776923122	5.54890771448481	29.0258885370556	7.14174740917479e-08	2.92811643776167e-07
"hsa-miR-138-1-3p"	-6.88249501292663	3.06996334991554	16.4525031930815	4.98842705252982e-05	0.000150570926984336
"hsa-miR-138-5p"	-9.76779317594159	10.2877996643465	39.8162433565244	2.7901498827469e-10	1.61500440271938e-09
"hsa-miR-139-5p"	1.3093633077625	3.99011045808236	1.71247817327792	0.190664155636846	0.267255739525152
"hsa-miR-140-3p"	1.39763340453403	10.9289990158925	5.56466226968934	0.0183265451611651	0.0352213289816141
"hsa-miR-140-5p"	0.351937887018296	5.97986769075283	0.283362492974913	0.594505741571735	0.677276728076864
"hsa-miR-141-3p"	-4.90773997901224	8.97772930582016	4.38152398080003	0.0363305003466073	0.0652357889435431
"hsa-miR-141-5p"	-7.13890390037059	6.38254295669725	5.80096322957288	0.016017397483817	0.0312720617541189
"hsa-miR-142-3p"	9.91100478727038	8.76970524918164	58.844540604837	1.70634563239773e-14	1.78621713008444e-13
"hsa-miR-142-5p"	10.505505776318	12.316927268152	97.169657363746	6.36343812287834e-23	4.47258793779449e-21
"hsa-miR-143-3p"	-7.22356243158275	12.8714586862402	61.401532548035	4.65448082632488e-15	5.7250114163796e-14
"hsa-miR-143-5p"	-8.30180289685998	4.30312409852652	32.6210696259137	1.11994067662348e-08	5.14963376540891e-08
"hsa-miR-145-3p"	-7.34173234106451	5.62089643123997	45.6813979047574	1.39137848596937e-11	9.64166500136524e-11
"hsa-miR-145-5p"	-7.30733145933178	7.4006632569412	37.3607627804916	9.8177579236418e-10	5.30806252574919e-09
"hsa-miR-1468-5p"	-2.1557730750108	3.34170989490189	4.81349893041488	0.0282376553196378	0.0524261374236294
"hsa-miR-146a-3p"	1.57019961999598	4.72036242866387	1.63318173744708	0.201263533786402	0.27801921825417
"hsa-miR-146a-5p"	3.68041930436035	13.0865556176802	15.2405169855257	9.4650805438212e-05	0.000275551457252073
"hsa-miR-146b-3p"	7.13673193072616	9.15369811063544	77.2321450937064	1.51999415961116e-18	4.67398204080433e-17
"hsa-miR-146b-5p"	9.53950994799576	15.1131227152051	69.8348870156883	6.44822612150057e-17	1.32188635490762e-15
"hsa-miR-147b"	3.36035816661606	6.0382615048574	22.8231464731078	1.77613668671366e-06	6.42543566075825e-06
"hsa-miR-148a-3p"	-1.49195487841563	11.655687649595	3.18512132643878	0.07431148062833	0.120267264701113
"hsa-miR-148a-5p"	-1.8630469184251	6.03981504304656	3.80194905745863	0.0511929595412989	0.0877593592136552
"hsa-miR-148b-3p"	0.206972696708788	10.7862318141299	0.136585075220278	0.711699791732028	0.768109213547093
"hsa-miR-148b-5p"	0.219747472678287	7.34019229034874	0.149987136683313	0.698547651250636	0.762051983182512
"hsa-miR-149-5p"	-8.05580067284128	9.11503940388867	71.5753353292639	2.66871837014131e-17	6.56504719054763e-16
"hsa-miR-150-5p"	4.14653112062877	6.39078801670687	14.0644169049605	0.000176654424909961	0.000499505615262647
"hsa-miR-151a-3p"	-3.58979963644579	12.1048351884689	33.5641287444705	6.89526866760631e-09	3.2309258899641e-08
"hsa-miR-151a-5p"	-3.32015802063779	12.7323084763618	29.0322583053204	7.11830327988566e-08	2.92811643776167e-07
"hsa-miR-151b"	-1.91538829968088	3.251192655929	6.33313462392833	0.0118502685411681	0.0238948037797323
"hsa-miR-152-3p"	-2.84655536183956	8.10319115170029	18.8868804687013	1.38703306891976e-05	4.54946846605683e-05
"hsa-miR-152-5p"	-2.82842646928515	4.98206090150657	14.2699945225045	0.000158369415898449	0.000450391633653392
"hsa-miR-154-5p"	-7.49358736289571	3.5769952897015	34.8668711132561	3.53037088558135e-09	1.73694247570602e-08
"hsa-miR-155-5p"	-0.498730781560328	11.223195850313	0.516931847414867	0.472153411076135	0.552553484956397
"hsa-miR-15a-5p"	1.3455457460324	9.9145320248939	3.43200009323362	0.0639446162568864	0.106286321616176
"hsa-miR-15b-3p"	-1.91409867038506	5.80150078706949	7.93113090600651	0.00485914172473966	0.0108668078571451
"hsa-miR-15b-5p"	-0.255908331050947	8.07601681080062	0.187448263403439	0.66504894590235	0.732000182067016
"hsa-miR-16-2-3p"	-0.755657112049673	6.12629754750826	1.42154103814193	0.233149922239473	0.313414649567816
"hsa-miR-16-5p"	0.615184331815261	12.546479217379	0.954267131159327	0.328635508980342	0.417800181959505
"hsa-miR-17-3p"	-0.668287846575748	6.10645131654981	0.934698650985895	0.333644952537528	0.421433718633134
"hsa-miR-17-5p"	-1.45992962018636	8.36921503165466	4.25439089209387	0.0391489851111583	0.0690369199809673
"hsa-miR-181a-2-3p"	-2.92624623021573	7.33241756184629	12.391719498607	0.000431241952696312	0.00114070452003541
"hsa-miR-181a-3p"	-0.783812312528739	9.245790543365	1.25651307946572	0.262312150510763	0.34692897325617
"hsa-miR-181a-5p"	0.0209816213807368	14.0580035340675	0.000965449520890616	0.975212371986389	0.977654290536307
"hsa-miR-181b-3p"	-1.53954313989925	4.31534189841055	2.83871872506374	0.0920175610223377	0.144180382238822
"hsa-miR-181b-5p"	-1.51297661747744	11.3146311475486	5.84994649351978	0.015577524837894	0.0305344311563499
"hsa-miR-181c-3p"	1.12536865420463	6.88654823922673	3.44119320676259	0.0635897525137918	0.106209336495059
"hsa-miR-181c-5p"	1.66296799607577	9.2149672036328	6.91519536560119	0.00854663032884649	0.0178175513635274
"hsa-miR-181d-5p"	0.507299425961273	6.10517209509514	0.544492826193127	0.46057669475988	0.540820367116613
"hsa-miR-182-5p"	-7.05686483194748	10.1382659254617	11.9549042142152	0.00054503729453943	0.00141882724292804
"hsa-miR-183-3p"	-6.32370779844741	2.64922532295782	6.60579312300611	0.0101647518433892	0.0209249284809519
"hsa-miR-183-5p"	-7.63983081010845	8.41359477412863	9.09257460029473	0.00256649329846227	0.00607074376367036
"hsa-miR-184"	-7.10446729874901	5.63148426675231	4.91042154122968	0.0266951254245364	0.0497500064729997
"hsa-miR-185-3p"	2.20737371657317	4.47167388660156	10.044203765821	0.00152828045824306	0.00379754538108881
"hsa-miR-185-5p"	1.68161824245728	7.79131866906163	6.54968191097774	0.010490291165016	0.0215050968882829
"hsa-miR-186-5p"	-0.585016356887028	12.7585150014012	0.911806865570838	0.339635458246703	0.427367379686388
"hsa-miR-188-5p"	-0.518608794157278	4.3831886895399	0.619272831774373	0.43131763459713	0.516321839955688
"hsa-miR-18a-3p"	-1.69192090975272	4.4943910706863	7.46475207174599	0.00629186959710499	0.0136370037082628
"hsa-miR-18a-5p"	-1.39006282692443	6.48409890936331	2.11520906426168	0.145842136327638	0.214833326566461
"hsa-miR-1908-5p"	2.63517271553605	3.15677714804165	7.73148424670824	0.00542661224835111	0.0119191661883426
"hsa-miR-190a-5p"	-0.0555747968282752	4.12872578428489	0.00542585032727549	0.941280632061342	0.958943576638939
"hsa-miR-191-3p"	0.0477158053599539	4.89435940954391	0.00349628049771766	0.952849078472756	0.962667852829073
"hsa-miR-191-5p"	1.65887717590218	14.6305695874057	7.79951419249574	0.00522602831612744	0.0115820087006068
"hsa-miR-1910-5p"	-7.59386088992502	3.66677635693275	30.3992658160903	3.51661229017241e-08	1.47878055279045e-07
"hsa-miR-192-5p"	-1.60916113990706	8.74909057479346	5.99407276144286	0.014354023796959	0.028362167502425
"hsa-miR-193a-3p"	-1.51607554514798	9.37920641579865	2.40090442169215	0.121265123733496	0.183576741159632
"hsa-miR-193a-5p"	1.35777916797034	7.99998674164226	3.35368619034529	0.0670546983127048	0.110707756945808
"hsa-miR-193b-3p"	-7.02380709740928	8.09158073196209	62.9121406189218	2.16135860829031e-15	3.03825267222524e-14
"hsa-miR-194-5p"	-1.92417937079333	3.98398017720352	4.7310995245797	0.0296219429440494	0.0545842544137539
"hsa-miR-195-5p"	-6.66107258910873	4.97200317827818	34.3440536347552	4.6180918403317e-09	2.22755018180705e-08
"hsa-miR-196a-5p"	-7.7572524957409	3.84285852050884	7.76094724223791	0.005338795382759	0.0117788669431275
"hsa-miR-196b-5p"	-3.69637023372078	5.07071533029979	2.24163091638602	0.134339220748571	0.201508831122856
"hsa-miR-197-3p"	1.51325439062623	10.0753656840526	7.04000531166605	0.00797087951053605	0.0167592851247168
"hsa-miR-1976"	5.52919404693309	4.11510020894222	33.650476430021	6.59587215832394e-09	3.12035490566863e-08
"hsa-miR-199a-3p"	-6.79358934553126	12.1056791675534	80.2436497217928	3.30974449198615e-19	1.25261099235168e-17
"hsa-miR-199a-5p"	-11.0234276757529	10.2778693735748	94.1349029196224	2.94736071954447e-22	1.81262684251985e-20
"hsa-miR-199b-3p"	-6.61909907701863	10.7641501337465	78.4989082768145	8.00424623896907e-19	2.62539276638185e-17
"hsa-miR-199b-5p"	-4.91544241459261	10.0695656100454	17.8197165135104	2.42853652305569e-05	7.91284747909538e-05
"hsa-miR-19a-3p"	-0.728171404072532	7.71000082706625	0.816696801005211	0.366147717082119	0.452814731067172
"hsa-miR-19b-3p"	-0.101431055934511	9.14404599002503	0.0197360644233271	0.888276721122225	0.916225591806821
"hsa-miR-200a-3p"	-5.08204647162197	5.81676249241224	4.68905779762733	0.0303552880865378	0.0557268721588679
"hsa-miR-200a-5p"	-6.63330119455337	2.88250768066159	6.7822025848608	0.00920712071705353	0.0191135164252757
"hsa-miR-200b-3p"	-6.50905599447443	9.42888033750559	6.5420463167752	0.0105354095393814	0.0215079730015586
"hsa-miR-200b-5p"	-3.45073894054396	2.34154501914629	2.45324729333709	0.117282016207518	0.178646290941483
"hsa-miR-200c-3p"	-4.72445518643454	8.25510906195033	4.53737950162662	0.0331623219556948	0.0599847882433891
"hsa-miR-200c-5p"	-5.82455494725991	2.30324164894235	6.30912795015729	0.0120117906814235	0.0241216367969811
"hsa-miR-203a-3p"	-7.05417280529735	5.58679559230514	4.91410757156929	0.0266382213327587	0.0497500064729997
"hsa-miR-204-5p"	-11.1747777034864	9.40314244841928	32.0510180928429	1.50176372887587e-08	6.65646625772009e-08
"hsa-miR-205-3p"	-7.42395573324684	3.53104993983306	7.49348149440371	0.0061922723887579	0.0134805221914553
"hsa-miR-205-5p"	-13.5089568278801	12.777018399439	9.7400260940351	0.00180298338079401	0.00439142486807254
"hsa-miR-20a-3p"	-1.52952904633244	3.2638938165129	1.62834442082668	0.201932191404544	0.27801921825417
"hsa-miR-20a-5p"	-1.44070375329432	8.40111939244353	3.02321093485525	0.0820808028821376	0.129435112237217
"hsa-miR-20b-5p"	5.20431500108451	2.26187373416911	9.47584042116993	0.00208195486177356	0.00499669166825655
"hsa-miR-21-3p"	-0.187486635432443	12.5268646004523	0.068232469392342	0.79392790216995	0.831090484824713
"hsa-miR-21-5p"	0.324396301636368	17.3157319256986	0.269505295546878	0.603663817363931	0.684337783739756
"hsa-miR-210-3p"	-0.0420528282452239	9.19944119857474	0.00221077666731428	0.962498166622301	0.97038749585691
"hsa-miR-210-5p"	-0.166122686481194	6.06757271592352	0.0301111263853322	0.862238324128064	0.894981551626598
"hsa-miR-2110"	2.20626581287898	3.00923354655023	3.86929950930176	0.0491770421819384	0.0848951043982936
"hsa-miR-2110-3p"	0.187751757539589	4.1552404121348	0.0740887355609252	0.785474038701231	0.825754758634627
"hsa-miR-2116-3p"	0.897081468888397	3.89113945998433	1.48775809425826	0.222564630217224	0.302491154880868
"hsa-miR-212-3p"	0.760498767380228	4.50345421484553	1.41749707264471	0.233815812305514	0.313453350556711
"hsa-miR-212-5p"	1.37838650710759	4.90996568639024	3.8387327979745	0.0500813583917066	0.0861539452053134
"hsa-miR-214-3p"	-10.6524935650519	6.57178304873239	71.3515370346716	2.98924928820926e-17	6.68504840817707e-16
"hsa-miR-214-5p"	-9.96848713450636	5.9001838582586	64.8693841843051	8.00309113762863e-16	1.19318813324645e-14
"hsa-miR-215-5p"	-1.23783852838539	3.93809931913102	3.04268739364944	0.0811015511215534	0.128302132320914
"hsa-miR-218-1-3p"	-9.63800030290281	5.57864133810627	32.424490797555	1.23914912458327e-08	5.59322357151349e-08
"hsa-miR-218-5p"	-5.56192413461962	6.95184495302171	36.0402154001004	1.93286919826308e-09	9.90595464109828e-09
"hsa-miR-22-3p"	-0.792021712949179	16.9791084364261	1.76967157343825	0.183422729632094	0.260820760054885
"hsa-miR-22-5p"	-0.544587165677195	7.2429185095307	0.974020086527526	0.323679623252018	0.412565737409308
"hsa-miR-221-3p"	-2.69967966549281	12.8284071327682	16.3287739630548	5.32492387834652e-05	0.000158779548372514
"hsa-miR-221-5p"	-2.57288700966831	9.57288927403606	11.1314232141093	0.000848774412250676	0.0021863717844363
"hsa-miR-222-3p"	-3.72119974202341	13.4483354765414	23.5528901342741	1.21526747224933e-06	4.49557591238098e-06
"hsa-miR-222-5p"	-4.11300762693943	5.96541657065553	23.9036210609363	1.01281075654246e-06	3.83309917091454e-06
"hsa-miR-223-3p"	12.1271454002905	9.73895883541288	91.467553675894	1.13437021351397e-21	6.20122383387639e-20
"hsa-miR-223-5p"	8.22412991726068	4.29456274960786	36.8575477083265	1.27083155530208e-09	6.72310887321103e-09
"hsa-miR-224-5p"	-11.6495617196907	9.88425056720942	89.3926963462379	3.23729524071614e-21	1.59274925843234e-19
"hsa-miR-2277-5p"	1.20742689728707	3.95732805805833	4.17379324669079	0.0410537888849125	0.0721373718977748
"hsa-miR-2355-3p"	-1.28854870430505	2.40825449255408	0.734868692983452	0.391309593348976	0.477727841011653
"hsa-miR-2355-5p"	-0.989065013651697	4.90279351388916	1.40230873124103	0.23633739600339	0.315972822917576
"hsa-miR-23a-3p"	-0.0837627085242403	11.6431332995369	0.0197306720692012	0.88829188473954	0.916225591806821
"hsa-miR-23a-5p"	-0.740429075405553	5.75659561047727	0.719559081443972	0.396288576513463	0.481652224699057
"hsa-miR-23b-3p"	-4.76018540759479	9.93238523029133	41.8459444239036	9.87553950664632e-11	6.30899216793579e-10
"hsa-miR-24-2-5p"	0.0351137462080537	7.97108201257895	0.00349100207663966	0.952884642942598	0.962667852829073
"hsa-miR-24-3p"	1.01438067084346	10.1748076545855	3.00087053358959	0.0832197899245519	0.130811938156165
"hsa-miR-2467-5p"	1.16651861458357	4.25291145015558	3.06615722917188	0.0799382259710004	0.127693529797832
"hsa-miR-25-3p"	-0.462514639617032	10.626156783572	0.570063162417187	0.450233818413806	0.533771177492994
"hsa-miR-25-5p"	-0.988133770788972	4.10300637711516	2.12607370368683	0.144811271468122	0.213955392079027
"hsa-miR-2682-3p"	-4.66132347219778	3.19532058767608	22.5829146533073	2.01266535953855e-06	7.12396659635226e-06
"hsa-miR-2682-5p"	-4.72720042580513	4.0311318733285	24.2525763435462	8.44939876235495e-07	3.24773764928018e-06
"hsa-miR-26a-2-3p"	-2.22178505648729	4.88345184275333	9.00163611388788	0.00269738015847889	0.00631957637129339
"hsa-miR-26a-5p"	-0.0413944338135288	14.5959495619646	0.00540341726468796	0.941401925846763	0.958943576638939
"hsa-miR-26b-3p"	0.582532403024461	6.2711707387969	0.744146480338223	0.388335841603716	0.475276701664249
"hsa-miR-26b-5p"	1.03486354819097	11.8791941079817	3.36014289101628	0.0667922727138293	0.110645785101697
"hsa-miR-27a-3p"	-0.295042645527673	12.927632505954	0.22303609632786	0.636736239235327	0.709814389854955
"hsa-miR-27a-5p"	-1.8674682410575	6.79771502599688	7.82102356803961	0.00516419404174012	0.0114967577761816
"hsa-miR-27b-3p"	-5.06637123583909	14.3291393192239	39.190229939536	3.84459258007622e-10	2.19946459232268e-09
"hsa-miR-27b-5p"	-6.73093562007348	6.85725230972411	41.1849884656086	1.38482017221138e-10	8.41150030528392e-10
"hsa-miR-28-3p"	0.325718249386287	12.1539663649602	0.328693427750864	0.566429459855525	0.64810068429981
"hsa-miR-28-5p"	0.0229773554829835	9.72806651476301	0.00105908705020852	0.974038532575291	0.977654290536307
"hsa-miR-296-3p"	-6.10427968175444	4.51465460703239	26.5665550833093	2.54613497567088e-07	1.01024065163715e-06
"hsa-miR-296-5p"	-4.9294191187348	3.46254542883968	24.6137051152387	7.00517507361775e-07	2.71381585529129e-06
"hsa-miR-299-3p"	-9.96711866273005	5.89874137495058	58.0409943655408	2.56711975998147e-14	2.57759779981813e-13
"hsa-miR-299-5p"	-7.52591643488014	3.60599629598825	41.2661008316912	1.32853008551684e-10	8.17046002592859e-10
"hsa-miR-29a-3p"	-1.68105897897156	13.2275547777312	9.04517023710878	0.0026338970223543	0.00620037002391539
"hsa-miR-29a-5p"	-2.63063531439917	6.15474125195385	10.5663458725438	0.00115165154540953	0.00289088040990557
"hsa-miR-29b-1-5p"	-2.87732912987813	4.40979781951011	16.3612043778859	5.23457841637074e-05	0.000157037352491122
"hsa-miR-29b-2-5p"	1.47602153455332	2.76905418014053	1.79181491577716	0.180705189833321	0.258450445924401
"hsa-miR-29b-3p"	-1.84853643797078	8.44585310732607	6.75040781601981	0.00937262592530887	0.0193753443497982
"hsa-miR-29c-3p"	1.16734965718319	8.97743828300201	3.54425525124375	0.0597519853233941	0.101023975185945
"hsa-miR-29c-5p"	1.03244810165091	4.98718915959707	2.42368632139593	0.11951339448892	0.181483302742434
"hsa-miR-301a-3p"	-1.93787484755399	8.1416186797556	5.13969150952451	0.0233848032117085	0.0440816980082782
"hsa-miR-301b-3p"	-0.882541658596522	6.32160729083347	1.16096150507498	0.281266221981639	0.366092542896737
"hsa-miR-30a-3p"	-5.50096613875364	7.27889001827599	44.2331835438916	2.91497786060775e-11	1.96461521564249e-10
"hsa-miR-30a-5p"	-5.01850826566346	12.762744295259	30.9634852983761	2.62928828990349e-08	1.11745320768619e-07
"hsa-miR-30b-5p"	0.919994140440159	10.1259191719645	1.7365956651976	0.187570757192145	0.264594533485904
"hsa-miR-30c-1-3p"	0.0201439318347867	4.43672512755266	0.000930334525649279	0.97566718831977	0.977654290536307
"hsa-miR-30c-2-3p"	-5.33792392152831	3.83188098589101	26.620410408728	2.47614048309289e-07	9.90456193237157e-07
"hsa-miR-30c-5p"	0.620941625735841	11.5822733486616	1.26022878041792	0.26160779002284	0.34692897325617
"hsa-miR-30d-3p"	-1.51055534181894	5.27041462715334	3.26065098416795	0.0709609503996596	0.115977590430003
"hsa-miR-30d-5p"	0.770529142512187	12.6109111166508	1.62570212685654	0.202298536859741	0.27801921825417
"hsa-miR-30e-3p"	0.552287396033848	7.57598164722482	0.750422244520612	0.386342578583818	0.475201371658096
"hsa-miR-30e-5p"	1.08906507799975	12.7030377320925	2.29172378480791	0.130065399259496	0.195694729161076
"hsa-miR-31-3p"	-13.1088523503558	9.01171591889556	61.1919377018875	5.17731075534667e-15	6.06484974197753e-14
"hsa-miR-31-5p"	-13.2172073428722	13.5712540925863	111.112734003421	5.5899792758193e-26	5.50053960740619e-24
"hsa-miR-3117-3p"	-6.50141852309911	2.76339728907673	23.1881544631659	1.46899412958214e-06	5.39362023697322e-06
"hsa-miR-3129-3p"	-6.41679189932045	2.70030828515103	22.3100824796542	2.31985375788739e-06	8.15262892057567e-06
"hsa-miR-3152-5p"	-7.00618809624837	3.1640501026527	27.4933965549055	1.57631795184429e-07	6.35695436317533e-07
"hsa-miR-3158-3p"	-0.8583874176147	3.66515879927987	1.72725089041967	0.188762365342165	0.265345953566701
"hsa-miR-3168"	0.798116114981606	3.3594428631738	1.16427025046047	0.280581685333382	0.366092542896737
"hsa-miR-3174"	1.75325012139199	2.73727017401127	1.39677210069851	0.237264774661131	0.316353032881508
"hsa-miR-3176"	-0.507173705195702	4.52819291956964	0.557559230681984	0.455245340605823	0.538213299975789
"hsa-miR-32-3p"	0.279569033784742	2.99236529573158	0.0849096411492338	0.770751081580759	0.812011846119344
"hsa-miR-32-5p"	-0.368725789302905	4.63523241136513	0.0706726782798839	0.790359867862558	0.829119520231085
"hsa-miR-3200-3p"	-0.346612027663907	2.74413526290156	0.0851834704080101	0.770392081889058	0.812011846119344
"hsa-miR-320a"	-1.05342389910344	10.6335068941553	3.43878710064378	0.0636824273700052	0.106209336495059
"hsa-miR-320d"	1.2060512015623	2.26076358440252	1.14532037054699	0.28453090689446	0.369364660137399
"hsa-miR-323a-3p"	-10.7124702183119	6.63061084479136	60.871667903455	6.09192901459021e-15	6.97030017483346e-14
"hsa-miR-323b-3p"	-9.32714160406631	5.27503864687138	35.2747183508023	2.86324862076098e-09	1.42294779940849e-08
"hsa-miR-324-3p"	1.00941687398003	5.75890281687394	2.63450933443301	0.104564360713026	0.161271678591877
"hsa-miR-324-5p"	0.986915474635084	5.13038361486218	1.60306875316629	0.205468865293188	0.281589642685929
"hsa-miR-326"	5.70466326049803	8.34871074986808	41.5609926367703	1.14250258192511e-10	7.11533253553357e-10
"hsa-miR-328-3p"	0.556554074971638	6.69071277603593	0.746966467075493	0.387438368061661	0.475276701664249
"hsa-miR-329-3p"	-9.67630143282306	5.61522608714793	58.7362771789391	1.80286586925372e-14	1.84793751598506e-13
"hsa-miR-330-3p"	-0.8805066646433	5.04798421010147	2.13237228668597	0.144217406213651	0.213719770653965
"hsa-miR-330-5p"	-1.66847929824327	6.51392449981903	5.43051987175531	0.019787787600974	0.0375891563694178
"hsa-miR-331-3p"	-0.777174692404857	9.19157819827347	1.94014734781447	0.163652536202294	0.237513415373241
"hsa-miR-331-5p"	-1.57054718305125	3.7973931888129	4.54297443807294	0.0330541082785039	0.0599847882433891
"hsa-miR-335-3p"	-7.46579242444125	7.9423065360443	35.3583375952678	2.74291854389549e-09	1.37705706489447e-08
"hsa-miR-335-5p"	-3.54299179701267	6.75554981511757	15.5497770686959	8.03611233674228e-05	0.000238178751185373
"hsa-miR-337-3p"	-9.91179663522955	5.84404883657232	45.6034696828465	1.44784884941537e-11	9.89363380433838e-11
"hsa-miR-337-5p"	-7.85848996224332	3.89990080286335	36.9182667622848	1.23186397916075e-09	6.58779432333795e-09
"hsa-miR-338-3p"	8.0519964972756	7.29571221897935	56.4570711509554	5.7438793275777e-14	5.4345935176312e-13
"hsa-miR-338-5p"	6.49082723867915	5.76565171461179	19.7287640453099	8.92478942129649e-06	3.0493030522763e-05
"hsa-miR-339-3p"	-0.165258928126837	7.51848629372261	0.0855064075739352	0.769969503778341	0.812011846119344
"hsa-miR-339-5p"	0.00900421117911367	7.26829795317447	0.000196036754772422	0.988828933829495	0.988828933829495
"hsa-miR-33a-3p"	0.34821127919853	3.88773941960216	0.206165953823454	0.649789232401108	0.721168753367469
"hsa-miR-33a-5p"	-2.74847077901428	4.15880644395177	5.54028038045488	0.0185836050696782	0.0354385026910142
"hsa-miR-33b-3p"	-0.258000449325886	3.1874941356038	0.117068214459657	0.732236260353471	0.786921029913718
"hsa-miR-33b-5p"	-3.89482899249543	4.50415240664372	19.1881010345082	1.1844943120903e-05	3.93764325370561e-05
"hsa-miR-340-3p"	2.64283022442037	6.13590438363814	16.600234371185	4.61453185884786e-05	0.000140145041639083
"hsa-miR-340-5p"	2.67547753757111	10.4056775285635	13.977361085454	0.000185025137603663	0.000517229361937513
"hsa-miR-342-3p"	2.89055752377364	10.7568264808602	13.6394425084301	0.000221483188598085	0.000608769434582447
"hsa-miR-342-5p"	3.17010048895041	5.21011254413878	16.9038268397612	3.93222269357675e-05	0.000122446428179732
"hsa-miR-345-3p"	-4.52530722610204	3.07675547473919	3.27065096425349	0.0705296319102922	0.115977590430003
"hsa-miR-345-5p"	0.925316273694637	8.82470107544136	2.13562404561866	0.143911886177308	0.213719770653965
"hsa-miR-34a-3p"	0.0588949733379538	4.32540217935623	0.0105340205144846	0.918252364684405	0.943173618840766
"hsa-miR-34a-5p"	1.16932262635531	9.21322315513825	3.05348329747712	0.0805641813507772	0.128276948946869
"hsa-miR-34b-5p"	-5.04926150492058	3.62503596220792	7.08892755579769	0.00775616474947587	0.0163778242778632
"hsa-miR-34c-5p"	-5.15892203274145	7.15605567924028	20.8876773883292	4.87017545644639e-06	1.6874129046279e-05
"hsa-miR-3605-3p"	-0.233264346457445	4.12332181765712	0.145210347793011	0.703155198995395	0.765381322800297
"hsa-miR-3605-5p"	0.266789076801699	3.42127994283113	0.113622631364092	0.736056923657116	0.78881580424706
"hsa-miR-3607-3p"	0.121101023908147	6.24086910486744	0.022518231542163	0.880716678743004	0.912237065140122
"hsa-miR-361-3p"	1.12389289089738	8.76988566879004	1.86597357208991	0.171936944592998	0.24807324557113
"hsa-miR-361-5p"	0.387568439040573	8.24828189930965	0.489668726750421	0.484075115065724	0.56152531788884
"hsa-miR-3613-3p"	1.82553748941377	3.51289846219429	5.41722260331806	0.0199390532511565	0.0377308238444962
"hsa-miR-3613-5p"	-0.393329502973094	3.72645382470249	0.204879405409181	0.650810826209667	0.721168753367469
"hsa-miR-3614-5p"	-0.547449633314514	3.38679771771011	0.112326611820939	0.737510711287902	0.78881580424706
"hsa-miR-3615"	1.43543835940539	4.21632354301176	3.70273421430539	0.0543233798415284	0.0924813248513217
"hsa-miR-362-3p"	0.751415873829496	3.02642664990723	0.984272894988351	0.321146169094971	0.410399779726561
"hsa-miR-362-5p"	1.19804903738766	4.94578585110172	4.13260809551795	0.0420644740914913	0.0736502535694439
"hsa-miR-3620-3p"	0.960941615749339	2.62787927439463	0.825837111515117	0.363479040365217	0.451595171362845
"hsa-miR-363-3p"	6.77565481749878	5.67546173249738	41.8210534763795	1.00020607540446e-10	6.30899216793579e-10
"hsa-miR-3651"	-1.66832699967272	3.33587432116254	4.27603386671679	0.0386534424514831	0.0686552118632841
"hsa-miR-3653-3p"	0.776099731654918	2.67067670944117	0.355006797026769	0.551292495971282	0.632251533841191
"hsa-miR-365a-3p"	-0.235570573212493	7.04554714696469	0.141736270970643	0.706560988994979	0.765700455034206
"hsa-miR-365b-3p"	-0.235570573212493	7.04554714696469	0.141736270970643	0.706560988994979	0.765700455034206
"hsa-miR-365b-5p"	-0.962599847961095	4.18690357374819	1.22546927259173	0.268289969518598	0.35388382038378
"hsa-miR-3661"	-2.86618168476829	2.72590481153755	8.81472652689517	0.0029880899164886	0.00693462376845467
"hsa-miR-3677-3p"	0.717083408926629	2.71902813249644	0.55527923294984	0.456168589613626	0.538213299975789
"hsa-miR-369-3p"	-7.40775907828028	7.12040492234983	42.0966993648536	8.68696901150883e-11	5.62366941271361e-10
"hsa-miR-369-5p"	-10.1290044282034	6.05673616446768	53.9854242805158	2.01982419695077e-13	1.77455983017818e-12
"hsa-miR-3690"	10.0802974388966	6.03131561116742	37.7347470826841	8.10479626476406e-10	4.48040422726283e-09
"hsa-miR-370-3p"	-10.6306994101802	6.55002808846613	62.2507887096368	3.02387818232505e-15	4.0004133421463e-14
"hsa-miR-370-5p"	-6.09715532337822	2.46251685356494	14.5061065593056	0.000139705936292552	0.000399623957301951
"hsa-miR-371b-5p"	7.59743474206777	3.74971166984849	32.5854809490184	1.14063666230826e-08	5.19623368384876e-08
"hsa-miR-374a-3p"	-1.09180987019095	7.39985777840793	1.78240861784929	0.181853839983124	0.259339389193324
"hsa-miR-374a-5p"	0.656058165744341	6.22312065743205	1.165213665292	0.280386890505082	0.366092542896737
"hsa-miR-374b-3p"	-0.292591896402586	4.31555094885119	0.221965046341854	0.637546713486032	0.709814389854955
"hsa-miR-374b-5p"	1.09686197459164	6.72447594637076	2.48122050413776	0.115212816813808	0.17658786876135
"hsa-miR-375"	-9.27230787868525	5.22983913182741	12.3092268445848	0.000450724634864177	0.00118586374520415
"hsa-miR-376a-3p"	-8.91175479833192	4.87708248976481	36.759770766276	1.33619251428022e-09	6.99368847899859e-09
"hsa-miR-376a-5p"	-10.7073295070842	6.62567550072674	64.6010613570888	9.17059492655696e-16	1.32703903054883e-14
"hsa-miR-376b-3p"	-7.81406188248384	3.86015471684718	37.6776015435974	8.34573689023572e-10	4.5623361666622e-09
"hsa-miR-376c-3p"	-11.2329024756171	7.14531392049284	67.2057343719788	2.44601623264676e-16	4.29799995165074e-15
"hsa-miR-377-3p"	-9.01425712298735	4.9765977232337	50.1543265735775	1.42117437914371e-12	1.1098695151408e-11
"hsa-miR-377-5p"	-9.71441655911246	5.65196328174278	51.0842964158378	8.8483331843925e-13	7.13668840446084e-12
"hsa-miR-378a-3p"	3.55414118600265	13.8490338032628	13.842864025273	0.000198750058144984	0.000549354093299617
"hsa-miR-378a-5p"	3.20764799822571	6.3461171186618	8.33021546399713	0.00389910329346499	0.0088403632275796
"hsa-miR-379-3p"	-9.25109253480931	5.20235738333723	39.091561070012	4.04388177398974e-10	2.28688486529075e-09
"hsa-miR-379-5p"	-7.4727827753928	3.55914274318409	34.5327066971704	4.19148866729285e-09	2.04179447951295e-08
"hsa-miR-380-3p"	-5.59912833908362	4.98425497238985	31.905715274707	1.61840268669218e-08	7.10941180225494e-08
"hsa-miR-381-3p"	-11.871561264046	10.104329540234	71.4266953021165	2.87752502519832e-17	6.68504840817707e-16
"hsa-miR-382-3p"	-8.48988816676627	4.48063548841395	43.5030355796328	4.23302242710408e-11	2.77686271218028e-10
"hsa-miR-382-5p"	-10.0507326536521	5.98054453971422	62.2083502298543	3.08975014230812e-15	4.0004133421463e-14
"hsa-miR-3909"	2.4253436308901	5.95980631272178	13.4395885592685	0.000246369648168754	0.000673410371661261
"hsa-miR-3922-3p"	3.66010737640455	3.02925329655432	12.9860845570207	0.000313814512844874	0.00084369803453376
"hsa-miR-3928-3p"	0.566923228917122	2.84103189193373	0.192031725946569	0.661230982061888	0.729429693216253
"hsa-miR-3929"	-5.65203267873339	2.19316234277175	6.20189050649439	0.0127613935822132	0.0254194560423032
"hsa-miR-409-3p"	-14.9484372724606	10.8485390869789	98.7630393101116	2.84596873741316e-23	2.33369436467879e-21
"hsa-miR-409-5p"	-10.8734579063039	9.10971065015847	79.991127112109	3.76094841838589e-19	1.3217047298899e-17
"hsa-miR-410-3p"	-9.61449472374732	9.38089379522848	61.3375005864109	4.80834180402008e-15	5.7700101648241e-14
"hsa-miR-411-3p"	-9.26736052443339	5.21800443841669	37.8915709347043	7.47876658491661e-10	4.18131040883974e-09
"hsa-miR-411-5p"	-12.1139009825258	10.3476190980136	89.1807107110765	3.60345421606936e-21	1.61172679482375e-19
"hsa-miR-412-3p"	-5.5430446658221	2.09577660375888	8.37107882499051	0.00381239237542864	0.00868378263292078
"hsa-miR-412-5p"	-7.54955105657197	3.62221442696599	23.9336246868163	9.9714839691685e-07	3.80307760684566e-06
"hsa-miR-421"	0.611922348951549	8.32025263388136	0.861869904591444	0.353215940652988	0.443322047962423
"hsa-miR-423-3p"	-0.403951575084527	12.1999690557694	0.549028564080345	0.45871489417302	0.539922794098387
"hsa-miR-423-5p"	-0.0403555843546562	11.2443583722454	0.0049979579617343	0.943639515583209	0.95923686294822
"hsa-miR-424-3p"	-2.45929602855071	5.5304254169351	7.54741905363001	0.00600960889275443	0.0131410114454897
"hsa-miR-424-5p"	0.474269687786573	8.42938596298097	0.13638053292469	0.711906100360721	0.768109213547093
"hsa-miR-425-3p"	2.86291660229664	6.01064763538471	17.7278021394924	2.54874191110006e-05	8.19595438079234e-05
"hsa-miR-425-5p"	1.11832256780784	8.95310508026857	3.44040436157264	0.0636201202383779	0.106209336495059
"hsa-miR-429"	-6.06561609692076	6.38708755254343	4.32902811079038	0.0374676335662799	0.0667901294007598
"hsa-miR-431-3p"	-9.4868294858008	5.43125086284478	49.2113571488917	2.29816278321432e-12	1.73953244514068e-11
"hsa-miR-431-5p"	-11.3191165281348	7.23073298806881	65.2190077713961	6.70199600707475e-16	1.03043188608774e-14
"hsa-miR-432-5p"	-10.6703457516869	6.58909812848031	61.4913774906953	4.44686290140375e-15	5.60988858330935e-14
"hsa-miR-4326"	-0.0569291566169457	4.96647543237646	0.0074375370824713	0.93127471436883	0.952572057109074
"hsa-miR-433-3p"	-6.84253502457451	3.02493191332597	19.4725753330903	1.02054461627147e-05	3.41570034833716e-05
"hsa-miR-449a"	-1.90472661504237	3.37076123336362	1.66154159192691	0.197395309706875	0.275123207863407
"hsa-miR-449b-5p"	-5.6268873713024	2.17227878590046	9.95129081263859	0.00160736653840573	0.00395412168447811
"hsa-miR-450a-5p"	-2.55894959872088	6.25402814945711	8.76143652587847	0.00307666618259047	0.00710666554851884
"hsa-miR-450b-5p"	-3.10064266919744	7.31385050510378	9.10223543063933	0.00255297288764711	0.0060679355590453
"hsa-miR-451a"	0.860565433822302	2.73703742901774	0.487471375745077	0.485057439233246	0.56152531788884
"hsa-miR-452-3p"	-8.76828519965881	4.74318001674775	56.0357488910675	7.11651842339152e-14	6.48393900797894e-13
"hsa-miR-452-5p"	-11.2215862697393	7.13409608671182	68.7804219512068	1.10059903478408e-16	2.08267201966833e-15
"hsa-miR-4521"	-1.15384738157803	4.27349700962317	2.05465716372518	0.151741406075557	0.222192773182065
"hsa-miR-454-3p"	-1.16302680380656	7.01821369751598	2.69100666217481	0.100916040351321	0.157122442572311
"hsa-miR-454-5p"	-1.02182299455272	4.26884686995389	3.04354831306028	0.0810585570534016	0.128302132320914
"hsa-miR-455-3p"	-11.5438411613047	7.45387839077197	52.3097963331196	4.74003971801632e-13	3.95271108688818e-12
"hsa-miR-455-5p"	-10.4292179742488	6.35235707346206	62.6509656520062	2.46783931836193e-15	3.37271373509463e-14
"hsa-miR-4662a-5p"	-0.158540684209815	3.68435492827441	0.0393531654053092	0.842750641065712	0.878460413992225
"hsa-miR-4677-3p"	1.04629940976535	5.55504183449823	1.88660364714156	0.169585494442644	0.245400186075827
"hsa-miR-4707-3p"	5.56332953756531	2.25264487166258	10.1554626707981	0.00143874283497897	0.00359320545588656
"hsa-miR-4775"	-2.2288371002628	4.98670301990986	9.45389621624116	0.00210701049011844	0.00503227748125375
"hsa-miR-4787-3p"	3.77490342174659	3.09829773395912	8.28739831070872	0.00399211437238088	0.00900972601473117
"hsa-miR-4802-3p"	5.41641600616805	2.16098365107203	7.13302472024321	0.00756769612384244	0.016048734883321
"hsa-miR-484"	0.240308897679873	10.105078054588	0.177742358680192	0.673320643768704	0.737803467114037
"hsa-miR-485-3p"	-10.0051455783317	5.93569066538838	57.2968411129518	3.74756652862112e-14	3.61529947466978e-13
"hsa-miR-485-5p"	-9.45561948644562	5.39998047447849	40.3673702792294	2.1042623710731e-10	1.26255742264386e-09
"hsa-miR-486-5p"	-0.293807150796278	6.82577929441545	0.234671651209819	0.628081298458372	0.705515979090226
"hsa-miR-487a-3p"	-8.61559732134087	4.59751715030303	40.1952777910017	2.29803061568424e-10	1.36220609989957e-09
"hsa-miR-487b-3p"	-12.1374357990675	8.04362134489558	75.5222278826285	3.6131640039481e-18	1.04569217055439e-16
"hsa-miR-493-3p"	-10.8918703530292	6.8078649833272	66.8454794152591	2.93644836308268e-16	4.81577531545559e-15
"hsa-miR-493-5p"	-10.4255619502666	6.34832224249034	70.7044310287322	4.14959414541176e-17	8.87652312844603e-16
"hsa-miR-494-3p"	-10.8811087486227	6.79700808198468	55.6362328589783	8.72014843388492e-14	7.80056914449342e-13
"hsa-miR-495-3p"	-9.88260476916789	5.81594756964154	53.2903348437147	2.87718680247401e-13	2.48346650318809e-12
"hsa-miR-496"	-7.38971863317438	3.48223509020338	19.6949439639946	9.08413939808441e-06	3.08234247162588e-05
"hsa-miR-497-5p"	-6.39280224001838	6.08575614394414	31.1744189084663	2.35853723109557e-08	1.01789501552546e-07
"hsa-miR-500a-3p"	1.31840899913954	10.4127740779748	4.64632755171327	0.0311200578021004	0.0569184700320945
"hsa-miR-500a-5p"	0.627926095261889	3.26996986299131	0.702460363708791	0.40195820931248	0.484714311229755
"hsa-miR-500b-3p"	0.560355411391883	3.16229122463949	0.579533180631538	0.446495357404579	0.531902459668409
"hsa-miR-500b-5p"	0.917516150856931	3.18948211521345	1.55140937146596	0.212927500041386	0.291000916723227
"hsa-miR-501-3p"	1.9044523941182	9.77406446423933	10.0172581433053	0.00155080160404839	0.00383414265925533
"hsa-miR-501-5p"	0.392460591155809	4.55137070139249	0.492891318029953	0.482640380828358	0.56152531788884
"hsa-miR-5010-3p"	3.54776569336693	4.13597806564689	16.8643878166422	4.01478233249192e-05	0.000124231000477109
"hsa-miR-502-3p"	0.655917763668696	5.63538813981967	1.08019853807522	0.298653145924568	0.383648427662891
"hsa-miR-502-5p"	0.676790320737155	3.06037512957915	0.650570142706013	0.419908912408798	0.503890694890557
"hsa-miR-503-5p"	-2.3939643666536	3.89862768272384	7.26886067813666	0.00701602941097698	0.0150737400445444
"hsa-miR-505-3p"	-0.537962003058568	7.04916929468194	0.715923078506948	0.397484478173658	0.481659448334707
"hsa-miR-511-3p"	11.0248697838402	6.95106674085032	57.3185374901805	3.70645284128026e-14	3.61529947466978e-13
"hsa-miR-511-5p"	11.0346953333636	6.96060012746224	67.9897654563657	1.64346356184402e-16	2.99475582380465e-15
"hsa-miR-532-3p"	1.50137011088271	6.72097785442288	7.18140522074429	0.00736629908716664	0.0156892603934458
"hsa-miR-532-5p"	0.868099041349584	10.0145074618017	1.79512211611831	0.180303327684472	0.258450445924401
"hsa-miR-539-3p"	-10.6277170174658	6.54704552732372	59.6199893880908	1.15060523975604e-14	1.25799506213327e-13
"hsa-miR-539-5p"	-7.38552453305042	3.48231136887046	30.9595346507026	2.63464577421946e-08	1.11745320768619e-07
"hsa-miR-541-5p"	-6.83394049659867	3.02492237963498	17.1984315921669	3.36714230548172e-05	0.000106879613825613
"hsa-miR-542-3p"	-2.23578421447315	4.1616720306727	8.96764382340289	0.00274802753575835	0.00640772297437492
"hsa-miR-543"	-9.81672104990759	5.75168172673326	48.5530258762607	3.21477919708879e-12	2.39647176510255e-11
"hsa-miR-548au-5p"	1.93111435073939	2.56498906227376	2.66636246239942	0.102490026784672	0.1585694754027
"hsa-miR-548e-3p"	1.60437236166102	6.07440114010344	6.389995230965	0.0114765336777809	0.0232364385574824
"hsa-miR-548e-5p"	1.14930388738934	3.99699112121842	2.33342371373767	0.126623107648055	0.191099904793997
"hsa-miR-548h-5p"	-2.59074671045932	2.5659817782298	3.10576614871419	0.0780155165106238	0.125028124179892
"hsa-miR-548k"	1.23368609598372	6.69513065684822	2.0222836899582	0.155005869058115	0.226299369663479
"hsa-miR-548o-3p"	0.177051358423099	4.62422541373542	0.0381981078269611	0.845045872958266	0.878990633182806
"hsa-miR-550a-3p"	1.09383040967261	3.52636834451793	1.67040178324932	0.19620472755591	0.27424069874292
"hsa-miR-550a-5p"	-1.07225739356805	2.64179976524319	0.515389426621192	0.472815075541958	0.552553484956397
"hsa-miR-561-5p"	-7.89139868952416	3.93483857266439	23.0682892370767	1.56348145815875e-06	5.69802131417855e-06
"hsa-miR-5690"	2.72036638794896	2.41442495078282	5.69809448229845	0.0169833414356446	0.0328968660879414
"hsa-miR-574-3p"	-1.4962979149671	9.09526107977385	5.85112175312015	0.0155671251865158	0.0305344311563499
"hsa-miR-574-5p"	-2.1536265654595	3.251599591357	5.55616917264787	0.0184156690367768	0.0352548994789656
"hsa-miR-576-5p"	0.0550092124081878	5.04451207778938	0.00780071346424527	0.929621033759037	0.952572057109074
"hsa-miR-582-3p"	-2.11114896225473	5.2230959909576	3.70551823592553	0.0542328276318966	0.0924813248513217
"hsa-miR-582-5p"	-1.37059939946335	4.87011745324321	1.75857250852916	0.18480266782988	0.2620256846464
"hsa-miR-584-5p"	-6.68007519614705	6.87645280169258	51.3596812866731	7.69018220910427e-13	6.3059494114655e-12
"hsa-miR-589-3p"	-0.269420374576939	5.19694438860349	0.178803834419011	0.672403227860787	0.737803467114037
"hsa-miR-589-5p"	0.913392114740098	7.34245488350728	1.63416703790322	0.201127656104755	0.27801921825417
"hsa-miR-590-3p"	-0.614491415026185	5.84863324717537	0.718969882865659	0.39648201423398	0.481652224699057
"hsa-miR-598-3p"	0.356403312341615	3.51545393737199	0.086325473215255	0.768901588505098	0.812011846119344
"hsa-miR-615-3p"	-9.12652710197773	5.08524865806131	22.7501499210149	1.8448974617467e-06	6.58301396284252e-06
"hsa-miR-616-5p"	2.6669800558173	4.11880808907	14.0223375190676	0.000180651776383443	0.000507889565603738
"hsa-miR-618"	4.53256962539198	3.25462227529663	14.5928649678809	0.000133418749777121	0.000386129558178493
"hsa-miR-625-3p"	-2.64710473353135	6.13787382730186	13.8809812484627	0.000194759359307688	0.000541364998753573
"hsa-miR-625-5p"	-2.60643750952634	5.92914255997188	14.5340412989267	0.000137649665275217	0.000396044650967291
"hsa-miR-628-3p"	1.85208378320573	3.53448498380441	7.2076634880958	0.00725929369367101	0.0155285760751571
"hsa-miR-628-5p"	0.246828694710197	4.5947149453034	0.116791911136833	0.732540308334315	0.786921029913718
"hsa-miR-629-3p"	1.3932334397878	2.72954541422287	1.12470305042713	0.288908014640389	0.373173072300006
"hsa-miR-629-5p"	2.39745767705819	5.07292474959886	12.2777049251497	0.000458401760843822	0.00119964716135724
"hsa-miR-641"	-1.28351842173563	4.08312350948452	3.54829319567162	0.0596067337934611	0.101023975185945
"hsa-miR-6503-3p"	7.989765139639	4.08667344850536	31.6185997974203	1.87623909668145e-08	8.16911181917942e-08
"hsa-miR-6503-5p"	5.70793392110054	2.33589768114745	10.6467670887339	0.00110263478805966	0.00278203238833514
"hsa-miR-6511b-3p"	-0.593259157722794	3.1919841890561	0.570088909775995	0.450223588171502	0.533771177492994
"hsa-miR-652-3p"	2.46737229389334	7.6753157460969	10.9682026006354	0.000926886188064736	0.00237514585691589
"hsa-miR-652-5p"	0.772652758575526	3.97997726346243	0.855237195737265	0.355074969991889	0.444521336478396
"hsa-miR-653-5p"	3.11418244020318	2.32396237153626	5.68026333248876	0.0171567925895201	0.0331025174668388
"hsa-miR-654-3p"	-14.6562327129511	10.5565378716415	75.303283023962	4.03687851510092e-18	1.10341346079425e-16
"hsa-miR-654-5p"	-8.35548898419775	4.35262846903885	27.5408399231601	1.53812099502548e-07	6.25417793018627e-07
"hsa-miR-655-3p"	-8.0068653970881	4.03543368704745	50.8058966573124	1.01966914853079e-12	8.09156808188947e-12
"hsa-miR-656-3p"	-9.45030150913927	5.39525166151715	45.8839783940226	1.25467907708623e-11	8.81860151323467e-11
"hsa-miR-660-3p"	1.86430913463165	3.10845116339161	4.12060154300602	0.0423640122683052	0.0739116809787452
"hsa-miR-660-5p"	0.549297521925021	9.60031051723398	0.583492660930858	0.444946556528714	0.53134394614594
"hsa-miR-664a-3p"	0.96260526237167	5.69185420736795	1.73565724344524	0.187690024769472	0.264594533485904
"hsa-miR-665"	-9.19651808251988	5.15177112441099	59.5567005232622	1.18820895488915e-14	1.27086696914231e-13
"hsa-miR-668-3p"	-6.74018039142939	2.94783065647075	24.9410512499482	5.91102616379887e-07	2.32657989807123e-06
"hsa-miR-671-3p"	-1.21879463138041	6.92109064226633	4.42552268165197	0.0354052677674953	0.0638072957568048
"hsa-miR-671-5p"	-0.683350194235188	4.63518115848011	0.94899838838287	0.329974380019867	0.41842112105612
"hsa-miR-6769b-3p"	2.11263576914641	2.49958848287008	3.2192102322264	0.0727787358848979	0.118175373120032
"hsa-miR-6810-3p"	4.47290129551703	2.67450276407983	10.9581605733762	0.000931922806782502	0.0023756788649585
"hsa-miR-6842-3p"	4.23517142702983	3.76663107367868	19.5447128786903	9.8272337459707e-06	3.31164315275177e-05
"hsa-miR-7-1-3p"	-0.155500014413843	4.18171821367273	0.0592528546706355	0.807680754737334	0.843691998579126
"hsa-miR-7-5p"	-0.409615493605869	4.15098399251544	0.247253919281693	0.619015349203637	0.700127705306183
"hsa-miR-708-3p"	-5.94987771160507	5.77025002738632	33.9556935603253	5.63814556917462e-09	2.69317244663487e-08
"hsa-miR-708-5p"	-4.42530563494718	6.23843922549425	24.8384305674021	6.23420871830599e-07	2.43431007095758e-06
"hsa-miR-744-3p"	-0.324058987202821	3.60369661874877	0.195530184145901	0.658353204250243	0.727887138182291
"hsa-miR-744-5p"	0.208617377462686	8.3827482827678	0.0990492015917397	0.752973626400778	0.800463683150271
"hsa-miR-758-3p"	-11.0681765176361	6.98186480365206	46.8044564090283	7.84348481048353e-12	5.75969332351925e-11
"hsa-miR-766-3p"	2.4719733714721	4.60439143564214	12.4582109240789	0.000416158359440286	0.0011067562856466
"hsa-miR-769-5p"	-1.61791501802834	9.26792946119086	6.53009767053479	0.0106064132825308	0.021563451797542
"hsa-miR-770-5p"	-6.02467603356523	2.41978742428636	13.1425261871979	0.000288668393233395	0.000780356315773792
"hsa-miR-7705"	1.86452226626974	3.17599067392486	2.15510767377804	0.142096481808733	0.211852936514838
"hsa-miR-7706"	0.315419893897707	5.70530483250372	0.221790816080226	0.637678781129858	0.709814389854955
"hsa-miR-7974"	-3.86524812357144	4.97454299762769	15.5255089030234	8.13993715579445e-05	0.000239811322194663
"hsa-miR-7976"	0.594667728452288	3.81636561074657	0.655071658547163	0.418305243963383	0.50319359420534
"hsa-miR-7977"	0.117306932584042	2.31797791989266	0.00409522239398719	0.948975064309244	0.962667852829073
"hsa-miR-874-3p"	-0.440810518889598	4.78193029198883	0.4811374039395	0.487907570610194	0.563498884366703
"hsa-miR-877-5p"	-0.630607393154166	6.2192501638612	0.933082132267406	0.334063313550655	0.421433718633134
"hsa-miR-887-3p"	-8.81719417776204	4.78963409862718	50.0630540048771	1.48884017666918e-12	1.14454588581443e-11
"hsa-miR-889-3p"	-11.7636346855016	7.67186371150485	68.8634110858633	1.05524554464777e-16	2.07672323186681e-15
"hsa-miR-9-3p"	-1.85058974992134	3.33674191907102	1.16125174416754	0.281206090926611	0.366092542896737
"hsa-miR-9-5p"	-1.68965475943855	6.49740799796403	0.988522834956548	0.320103674711047	0.410132833223529
"hsa-miR-92a-1-5p"	-2.87403194534386	3.63443007007552	9.53173610889239	0.00201948994419231	0.00487053457128733
"hsa-miR-92a-3p"	-0.50377091728015	14.5837663678478	0.8280589933388	0.362834392432962	0.451595171362845
"hsa-miR-92b-3p"	-4.29060440707727	11.3133036005422	45.8897878950129	1.25096377009261e-11	8.81860151323467e-11
"hsa-miR-93-3p"	0.263449074178886	5.14297771264818	0.162362021419101	0.686991106464174	0.751110276400831
"hsa-miR-93-5p"	-0.461715598957411	9.52842757536172	0.491471072683197	0.483271825500349	0.56152531788884
"hsa-miR-935"	-10.2034662229226	6.12956478906055	44.139566821843	3.0577723185937e-11	2.03300537938933e-10
"hsa-miR-940"	0.714138172140606	4.11083206828367	0.713011349777891	0.398445925756557	0.481659448334707
"hsa-miR-941"	3.08259466339565	9.43890306695986	17.0873673283543	3.56989742607841e-05	0.000111871944817234
"hsa-miR-941-3-5p"	3.07535658600073	7.13256467532635	16.671724462432	4.44384469979028e-05	0.000135799477782411
"hsa-miR-942-5p"	-0.285394034067622	3.80844050826529	0.240100953160311	0.624133210590916	0.70268544533348
"hsa-miR-944"	-5.58162678162823	5.74185441116727	4.10971628723871	0.0426375145068626	0.0741259969518601
"hsa-miR-96-5p"	-10.0074394604845	5.9417116165567	15.3721683808328	8.82790457528606e-05	0.000258531491133378
"hsa-miR-98-3p"	-0.451580935967487	4.97527546624444	0.359587169558315	0.548735600375303	0.63078952192675
"hsa-miR-98-5p"	0.674387090493652	11.216138487353	1.27228441323763	0.259338562630744	0.344850196795476
"hsa-miR-99a-3p"	-3.30472781300798	3.32021900066568	10.7038842144488	0.00106910844035982	0.00271134717864449
"hsa-miR-99a-5p"	-4.30676387945777	8.63081117524458	17.4812084561698	2.90161562757995e-05	9.27009668032036e-05
"hsa-miR-99b-3p"	-0.761723656856135	6.44942100167072	1.42826869687337	0.232047195976194	0.313414649567816
"hsa-miR-99b-5p"	0.284886705832158	14.8805103703863	0.283091584990871	0.594682005140661	0.677276728076864
