"logFC"	"logCPM"	"LR"	"PValue"	"FDR2"
"hsa-let-7a-2-3p"	5.60159500551067	3.40223909641549	28.9442491450703	7.44916397815288e-08	2.00246343498733e-07
"hsa-let-7a-3p"	1.31195762674522	6.60426706034409	5.60083577289479	0.0179519116291665	0.0252843825762908
"hsa-let-7a-5p"	-1.16556585575132	15.6324677733401	21.1842243356584	4.17184332234684e-06	8.99974983679872e-06
"hsa-let-7b-3p"	2.01633686516584	6.57301083250455	27.7170468329963	1.40419859950874e-07	3.71481110981149e-07
"hsa-let-7b-5p"	0.729387695698785	11.9556071153785	4.75236933004075	0.0292579829870688	0.0393252459503613
"hsa-let-7c-3p"	6.18404615629013	2.94970906993649	23.9752553259252	9.75818040477634e-07	2.24842866469501e-06
"hsa-let-7c-5p"	6.994656627456	10.0705820602499	140.161290165421	2.4543893181233e-32	3.40887405294903e-31
"hsa-let-7d-3p"	-0.639847874946805	7.68571636180022	5.71702373330913	0.0168011869323082	0.0237977152015697
"hsa-let-7d-5p"	-1.0272006199436	10.5916492516993	14.0111120866527	0.000181733452931702	0.000321083839101946
"hsa-let-7e-3p"	7.83798782367191	4.32672995763101	60.6447625193318	6.83617124978283e-15	3.35106433812884e-14
"hsa-let-7e-5p"	4.23676892955395	11.2040715720155	17.7141650517689	2.56707881621877e-05	5.09341034964041e-05
"hsa-let-7f-1-3p"	1.42800792282833	4.81139466076666	15.2588840303055	9.3734816880305e-05	0.000174878389702062
"hsa-let-7f-2-3p"	1.01076260693995	4.85936628733997	3.64430120025643	0.0562614091506538	0.0719455359982785
"hsa-let-7f-5p"	-1.49029603169926	15.1300840290124	38.2039943932403	6.3721846042817e-10	2.10999490208003e-09
"hsa-let-7g-3p"	-2.4002935847911	4.3971845663689	28.7612916894277	8.18711814418988e-08	2.18906902251066e-07
"hsa-let-7g-5p"	-3.17085243647034	13.907354612385	147.222223488517	7.01701337674844e-34	1.16970747084198e-32
"hsa-let-7i-3p"	-3.36936969995434	7.48619941386363	94.7440122886409	2.16667876799375e-22	1.90059541052083e-21
"hsa-let-7i-5p"	-0.338920792267207	13.9205593015943	1.53368901776969	0.215559632204593	0.250069178891639
"hsa-miR-100-3p"	9.727507464955	7.22291189936462	173.534032436328	1.25124916127546e-39	2.84374809380786e-38
"hsa-miR-100-5p"	10.7843946353682	16.3343286600639	90.410927402591	1.93494533301412e-21	1.58602076476567e-20
"hsa-miR-101-3p"	-3.65122610820272	12.9421415260735	71.5294407427696	2.7315192337233e-17	1.64549351429115e-16
"hsa-miR-101-5p"	-2.30663954922668	4.15107741075743	20.9004287933985	4.83786287977131e-06	1.02064617716694e-05
"hsa-miR-103a-3p"	-0.580166620506282	12.3130460255649	5.47205837798724	0.0193228545751571	0.0270628215338334
"hsa-miR-106a-5p"	-7.59064725024913	3.645054352196	152.582148549286	4.72709703693744e-35	8.44124470881685e-34
"hsa-miR-106b-3p"	-2.63203364098257	8.98913152502959	82.8146520655475	9.01194856375656e-20	6.43710611696897e-19
"hsa-miR-106b-5p"	-0.960135641512162	8.47058722138535	4.2459361473521	0.0393443727091123	0.0517460386041639
"hsa-miR-107"	1.61162928570166	4.95820717356544	12.034881975586	0.000522141403885407	0.000884985430314249
"hsa-miR-10a-3p"	5.14714865349595	4.11953203024772	18.6323184767827	1.58510523064124e-05	3.19577667467992e-05
"hsa-miR-10a-5p"	2.15651405719266	13.9343822751536	14.4152690464377	0.000146608737924972	0.000263684780440598
"hsa-miR-10b-3p"	4.93653711044451	2.09513735501005	5.87806171532631	0.0153306895526122	0.0219009850751603
"hsa-miR-10b-5p"	5.82568573399414	13.110960584775	7.92628002613751	0.00487218639377898	0.00749567137504459
"hsa-miR-1180-3p"	4.36406483837358	4.72854678295292	60.5658711154822	7.11570622943418e-15	3.45422632496805e-14
"hsa-miR-1185-1-3p"	6.29564846613763	3.95611976714031	27.068057105128	1.96416865567305e-07	5.08851983334986e-07
"hsa-miR-1185-5p"	5.02098122287198	2.75802561041147	11.8882830474054	0.000564881688929952	0.000954192042111405
"hsa-miR-1197"	6.30068318049467	3.03795163242766	17.5983125602515	2.72830329575608e-05	5.3706757790474e-05
"hsa-miR-122-5p"	-6.85433314917509	4.32233164654744	47.0438093602064	6.94175739443558e-12	2.73297535213999e-11
"hsa-miR-1226-3p"	1.6239494138446	3.00904327239921	5.73141535012474	0.0166640468574866	0.0237379584864482
"hsa-miR-1248"	-4.91045451636759	3.26584420853929	26.237151955326	3.01957064036391e-07	7.66388487402007e-07
"hsa-miR-1249-3p"	1.52775876481555	3.66635659142264	9.68974373417919	0.00185299381075334	0.0029412600170688
"hsa-miR-1254"	-0.0839848811767205	2.59787385712424	0.0113182075869993	0.915275255513496	0.920800055848587
"hsa-miR-1255a"	-0.392414336863983	2.80998053309955	0.36159896781089	0.547619548047803	0.588134472351432
"hsa-miR-1257"	5.26558721769948	2.30142732382458	5.18240221661621	0.022816757586923	0.0312558323108534
"hsa-miR-125a-3p"	5.25912420834015	5.21322190770949	86.9901824032155	1.09061215814698e-20	8.52040748552325e-20
"hsa-miR-125a-5p"	4.30700452509634	12.4570927343167	70.8830673650743	3.79037157641448e-17	2.25617355738957e-16
"hsa-miR-125b-1-3p"	11.4325031743514	8.65888296928305	212.04626651509	4.91403799375562e-48	1.53563687304863e-46
"hsa-miR-125b-2-3p"	6.72352202624766	7.63553217411232	159.539541109441	1.42644140555166e-36	2.97175292823262e-35
"hsa-miR-125b-5p"	8.18034620540869	11.955330789936	147.221874866883	7.01824482505189e-34	1.16970747084198e-32
"hsa-miR-126-3p"	9.52085254565001	13.5659990764416	229.892399818356	6.29228541051251e-52	2.86012973205114e-50
"hsa-miR-126-5p"	7.18046087154528	15.2320722457684	46.091411788801	1.12862114099288e-11	4.34330691413838e-11
"hsa-miR-1260a"	0.461890434109053	4.21565870007007	1.1879795623885	0.275737481630393	0.313338047307265
"hsa-miR-1260b"	0.0160184219048824	3.32048642018186	0.000771009799553468	0.977847935575409	0.977847935575409
"hsa-miR-1262"	5.91923833667371	2.75376592616698	23.4786324898315	1.26308820509224e-06	2.87065501157328e-06
"hsa-miR-127-3p"	6.13710293091935	10.9793320341007	66.7108000841397	3.14407813274132e-16	1.70873811562028e-15
"hsa-miR-127-5p"	5.61015605347474	3.78731089844025	35.1744870795926	3.01446996597893e-09	9.47946530182053e-09
"hsa-miR-1271-3p"	1.06861227308767	1.4904390174071	0.354728885253436	0.551448352545856	0.590415795016976
"hsa-miR-1271-5p"	-0.353187028218125	7.20321964933498	0.224625040982687	0.635538242197643	0.671816323676156
"hsa-miR-1273h-3p"	-9.81040254459933	4.97229168402567	230.054752570051	5.79965244755825e-52	2.86012973205114e-50
"hsa-miR-1277-5p"	1.21544887783456	3.13558453516936	1.64679457448711	0.199395768720969	0.232938982150665
"hsa-miR-128-1-5p"	-1.65133222979846	5.09824536925895	9.07519452937578	0.00259100012367967	0.00406112872050106
"hsa-miR-128-3p"	0.30875941487429	9.44345014172828	1.16102040205919	0.28125401852891	0.318160654444468
"hsa-miR-1285-3p"	5.08252290505876	5.39188875664896	53.4287809095138	2.68139529464303e-13	1.17605056782589e-12
"hsa-miR-1294"	-0.8326404892417	2.63233675928296	1.18468038840635	0.276405217165301	0.313384599960659
"hsa-miR-1296-5p"	5.81068044567833	5.95878360840854	76.2972570822141	2.44022603931897e-18	1.5642474611019e-17
"hsa-miR-1299"	-5.77014416726901	2.31212288499728	13.711804727564	0.000213110750052807	0.000373878508864574
"hsa-miR-1301-3p"	1.43550432600109	5.63690777611958	10.6301393193313	0.00111259332578357	0.00180928737526469
"hsa-miR-1304-3p"	1.94767911814987	6.99472956731851	21.5988797497291	3.36048053763687e-06	7.4112522910514e-06
"hsa-miR-1304-5p"	1.90756595898853	3.09258753228681	8.40438539791845	0.00374316923758665	0.00577649573701644
"hsa-miR-1306-5p"	3.00359207378121	3.0414940912592	18.1763025131855	2.01368919011657e-05	4.02737838023314e-05
"hsa-miR-1307-3p"	0.798465385784043	8.01070886705952	7.5004338215837	0.00616841327232414	0.0093178448222419
"hsa-miR-1307-5p"	1.85367554378621	9.46635581167144	21.5880375609639	3.37953104471944e-06	7.4112522910514e-06
"hsa-miR-130a-3p"	4.97628270097907	9.78025353568436	128.052782572932	1.09297288541788e-29	1.4381222176551e-28
"hsa-miR-130b-3p"	2.59031130304833	9.4103484219673	81.4553216234065	1.79268836788325e-19	1.21328351967804e-18
"hsa-miR-130b-5p"	4.04794635283104	7.64795960554953	85.2894956214929	2.57728772695136e-20	1.98252902073182e-19
"hsa-miR-132-3p"	-0.550930800031119	5.68661421479474	1.32359436581048	0.249947991816271	0.287296542317552
"hsa-miR-132-5p"	-0.303022422937723	2.4788816643707	0.19020047690387	0.662749814708466	0.693252944255718
"hsa-miR-133a-3p"	-0.192794031849718	2.33101430432471	0.0244412208704876	0.875767485614823	0.884613621833155
"hsa-miR-134-5p"	8.15155845123256	4.61042117309533	49.3640233643714	2.12609179145277e-12	8.57295077198697e-12
"hsa-miR-1343-3p"	2.64391315653114	2.5853933576091	6.71419722421413	0.00956483374225063	0.014065931973898
"hsa-miR-136-3p"	6.83327438977794	7.3375798591859	44.7118439624243	2.28272292585511e-11	8.45452935501891e-11
"hsa-miR-136-5p"	6.06929209650653	4.04980810486613	31.3907754291475	2.10980909367921e-08	5.92643003842476e-08
"hsa-miR-137"	8.98047026433076	5.38134829715879	64.5113166412188	9.59795040275603e-16	5.10529276742342e-15
"hsa-miR-138-1-3p"	0.304437588345199	1.85666192036919	0.0377798561122802	0.845885857808182	0.85964009939856
"hsa-miR-138-5p"	1.58868159802531	7.31997951024683	2.55237316274508	0.110128722694027	0.13496166996817
"hsa-miR-139-5p"	5.08101849157304	4.84368499784157	15.9669657996805	6.44574828601374e-05	0.000122542743080109
"hsa-miR-140-3p"	-3.19510406526089	11.6986932408788	140.895686780766	1.69571183695305e-32	2.49369387787213e-31
"hsa-miR-140-5p"	-1.6896078109638	5.88973404609618	12.7989767814421	0.000346808981806902	0.000595891721317701
"hsa-miR-141-3p"	-10.9151352687961	9.31306360838469	217.894348670678	2.60429195742137e-49	8.68097319140458e-48
"hsa-miR-142-3p"	-14.5887805505066	10.5885265481078	196.413491744151	1.26626010270739e-44	3.33226342817733e-43
"hsa-miR-142-5p"	-16.1401708528912	15.4148655940246	197.448757838797	7.52640374948465e-45	2.09066770819018e-43
"hsa-miR-143-3p"	-1.17326486926322	7.34963553170294	3.90255161061761	0.0482128303001579	0.0624518527204118
"hsa-miR-144-5p"	-4.5841280704066	2.14603674115215	17.9390601461427	2.28091645951642e-05	4.54365828588928e-05
"hsa-miR-145-5p"	1.28852858094642	2.28656814793299	2.10422277519927	0.146892964089673	0.175869680126933
"hsa-miR-1468-5p"	-4.40555510995867	4.56787925937582	74.6191512260755	5.70867286520702e-18	3.56792054075439e-17
"hsa-miR-146a-3p"	3.23612589402205	2.64020357330653	3.3013843252274	0.0692215239972396	0.0869617135643714
"hsa-miR-146a-5p"	-6.68978007745381	12.4614667576528	67.1862883415195	2.47026237070777e-16	1.3572870168724e-15
"hsa-miR-146b-3p"	-7.3528823600022	5.80334147511541	94.1965161691598	2.85703086458348e-22	2.42121259710464e-21
"hsa-miR-146b-5p"	-10.2164110085617	13.2234085431989	70.3803373995159	4.89049520340004e-17	2.84331116476747e-16
"hsa-miR-148a-3p"	-2.96970575528864	10.3209411334977	15.0319658669163	0.000105705476282977	0.000195750882005513
"hsa-miR-148a-5p"	-3.18910374242846	4.9047908153632	13.6392195045131	0.000221509496300848	0.000387254364162322
"hsa-miR-148b-3p"	-0.40030521691349	10.7409728704164	2.87129582081617	0.0901722405501323	0.112154528047428
"hsa-miR-148b-5p"	1.45742454094262	7.08133699591612	19.9756890877454	7.84330555895585e-06	1.62724181721076e-05
"hsa-miR-149-5p"	7.69964525718561	7.64922991875915	82.7078430384018	9.5123065375608e-20	6.69880742081746e-19
"hsa-miR-150-3p"	-11.2341921715375	6.38552061091202	222.332745927704	2.80261945568973e-50	1.07793055988067e-48
"hsa-miR-150-5p"	-10.1584200690423	13.2523610628579	299.965153441184	3.35245736361253e-67	3.35245736361253e-65
"hsa-miR-151a-3p"	-0.631482866268802	13.3890591495001	6.0526899813425	0.0138851278850299	0.0199498963865373
"hsa-miR-151a-5p"	0.263344122508387	13.296349175897	0.789883369381386	0.374135394362625	0.41570599373625
"hsa-miR-151b"	-5.86799929159319	7.21010470897932	246.331446343632	1.63772393192363e-55	9.09846628846462e-54
"hsa-miR-152-3p"	1.2797588553019	6.24954304739357	13.1758199168945	0.000283584622481933	0.000490630834743829
"hsa-miR-152-5p"	3.80857701494277	4.07323474086298	43.0411226645875	5.36012807246812e-11	1.92810362318997e-10
"hsa-miR-155-5p"	-3.85706559026228	12.9498300375343	41.2801942336208	1.31898581060488e-10	4.54822693312028e-10
"hsa-miR-15a-5p"	-4.36524794053898	11.2578834661708	140.48049788155	2.0899755422275e-32	2.98567934603929e-31
"hsa-miR-15b-3p"	1.2227183152731	6.84519764506801	10.3681211271988	0.00128209962026201	0.00206125340878137
"hsa-miR-15b-5p"	-0.732252131677859	8.53416286433574	5.87903771000544	0.015322193609936	0.0219009850751603
"hsa-miR-16-2-3p"	-1.57506088553295	6.75033054328089	27.0523085646556	1.98023592896145e-07	5.10370084783878e-07
"hsa-miR-16-5p"	-3.91869058228186	14.4289478001519	89.0703024722576	3.81028210096597e-21	3.02403341346506e-20
"hsa-miR-17-3p"	-1.02331676386297	7.41255566206624	7.2337785153863	0.0071544469995193	0.0107424129121911
"hsa-miR-17-5p"	-0.47423403209278	9.45596212457753	1.86035341601519	0.172584016532076	0.204000019541461
"hsa-miR-181a-2-3p"	-0.359356923910319	8.82859660803337	1.20569307128456	0.272186778635501	0.310007720541573
"hsa-miR-181a-3p"	-0.335595185681901	9.77958459050211	1.65186499910041	0.198705284723889	0.232675977428442
"hsa-miR-181a-5p"	-3.63102490700554	16.1112435284915	113.470622521449	1.70184198031351e-26	1.93391134126535e-25
"hsa-miR-181b-2-3p"	0.44316514698339	2.31393230971708	0.240034637104252	0.624181099147356	0.662612631791248
"hsa-miR-181b-3p"	2.07231254892895	5.04177390551788	14.0982230753252	0.000173507614663603	0.000307637614651779
"hsa-miR-181b-5p"	0.33508566087154	11.9985456050465	1.23839736730883	0.26578014390535	0.303401990759532
"hsa-miR-181c-3p"	2.44991482927607	6.28244591302709	32.3656893702802	1.27721804470683e-08	3.71284315321752e-08
"hsa-miR-181c-5p"	-0.675158127307435	8.54667360261474	3.49388689975706	0.0615958030623546	0.0781672627694855
"hsa-miR-181d-5p"	2.20234116741646	5.9211950905386	24.4255121447111	7.7239044713519e-07	1.81312311534082e-06
"hsa-miR-182-5p"	-3.62581592801229	7.62034523704026	24.4477939388271	7.63508871541963e-07	1.80072847061784e-06
"hsa-miR-183-5p"	-3.33916559370015	5.03090945267071	31.6878191913724	1.81054218068257e-08	5.17297765909305e-08
"hsa-miR-185-3p"	0.127876345280527	3.30790178350437	0.0783127098989072	0.779597130205312	0.800407731216953
"hsa-miR-185-5p"	0.492831595905016	6.57859441597783	0.758503351609525	0.383797301112714	0.425495899238042
"hsa-miR-186-5p"	-2.03278359005179	13.4204241133311	37.6077134514678	8.65017373469046e-10	2.82685416166355e-09
"hsa-miR-187-3p"	3.42380762948823	2.18014674845612	7.50798369503792	0.00614260972600052	0.00930698443333413
"hsa-miR-188-5p"	2.02625783926835	4.39891340643059	10.6269380415282	0.00111452102316305	0.00180928737526469
"hsa-miR-18a-3p"	1.57484773834079	5.18196518685862	12.1887523392169	0.000480785292835923	0.000817662062646128
"hsa-miR-18a-5p"	1.14078889037817	6.66360552295898	6.45849436383999	0.0110423170564692	0.0160966720939784
"hsa-miR-1908-3p"	2.25838957279998	2.32788928401973	5.4836540998537	0.0191950924688433	0.0269593995348922
"hsa-miR-1908-5p"	1.80875651107544	3.06002352697851	6.82901426808492	0.00896887493504795	0.0133465400819166
"hsa-miR-190a-5p"	0.285137645061243	2.63756990141466	0.134777894129886	0.713528697064316	0.743259059441996
"hsa-miR-191-3p"	1.53391450465889	3.91105157240538	7.81704477519949	0.00517557563953033	0.00793799944713242
"hsa-miR-191-5p"	-1.83692513461047	14.6055530223759	40.8232463116196	1.66639007654485e-10	5.70681533063305e-10
"hsa-miR-1910-5p"	2.06640070877019	4.93829186191061	22.0335321905399	2.67928522022398e-06	6.00736596462776e-06
"hsa-miR-192-5p"	-4.85482771718119	11.5506369905254	218.59701192285	1.82984970646625e-49	6.53517752309374e-48
"hsa-miR-193a-3p"	9.06218780072135	9.67268667632357	128.99397096619	6.80246888428539e-30	9.19252551930458e-29
"hsa-miR-193a-5p"	0.408960491743155	7.06076356679582	1.02886862225648	0.310424543948315	0.349577189130986
"hsa-miR-193b-3p"	3.31935043938974	7.80445984865953	50.5543996428296	1.15907061605942e-12	4.87004460529169e-12
"hsa-miR-193b-5p"	1.94206422613543	2.2949802055012	4.46838580162303	0.0345275962968289	0.045671423673054
"hsa-miR-194-5p"	-3.77040336344757	5.62360737152769	114.953310957328	8.05723146645994e-27	9.36887379820924e-26
"hsa-miR-195-3p"	1.68696664002086	4.48450792808871	16.7236046592648	4.32396496022266e-05	8.31531723119742e-05
"hsa-miR-195-5p"	0.599129845591783	7.83066262588695	1.85090287368858	0.173678421312833	0.204809459095322
"hsa-miR-196b-5p"	2.20267846300888	4.26246642789724	2.5602604262346	0.109580530849034	0.134619816767856
"hsa-miR-197-3p"	-0.80869422651048	9.59535997052529	6.81295227700046	0.00904990195013519	0.0134034669454041
"hsa-miR-1976"	-4.54532951706908	2.740638382298	47.1077864785404	6.7188237632573e-12	2.66619990605449e-11
"hsa-miR-199a-3p"	2.37368133258297	7.96309416964678	4.6627228613353	0.0308242724959178	0.041208920449088
"hsa-miR-199a-5p"	2.07151100350865	5.12153348535327	4.78127762831457	0.0287707671941903	0.0389393657385953
"hsa-miR-199b-3p"	2.22254058159782	6.64981582259943	4.05236485287053	0.0441095119184172	0.0575842192146439
"hsa-miR-199b-5p"	0.54074447584274	4.97715303761537	0.195362662739921	0.658490300593525	0.691691492220089
"hsa-miR-19a-3p"	-0.33521618796407	8.04435910032826	0.412343935994169	0.520782207199885	0.563617107359183
"hsa-miR-19a-5p"	0.804704223539223	2.82812316637159	0.953082666597433	0.328935870386564	0.369590865602881
"hsa-miR-19b-3p"	-2.15969656484889	10.1195816138516	29.5261435457182	5.51675184408459e-08	1.49911734893603e-07
"hsa-miR-200a-3p"	-5.87451948574317	4.23822369518487	98.2444778579833	3.69790159049425e-23	3.36172871863113e-22
"hsa-miR-200b-3p"	-3.33857619124489	4.75761323281657	58.5760964677015	1.95578237403957e-14	8.97147877999802e-14
"hsa-miR-200c-3p"	-6.24493363635779	4.57227676139383	144.367434738533	2.95295918039223e-33	4.7628373877294e-32
"hsa-miR-204-5p"	8.35883995121106	8.57843978242897	81.8785323710465	1.44712640896066e-19	1.00494889511157e-18
"hsa-miR-205-5p"	4.52506168788167	2.32980435674398	6.55201733477741	0.0104765308598698	0.015316565584605
"hsa-miR-20a-3p"	-0.0341232216778658	3.14354842296872	0.00333623851192755	0.953939656136784	0.955851358854493
"hsa-miR-20a-5p"	-1.90584031795741	10.168968688133	25.0517657181231	5.58116236546865e-07	1.34810685156248e-06
"hsa-miR-20b-5p"	-8.50873372420923	5.38666886282643	202.529137975179	5.86049462469674e-46	1.72367488961669e-44
"hsa-miR-21-3p"	0.0751768736298821	12.3870409640814	0.0135512199552466	0.907327842381851	0.91464500240106
"hsa-miR-21-5p"	0.827209227476063	16.0659862804594	3.23546542195481	0.0720598256439748	0.0900747820549685
"hsa-miR-210-3p"	0.158546153074394	6.64139381231291	0.1130011898886	0.736752856915296	0.762684116889541
"hsa-miR-210-5p"	-1.11913039782955	3.79610379674768	2.46165722970084	0.116655644704139	0.141916842705766
"hsa-miR-2110"	-0.847258265776513	3.59513404014532	4.33255599643284	0.0373900586269092	0.04932725412521
"hsa-miR-2110-3p"	-0.37380357662208	4.00657159075956	0.603815417542341	0.437125963222528	0.482478988104335
"hsa-miR-2116-3p"	0.650057651481924	3.65381705782616	1.76358747995349	0.184177674074712	0.216409271328805
"hsa-miR-212-3p"	-1.05979886143061	2.78579310992453	2.00387559717128	0.156897593531294	0.186782849442017
"hsa-miR-212-5p"	0.863592669562053	2.67636463769212	1.36362123915665	0.242910873872949	0.279851237180817
"hsa-miR-214-3p"	3.58011329343177	3.29854071923499	6.4200870447275	0.0112836630325778	0.0164006730124678
"hsa-miR-214-5p"	3.25397815963648	2.1749405379384	4.24222405329813	0.0394304814163729	0.0517460386041639
"hsa-miR-215-5p"	-1.28893510927159	3.79252429154577	7.23608017002068	0.00714528082412183	0.0107424129121911
"hsa-miR-216a-3p"	10.5283982129931	6.87509442814185	67.5370513095485	2.06764735260429e-16	1.14869297366905e-15
"hsa-miR-216a-5p"	10.0801751716365	6.43769494224133	83.7311002824971	5.66864057837378e-20	4.23032878983118e-19
"hsa-miR-217"	10.1511731893048	6.50646054495529	55.039500938756	1.18131664023955e-13	5.27373500106941e-13
"hsa-miR-218-1-3p"	7.26195714381026	3.82184430437267	32.6252289396944	1.11754657801368e-08	3.26768005267157e-08
"hsa-miR-218-5p"	6.8922835143325	5.85214001136456	38.0895383724561	6.75714607442242e-10	2.2227454192179e-09
"hsa-miR-219a-1-3p"	1.95751489745438	2.35824687521327	5.376932472371	0.020404724838676	0.0283398956092722
"hsa-miR-22-3p"	4.10253080470448	16.1457091102685	126.817828746404	2.03633279968551e-29	2.61068307651988e-28
"hsa-miR-22-5p"	2.93759957436111	6.0492719339589	53.2653103526973	2.91407376090273e-13	1.26698859169684e-12
"hsa-miR-221-3p"	0.886459575752931	13.0953855557024	6.11025837606411	0.0134399479802155	0.0193659192798494
"hsa-miR-221-5p"	2.25624057699122	9.12469935202638	18.7294881579656	1.50634935816833e-05	3.04929019872131e-05
"hsa-miR-222-3p"	3.46999887981033	13.6158110027082	101.085224702028	8.81096877238527e-24	8.63820467880908e-23
"hsa-miR-222-5p"	3.90621014871331	6.48458040280143	33.3635829060646	7.64420526869034e-09	2.26159919192022e-08
"hsa-miR-223-3p"	-12.9019029628948	9.11133132616076	383.667915870298	1.97882904264005e-85	4.94707260660013e-83
"hsa-miR-223-5p"	-9.6397935482676	4.80496244163909	224.388234340645	9.98250820523118e-51	4.15937841884632e-49
"hsa-miR-224-5p"	7.21504895318396	8.09884032558652	77.6723509757603	1.21632109108e-18	7.89818890311691e-18
"hsa-miR-2277-5p"	0.985943443568167	3.4603838816842	4.88603627978546	0.0270747769723132	0.0367863817558603
"hsa-miR-2355-3p"	0.865746890080889	2.86735346329958	2.10282727491594	0.147027052586116	0.175869680126933
"hsa-miR-2355-5p"	-0.10198479590041	4.99293888508592	0.0671087194429685	0.795593956615336	0.815157742433746
"hsa-miR-23a-3p"	2.2613883642898	10.6546074681847	62.2570940167761	3.01421185568541e-15	1.53786319167623e-14
"hsa-miR-23a-5p"	0.198870340039581	5.3769213262329	0.196689068904172	0.657406712706486	0.691691492220089
"hsa-miR-23b-3p"	1.9022926783514	8.43274007451799	25.8071380564636	3.77290569041935e-07	9.3853375383566e-07
"hsa-miR-24-2-5p"	3.54005189605684	7.07326231167399	89.899684662652	2.50546945978176e-21	2.02053988692078e-20
"hsa-miR-24-3p"	0.684373235357409	9.50788591020706	4.63714469756885	0.0312870160715042	0.0417160214286723
"hsa-miR-2467-5p"	0.9183159018654	3.70641785853765	3.24883081310673	0.0714744248163251	0.0895669483913848
"hsa-miR-25-3p"	-2.80746084876516	12.5255925835945	119.827652534722	6.90026463960805e-28	8.62533079951006e-27
"hsa-miR-25-5p"	0.251905157661678	4.80453144125928	0.434563922210121	0.509757956562972	0.55500777197893
"hsa-miR-2682-3p"	7.17807476115628	3.75069873302407	29.7192992037245	4.99352074678329e-08	1.36434993081511e-07
"hsa-miR-2682-5p"	8.84148295304298	5.25013480776874	61.4804317552785	4.47165271391291e-15	2.23582635695645e-14
"hsa-miR-26a-1-3p"	5.93683844522583	2.77273134422306	14.8926060682446	0.000113808185635326	0.00020918259487353
"hsa-miR-26a-2-3p"	0.482849924706312	4.72031040967031	0.903726170082859	0.34178454899137	0.383166534743689
"hsa-miR-26a-5p"	-2.98233969051695	15.4758665152605	96.9880662695298	6.97464405754909e-23	6.22736076566883e-22
"hsa-miR-26b-3p"	-1.00681652284081	5.48440751501532	10.1661121891095	0.00143045597462795	0.00227779613794259
"hsa-miR-26b-5p"	-3.76865482655283	12.8672085499856	143.587447232518	4.37310756637187e-33	6.6259205551089e-32
"hsa-miR-27a-3p"	2.09894269320737	12.1253973746848	25.5491550796887	4.31254858219869e-07	1.05699720151929e-06
"hsa-miR-27a-5p"	0.46885325676515	6.67752008978437	2.65690385194034	0.103101247254655	0.127285490437845
"hsa-miR-27b-3p"	-0.216548685862892	13.2276720353567	0.360657455289044	0.548141328231535	0.588134472351432
"hsa-miR-27b-5p"	1.22830426777372	5.59652883210849	7.52209476700418	0.00609467661683517	0.00929066557444385
"hsa-miR-28-3p"	-2.71287567964931	13.5429485669432	100.652810809605	1.09606025185711e-23	1.05390408832414e-22
"hsa-miR-28-5p"	-1.40306136107528	9.85993767526544	18.5536296316602	1.65190378384709e-05	3.3170758711789e-05
"hsa-miR-299-3p"	7.46802503306372	4.00139655790401	24.1663576068849	8.83624353020829e-07	2.04542674310377e-06
"hsa-miR-29a-3p"	-2.05532287787287	13.1036153136832	41.499632530571	1.17893086121419e-10	4.1221358783713e-10
"hsa-miR-29a-5p"	1.32424500104304	5.21251328615351	11.3851405240733	0.000740339520595806	0.00123802595417359
"hsa-miR-29b-1-5p"	-0.384205364643831	3.74432656196986	0.573251157131892	0.448969877742624	0.493373492024862
"hsa-miR-29b-3p"	-2.18654516111936	9.08747353307228	28.6511883541663	8.66607944766141e-08	2.30480836373974e-07
"hsa-miR-29c-3p"	-4.4413572323617	11.0494647491331	102.238487629774	4.92242003353824e-24	4.92242003353824e-23
"hsa-miR-29c-5p"	-2.61361019797746	5.77834124938525	60.156347788243	8.76138818595366e-15	4.17208961235889e-14
"hsa-miR-301a-3p"	1.49056230758919	7.95919915631453	6.81081430136519	0.00906074365509317	0.0134034669454041
"hsa-miR-301b-3p"	3.62443097458	6.93622520172779	42.4177272065436	7.37188338511047e-11	2.61414304436542e-10
"hsa-miR-30a-3p"	5.51540455417634	8.18061814933824	106.489371121027	5.76006115474495e-25	6.00006370285932e-24
"hsa-miR-30a-5p"	3.0279455151115	13.8713645743234	34.363633952555	4.57186421573524e-09	1.41106920238742e-08
"hsa-miR-30b-3p"	-2.38030523638505	3.13226773364538	24.3004909945637	8.24180512160729e-07	1.91669886549007e-06
"hsa-miR-30b-5p"	-3.19924891427432	10.7567666402094	60.7231341523007	6.56935712308642e-15	3.25215699162694e-14
"hsa-miR-30c-1-3p"	-1.01780704808866	4.35279778663397	6.30341952171498	0.0120505298665285	0.017464536038447
"hsa-miR-30c-2-3p"	7.56636263205344	5.10254863255437	83.1187455454195	7.72694582555591e-20	5.5992361054753e-19
"hsa-miR-30c-5p"	-0.725163370436373	11.5564637616115	4.55525160776251	0.0328179415575847	0.0435251214291574
"hsa-miR-30d-3p"	-1.86588959847625	6.50529281401206	21.1158303442373	4.32341769181996e-06	9.2380719910683e-06
"hsa-miR-30d-5p"	-2.7780415792762	13.3275405523626	109.357119650122	1.35529962480742e-25	1.47315176609502e-24
"hsa-miR-30e-3p"	-4.07519915874694	9.15125308523176	32.0541199916892	1.4993677698413e-08	4.30852807425662e-08
"hsa-miR-30e-5p"	-2.78111229101336	13.2567147763656	36.3763099238517	1.62668441575718e-09	5.24736908308768e-09
"hsa-miR-31-3p"	9.49367411082103	6.9929202379854	152.712008228147	4.42805962438882e-35	8.20011041553485e-34
"hsa-miR-31-5p"	10.634415308794	12.003334287742	402.986881953959	1.23234970997447e-89	6.16174854987234e-87
"hsa-miR-3117-3p"	6.2563300785997	3.0051246664776	14.155878706742	0.000168270485162485	0.000301560009251766
"hsa-miR-3129-3p"	2.10499806153312	2.40304033174541	5.20019999588382	0.0225842895733073	0.03102237578751
"hsa-miR-3150b-3p"	-9.82219955317901	4.98486591835903	251.521073256494	1.21014089193854e-56	8.64386351384675e-55
"hsa-miR-3152-5p"	7.39171503004001	3.93426059011783	34.4524346891964	4.36796065004884e-09	1.36498770314026e-08
"hsa-miR-3158-3p"	0.55180286543998	3.94109981951295	2.00787465526504	0.156484407356559	0.186735569637899
"hsa-miR-3168"	4.67087582486268	2.67017719555462	13.5606962559101	0.000230971402971087	0.000402389203782382
"hsa-miR-3174"	3.31145403555899	2.48543499521539	10.5588337243865	0.00115634132121586	0.00186846110151327
"hsa-miR-3176"	1.36588507416777	4.64736599505156	5.64257029272486	0.0175294904693267	0.0247591673295575
"hsa-miR-32-3p"	-1.21569399305577	3.10400263368228	4.11887103302111	0.0424073693578089	0.0555070279552473
"hsa-miR-32-5p"	-5.11990445977701	7.10050128620359	45.5891290262145	1.45848794412652e-11	5.48303738393429e-11
"hsa-miR-3200-3p"	4.16304661536179	4.39666787382977	33.526567645893	7.02971816167732e-09	2.10470603643034e-08
"hsa-miR-320a"	0.0921007325971661	10.6826727267165	0.0558312581241438	0.813210447138983	0.828116544948048
"hsa-miR-320b"	-2.52839790326856	3.233361918396	34.0213148968854	5.45116353879184e-09	1.65186773902783e-08
"hsa-miR-323a-3p"	5.38956544296664	4.09927238306417	30.4108578917503	3.49566037705164e-08	9.60346257431769e-08
"hsa-miR-323b-3p"	6.84081519708273	3.46863394127113	19.9433057545508	7.97727701357144e-06	1.64819773007674e-05
"hsa-miR-324-3p"	0.754702126841395	5.44695019178864	3.97584424880655	0.0461573094097944	0.0599445576750576
"hsa-miR-324-5p"	-0.172532792758389	4.91947485367271	0.274356824494019	0.600424038145869	0.640110914867664
"hsa-miR-326"	5.79559248274918	6.66722462594675	64.3609204764807	1.0359261831807e-15	5.39544887073283e-15
"hsa-miR-328-3p"	-1.3695879067936	5.54106713113753	9.21455696131487	0.00240098307587828	0.00378378280332541
"hsa-miR-329-3p"	6.88171346992985	3.50422577167142	23.4870205732022	1.25759321422111e-06	2.87065501157328e-06
"hsa-miR-330-3p"	0.0840028219602253	4.7495741595962	0.055932943721543	0.813043569344926	0.828116544948048
"hsa-miR-330-5p"	1.00184827493994	6.2170701059709	5.34408340513079	0.0207927124331796	0.0286502549185335
"hsa-miR-331-3p"	3.01709258193719	8.72553688107087	45.0936396188183	1.87834475536425e-11	7.00874908718004e-11
"hsa-miR-331-5p"	0.865099817065337	4.13839648153442	4.75603229835116	0.0291957754551903	0.0393252459503613
"hsa-miR-335-3p"	-1.21695065269944	6.71484018744563	2.35280555110095	0.125057757698052	0.151401643702242
"hsa-miR-335-5p"	-2.27718733729773	4.97441632415752	8.76435149036681	0.00307175279135402	0.00476980247104661
"hsa-miR-337-3p"	7.316840311156	3.86999141766025	31.4224234591422	2.07569807368083e-08	5.86355388045432e-08
"hsa-miR-337-5p"	5.41702087444024	2.40705390747903	13.7660049161714	0.00020704918227217	0.000364523208225652
"hsa-miR-338-3p"	0.570628574904548	5.32227456035564	0.513190519709907	0.473760956729242	0.517206284638911
"hsa-miR-338-5p"	2.33495413425773	3.27250387433352	9.39916333826128	0.00217084483136838	0.00343488106229174
"hsa-miR-339-3p"	-1.84389127874854	8.11116819307632	60.0855637311552	9.08220443107582e-15	4.28405869390369e-14
"hsa-miR-339-5p"	0.0660022826378665	6.94246586601896	0.0286552044463839	0.865577600646727	0.877867749134611
"hsa-miR-33a-3p"	-1.26204213872606	3.39005033988055	6.57809606135525	0.0103241264668101	0.0151380153472289
"hsa-miR-33a-5p"	1.06018150027694	4.91831974108618	2.72776025485323	0.0986174975083118	0.122354215270858
"hsa-miR-33b-3p"	-0.150179808230129	3.36810183601779	0.100694118094985	0.75099824994372	0.774172676482797
"hsa-miR-33b-5p"	0.715963807545226	3.93539413187549	1.9383060427914	0.163852579419346	0.194138127274106
"hsa-miR-340-3p"	0.805183012015354	4.43851188312047	3.3600373420916	0.0667965538014668	0.0845525997486921
"hsa-miR-340-5p"	-0.761189232360409	9.15493522869404	2.92362725660439	0.0872914381813887	0.108842192246121
"hsa-miR-342-3p"	-4.93715224391715	11.1922934793202	294.82075375727	4.42778973576993e-66	3.68982477980827e-64
"hsa-miR-342-5p"	-4.646413872707	5.68570336849134	188.532909090274	6.64617339412802e-43	1.58242223669715e-41
"hsa-miR-345-5p"	2.32264404042421	9.68272619333195	58.2347441207336	2.32634022404646e-14	1.05742737456657e-13
"hsa-miR-34a-3p"	5.17066971721607	4.11882073468095	45.6345736769037	1.42503948811136e-11	5.43908201569223e-11
"hsa-miR-34a-5p"	4.76748792499632	8.95517587649429	106.238920376476	6.5360279114268e-25	6.6694162361498e-24
"hsa-miR-34c-5p"	3.79416211892152	3.55442414862759	8.82471914028792	0.00297177128351702	0.00462892723289255
"hsa-miR-3605-3p"	0.389299493544927	3.18040157718538	0.725709782586195	0.394277359562165	0.436147521639563
"hsa-miR-3605-5p"	1.55176624791221	2.9583818080614	5.36282482589209	0.0205704274661183	0.0284908967674769
"hsa-miR-3607-3p"	-3.30943504658626	7.45278563205499	27.1517588151885	1.88094001136765e-07	4.89828127960327e-07
"hsa-miR-3609"	-8.99386855445289	5.00980575209288	111.879469114859	3.79706613100306e-26	4.21896236778118e-25
"hsa-miR-361-3p"	-4.81195420930161	10.4933321794841	193.702947467393	4.9442167509689e-44	1.23605418774223e-42
"hsa-miR-361-5p"	-1.849742809109	8.64751255743051	46.0903034632365	1.12925979767598e-11	4.34330691413838e-11
"hsa-miR-3613-3p"	-0.2757208319972	2.60595609837814	0.130441139296597	0.71797508841809	0.746335850746455
"hsa-miR-3613-5p"	-0.690123832757481	4.34592746504633	1.51590465930211	0.218240293879465	0.252592932730862
"hsa-miR-3614-5p"	-2.89749260998731	2.3347183628529	10.9688197382226	0.000926577559380447	0.00153191595098013
"hsa-miR-3615"	-3.614139509626	5.52756087497213	81.4520487728598	1.79565960912349e-19	1.21328351967804e-18
"hsa-miR-362-3p"	-2.01144647263565	2.7493372337202	4.77862436645798	0.0288151306465605	0.0389393657385953
"hsa-miR-362-5p"	-2.36722692954987	5.28267335238108	14.1167988742385	0.00017180260403939	0.000306790364356054
"hsa-miR-363-3p"	-11.5144940646834	9.27047764992805	363.777503534545	4.23696794659772e-81	7.06161324432954e-79
"hsa-miR-3651"	-2.38759181897851	3.97660739278072	14.8858965893119	0.000114213696800947	0.00020918259487353
"hsa-miR-3653-3p"	-4.89015201216672	3.17701813391181	52.7805561543922	3.72975380449245e-13	1.6076525019364e-12
"hsa-miR-3653-5p"	-6.15795090319612	3.30231424261936	69.9336560160968	6.13329927907501e-17	3.52488464314655e-16
"hsa-miR-365a-3p"	3.42821135074422	5.788389371567	67.7864872633408	1.821938467949e-16	1.02356093705e-15
"hsa-miR-365b-3p"	3.42821135074422	5.788389371567	67.7864872633408	1.821938467949e-16	1.02356093705e-15
"hsa-miR-365b-5p"	3.66948609166403	3.10736979320955	17.3866509024996	3.04960291418396e-05	5.97961355722345e-05
"hsa-miR-3661"	2.05667217132345	3.74220481773309	14.4715433720353	0.000142292988118324	0.000257583263435345
"hsa-miR-3677-3p"	3.38804671277037	3.62661738321831	14.4812537195613	0.000141561335279477	0.000257384245962686
"hsa-miR-3681-5p"	-6.85096781555416	2.34218240645744	62.721018807418	2.38160399773732e-15	1.22763092666872e-14
"hsa-miR-3688-3p"	-0.352616189772521	2.27528240328064	0.178045012293875	0.673058737083119	0.702566531402004
"hsa-miR-369-3p"	5.59667161146457	4.20838836884884	27.0092328803546	2.0248595494394e-07	5.19194756266512e-07
"hsa-miR-369-5p"	7.07493398783091	3.661501451409	25.7287594560683	3.92927760075753e-07	9.67802364718603e-07
"hsa-miR-370-3p"	6.65304573188117	4.2744090228513	25.2607421708764	5.0079870431799e-07	1.22146025443412e-06
"hsa-miR-374a-3p"	0.39911150041647	7.95923827881493	0.386842308155991	0.533963906215831	0.575392140318783
"hsa-miR-374a-5p"	-2.04919952143353	6.91415623766115	15.6934055233414	7.44834035054102e-05	0.00014106705209358
"hsa-miR-374b-3p"	0.864226476714546	4.23244389359452	2.67201682276314	0.102126533006723	0.126394224018222
"hsa-miR-374b-5p"	-0.766964027383019	6.11920413298869	4.00575295822777	0.0453452388530719	0.0590432797566041
"hsa-miR-376a-3p"	6.2958148994964	3.03714401150246	20.1868144814432	7.02353949297684e-06	1.46935972656419e-05
"hsa-miR-376a-5p"	6.8570627454707	3.4812077513807	21.6716268212277	3.23541566703037e-06	7.18981259340082e-06
"hsa-miR-376b-3p"	6.20719463457006	2.96868064201138	21.2326519336151	4.06775392221095e-06	8.84294330915423e-06
"hsa-miR-376c-3p"	7.40111628360784	4.74960996646181	43.0580539773388	5.31394123482357e-11	1.92534102710999e-10
"hsa-miR-377-3p"	4.36327257046544	2.45966097051221	12.2271261843657	0.000470996891597492	0.000803748961770465
"hsa-miR-377-5p"	6.31109601808917	3.04853284970265	27.532352933122	1.54488514206303e-07	4.06548721595535e-07
"hsa-miR-378a-3p"	-2.02568269704056	11.2969841835799	50.1648624359377	1.41356435359906e-12	5.84117501487215e-12
"hsa-miR-378a-5p"	-1.49895188171127	4.02312745166773	7.12627567744659	0.00759623484728896	0.0113716090528278
"hsa-miR-378c"	-4.96947269270499	3.90069660900238	60.4133804295289	7.68885365683736e-15	3.69656425809489e-14
"hsa-miR-378d"	-3.96058712525825	2.61168129988131	25.9265004405473	3.54666676555264e-07	8.86666691388161e-07
"hsa-miR-379-3p"	6.67711911964151	3.33841579405326	16.7481320525307	4.26842663589499e-05	8.24500787206939e-05
"hsa-miR-380-3p"	4.0524783880875	3.01645754924361	11.3020338150137	0.000774222357886318	0.00128608365097395
"hsa-miR-381-3p"	6.4471892596917	8.1826305037665	34.0948463053511	5.24901035250079e-09	1.60030803429902e-08
"hsa-miR-382-3p"	5.72770787439236	2.61831643071963	19.2766967585307	1.13078083955252e-05	2.31717385154205e-05
"hsa-miR-382-5p"	7.451221482952	3.98636910267697	37.105621020145	1.11900687576313e-09	3.63313920702314e-09
"hsa-miR-3909"	2.5290840526321	4.23951026942497	24.6064232366134	7.03169607106002e-07	1.66627868982465e-06
"hsa-miR-3912-3p"	-3.41628940261125	3.85857595647834	33.3912261383043	7.53631929677486e-09	2.24295217165919e-08
"hsa-miR-3940-3p"	0.990231142144714	2.87893945380476	2.12325507203216	0.145077919452635	0.174372499342109
"hsa-miR-409-3p"	6.03568459681786	8.66811902648445	59.7489034570483	1.07765198193993e-14	4.98912954601818e-14
"hsa-miR-409-5p"	6.66722001345103	6.39057161931569	25.7798897707424	3.82654797285769e-07	9.47165339816261e-07
"hsa-miR-410-3p"	4.74044387920481	7.43064441024667	21.0578619735015	4.45620654725476e-06	9.44111556621771e-06
"hsa-miR-411-3p"	7.24868554787798	3.81015361971537	21.1458172720861	4.25629208613233e-06	9.13367400457582e-06
"hsa-miR-411-5p"	5.72540652152738	8.27036951049648	31.2316510033182	2.29001773616938e-08	6.3966975870653e-08
"hsa-miR-421"	1.5483658987151	7.70754551428187	14.776549295678	0.000121031313847925	0.000220860061766287
"hsa-miR-423-3p"	0.165796013608006	11.7813650653412	0.432822664567723	0.510607150220616	0.55500777197893
"hsa-miR-423-5p"	-1.13552273643302	11.2288186706629	16.9936935320174	3.75041821789822e-05	7.32503558183246e-05
"hsa-miR-424-3p"	4.3914953738289	4.50183574166053	42.8557133009546	5.89297280225353e-11	2.10463314366198e-10
"hsa-miR-424-5p"	5.16403983425548	6.35154801573144	65.7319820341023	5.16607063638018e-16	2.7774573313872e-15
"hsa-miR-425-3p"	-1.73455311033944	5.0621306745929	16.6429796031987	4.51169838843411e-05	8.64310036098488e-05
"hsa-miR-425-5p"	-2.12961926748393	8.97743081328161	62.2273452364243	3.06009092166502e-15	1.54550046548739e-14
"hsa-miR-429"	-4.24767949163411	2.14938348726606	15.4767804400622	8.35250245017001e-05	0.000156413903561236
"hsa-miR-431-3p"	6.46115495534921	3.16432507823185	18.9422623726123	1.34734607943087e-05	2.73850829152616e-05
"hsa-miR-431-5p"	5.71197368449359	5.34593526634803	21.5894407051493	3.37705952773759e-06	7.4112522910514e-06
"hsa-miR-432-5p"	6.01753359879462	4.26665862736729	30.6906571507368	3.02618658454255e-08	8.35963144901256e-08
"hsa-miR-4326"	2.19390597764047	4.4411873217499	17.6956059651758	2.59224717012659e-05	5.12301812277982e-05
"hsa-miR-433-3p"	2.91517734637069	2.24067005750422	5.44756873965838	0.0195955790163185	0.0273681271177632
"hsa-miR-4424"	-7.55559155416888	4.12745716060988	64.3669587005105	1.03275627815457e-15	5.39544887073283e-15
"hsa-miR-4443"	-5.04332626237836	2.3180459383432	26.3892089476731	2.79095378306162e-07	7.11978005883065e-07
"hsa-miR-4464"	-8.2384360100366	3.4687304901989	52.3171112558285	4.72241625684037e-13	2.01812660548734e-12
"hsa-miR-4482-3p"	-3.54688312259644	2.70320446082605	8.44597655646952	0.00365851929363874	0.00566334255981229
"hsa-miR-4485-3p"	-2.28684543871416	2.17412051257178	7.78818198943593	0.0052589086784666	0.00804114476829755
"hsa-miR-450a-5p"	5.05929841432401	5.78846218485838	51.1863514680784	8.40006432144001e-13	3.55934928874577e-12
"hsa-miR-450b-5p"	5.54035708087642	6.71004475777805	48.4062279120009	3.46466113879822e-12	1.38586445551929e-11
"hsa-miR-451a"	-6.90534887000058	5.85294141774331	45.5927090466467	1.4558246803817e-11	5.48303738393429e-11
"hsa-miR-452-3p"	7.72152753410522	4.22346281567017	44.2416808859048	2.90235196485767e-11	1.05925254191886e-10
"hsa-miR-452-5p"	7.91971426671814	6.25079052145535	70.6662923431612	4.23059443087138e-17	2.48858495933611e-16
"hsa-miR-4521"	2.58695827341317	4.28385607785334	11.6994609256497	0.000625182073558975	0.00105249507333161
"hsa-miR-454-3p"	-0.387880441404042	7.27619915917886	1.07541818636314	0.299724804867047	0.338289847479737
"hsa-miR-454-5p"	0.804507785032574	4.56046746845806	3.83714431650191	0.0501288312588351	0.064599009354169
"hsa-miR-455-3p"	7.82776692168871	7.61887160943411	93.1054252886573	4.95816391398509e-22	4.13180326165424e-21
"hsa-miR-455-5p"	5.77055153383673	7.16124154243136	99.5950359971052	1.86972495918798e-23	1.76389147093205e-22
"hsa-miR-4645-3p"	0.166939004660516	3.90022225067167	0.190536015706451	0.66247087029363	0.693252944255718
"hsa-miR-4661-5p"	-1.95666273830501	3.04207309819512	2.50315581457555	0.113618419224821	0.138559047835147
"hsa-miR-4662a-5p"	-3.25794299962856	3.99877629426706	21.2932775927584	3.94111161957064e-06	8.60504720430271e-06
"hsa-miR-4677-3p"	-0.523965310354735	5.53255047936848	2.31051445079558	0.128501513908898	0.155195065107365
"hsa-miR-4746-5p"	0.0682718439285672	2.90254156664765	0.00659990246471054	0.935251261199137	0.93900729036058
"hsa-miR-4775"	2.3606573656826	4.51961845332234	10.1974928771167	0.00140631719428559	0.00224651308991308
"hsa-miR-483-5p"	2.59995221385636	1.73440410368194	2.50845244310411	0.113237083180818	0.13843164203034
"hsa-miR-484"	0.124285546413514	10.0540978606107	0.23516426286864	0.627720765536466	0.66495843806829
"hsa-miR-485-3p"	5.94609471206482	4.07868279358719	30.8812921914599	2.74303273067649e-08	7.61953536299024e-08
"hsa-miR-485-5p"	4.95593134722021	2.87614483272729	19.9960988807715	7.76003198057136e-06	1.6166733292857e-05
"hsa-miR-486-3p"	-7.16078101755142	6.57480964907002	80.6663462469853	2.67234774224591e-19	1.78156516149727e-18
"hsa-miR-486-5p"	-8.99102710473736	14.3982470540694	154.207684737289	2.08613180210204e-35	4.0117919271193e-34
"hsa-miR-487a-3p"	4.17819552587383	2.77540957114081	11.3139202003638	0.000769281843452695	0.00128213640575449
"hsa-miR-487b-3p"	7.23244651008726	5.26538385710633	38.5903458102151	5.22768669094626e-10	1.74256223031542e-09
"hsa-miR-493-3p"	5.53783366251322	3.33202209779512	15.5805091955586	7.90654273849025e-05	0.000149180051669627
"hsa-miR-493-5p"	3.90193584654439	3.20616915448976	13.2241541472288	0.000276364414493095	0.000479799330717179
"hsa-miR-494-3p"	6.37431290083041	4.58559253705068	33.6555350412714	6.57874157232979e-09	1.9815486663644e-08
"hsa-miR-495-3p"	6.04472990468361	3.74053623669083	39.5748922475501	3.15716384932799e-10	1.06660940855675e-09
"hsa-miR-496"	2.76562173209602	1.91191155866821	5.09532343679881	0.0239904398842329	0.0327738249784602
"hsa-miR-497-5p"	3.58497350093281	8.24491483299128	22.9907160353432	1.62785631646015e-06	3.68293284267003e-06
"hsa-miR-5000-3p"	-3.68138808169256	2.82112355997066	24.6100757546866	7.01838084139564e-07	1.66627868982465e-06
"hsa-miR-500a-3p"	-0.553933135387946	9.31962255918121	1.26521436656534	0.260666385052514	0.298245291822098
"hsa-miR-500b-3p"	0.958006420682538	2.52402956416323	1.55350647387659	0.21261853602509	0.247807151544394
"hsa-miR-501-3p"	-0.381524435668604	8.279909833558	0.569106420316608	0.450614219763954	0.494094539214861
"hsa-miR-501-5p"	1.9132790088096	3.9787243745753	10.9615383830458	0.00093022557196464	0.00153191595098013
"hsa-miR-502-3p"	2.74384882414551	4.87828896053491	22.0542225266495	2.65055965423547e-06	5.96972895098079e-06
"hsa-miR-502-5p"	0.22755036450147	2.55476474367561	0.0994456923483185	0.752495841541279	0.774172676482797
"hsa-miR-503-5p"	6.16513714032025	3.65854951982935	33.1897825111797	8.35885987750769e-09	2.45848819926697e-08
"hsa-miR-505-3p"	2.38890159243805	7.18921233349166	35.9037172861579	2.07312813761604e-09	6.60231890960521e-09
"hsa-miR-505-5p"	2.13711138962013	3.04740957109761	11.6375243201075	0.000646345686970329	0.00108447262914485
"hsa-miR-515-5p"	3.67608604731999	1.48952033466555	2.45638497114119	0.117047888679441	0.142048408591554
"hsa-miR-5196-3p"	-8.30947668259945	3.53637060002848	157.689345106527	3.61843613047513e-36	7.23687226095026e-35
"hsa-miR-532-3p"	0.418144716064334	5.66677714690426	0.594889999150725	0.440534391808261	0.485170035031124
"hsa-miR-532-5p"	-1.77581414282395	9.65617462420106	24.668047108939	6.81039980669897e-07	1.62928225040645e-06
"hsa-miR-539-3p"	7.31030294223773	4.66578117460603	25.9986743711018	3.41651870535547e-07	8.61970951634993e-07
"hsa-miR-542-3p"	4.30299833446955	4.33385082717177	29.3270025425192	6.11377883890501e-08	1.65237265916352e-07
"hsa-miR-542-5p"	4.68677208504221	2.52569263431695	14.9698135861292	0.000109244853485454	0.000201558770268365
"hsa-miR-543"	5.56432290579134	3.17116349608629	21.1823689799646	4.1758839242746e-06	8.99974983679872e-06
"hsa-miR-548ar-3p"	1.92258385594121	1.88975072441603	1.41481149524812	0.234259296948409	0.270507271303013
"hsa-miR-548e-3p"	-0.967829042676639	5.64104449218686	4.99045291646765	0.0254875368107544	0.0347241645923085
"hsa-miR-548e-5p"	-1.24469052969586	4.30293417831268	9.21036592940918	0.00240648586291496	0.00378378280332541
"hsa-miR-548h-5p"	2.72875233953212	2.19374863406439	3.70642138333541	0.0542034865140755	0.0694916493770199
"hsa-miR-548k"	0.703677536023577	6.26470977572872	3.62424760631259	0.0569433143458028	0.0726317785022995
"hsa-miR-548n"	2.34570318949991	2.71070805821262	7.5105335657221	0.00613391982285129	0.00930698443333413
"hsa-miR-548o-3p"	0.68199154083662	4.79041074308085	1.94802432667026	0.162799907508847	0.193349058799105
"hsa-miR-548s"	1.09650479980348	2.25849588641756	1.53492025101089	0.215375502182192	0.250069178891639
"hsa-miR-550a-3p"	0.379769636879023	3.65421490563945	0.302461316532836	0.582343495049064	0.622161853684897
"hsa-miR-550a-5p"	2.46838897874109	3.53305404494584	13.0558657604729	0.000302336049880115	0.000521269051517439
"hsa-miR-551a"	4.5463766545696	2.58743686355703	6.96400942565213	0.00831654615505464	0.0124127554553054
"hsa-miR-556-5p"	4.16882738304832	2.35425545688922	8.84810718573339	0.00293392995461977	0.0045842655540934
"hsa-miR-561-5p"	7.91742985254671	6.45460240727422	76.007643116953	2.82568907233517e-18	1.78841080527543e-17
"hsa-miR-5690"	-0.621859644455332	2.5429662109224	0.828103630239598	0.362821457861777	0.404934662792162
"hsa-miR-574-3p"	4.98093538438648	8.55821353704697	161.348898888385	5.74034070609389e-37	1.24790015349867e-35
"hsa-miR-574-5p"	6.7486730451374	3.39442417439413	35.642633461251	2.37042562541834e-09	7.50134691588082e-09
"hsa-miR-576-3p"	1.45876123868786	2.85825877041444	5.34346535636616	0.0208000850708554	0.0286502549185335
"hsa-miR-576-5p"	-1.67630052939968	6.01419959830782	16.8585357530928	4.02718033609134e-05	7.83498119862128e-05
"hsa-miR-577"	-12.0226844813192	7.17223325665746	317.581438074715	4.87217126640899e-71	6.09021408301123e-69
"hsa-miR-582-3p"	-0.189444801884752	7.57635082067594	0.109681064618364	0.74050753169128	0.764987119515785
"hsa-miR-582-5p"	-0.369988003982062	6.70709572564561	0.397935311278955	0.528157478970124	0.570364448131883
"hsa-miR-584-5p"	3.76517485866392	6.99051114033752	36.1905020902615	1.78940544885129e-09	5.73527387452338e-09
"hsa-miR-589-3p"	3.28657580901898	5.28559043429579	39.7783215479079	2.84485263308069e-10	9.67636950027447e-10
"hsa-miR-589-5p"	-0.652800262307209	7.70056131445236	3.76747607291068	0.0522584313206909	0.0671702202065436
"hsa-miR-590-3p"	-0.506044471047781	6.00529787376985	0.80739092859511	0.36889274944565	0.410793707623219
"hsa-miR-598-3p"	-2.49059015668712	6.00845091800504	46.1982006759296	1.06875086601061e-11	4.17480807035394e-11
"hsa-miR-616-5p"	-1.87596459844506	3.59428985119961	21.0804957145998	4.40387891272741e-06	9.36995513346258e-06
"hsa-miR-624-5p"	0.92923176475125	2.93741074545005	2.58634364471582	0.10778890512118	0.132744957045788
"hsa-miR-625-3p"	-1.26798138823426	5.70988084697481	10.862451346277	0.000981337107389905	0.00160349200553906
"hsa-miR-625-5p"	-0.188391785832968	4.81389955679396	0.195405933552074	0.658454881852306	0.691691492220089
"hsa-miR-628-3p"	-0.936366297632634	3.21165305743822	3.30188336015687	0.0692004990032986	0.0869617135643714
"hsa-miR-628-5p"	-0.0779095521966143	3.74067124678158	0.0278530645316781	0.867454733585718	0.877990621038177
"hsa-miR-629-3p"	-0.25101905758686	3.03557918784477	0.259587862761925	0.610403440024145	0.649365361727814
"hsa-miR-629-5p"	-2.17668794167567	5.77930386374946	19.3258196961819	1.10205989289559e-05	2.26761294834484e-05
"hsa-miR-641"	0.135116176762677	4.28200325370856	0.118870021442741	0.730263288331391	0.757534531464099
"hsa-miR-650-3p"	-6.31435927910747	2.00115043051534	34.1994519955627	4.97429593496078e-09	1.52585764876098e-08
"hsa-miR-651-5p"	-5.07542937226593	3.54217121660078	27.3772885488317	1.67385593552909e-07	4.38182182075679e-07
"hsa-miR-6511a-3p"	1.1636888781044	2.55702430930522	2.22677491460456	0.135636705298088	0.163417717226612
"hsa-miR-6516-3p"	-3.82889880037072	4.20609104945774	34.4079720982334	4.4688907844392e-09	1.38785428088174e-08
"hsa-miR-652-3p"	-2.3542703312178	7.04462709821937	73.8522300219374	8.41892414215808e-18	5.19686675441857e-17
"hsa-miR-652-5p"	-0.380657553287248	3.30975735403312	0.560094669473928	0.454222101316186	0.496960723540685
"hsa-miR-654-3p"	6.97117769092494	8.54486591413061	49.7650112827495	1.73307137800061e-12	7.10275154918281e-12
"hsa-miR-655-3p"	3.73446748100564	2.0768918546747	6.76748992798203	0.00928333100637366	0.01369222862297
"hsa-miR-656-3p"	6.11369364146519	2.89487967532612	16.204477162519	5.68595754005666e-05	0.000108510640077417
"hsa-miR-659-5p"	-3.30678491491457	4.29155833480579	94.2363143003879	2.80016100489293e-22	2.41393190076977e-21
"hsa-miR-660-5p"	-1.08400945801785	8.38818142637888	16.747026677789	4.27091407773195e-05	8.24500787206939e-05
"hsa-miR-664a-3p"	-4.01254707535242	6.77681169507474	98.6950408697882	2.94538770528957e-23	2.72721083823108e-22
"hsa-miR-664a-5p"	-5.09855542924941	4.34485103126555	107.442378722185	3.56109892027729e-25	3.78840310667797e-24
"hsa-miR-664b-3p"	-3.26740401210611	3.23195865736771	25.9907087995105	3.43064438750727e-07	8.61970951634993e-07
"hsa-miR-665"	6.84104886174939	3.46834963075679	20.6916687266999	5.39502288101419e-06	1.13340816828029e-05
"hsa-miR-671-3p"	0.901121063315856	6.90294186508369	5.39526377448934	0.0201914733138293	0.028121829127896
"hsa-miR-671-5p"	2.60067511816032	5.03002027855635	31.4788396086139	2.01625567642248e-08	5.72799908074569e-08
"hsa-miR-6716-3p"	5.68585402162619	2.58848061107894	15.550548953769	8.0328319862851e-05	0.000150993082448968
"hsa-miR-6842-3p"	-7.70540608627957	5.49344231157717	246.722058836727	1.34610502261655e-55	8.41315639135343e-54
"hsa-miR-7-1-3p"	-3.02807622721805	5.44529589817583	59.782481204058	1.05942202161812e-14	4.95057019447719e-14
"hsa-miR-7-5p"	-1.08436104899313	5.68620896127561	3.54818100735215	0.05961076431731	0.0758406670703689
"hsa-miR-708-3p"	-4.9351560505485	3.25789817835605	10.9244519598089	0.000949032731921565	0.00155579136380584
"hsa-miR-708-5p"	-5.11823486881127	3.52656976535782	10.2351723685917	0.001377877363397	0.0022081368003157
"hsa-miR-744-3p"	1.81345935861814	3.538053743411	10.5554726228332	0.00115844588293822	0.00186846110151327
"hsa-miR-744-5p"	1.87683412714498	7.79987405704925	32.2220795303849	1.37519085244451e-08	3.97454003596678e-08
"hsa-miR-758-3p"	7.09257476668851	5.26390944456074	24.8590459808623	6.16789290905611e-07	1.48266656467695e-06
"hsa-miR-760"	0.902392885530333	2.49746447160594	1.7619562367162	0.184380699172142	0.216409271328805
"hsa-miR-766-3p"	-2.37413947934691	5.89266565620127	53.7694121858232	2.25455557577942e-13	9.97590962734258e-13
"hsa-miR-769-3p"	4.05356372733483	2.58353083132684	14.1009032423183	0.000173260562938588	0.000307637614651779
"hsa-miR-769-5p"	0.149953350390902	9.99633202136239	0.419555491559453	0.517158928686934	0.560909900961968
"hsa-miR-7705"	0.123040312201476	3.21736932784099	0.0644048106043718	0.799664730519725	0.817653098690925
"hsa-miR-7706"	-1.7840079518688	6.4013499533511	19.0596592777878	1.26694865405491e-05	2.58560949807123e-05
"hsa-miR-7974"	3.09420563006806	6.11121129782138	24.3340570149119	8.09943165503274e-07	1.89239057360578e-06
"hsa-miR-7976"	2.81304023036708	3.44337319349665	10.9591906469574	0.000931404898195919	0.00153191595098013
"hsa-miR-874-3p"	1.91629576851993	7.49186884284814	14.4661484438171	0.000142701127943181	0.000257583263435345
"hsa-miR-874-5p"	2.27168576474505	3.80500252060902	12.758582758908	0.000354379304271238	0.000606813877176777
"hsa-miR-877-5p"	1.15545132086314	6.12880421566325	5.71703531983665	0.0168010760554383	0.0237977152015697
"hsa-miR-887-3p"	8.52765392697615	6.64415569663613	144.027883978878	3.50343791697178e-33	5.4741217452684e-32
"hsa-miR-887-5p"	6.50634483002459	4.14055431107409	41.5832389520937	1.1295755388618e-10	3.97737865796407e-10
"hsa-miR-889-3p"	4.54839060253724	5.57123586428248	23.7164270298243	1.11625677579157e-06	2.56022196282471e-06
"hsa-miR-9-5p"	-4.65220203356808	4.02124117983626	78.0087485893498	1.02585194913134e-18	6.74902598112725e-18
"hsa-miR-92a-1-5p"	-0.905176561348377	4.51201695621233	6.22658099631598	0.0125846491992191	0.0181859092474264
"hsa-miR-92a-3p"	-2.90717651451185	16.5154762337047	118.561745206136	1.3062403562225e-27	1.59297604417378e-26
"hsa-miR-92b-3p"	3.18291363321694	11.0547569927442	50.3479706271907	1.28763186828431e-12	5.36513278451795e-12
"hsa-miR-92b-5p"	2.62547308786994	2.25672906891765	4.69287460502384	0.0302879363350556	0.0406004508512809
"hsa-miR-93-3p"	1.7103794630148	4.93838593122033	22.0246677227474	2.69168764121868e-06	6.00823134200597e-06
"hsa-miR-93-5p"	-1.22870293556884	10.4436716627714	25.1274246478993	5.36642127936555e-07	1.30252943673921e-06
"hsa-miR-935"	10.0374192859949	6.39608885241687	115.841574878758	5.14823170404702e-27	6.12884726672264e-26
"hsa-miR-937-3p"	1.2639167069521	2.58933009863794	3.34293523318184	0.067494107227163	0.085219832357529
"hsa-miR-940"	3.82372671647849	4.50471381348967	39.2877289356461	3.65732589846884e-10	1.22729056995599e-09
"hsa-miR-941"	-0.718735329861874	8.37345777099747	4.59043715541335	0.0321508130752761	0.0427537407915906
"hsa-miR-941-3-5p"	-0.674172947129582	6.06067049253365	3.88102330164653	0.0488347840743487	0.0630940362717684
"hsa-miR-942-5p"	-0.370801577000951	4.13444408601067	1.31709075699	0.251114836983609	0.287975730485791
"hsa-miR-944"	-6.6141477420199	2.17419920342393	57.4793149510974	3.41552452087707e-14	1.53852455895364e-13
"hsa-miR-95-3p"	-5.41033536975756	2.72898657783606	83.8329909083986	5.38388195836041e-20	4.07869845330334e-19
"hsa-miR-96-5p"	-4.33700065410568	2.76468032113518	44.3679670080129	2.7210320871968e-11	1.00037944382235e-10
"hsa-miR-98-3p"	2.67695135702747	4.59659418743139	15.11212631546	0.000101310422605941	0.000188309335698774
"hsa-miR-98-5p"	-0.355294400494764	11.5569260583652	0.833219505672872	0.361343224433807	0.404187051939381
"hsa-miR-99a-3p"	7.67320507728018	4.18108082585769	41.4797512763841	1.19098159497184e-10	4.13535276031887e-10
"hsa-miR-99a-5p"	5.48892945949023	9.0438619095433	72.428973698407	1.73153014520628e-17	1.05581106415017e-16
"hsa-miR-99b-3p"	4.85780152806371	6.33402675063445	83.4507054416396	6.53247583936874e-20	4.80329105835936e-19
"hsa-miR-99b-5p"	5.74807488817856	14.0896815508212	49.566969707292	1.917143855326e-12	7.79326770457725e-12
