"logFC"	"logCPM"	"LR"	"PValue"	"FDR2"
"hsa-let-7a-2-3p"	6.13025423218692	3.16612106018428	27.0091267018081	2.0249707795252e-07	6.19173757585589e-07
"hsa-let-7a-3p"	1.50676309271039	6.02228334314872	4.80684318800232	0.02834692791211	0.0416045680433122
"hsa-let-7a-5p"	-1.37992634297149	15.654919324399	6.36042546859721	0.0116693557701931	0.0191281192521722
"hsa-let-7b-3p"	2.61617080399211	6.25958428562178	25.7910962866147	3.80439434257632e-07	1.12018277864747e-06
"hsa-let-7b-5p"	0.52575534007307	11.3798508821518	1.13594696458557	0.286510386157389	0.336614419204617
"hsa-let-7c-5p"	6.0040695488711	8.09054229581894	47.4379884087438	5.67717526165085e-12	3.47181102539417e-11
"hsa-let-7d-3p"	-0.871139756930867	7.4823416680896	3.03977390314858	0.0812472325612555	0.106762892373881
"hsa-let-7d-5p"	-1.58535373258367	10.5381648812911	5.76816138084142	0.016319099614945	0.0256059556458183
"hsa-let-7e-3p"	7.12517927469817	3.17689783719063	37.9937968104152	7.09699145892818e-10	3.13450456102661e-09
"hsa-let-7e-5p"	3.4631994899254	9.99744520904728	5.44679807442053	0.0196042256884735	0.0300682175350542
"hsa-let-7f-1-3p"	1.15111888029124	4.04004116923761	4.32534467451324	0.0375488088730998	0.0534650203954287
"hsa-let-7f-2-3p"	0.724922934381731	4.12972250344331	1.77777069930347	0.182423310159968	0.221979385067104
"hsa-let-7f-5p"	-1.5055990845545	15.2731129128166	7.59305763149041	0.00585934887765411	0.00987600499873148
"hsa-let-7g-3p"	-2.67238884615465	4.58114147106053	15.0545834898042	0.00010444631055934	0.000225433892021743
"hsa-let-7g-5p"	-3.82173572102892	14.2385658639236	46.7420560448409	8.09725069698852e-12	4.88909947147282e-11
"hsa-let-7i-3p"	-3.1341139764618	7.86699634192779	34.2138530063955	4.93762106879313e-09	1.93052889329043e-08
"hsa-let-7i-5p"	-0.0680564392316928	13.8823897139022	0.0157943629324109	0.89998869661963	0.91926040318536
"hsa-miR-100-3p"	10.0263419225595	6.6820090015408	70.0747223809891	5.70999989738807e-17	1.08946798042164e-15
"hsa-miR-100-5p"	11.6841172752162	16.0646242708399	108.629141091502	1.95676532043162e-25	9.33377057845885e-24
"hsa-miR-101-3p"	-4.40849622769748	13.2136868238968	24.5238355598043	7.33962411007049e-07	2.08392898839501e-06
"hsa-miR-101-5p"	-4.88498481835821	4.16459203024133	22.1046654412235	2.58181507578663e-06	6.91868421994507e-06
"hsa-miR-103a-3p"	-1.20965652757384	12.0601012906983	4.4601991278946	0.0346934529594212	0.0499054694664979
"hsa-miR-106a-5p"	-6.65432201053232	4.23425423119681	56.9104997596002	4.56104122646565e-14	3.95566666368021e-13
"hsa-miR-106b-3p"	-3.01871671350246	9.35098824843168	15.1982726049634	9.67919203233517e-05	0.00021082075796456
"hsa-miR-106b-5p"	-1.52309429248265	8.15264539392867	3.35128466930992	0.0671525864576913	0.0900110660853493
"hsa-miR-107"	1.96685375133676	4.60603624812344	10.4414942154906	0.00123215551136095	0.00230485560360461
"hsa-miR-10a-3p"	4.39720639216583	2.80141971155325	20.37854502139	6.35381737104422e-06	1.59514257157268e-05
"hsa-miR-10a-5p"	1.42033814305898	12.6491114193502	6.6275443874739	0.0100413600013903	0.0166310025023027
"hsa-miR-10b-5p"	4.01398060503665	10.2402858143303	6.82442874892551	0.0089919311957289	0.0149970320991702
"hsa-miR-1180-3p"	3.93751192590988	3.63483479220746	21.4374355903476	3.65563606483196e-06	9.47683914633069e-06
"hsa-miR-1185-1-3p"	8.13944453122895	4.84807036120334	55.845774384195	7.83850381019983e-14	6.23161052910887e-13
"hsa-miR-1185-2-3p"	6.11849294575041	2.45999193094401	24.5355908138291	7.29498279410786e-07	2.08365676214937e-06
"hsa-miR-1185-5p"	7.01137377384698	3.69054254674183	39.6210564458829	3.08340771463421e-10	1.47078547988052e-09
"hsa-miR-1197"	7.46785953677704	3.44813494227908	34.537616537581	4.18092944944045e-09	1.66191945615258e-08
"hsa-miR-122-5p"	-4.78975947399568	4.80639090849316	11.9276135479727	0.000553079806808321	0.00109016143738665
"hsa-miR-1226-3p"	1.37689744011054	2.397058379461	2.81134035295296	0.0936001418038803	0.122321281206715
"hsa-miR-1247-5p"	4.19963046031798	1.79984452233133	3.58940066660737	0.0581492110900498	0.0794761423780909
"hsa-miR-1248"	-4.87084916149152	3.69857957264555	14.2787400410676	0.000157635277185213	0.000332708085032508
"hsa-miR-1249-3p"	1.9456995695991	3.37993718167947	11.0578872476021	0.000883107167809241	0.00169173541785144
"hsa-miR-125a-3p"	4.15400188623586	3.52001930442254	22.3149580457657	2.31397130163885e-06	6.23595655865386e-06
"hsa-miR-125a-5p"	4.01728999397682	11.467385034961	22.0496074394988	2.65694015003499e-06	7.08022598640608e-06
"hsa-miR-125b-1-3p"	12.5599845985247	8.9641357976351	131.704616868833	1.7362340399287e-30	2.07045909261497e-28
"hsa-miR-125b-2-3p"	5.97911753637312	5.90611369630766	39.8754150870593	2.70688963718531e-10	1.3042286433711e-09
"hsa-miR-125b-5p"	9.83265244046898	12.5619086992794	151.35120253149	8.78268995726675e-35	2.09467155480812e-32
"hsa-miR-126-3p"	2.35751679696227	5.67109486151972	8.64137827081291	0.00328612734476516	0.00584881620691411
"hsa-miR-126-5p"	-0.0431791317873999	8.06476008892081	0.00156625426260604	0.968431217204117	0.976620910372863
"hsa-miR-1260a"	0.234697728276037	3.74893102503056	0.172822146617464	0.677615759895571	0.732931332131944
"hsa-miR-127-3p"	8.6816365301631	12.4002462945085	95.7016517453743	1.33568965301067e-22	5.3093663707174e-21
"hsa-miR-127-5p"	7.75795896579475	4.90206522353922	51.1423157813343	8.59063076193331e-13	5.64893112734013e-12
"hsa-miR-1271-5p"	-0.0795434224099794	6.96902334691674	0.00825977224266605	0.927585328579203	0.945423507974957
"hsa-miR-1273h-3p"	-9.44357898585083	5.55024315682684	78.4345749280716	8.26920981654138e-19	1.87829194404297e-17
"hsa-miR-1277-5p"	0.288879032791672	2.24982414168423	0.0317170486589493	0.858650089253307	0.888451393869473
"hsa-miR-128-1-5p"	-2.6644252999421	5.39014114378405	4.99441284471669	0.0254292797797552	0.0379055201716976
"hsa-miR-128-3p"	0.338273309315242	9.03288386822038	0.45022594641943	0.502227675542823	0.563676708785709
"hsa-miR-1285-3p"	4.28147487180068	3.83280794351598	36.9852791708048	1.19024479486961e-09	5.11483574011534e-09
"hsa-miR-1293-3p"	7.00371396097573	3.08610776034029	18.4907977042502	1.70726636793579e-05	4.09229174625815e-05
"hsa-miR-1296-5p"	5.25167650386139	4.55423900468485	48.2564747010125	3.73961380095924e-12	2.31661790007475e-11
"hsa-miR-1299"	-6.91919884988109	3.1331094107517	6.60054841131421	0.0101947362375274	0.0167685833975882
"hsa-miR-1301-3p"	0.551264059863955	4.63144276858489	0.647593837888639	0.420974261105927	0.478106482256017
"hsa-miR-1304-3p"	0.178427055590311	5.41883113311213	0.0473204770778501	0.827793223448896	0.864020497998082
"hsa-miR-1306-3p"	2.45542974520922	1.85567050748248	3.67638445372319	0.0551884023256212	0.0758641726493409
"hsa-miR-1306-5p"	3.63540138234484	2.824860549708	10.9446744206861	0.000938730404281254	0.00179109761136863
"hsa-miR-1307-3p"	0.269269461542736	7.35838628590749	0.181430066476818	0.670147133626148	0.726500415317438
"hsa-miR-1307-5p"	1.56517356199144	8.48982675494457	8.11141743929712	0.00439873181279841	0.00762980027165397
"hsa-miR-130a-3p"	5.10795486827845	8.86616196278535	65.3751631421328	6.19142998712633e-16	8.28942902389067e-15
"hsa-miR-130b-3p"	1.49806720080698	7.79473278905664	8.59004369932469	0.00338005895067254	0.00597143747952149
"hsa-miR-130b-5p"	3.32267263831844	6.11034232644585	30.1274445603587	4.04565196769565e-08	1.3686354529013e-07
"hsa-miR-132-3p"	0.21999465748159	6.11352914919034	0.0557064924317778	0.813415421394158	0.850875342116257
"hsa-miR-132-5p"	1.54406491005617	3.1478266338982	5.64849212165293	0.0174703884633867	0.0270564133020631
"hsa-miR-134-5p"	9.96526907993694	5.68488003385325	74.7678341878394	5.2945332628495e-18	1.05228848599134e-16
"hsa-miR-1343-3p"	4.64268221139683	3.40055514397657	11.5604213595215	0.000673705840806889	0.00130633205717433
"hsa-miR-135b-5p"	6.27741435999633	2.56835135476237	10.5798701850999	0.00114325687403474	0.00216402194013719
"hsa-miR-136-3p"	8.86174659061415	8.33082818929122	86.1593321309713	1.66006678737679e-20	4.65795210340429e-19
"hsa-miR-136-5p"	8.17934602944447	5.16673078777494	66.0997437928477	4.28671499889436e-16	6.3898845452269e-15
"hsa-miR-137"	8.70762711202713	4.51383751792029	58.1897067921899	2.38021195600267e-14	2.3170634755373e-13
"hsa-miR-138-1-3p"	2.55874161478359	2.57251607486207	4.81913393046708	0.0281454837716042	0.0414364066637507
"hsa-miR-138-5p"	4.76501046628264	9.28683189529155	20.5993853565681	5.66142876893796e-06	1.43643698020394e-05
"hsa-miR-139-5p"	2.37684194956663	2.11948580880357	3.49059640112629	0.0617183462254964	0.0838736499987515
"hsa-miR-140-3p"	-3.53397483383824	12.0055965049888	35.4661980111793	2.59515245972928e-09	1.0580236951204e-08
"hsa-miR-140-5p"	-1.55442936248934	5.97750607634219	7.66287855648917	0.00563684992176177	0.00960277647385845
"hsa-miR-141-3p"	-1.49145663667636	10.1164865649118	0.580254018523766	0.446212771007385	0.504368463911191
"hsa-miR-141-5p"	4.36618827394001	5.45646347732895	3.46260884214771	0.06277120314431	0.0848211441921695
"hsa-miR-142-3p"	-12.7303182449631	11.0442985846153	55.2221662577427	1.07647904764866e-13	8.28194364078083e-13
"hsa-miR-142-5p"	-14.7575370048331	15.9101907579361	147.114553619828	7.4078008334343e-34	1.17784033251605e-31
"hsa-miR-143-3p"	5.25362124508428	11.7649017263676	53.5255385001316	2.5525296230824e-13	1.85486783240915e-12
"hsa-miR-143-5p"	6.47104582924454	3.40358855906019	25.2980820521843	4.91196924180766e-07	1.42000565354076e-06
"hsa-miR-144-5p"	-3.47381731141226	2.58903226093605	5.08023338460349	0.0242001122636668	0.0363001683955003
"hsa-miR-145-3p"	6.9605702374968	4.6101104465249	53.2354390721088	2.95872513384387e-13	2.04537954904859e-12
"hsa-miR-145-5p"	7.15119572067014	6.29185710516403	53.3705628988225	2.76204868619546e-13	1.96641376614214e-12
"hsa-miR-1468-5p"	-2.7520467804523	5.14461457886506	11.6837116290482	0.000630496301085413	0.0012325685885973
"hsa-miR-146a-3p"	3.66900361101197	2.347808131741	5.88742284813635	0.015249401284436	0.0241659947264983
"hsa-miR-146a-5p"	-4.53175160920528	13.1386038112663	30.0152247651516	4.28667401938478e-08	1.4399602163708e-07
"hsa-miR-146b-3p"	-5.30763483745729	6.68254874296712	20.1018199647671	7.34267708166421e-06	1.81474454298126e-05
"hsa-miR-146b-5p"	-9.2684387354528	14.1914471753807	25.7282296869373	3.930356343578e-07	1.15017176434767e-06
"hsa-miR-147b"	2.41303804545232	2.40513273022695	8.23101057455477	0.00411805929360234	0.00716903023010335
"hsa-miR-148a-3p"	0.0116879523251542	11.3716692063584	0.000227907340644151	0.987955113220749	0.989482804001558
"hsa-miR-148a-5p"	-0.34136692999265	6.05699762224337	0.107654413431852	0.74283051954566	0.790915530855535
"hsa-miR-148b-3p"	-0.911983045412105	10.3866043165674	3.37076047157522	0.0663631155645325	0.0894214862267853
"hsa-miR-148b-5p"	0.74159544814306	6.00556428373078	2.54416755279708	0.110702243252978	0.141568284267213
"hsa-miR-149-5p"	9.10704719783787	8.05446243581806	88.1002134010842	6.22209147489149e-21	1.97862508901549e-19
"hsa-miR-150-3p"	-10.8080737506511	6.88971638484159	81.8568964831367	1.46305518166512e-19	3.87709623141258e-18
"hsa-miR-150-5p"	-12.3322549819639	13.8101701941457	126.492279999036	2.39933246573985e-29	2.28896317231582e-27
"hsa-miR-151a-3p"	-1.41798523231377	13.0818064945978	6.68767890246696	0.00970815230051166	0.0161351520813382
"hsa-miR-151a-5p"	-0.0389476903950686	12.7492677381902	0.00607029776494983	0.937897961814342	0.951866654862641
"hsa-miR-151b"	-5.8434050104401	7.8606242471595	49.4698736002365	2.01441505496853e-12	1.26431050160525e-11
"hsa-miR-152-3p"	3.1311218995571	7.03036211125279	30.3608506496591	3.58694863505443e-08	1.23091690569854e-07
"hsa-miR-152-5p"	4.52880126815872	3.92247097926739	30.6499594705515	3.09033055313225e-08	1.07597640426575e-07
"hsa-miR-154-5p"	6.62705762647837	2.80488304581026	27.6978736933439	1.41818507154951e-07	4.39269012421505e-07
"hsa-miR-155-5p"	-3.89825667260687	13.772090598078	7.96207716012736	0.00477675640063954	0.00822567798954896
"hsa-miR-15a-5p"	-4.1572761255749	11.657482016057	27.3129492898079	1.73048628702604e-07	5.32543199297692e-07
"hsa-miR-15b-3p"	-0.00893365400235395	5.61624075650136	0.000342004072001245	0.985245280913413	0.989393682096206
"hsa-miR-15b-5p"	-1.35569292750027	8.26150947533309	6.61821833870721	0.0100940762362537	0.0166604649297336
"hsa-miR-16-2-3p"	-1.70937947513144	6.79534041318631	9.17075276296015	0.0024591339921387	0.00442644118584965
"hsa-miR-16-5p"	-4.19056420092452	14.7900388332864	42.7032710350023	6.37056713700252e-11	3.33929727950572e-10
"hsa-miR-17-3p"	-2.1844924922284	7.11890896887139	17.8994501137002	2.32888388752252e-05	5.49939413043685e-05
"hsa-miR-17-5p"	-1.3966339809758	9.02120469624797	5.11147870182912	0.0237680543055795	0.0357645485923074
"hsa-miR-181a-2-3p"	-1.62495411499876	8.38470075792589	4.46980057355263	0.0344990180518863	0.0498667624568174
"hsa-miR-181a-3p"	-1.00822309034732	9.33646744620902	2.66341221452743	0.102680246837291	0.132017460219374
"hsa-miR-181a-5p"	-4.16442640204588	16.5878522950094	38.8425194597423	4.59411078550538e-10	2.10710658142891e-09
"hsa-miR-181b-3p"	0.909455666558443	3.65740806290764	2.14670818585713	0.142875933252393	0.179346895161557
"hsa-miR-181b-5p"	-0.52914491930121	11.3217371853448	0.845535345132049	0.357818442990145	0.411275656159757
"hsa-miR-181c-3p"	1.37074190563117	4.82419179894011	5.9004486906941	0.0151370281759114	0.0240678747996992
"hsa-miR-181c-5p"	-1.33476122948916	8.20974294625888	5.7155506089317	0.016815290094139	0.02629801106526
"hsa-miR-181d-5p"	1.05503936837357	4.53692001247792	2.75624547393326	0.0968753491586342	0.12591155735332
"hsa-miR-182-5p"	1.67036703318836	9.57396437000742	1.04095967887074	0.307598381005849	0.359240675522836
"hsa-miR-183-3p"	4.05690269936062	2.1362234005379	3.14312669581176	0.0762475089041292	0.101027949297971
"hsa-miR-183-5p"	2.26708992651392	7.70791478318705	1.58507532717657	0.208031145617599	0.250582970857562
"hsa-miR-184"	5.8122219478776	4.72540460324983	5.38035696792922	0.0203647107932271	0.0310350384931927
"hsa-miR-185-5p"	-0.0771838678333479	5.90387357619184	0.0245659737938371	0.875453416418929	0.903877228640323
"hsa-miR-186-5p"	-1.92087116385277	13.542434513452	8.34199364801225	0.00387390648555822	0.00679357865298261
"hsa-miR-188-5p"	1.00256555492996	3.41189192612068	0.76130665396666	0.382919917749254	0.439069232611524
"hsa-miR-18a-3p"	0.434093210792393	4.09084538996846	0.294625449372525	0.587271566805331	0.650601690472085
"hsa-miR-18a-5p"	0.773384903188448	5.80685772909543	0.947515421219831	0.330352532790883	0.383401844625915
"hsa-miR-190a-5p"	1.48719227499289	2.87683203751768	3.05139303360473	0.0806679244590718	0.106294475046898
"hsa-miR-191-3p"	1.55908093222635	3.50324878049128	3.29114413758548	0.0696544694489589	0.0928077707462386
"hsa-miR-191-5p"	-2.71562258660661	14.7522215495203	17.3687172188979	3.07851431333174e-05	7.12840450222933e-05
"hsa-miR-1910-5p"	0.725409967587059	3.51623680970733	1.03911165136688	0.308028168320419	0.359240675522836
"hsa-miR-192-5p"	-4.32755596233329	12.0606359004159	45.4010810781469	1.60545737611135e-11	9.33906302933064e-11
"hsa-miR-193a-3p"	8.25652704982041	7.83971491783754	65.8908327384573	4.76603306655777e-16	6.8890841598426e-15
"hsa-miR-193a-5p"	-0.298611211238948	6.46863549745271	0.20347635053985	0.651929348008234	0.709977851598008
"hsa-miR-193b-3p"	3.5786876560922	7.16124142592246	39.9289449929821	2.633712811325e-10	1.28191939898166e-09
"hsa-miR-194-5p"	-3.04965364220273	6.06287491706669	17.530730408819	2.82701297808457e-05	6.57797653925044e-05
"hsa-miR-195-5p"	-1.88317378205613	6.42264006014174	5.90782365022387	0.0150737833508566	0.0240474737737746
"hsa-miR-196a-5p"	4.22220281579945	3.15234429221909	3.81859567298637	0.0506867037040403	0.0700798772951514
"hsa-miR-196b-5p"	3.06139845511504	4.26493543209033	2.71370207123253	0.0994898642700788	0.128608848934492
"hsa-miR-197-3p"	-1.52978710588222	9.30509059173496	9.29640752858817	0.00229603663411695	0.00418018883386941
"hsa-miR-1976"	-5.1303363368143	3.27350644974554	29.0284760356288	7.13221472442209e-08	2.3462527058961e-07
"hsa-miR-199a-3p"	6.57555155440284	11.0122155878994	115.941867355189	4.89435022287078e-27	3.33515008044194e-25
"hsa-miR-199a-5p"	7.41729987845919	9.17072349513104	86.3021991718915	1.54436697356258e-20	4.60414403993344e-19
"hsa-miR-199b-3p"	6.41537330115701	9.67328694571963	109.775476504574	1.09742698386069e-25	5.81636301446164e-24
"hsa-miR-199b-5p"	6.05914348323096	8.98105746386253	28.9347968015789	7.48560300268274e-08	2.41258961640518e-07
"hsa-miR-19a-3p"	-0.654207598896568	7.58930736631217	0.47881677822825	0.488958756815234	0.550078601417138
"hsa-miR-19b-3p"	-2.46442648302314	10.1812225712931	9.17346950823372	0.00245548623642065	0.00442644118584965
"hsa-miR-200a-3p"	0.460435634451918	5.70917195029149	0.0855094522371118	0.769965523821952	0.810758399256228
"hsa-miR-200a-5p"	3.12789563605818	2.37695451114623	2.38199597540438	0.12274063403349	0.156126086490599
"hsa-miR-200b-3p"	3.8346642698317	8.48888159161342	3.65680416487503	0.0558406461256447	0.0765401959825647
"hsa-miR-200b-5p"	3.06597385149725	1.87937785182081	2.03013741454539	0.154206664091282	0.191056048757251
"hsa-miR-200c-3p"	2.46831252047492	7.4644408439326	1.93365116451403	0.164359542091838	0.202060571076821
"hsa-miR-200c-5p"	4.10982868579283	1.86279349999745	3.47873874504805	0.0621621014179209	0.0842367112964439
"hsa-miR-203a-3p"	5.87751740647543	4.64477588105995	5.91734877423105	0.0149925020280766	0.0240353681768136
"hsa-miR-204-5p"	9.17887576455244	8.36751286396426	34.4599731906016	4.35107600152119e-09	1.71525888655009e-08
"hsa-miR-205-3p"	6.61785862433175	2.80492488139581	5.7699953412865	0.0163020777404408	0.0256059556458183
"hsa-miR-205-5p"	15.3777998772576	11.7180730768165	14.5167140951908	0.000138921500077006	0.000295828372931839
"hsa-miR-20a-3p"	0.119119103921226	2.99359749112148	0.0215350595237815	0.883330704212458	0.90849005220519
"hsa-miR-20a-5p"	-2.75212914014649	10.1941869340201	12.3587797076056	0.000438917483378975	0.000879679157864585
"hsa-miR-20b-5p"	-9.65278716318836	5.96517021375012	80.7043607090489	2.62143032436441e-19	6.58116981432538e-18
"hsa-miR-21-3p"	-0.663072594110068	12.169650796734	0.291557499466762	0.589224172503021	0.650601690472085
"hsa-miR-21-5p"	0.916295360738914	15.8358718014067	1.36172857449674	0.243238129090466	0.289338123631302
"hsa-miR-210-3p"	2.0761648647661	7.55428032949132	12.1507551726675	0.00049067992534514	0.000975226351623465
"hsa-miR-210-5p"	0.926565441148103	4.90990621812175	0.648171955340842	0.420767012354988	0.478106482256017
"hsa-miR-2110"	-3.43275850644096	3.26070938074446	12.6476319323239	0.000376041695909349	0.000763284633824508
"hsa-miR-2110-3p"	-0.755928807660282	3.73323057573695	1.81120237759824	0.178364060676438	0.21759503054389
"hsa-miR-2116-3p"	-0.306436673197256	2.8731906977836	0.229887049734464	0.631607592051554	0.689420643955586
"hsa-miR-212-3p"	0.0226914898297256	3.34875046251915	0.000415143166843102	0.983744177061208	0.989393682096206
"hsa-miR-212-5p"	1.80524238522874	2.82785114242867	5.91461235892031	0.0150158065339423	0.0240353681768136
"hsa-miR-214-3p"	7.11345462808268	5.53916150773553	63.2064238046597	1.86140348627977e-15	2.11402253084631e-14
"hsa-miR-214-5p"	7.5685476426682	4.88948472255368	63.5396575790843	1.57170626497779e-15	1.87425972098601e-14
"hsa-miR-215-5p"	-0.625085559288132	3.94675971312752	1.21650414406735	0.270047807781897	0.318260482418414
"hsa-miR-218-1-3p"	8.84092302917915	4.633220941938	28.9349613294727	7.484967218657e-08	2.41258961640518e-07
"hsa-miR-218-5p"	7.91074730862803	5.89672858223166	57.5602625506459	3.27781223985035e-14	2.89540081186781e-13
"hsa-miR-22-3p"	4.14175628966639	15.3281406647223	53.5148279364548	2.56648379327052e-13	1.85486783240915e-12
"hsa-miR-22-5p"	3.39836444000728	5.61306179099931	40.86237630089	1.63335574895444e-10	8.20116518159227e-10
"hsa-miR-221-3p"	0.681530153976092	12.4120228037218	1.9348264674226	0.16423137095835	0.202060571076821
"hsa-miR-221-5p"	2.60830544760226	8.54968774202	21.321679003067	3.8831516917142e-06	9.90515164143141e-06
"hsa-miR-222-3p"	3.13178871506814	12.4528471112758	38.217941908546	6.32680010883962e-10	2.82045201113692e-09
"hsa-miR-222-5p"	2.96588924903924	5.07872468573601	7.83819329110454	0.00511537073322182	0.00877709294872953
"hsa-miR-223-3p"	-12.3912532071595	9.63875795075442	112.950235000352	2.21259126951838e-26	1.31925754445034e-24
"hsa-miR-223-5p"	-9.27221944389458	5.38397013917804	77.7323184822001	1.17994817544133e-18	2.55834218038871e-17
"hsa-miR-224-5p"	8.92523827370556	8.76761324556869	101.551147676793	6.96418019964266e-24	3.01992177748141e-22
"hsa-miR-2355-3p"	0.0156078941262997	2.20535283071439	0.000173758062699036	0.989482804001558	0.989482804001558
"hsa-miR-2355-5p"	-0.234378313247009	4.62085404743453	0.129855569311725	0.718581836590686	0.768592499573282
"hsa-miR-23a-3p"	2.29595977631191	9.95159515057639	17.7635853161109	2.50124990271899e-05	5.84851080194587e-05
"hsa-miR-23a-5p"	0.141009296695434	5.1709445731827	0.0206869800339859	0.88563495655223	0.90849005220519
"hsa-miR-23b-3p"	3.48491969330322	8.95838586955716	32.3026891108571	1.31930626396333e-08	4.87836502256209e-08
"hsa-miR-24-2-5p"	3.37293997812048	6.07381478814014	32.3876082427003	1.26289238331449e-08	4.70624739719541e-08
"hsa-miR-24-3p"	0.0251246608704073	8.71198895371676	0.00239064322467897	0.961003607552482	0.971183730513844
"hsa-miR-2467-5p"	-0.0550553248463785	2.9509077111012	0.00475912455937078	0.945000438159998	0.957038660302163
"hsa-miR-25-3p"	-3.56873329460837	12.8422652969307	29.1112846933835	6.83377739955912e-08	2.26368876360396e-07
"hsa-miR-25-5p"	-0.763403337307009	4.1577403477206	1.34253853142663	0.246586788777048	0.291865752473081
"hsa-miR-2682-3p"	6.15865432224295	2.48291310639679	24.9542649145562	5.87065193965931e-07	1.68692829832379e-06
"hsa-miR-2682-5p"	7.07625396825302	3.13899077353603	31.2289653091503	2.29318805741986e-08	8.35000536938376e-08
"hsa-miR-26a-2-3p"	0.782661850193823	4.38049647075523	1.64418148204585	0.199752716261046	0.241220368750681
"hsa-miR-26a-5p"	-2.69094263301817	15.7908547899206	23.8771432016576	1.02683741673575e-06	2.8481250226475e-06
"hsa-miR-26b-3p"	-0.657020738811292	5.52381411393367	1.69739584378936	0.192628896382995	0.233208080138803
"hsa-miR-26b-5p"	-3.58096852054549	13.2643221535312	40.1674752320005	2.33096966511572e-10	1.14626034047443e-09
"hsa-miR-27a-3p"	2.15537324495433	11.3712099054218	13.5231275366059	0.000235641383731515	0.000495158326167104
"hsa-miR-27a-5p"	0.519420555902356	6.33238552046049	0.713114445466256	0.39841182633528	0.454646988425667
"hsa-miR-27b-3p"	1.39301646174584	13.7946184029758	6.26755932855312	0.0122968412956351	0.0200190897543275
"hsa-miR-27b-5p"	2.5590159967929	6.07762227527583	15.2642506001497	9.34688667561503e-05	0.000206221842244947
"hsa-miR-28-3p"	-3.48106780364946	13.8840400851549	26.9565720770736	2.08078428179366e-07	6.32187326379347e-07
"hsa-miR-28-5p"	-1.45489383564189	9.85585269785608	5.67257540114046	0.0172321392326564	0.0267743661693065
"hsa-miR-296-3p"	4.66961298734488	3.68265166083503	20.3671569699202	6.39174239355562e-06	1.59626236739583e-05
"hsa-miR-296-5p"	0.895326638018735	3.22965548794897	2.17317524321292	0.140436002697635	0.177216860547015
"hsa-miR-299-3p"	9.11900733911475	4.88924206818124	58.0178729923094	2.59747059266622e-14	2.42939896608193e-13
"hsa-miR-299-5p"	6.68514345381365	2.84712731840096	32.0549818158141	1.49870276228599e-08	5.4990862893109e-08
"hsa-miR-29a-3p"	-0.825553758039699	13.4889646877185	2.32536186660529	0.127280618239144	0.161470358776786
"hsa-miR-29a-5p"	2.27050138910737	5.2409885242637	14.4809126257828	0.000141586971623064	0.000300164379840895
"hsa-miR-29b-1-5p"	0.625317117379084	4.1095681121712	0.867596461505838	0.351621570166083	0.405129200408748
"hsa-miR-29b-3p"	-1.58946000165806	9.32012874184943	4.86508438154729	0.0274054583602506	0.0405975268255886
"hsa-miR-29c-3p"	-4.76293279253137	11.4203915272479	28.709155094969	8.41051865225878e-08	2.67454493141829e-07
"hsa-miR-29c-5p"	-3.21142340214836	5.98559296717672	28.996555208518	7.25071209988676e-08	2.36889703537396e-07
"hsa-miR-301a-3p"	1.57815323816683	7.27451440665264	5.07183063862676	0.0243176895034108	0.036362187752749
"hsa-miR-301b-3p"	2.38381391419029	5.00856975058249	16.2850974487032	5.44908211815451e-05	0.000122028740392474
"hsa-miR-30a-3p"	4.58132917919548	6.23787102596698	34.1256010807836	5.1667019978955e-09	1.98751359112593e-08
"hsa-miR-30a-5p"	1.95123078015332	12.0268993177897	8.65950139015092	0.00325360314139714	0.005812616848114
"hsa-miR-30b-3p"	-2.73748198975949	3.504226636849	8.38041818534034	0.00379285144623847	0.00667597837585149
"hsa-miR-30b-5p"	-2.98071387344404	11.04934394403	15.097315723319	0.000102108378296229	0.000221389529305915
"hsa-miR-30c-1-3p"	-1.25371320624168	4.40766454878999	2.58099887349442	0.108153393562911	0.138680561100829
"hsa-miR-30c-2-3p"	5.95203241336431	3.00435851345551	28.1747592404679	1.10840641437035e-07	3.45561999774285e-07
"hsa-miR-30c-5p"	-1.27807288434818	11.2318844466636	5.8211602481717	0.0158344964301866	0.0250101152225132
"hsa-miR-30d-3p"	-2.20655588850369	6.55154619526359	16.9918645206486	3.75403280921732e-05	8.56781650716106e-05
"hsa-miR-30d-5p"	-2.96250955036044	13.6002009803022	30.7246557506962	2.97362475485328e-08	1.05068074671482e-07
"hsa-miR-30e-3p"	-3.81909509346735	9.47494949209867	7.60037496650395	0.00583561632872776	0.00987088293901824
"hsa-miR-30e-5p"	-2.93338903759896	13.445975791524	13.4564982195129	0.000244159041958053	0.000508575821021797
"hsa-miR-31-3p"	11.2881488034526	7.92165203120395	61.1588438142762	5.26507291073845e-15	5.58097728538275e-14
"hsa-miR-31-5p"	12.1130715569828	12.464164149374	166.45912058299	4.39113260143808e-38	2.09457025088597e-35
"hsa-miR-3117-3p"	5.66173276870856	2.17531741840628	16.9190581334691	3.90079701673153e-05	8.86038179514733e-05
"hsa-miR-3129-3p"	2.71994938528408	2.24916205525917	7.8224526803639	0.0051601122019631	0.00882212731303369
"hsa-miR-3150b-3p"	-9.49084282881894	5.59670565286036	76.6643408244032	2.02629289601382e-18	4.2023552669504e-17
"hsa-miR-3152-5p"	6.1856821956856	2.50074655293446	20.3090704025197	6.58874956954555e-06	1.63689247118397e-05
"hsa-miR-3158-3p"	-0.114583999533857	3.30582670853755	0.040613867980331	0.840285091364587	0.873237447888689
"hsa-miR-3176"	0.364386373626115	3.78857946421973	0.0971937997429428	0.755223532187517	0.796994745250985
"hsa-miR-32-3p"	-1.54051960482311	3.04160756995048	2.80295298515838	0.0940908685322496	0.12262662374285
"hsa-miR-32-5p"	-4.3638966180916	7.51263550844906	12.6822553888132	0.000369142036314052	0.000752481843255569
"hsa-miR-320a"	-0.150801169030142	10.2903491497805	0.0839625670582826	0.771997594169513	0.811107604446823
"hsa-miR-320b"	-2.46945629326025	3.51948250534112	18.9363459142652	1.35153085724037e-05	3.28918479032478e-05
"hsa-miR-323a-3p"	7.93450298469382	5.56071567179262	55.0344078649328	1.18438170858863e-13	8.96746150788531e-13
"hsa-miR-323b-3p"	8.41895444378989	4.25568188357646	32.5939208412852	1.13569419857041e-08	4.2655601001424e-08
"hsa-miR-324-3p"	-0.355441613465182	4.58717527442796	0.29233853588377	0.588725824185128	0.650601690472085
"hsa-miR-324-5p"	-1.00829845126282	4.40163240889789	3.35066008016882	0.067178070285921	0.0900110660853493
"hsa-miR-326"	1.71528321710952	2.54465797598259	3.84543775684471	0.0498814988823022	0.0691670783920296
"hsa-miR-328-3p"	-0.65864765310866	5.94531662905182	0.739526162831201	0.38981270733463	0.445900866663353
"hsa-miR-329-3p"	8.8092562986812	4.60577271484174	60.2248241606321	8.46182476298557e-15	8.58785194030663e-14
"hsa-miR-330-3p"	0.198634658503754	4.4941754204568	0.151253202429684	0.697340618464038	0.750861117398073
"hsa-miR-330-5p"	1.07658821688332	5.7698586985139	4.42137617454472	0.0354914012948276	0.0508390342871855
"hsa-miR-331-3p"	2.87822036886892	7.68313543278519	31.0874027993804	2.46667041030284e-08	8.84662996777786e-08
"hsa-miR-331-5p"	0.318691672519747	3.43043022907658	0.392505432705236	0.530985371359241	0.593161644352126
"hsa-miR-335-3p"	0.935502084462606	7.53845741065471	1.51513075277096	0.218357845221488	0.261044341279824
"hsa-miR-335-5p"	1.02688168581739	6.22743249094726	1.35034275915507	0.245218204134213	0.290967869084626
"hsa-miR-337-3p"	9.01879510755811	4.79726157472805	45.5214922889902	1.5097309766022e-11	8.89063797332408e-11
"hsa-miR-337-5p"	6.98255189337706	3.06737988704498	29.8100454399204	4.76516521107915e-08	1.58949916481451e-07
"hsa-miR-338-3p"	-5.01267951733055	3.84317199815918	23.5680903372625	1.20570493848642e-06	3.32440032172266e-06
"hsa-miR-339-3p"	-2.09583779509463	8.24692554856951	16.1226212197791	5.9370630342172e-05	0.00013171995661961
"hsa-miR-339-5p"	-0.104890655936963	6.48182743355857	0.033668295994802	0.854414171807041	0.885990347721649
"hsa-miR-33a-3p"	-0.901677030878013	3.47204923934912	2.12547123244279	0.14486821997969	0.180895656885634
"hsa-miR-33a-5p"	0.379501943147785	3.96001879591953	0.112811393337991	0.736965828695482	0.786426622567661
"hsa-miR-33b-5p"	1.64552805376008	3.95911706235442	4.70202860720359	0.0301270378865821	0.0440815861101217
"hsa-miR-340-3p"	-0.0906525191171591	3.6589796650098	0.0212153034798512	0.884193951935623	0.90849005220519
"hsa-miR-340-5p"	-1.57344193739043	8.75516403823785	6.09065215879839	0.0135898916627724	0.0219741638072625
"hsa-miR-342-3p"	-4.63179666606671	11.7153026744979	37.1533775455013	1.09193453491666e-09	4.73502521050226e-09
"hsa-miR-342-5p"	-4.98532041673343	6.19017893775809	64.7593347740863	8.46277509788508e-16	1.06230097939242e-14
"hsa-miR-345-3p"	5.4048901731428	2.43511957093266	4.62869226228414	0.0314415200380045	0.045864235651768
"hsa-miR-345-5p"	-0.105001815067505	7.48502670623258	0.0424337798835346	0.83679512060313	0.871509328663085
"hsa-miR-34a-3p"	4.27841088759307	2.71353988446384	21.3989691929728	3.7297165601851e-06	9.61662053626103e-06
"hsa-miR-34a-5p"	3.32122088742529	6.63649026603005	30.8165331371972	2.83611235532314e-08	1.00957133842473e-07
"hsa-miR-34b-5p"	6.66593760370954	2.83746734880783	10.3352430499383	0.00130513937129067	0.00242237930002199
"hsa-miR-34c-5p"	7.57901300574729	6.08580240882467	40.5991987580826	1.86883280373291e-10	9.28576299354787e-10
"hsa-miR-3605-3p"	0.931733930393521	3.10614674145297	2.52726328872459	0.111894131086021	0.142709894459978
"hsa-miR-3607-3p"	-3.08823606664814	7.71086341894391	6.22992158243694	0.012560929883159	0.020379467871656
"hsa-miR-3609"	-7.62587348574617	5.49616776252168	36.1640221030821	1.8138859719443e-09	7.52368355319504e-09
"hsa-miR-361-3p"	-4.46678021060105	10.959642554865	30.3723938976589	3.56566664434978e-08	1.23091690569854e-07
"hsa-miR-361-5p"	-2.15026324084756	8.73199500642398	18.2669346889476	1.92011278334731e-05	4.57946898828335e-05
"hsa-miR-3613-5p"	-1.42862110589818	3.96985542186895	3.57476975933404	0.0586635805581935	0.0799500797893095
"hsa-miR-3614-5p"	-0.606345629406465	3.21539048810888	0.129797544943083	0.718642043626171	0.768592499573282
"hsa-miR-3615"	-4.47216762883015	6.05615310084616	28.4283506110006	9.72309790623164e-08	3.0714686763394e-07
"hsa-miR-362-3p"	-1.72324185614358	2.92287891729381	3.92111321830444	0.0476832954106086	0.0665056488621646
"hsa-miR-362-5p"	-3.17178635247875	5.78670515616263	6.94232477953125	0.00841796365266877	0.0140890128502562
"hsa-miR-363-3p"	-11.4997475611408	9.78056473785485	116.648532100665	3.42725977265344e-27	2.72467151925949e-25
"hsa-miR-3651"	-1.7998437648151	4.24223691355233	5.51743944967061	0.0188277978613012	0.0290642704849213
"hsa-miR-3653-3p"	-3.30174496331505	3.70315379961285	14.7928403832019	0.000119990196586289	0.000257816773746216
"hsa-miR-3653-5p"	-7.58578409493723	3.80041220440652	40.9020000567187	1.60057251946082e-10	8.12205416790223e-10
"hsa-miR-365a-3p"	3.78020853763539	5.25889606332074	42.7106343188308	6.34663201590076e-11	3.33929727950572e-10
"hsa-miR-365b-3p"	3.78020853763539	5.25889606332074	42.7106343188308	6.34663201590076e-11	3.33929727950572e-10
"hsa-miR-365b-5p"	4.2808371429967	2.9147507165888	21.6499243160249	3.27222921056715e-06	8.52925318819962e-06
"hsa-miR-3661"	0.772672341022492	2.49557815999822	1.05429207653821	0.304520649824495	0.356895208762369
"hsa-miR-3681-5p"	-6.48579293980114	2.87090784326642	26.3353888807643	2.86981733607723e-07	8.60945200823168e-07
"hsa-miR-369-3p"	8.51841909469424	6.06548383566445	57.9787922397157	2.64958940092085e-14	2.43048873892163e-13
"hsa-miR-369-5p"	9.24457384675094	5.00566380051282	55.3667028694458	1.00016379717176e-13	7.82095297132673e-13
"hsa-miR-370-3p"	8.81827519449038	5.48376140205541	60.6398565413811	6.85322962663257e-15	7.10650115631247e-14
"hsa-miR-370-5p"	5.20933001912933	1.92647281408752	10.5715080168644	0.00114844001838607	0.00216524066707571
"hsa-miR-374a-3p"	-0.253875485169372	7.13176082691799	0.103814031001903	0.747299784407347	0.793901998134309
"hsa-miR-374a-5p"	-2.5762983167613	6.9193444795081	8.73803104417513	0.00311640846645897	0.0055884467612817
"hsa-miR-374b-3p"	0.354208270777681	3.51955267340972	0.402197543451476	0.525956530739909	0.588923157659476
"hsa-miR-374b-5p"	-1.04228709301704	5.91429840361577	4.33389907524043	0.0373605698048714	0.0533562628650409
"hsa-miR-375"	6.54358129765582	4.30799580960663	9.28167703733552	0.00231457421891871	0.00419791597879933
"hsa-miR-376a-3p"	8.01249445242524	3.90183308297355	32.9522658446117	9.44496031861677e-09	3.57882685850533e-08
"hsa-miR-376a-5p"	9.83954757476647	5.56504330852933	64.4682682891515	9.80995694027384e-16	1.19983319500272e-14
"hsa-miR-376b-3p"	6.94545858482497	3.03926855592386	30.2220816482723	3.85297656300831e-08	1.31276415753926e-07
"hsa-miR-376c-3p"	9.60250338395577	6.05318274575481	68.4993889497502	1.26916924686106e-16	2.24219900278787e-15
"hsa-miR-377-3p"	7.216848520451	4.02586173867627	44.0540818100085	3.19427062375153e-11	1.77170591573196e-10
"hsa-miR-377-5p"	8.83210605852222	4.62659889080424	51.2829783303968	7.99660123742108e-13	5.37236449330965e-12
"hsa-miR-378a-3p"	-1.76937757067627	11.6093926397353	3.96312673602046	0.0465072413270111	0.0650555839090449
"hsa-miR-378a-5p"	-1.2414694775817	4.10838166498093	1.53693406723362	0.21507474063407	0.258414738746729
"hsa-miR-378c"	-4.67970441543324	4.44753457645187	30.7074351672185	3.00013246335891e-08	1.05225234192809e-07
"hsa-miR-378d"	-5.94350807084299	3.02211230732391	25.9009194355283	3.59397921778106e-07	1.07145505430098e-06
"hsa-miR-379-3p"	8.35087059336691	4.19573901256168	36.2979110579802	1.6934527840345e-09	7.08576296477593e-09
"hsa-miR-379-5p"	4.37057798683825	2.83607504151962	20.3973899272811	6.29155466916724e-06	1.58786855936126e-05
"hsa-miR-380-3p"	6.20042234413708	4.00503231425214	38.7870688554015	4.72648606826039e-10	2.14717509958115e-09
"hsa-miR-381-3p"	8.33180742962974	8.96733752444028	67.2868135620034	2.34746248548922e-16	3.86117105371848e-15
"hsa-miR-382-3p"	7.64466189375176	3.59230648631666	36.9238726702941	1.22832717817187e-09	5.18506251316796e-09
"hsa-miR-382-5p"	9.18352855210129	4.94909806107198	65.524427914204	5.73980843488976e-16	8.05261359836004e-15
"hsa-miR-3909"	1.65048867804277	3.04383396571001	5.70017564743467	0.0169632152855983	0.026442659121668
"hsa-miR-3912-3p"	-3.01094505930438	4.22341639997147	17.2233701746396	3.32323027126665e-05	7.62106172785669e-05
"hsa-miR-3929"	4.85829319820525	1.76188763684976	4.48113531581319	0.0342709481890167	0.0496876665232856
"hsa-miR-409-3p"	8.21138799731581	9.71700925208551	65.2524820653665	6.58911473722834e-16	8.49461548556195e-15
"hsa-miR-409-5p"	9.32032463375936	7.99997703096526	93.8691537792673	3.37086574530168e-22	1.23684843116069e-20
"hsa-miR-410-3p"	6.69464840118073	8.2581572851457	41.3212337482311	1.29158234998213e-10	6.62456753700514e-10
"hsa-miR-411-3p"	8.36490512213513	4.20822043717689	35.0949387520004	3.1401589654493e-09	1.26936934450789e-08
"hsa-miR-411-5p"	7.76625461542475	9.22946219950965	68.8817378815828	1.04548474307087e-16	1.91806239401849e-15
"hsa-miR-412-3p"	4.63716380207746	1.6580158160773	5.95591768951946	0.0146679656208275	0.0236372283822118
"hsa-miR-412-5p"	6.67933621066364	2.84130252949084	18.7376621724932	1.49990631094737e-05	3.61341065819138e-05
"hsa-miR-421"	0.899794649589506	6.71308363683152	2.10778870247364	0.146550953472855	0.182043762517062
"hsa-miR-423-3p"	0.12460023031775	11.445537497006	0.0592644445029009	0.807662315477269	0.846714119742104
"hsa-miR-423-5p"	-1.24208982661155	11.2255237326663	5.48930915170028	0.019133101909288	0.0294402890668722
"hsa-miR-424-3p"	5.27132264286122	4.39287467683403	24.0906350976142	9.19061744441386e-07	2.57877912999142e-06
"hsa-miR-424-5p"	6.04748698646457	6.17393070973496	21.9960703498676	2.73209269527098e-06	7.2400456424681e-06
"hsa-miR-425-3p"	-2.54233799823398	5.02915211959985	20.0117173613702	7.6969073007816e-06	1.89248700127465e-05
"hsa-miR-425-5p"	-2.30017831840628	9.1139071431688	16.660518963866	4.47017296660749e-05	0.000101055568960748
"hsa-miR-429"	3.65655017425025	5.50087949161385	3.96938393197216	0.0463347217500967	0.065004889043518
"hsa-miR-431-3p"	8.63680306387582	4.44969096357889	45.9307903691031	1.22505299252329e-11	7.3043784679201e-11
"hsa-miR-431-5p"	7.55050780983765	6.16253466145892	56.4829760953598	5.66870369942831e-14	4.74380993794264e-13
"hsa-miR-432-5p"	8.29204115917243	5.51787890597548	58.1428665823205	2.43756478347376e-14	2.32543680343396e-13
"hsa-miR-4326"	1.73190274100338	3.55395372349944	5.29578574502328	0.0213770846159484	0.0324741062477943
"hsa-miR-433-3p"	4.07306778003475	2.39954747049198	10.2091779683133	0.00139743447963204	0.00258362886350574
"hsa-miR-4424"	-7.28355942189198	4.61700658333754	26.7104600788642	2.36338653666203e-07	7.13503403789739e-07
"hsa-miR-4443"	-3.4304663386789	2.79547529729964	8.59672092288984	0.00336768823247139	0.00597143747952149
"hsa-miR-4464"	-7.74358332713521	3.95834743154544	18.8348380058682	1.42539648564566e-05	3.45134072920295e-05
"hsa-miR-4482-3p"	-7.05268053171648	3.27428550754874	10.5300332020549	0.00117450102399944	0.00220565743483359
"hsa-miR-4485-3p"	-2.56544980781835	2.57971675104586	2.85986604961421	0.0908150607103898	0.119007648238615
"hsa-miR-449a"	0.676339685516986	3.01368088277735	0.261951940955846	0.608782305550993	0.669099446423556
"hsa-miR-449b-5p"	1.29498001350766	2.01172975753832	0.927938018996704	0.335399303358445	0.387374013806243
"hsa-miR-450a-5p"	5.30114667312811	5.08018564598311	37.1847178859642	1.07452562449601e-09	4.70228186132657e-09
"hsa-miR-450b-5p"	5.98877676720845	6.15787696653296	43.9096877928817	3.43882540749165e-11	1.86399968110627e-10
"hsa-miR-451a"	-6.12089386254342	6.30468057146637	11.4192398030029	0.000726874305641039	0.00139806066044668
"hsa-miR-452-3p"	7.91184487166905	3.8161908059876	53.9081580448488	2.1008359796569e-13	1.56577931608803e-12
"hsa-miR-452-5p"	8.63467719917641	6.04571067495835	68.0536610820382	1.59106141582583e-16	2.71048676910329e-15
"hsa-miR-4521"	2.06936399883986	3.26812403462808	6.35307541907581	0.0117177989083551	0.0191417468468678
"hsa-miR-454-3p"	-0.52946990656418	6.95753012929064	0.974796888676358	0.323486755393983	0.376349225177878
"hsa-miR-454-5p"	0.0831682708963694	3.85832343514135	0.0171597955610658	0.895778944082878	0.916923940617023
"hsa-miR-455-3p"	7.52314838114036	6.37702335270672	45.0891449193966	1.88266086602488e-11	1.0819629314384e-10
"hsa-miR-455-5p"	4.90173408614087	5.38910279245374	39.5257872312101	3.23755812826845e-10	1.52902497740995e-09
"hsa-miR-4661-5p"	-3.7055213230506	3.14253232304355	10.8259678760475	0.00100086360457187	0.00190203959912662
"hsa-miR-4662a-5p"	-2.18888545465613	4.41376454426085	5.40160833911111	0.0201182039056986	0.0307576386635199
"hsa-miR-4677-3p"	-1.66165129729679	5.19313106636142	4.60954490519468	0.0317944699683276	0.0462376895575984
"hsa-miR-4775"	2.64385197113863	3.99546977862662	17.7737702626558	2.48789556260044e-05	5.84594178995277e-05
"hsa-miR-484"	-0.555233917842353	9.45676954760115	1.21562396037829	0.270221164317521	0.318260482418414
"hsa-miR-485-3p"	7.75998148029782	4.90445966474467	56.3046190220672	6.20694414117924e-14	5.01815653447881e-13
"hsa-miR-485-5p"	7.62278326158142	4.38102949399037	36.0933253803996	1.88089995467388e-09	7.73439033085725e-09
"hsa-miR-486-3p"	-8.18838224940511	7.0798619245947	60.020724848274	9.38637892123408e-15	9.32771405297637e-14
"hsa-miR-486-5p"	-9.94627135605941	15.2078028554357	53.2619314336867	2.91909053145281e-13	2.04537954904859e-12
"hsa-miR-487a-3p"	6.24431083168789	3.68174341492965	31.0956368491633	2.45622885582145e-08	8.84662996777786e-08
"hsa-miR-487b-3p"	9.87059579397302	6.94755272191885	79.2034056010712	5.60334060798759e-19	1.33639673500504e-17
"hsa-miR-493-3p"	9.08263755682193	5.73521404786885	65.3546627247549	6.25617284821937e-16	8.28942902389067e-15
"hsa-miR-493-5p"	7.27857975856175	5.31529219096979	66.2236080406038	4.02561975846885e-16	6.19426007996659e-15
"hsa-miR-494-3p"	8.4920142641001	5.70676599931641	51.9517910530245	5.68801463634884e-13	3.875975687912e-12
"hsa-miR-495-3p"	8.0877074443494	4.80214477500323	50.6380980157766	1.11067956368183e-12	7.15938043075989e-12
"hsa-miR-496"	4.9544240660041	2.73150649268865	12.0926080432346	0.00050622115306031	0.00100193979257165
"hsa-miR-497-5p"	1.52440974625052	5.58807057335146	2.72024867965023	0.0990825775140426	0.128430406179887
"hsa-miR-5000-3p"	-4.29578358025139	3.20470425642481	28.8882171646475	7.66779418599617e-08	2.4547233736377e-07
"hsa-miR-500a-3p"	-0.961155064532372	9.34236191745873	0.934582377296991	0.333675021234417	0.386317925069943
"hsa-miR-501-3p"	-0.583904720883446	8.00736178838388	1.47807301922668	0.224076259856178	0.267210939878493
"hsa-miR-501-5p"	1.27445538686502	3.13596622667006	2.13642979947463	0.143836294017868	0.180078509833394
"hsa-miR-502-3p"	2.18105970940396	3.70458482441133	12.4122459603595	0.000426527573434679	0.000858454230077392
"hsa-miR-503-5p"	6.02911186451359	2.91957809584556	21.3854013943678	3.75620392664126e-06	9.63284555380581e-06
"hsa-miR-505-3p"	1.51492780832285	5.79029179717732	10.0435105112771	0.00152885570829129	0.00281569178708474
"hsa-miR-5196-3p"	-7.94775388337249	4.12808390781604	63.4115278651381	1.67733531528973e-15	1.95143645217854e-14
"hsa-miR-532-3p"	-0.330098647951273	5.15377180974608	0.170514812570378	0.679654682214052	0.733473491891635
"hsa-miR-532-5p"	-1.88060188295642	9.97832396064138	5.14435107625232	0.023322125508031	0.0352046008459834
"hsa-miR-539-3p"	9.00824285361199	5.48479452158446	57.6272858609489	3.16800270519973e-14	2.85120243467976e-13
"hsa-miR-539-5p"	6.51587082206593	2.72591525826291	24.2939682078143	8.26976200183872e-07	2.33412809164324e-06
"hsa-miR-541-5p"	6.04176144450352	2.40462731132661	13.1103360412066	0.000293671005731886	0.000609048129278737
"hsa-miR-542-3p"	3.8135667170688	3.17223620895465	21.7960468378763	3.03224250712483e-06	7.94714107636562e-06
"hsa-miR-543"	8.22106831310093	4.75064731614554	44.705571294516	2.29004769567178e-11	1.30041994147076e-10
"hsa-miR-548e-3p"	-1.64004162147128	5.33335528938233	4.93867811111271	0.0262621139980267	0.0390250105204323
"hsa-miR-548e-5p"	-2.25059583493225	4.06558019381705	8.32236065381418	0.00391599952776552	0.00684224093312876
"hsa-miR-548h-5p"	3.18730529880369	1.97506293532964	4.45815262675547	0.0347350437376883	0.0499054694664979
"hsa-miR-548k"	-0.294266688120735	5.27244231817507	0.138889435938305	0.709387568699325	0.762112320426977
"hsa-miR-548o-3p"	-0.336952174483834	3.90801928361075	0.183982838474486	0.667972560833124	0.725792509151253
"hsa-miR-550a-5p"	0.852979709010837	2.1233778252547	0.599177355269846	0.438892074553906	0.497272017962501
"hsa-miR-561-5p"	5.1713783723623	3.15280457088397	13.4913016776605	0.000239671877467259	0.000501418796280188
"hsa-miR-574-3p"	4.98060640172142	7.62899592433705	66.5895532682288	3.34353377432461e-16	5.31621870117613e-15
"hsa-miR-574-5p"	5.9770149113158	2.36630675138739	22.3524524571801	2.26923081452719e-06	6.15013124164472e-06
"hsa-miR-576-5p"	-2.46660807178525	5.94425825318824	16.1664320125867	5.80131018045503e-05	0.000129309577386778
"hsa-miR-577"	-7.67238009251338	7.7158824943132	92.687796715765	6.12299661549734e-22	2.08619241828017e-20
"hsa-miR-582-3p"	-2.26178064525359	6.70242275962786	4.85579990417105	0.0275533346815185	0.0406902187092394
"hsa-miR-582-5p"	-2.02433461653284	5.97265732707666	4.01916094240028	0.0449860889318545	0.0632990100899546
"hsa-miR-584-5p"	3.67976262540609	5.93575090858825	25.8847529558455	3.62420510470662e-07	1.07375517698451e-06
"hsa-miR-589-3p"	2.29459280118033	3.75395191853658	11.7178615986183	0.000619030467864885	0.0012151338813644
"hsa-miR-589-5p"	-1.897215532473	7.27791076305916	15.2483042599071	9.42613490508314e-05	0.00020625074998737
"hsa-miR-590-3p"	-0.647606346328867	5.67013752469716	0.564057051322116	0.452630197953096	0.510412776415193
"hsa-miR-598-3p"	-4.69564189096814	6.13505795699619	28.3274679605006	1.02432149707599e-07	3.21448259279768e-07
"hsa-miR-615-3p"	5.49188873927171	4.21423783622878	14.6743204096839	0.000127775296304929	0.000273313077746417
"hsa-miR-616-5p"	-2.90567309046023	3.64855287745805	22.7269105822504	1.86734383614576e-06	5.089845770523e-06
"hsa-miR-625-3p"	-0.0428004460383604	6.09317624461569	0.00622383217735134	0.937119108667287	0.951866654862641
"hsa-miR-625-5p"	1.32767202523764	5.25681813287802	5.1951171664486	0.0226504281252872	0.0342992197325778
"hsa-miR-628-3p"	-1.97650945338123	2.95258864607526	8.03868289335986	0.00457888181855054	0.00791350227336452
"hsa-miR-628-5p"	0.194065196809299	3.57928650201458	0.101957776173712	0.749492756325558	0.794462321705091
"hsa-miR-629-5p"	-4.0429483064125	5.80093736610257	34.983988290024	3.32427712752906e-09	1.33250436120282e-08
"hsa-miR-641"	-0.159359646421269	3.84526180280237	0.0982223096092099	0.753973451871801	0.796994745250985
"hsa-miR-650-3p"	-5.91808703976623	2.46573271473449	12.9260035265862	0.000324048883833978	0.000666255679262101
"hsa-miR-651-5p"	-3.89191614392603	4.0232087462629	12.4780616255101	0.000411759238881685	0.00083224219045154
"hsa-miR-6511b-3p"	1.12020226804377	2.38761471878729	1.8799549310726	0.170339270203119	0.2083380304792
"hsa-miR-6516-3p"	-6.55919117081974	4.48945483681985	17.2900037744558	3.20870395727464e-05	7.39396998850243e-05
"hsa-miR-652-3p"	-2.79320117561428	7.25920120917154	18.0032694692665	2.2052589415862e-05	5.2333756971971e-05
"hsa-miR-652-5p"	-0.434035256804475	3.0846107450938	0.266546975488683	0.605657552691205	0.667202431024722
"hsa-miR-654-3p"	8.90386212918833	9.40738798551827	62.0739273450647	3.30802377271541e-15	3.58619849905739e-14
"hsa-miR-654-5p"	7.45243223639975	3.43622178607347	23.1043396958024	1.53443986151128e-06	4.2064816893154e-06
"hsa-miR-655-3p"	6.22327565570119	3.21054634816508	39.2210745729429	3.78433375607524e-10	1.76973255063518e-09
"hsa-miR-656-3p"	8.56412917120087	4.38482921567372	44.1278528548778	3.0761257033244e-11	1.72624936527734e-10
"hsa-miR-659-5p"	-3.57645317337821	4.73122614821685	25.5940655859685	4.21333200802921e-07	1.22546302916459e-06
"hsa-miR-660-5p"	-0.353856768091171	8.67127402376622	0.250587337133782	0.616661818659239	0.674650659404718
"hsa-miR-664a-3p"	-3.75232245646317	7.21166599348476	32.9505078369342	9.45350490925937e-09	3.57882685850533e-08
"hsa-miR-664a-5p"	-7.4983345715267	4.81553410709849	62.3157066142066	2.92582239330556e-15	3.24562158513198e-14
"hsa-miR-664b-3p"	-2.73748460829248	3.60981043531585	13.0945702816852	0.000296152929384185	0.000611536568468641
"hsa-miR-665"	8.35678073616205	4.20101196046012	56.3632569839853	6.02457103723864e-14	4.95469031855661e-13
"hsa-miR-668-3p"	4.48416389598714	2.33306871645239	15.2572527925452	9.3815806639735e-05	0.000206221842244947
"hsa-miR-671-3p"	0.423506219481007	6.31334368258691	0.307947167518449	0.578942625734193	0.643719423019137
"hsa-miR-671-5p"	1.52694769638939	3.58781474666474	4.24793630996653	0.0392980571355604	0.0557892061120902
"hsa-miR-6842-3p"	-7.49029568803895	6.17575560267763	51.1299053449515	8.645114723183e-13	5.64893112734013e-12
"hsa-miR-7-1-3p"	-3.10878618224057	5.71976700615294	21.9575970185732	2.78741316322437e-06	7.34583468982333e-06
"hsa-miR-7-5p"	-2.52177326251526	5.31198459892489	9.3507331908109	0.00222896281040898	0.00407362168798882
"hsa-miR-708-3p"	1.53090509832141	5.24633970971214	1.9510579038318	0.162472897115972	0.200776093068183
"hsa-miR-708-5p"	1.66810179153972	5.62016341363449	2.16544775850482	0.141143505142577	0.177639714915591
"hsa-miR-744-3p"	1.09822084745742	2.65855994885383	1.72508825543608	0.189039390153712	0.229444755988093
"hsa-miR-744-5p"	1.26708774772726	6.81140785158417	3.32656558095053	0.0681690831291484	0.0910830606515513
"hsa-miR-758-3p"	8.64720214386009	5.87637778026585	43.9691622374144	3.33590414148572e-11	1.82899571895252e-10
"hsa-miR-766-3p"	-4.86783170057195	6.023632332059	50.551529285337	1.16076704637655e-12	7.38247841495486e-12
"hsa-miR-769-5p"	-0.64955121524122	9.37832332573095	1.52134998837664	0.217415314025387	0.260570615050527
"hsa-miR-770-5p"	5.23454700318974	1.93696686468035	9.49644933027909	0.00205869900218034	0.00377692086169239
"hsa-miR-7706"	-2.69609376059315	6.66912193695906	7.62906610838011	0.00574350347152376	0.00974964824169692
"hsa-miR-7974"	1.5564115354136	4.4099312634736	1.89264837388583	0.168903513538626	0.207113048735025
"hsa-miR-7976"	1.96541788037515	2.31718873097622	4.2317968171317	0.0396734192695578	0.0561549584319854
"hsa-miR-874-3p"	-1.59990675190193	5.22355187678975	7.35627822924765	0.00668289815386556	0.0112244451387108
"hsa-miR-877-5p"	0.470611816532164	5.43299569583336	0.253263461633157	0.614786490315706	0.674145185932394
"hsa-miR-887-3p"	6.47122987516069	3.8936517991429	38.9577585996293	4.33075678613321e-10	2.00560289998596e-09
"hsa-miR-889-3p"	6.658484137746	6.58446958766691	56.6592584046978	5.18262670688558e-14	4.41448739140075e-13
"hsa-miR-9-3p"	3.38435757497454	2.50841387080781	3.17182297816514	0.0749187811381932	0.0995438958298556
"hsa-miR-9-5p"	0.883583417060204	5.89258247565499	0.321663486694458	0.570609661227598	0.6359364682373
"hsa-miR-92a-1-5p"	-1.30748814468801	4.41198986400607	3.10171569835588	0.0782098295815559	0.103340965956793
"hsa-miR-92a-3p"	-3.60370765383123	16.8405894448237	36.9622990664702	1.20435590920862e-09	5.12926579189741e-09
"hsa-miR-92b-3p"	3.14344481843218	10.3479519762202	16.4582206774275	4.97340514601519e-05	0.000111901615785342
"hsa-miR-93-3p"	0.896914871369431	3.833225191178	2.21002056306437	0.1371168433475	0.17348735882429
"hsa-miR-93-5p"	-1.97147946211852	10.304312505265	12.1907089752288	0.000480281262479291	0.000958552979927289
"hsa-miR-935"	9.34098266761234	5.09494477017901	42.3910378557215	7.47316984992887e-11	3.87467610697399e-10
"hsa-miR-940"	1.89883382307072	2.49079478096686	3.8947513960052	0.0484372073653454	0.067360197997871
"hsa-miR-941"	-2.3298675704281	8.0371619612847	11.6193687706582	0.000652685483341857	0.00127073867573088
"hsa-miR-941-3-5p"	-2.25969146892046	5.69696469935257	11.5258684361855	0.000686343806752967	0.00132544937579419
"hsa-miR-942-5p"	-1.05540526300162	3.78624078716853	3.70338590789259	0.0543021687087161	0.0748616603296462
"hsa-miR-944"	2.76441021002419	4.97590470145585	2.11239453920769	0.146110532870525	0.181970559214727
"hsa-miR-95-3p"	-7.02070856110072	3.31470315030109	38.5734088551682	5.27324912077577e-10	2.37296210434910e-09
"hsa-miR-96-5p"	2.36732777417977	5.26117114073865	2.68413546379382	0.101352218992374	0.130662185025303
"hsa-miR-98-3p"	2.29268837778468	3.62451686545061	12.7426084905814	0.000357418862734299	0.000731711577357341
"hsa-miR-98-5p"	-1.7296300173195	11.1977336977452	4.11126822060865	0.0425984075352157	0.0601166875570943
"hsa-miR-99a-3p"	6.2340090875326	2.53243658217505	19.6886073694052	9.11431173817443e-06	2.22950087133805e-05
"hsa-miR-99a-5p"	5.07588841422818	7.58207854861254	23.8768443065432	1.02699686351231e-06	2.8481250226475e-06
"hsa-miR-99b-3p"	3.94391744660747	4.90496515170331	10.4189404293604	0.00124729435616298	0.0023240601870693
"hsa-miR-99b-5p"	5.10521151829311	12.7021961345849	34.1274302892704	5.16184745223038e-09	1.98751359112593e-08
