"logFC"	"logCPM"	"LR"	"PValue"	"FDR2"
"hsa-let-7a-2-3p"	5.65762633224212	2.7454810049737	16.6250771028516	4.55448356367444e-05	0.000156280174785349
"hsa-let-7a-3p"	0.486870760905559	5.36045937889739	0.264620721806106	0.606963280864744	0.64651819130312
"hsa-let-7a-5p"	-0.451614501043122	15.64651939524	0.590403757016929	0.442263030847328	0.494416690145362
"hsa-let-7b-3p"	2.53290994752967	6.05759610051353	12.7382051342575	0.000358261339948356	0.000914996313925763
"hsa-let-7b-5p"	1.77863640548324	11.936941072669	8.8264441724252	0.00296896336243219	0.00586370264080358
"hsa-let-7c-5p"	6.87134081532866	8.77145870273023	47.7304479081633	4.89037175742917e-12	1.05365282410065e-10
"hsa-let-7d-3p"	-0.576129730455562	7.3814244171338	0.9110760211966	0.339829079759831	0.398710355955841
"hsa-let-7d-5p"	-0.797096895059536	10.4179478644362	1.5240965663167	0.217000611705612	0.272833660340743
"hsa-let-7e-3p"	6.4778183236143	2.70490874449876	20.7068012269901	5.35255476572671e-06	2.56273834237824e-05
"hsa-let-7e-5p"	4.4917924210443	10.2717160944229	9.96410143882579	0.00159622062501363	0.00348667546661964
"hsa-let-7f-1-3p"	0.85426393734798	3.72913735023256	1.32769075685236	0.24921645034853	0.306032635920216
"hsa-let-7f-2-3p"	-0.513936938036468	3.53473996977284	0.26928657943316	0.603810742719835	0.644608765876581
"hsa-let-7f-5p"	-1.10419273627349	15.0982884559915	3.61404972648802	0.0572934444351991	0.0835602851147212
"hsa-let-7g-3p"	-2.7784781602585	4.47621939873909	6.95867448415639	0.00834138075783828	0.0146981950900199
"hsa-let-7g-5p"	-3.00987084733321	14.1038525210652	21.4533195560741	3.62547832135756e-06	1.7900799211703e-05
"hsa-let-7i-3p"	-2.87563760300669	7.73407990818037	16.6761017688233	4.43360224362141e-05	0.000154278168161652
"hsa-let-7i-5p"	0.345510759423254	13.7929042585732	0.376455612132359	0.539506263589495	0.586527451700506
"hsa-miR-100-3p"	8.91212991710404	5.54774042347937	42.1669043847556	8.38063721660751e-11	1.41872215738284e-09
"hsa-miR-100-5p"	12.363000450076	16.6978238189075	77.3889336999715	1.40399655431859e-18	8.31867958433764e-17
"hsa-miR-101-3p"	-3.02578960711016	13.229224992729	7.04397959630023	0.00795321213177879	0.0140786280066119
"hsa-miR-101-5p"	-4.13426333167904	4.13527472665966	8.37435543588034	0.00380552502254082	0.00727346314792076
"hsa-miR-103a-3p"	-0.874044945929011	11.8633318434176	2.1299171825398	0.14444856019846	0.188100597621072
"hsa-miR-106a-5p"	-7.23598943482446	4.11076391126596	32.1427548965834	1.43249895422511e-08	1.54052172987898e-07
"hsa-miR-106b-3p"	-2.42775602044663	9.10807231846789	13.0220748580684	0.000307840549284477	0.000806168068291945
"hsa-miR-106b-5p"	-1.63352224204415	8.07358013788987	2.53669897892162	0.111227106720515	0.150859639021904
"hsa-miR-107"	4.49743462637709	6.47225683780721	18.9545949947183	1.33866486174327e-05	5.6654209327349e-05
"hsa-miR-10a-3p"	5.43005690267913	3.46042013564259	9.12263351184938	0.00252466258365126	0.00522572080633492
"hsa-miR-10a-5p"	3.11737544198626	13.7734719750994	14.8885921841447	0.00011405060447896	0.000360399910153513
"hsa-miR-10b-5p"	6.10752216382516	12.2072227473765	13.8372741276161	0.000199342181434362	0.000549349965115625
"hsa-miR-1180-3p"	3.59226520656149	3.14960817629468	5.71091486255962	0.0168597507832466	0.0282385931846603
"hsa-miR-1185-1-3p"	6.76089413178516	3.58322453248784	11.0244167491636	0.000899195664618697	0.00207911582941104
"hsa-miR-1185-2-3p"	4.95922480189046	1.82186615536719	6.38205456922678	0.0115279906426111	0.0197980708862234
"hsa-miR-1185-5p"	6.15902095599846	2.96820333865912	8.82773353110311	0.00296686636893334	0.00586370264080358
"hsa-miR-1197"	6.6612754517125	2.8494496241671	9.0113455189474	0.00268308823160072	0.00543497359734506
"hsa-miR-122-5p"	-3.60975286606177	4.83055355804431	4.29408261319431	0.0382452240533773	0.0582901485572374
"hsa-miR-1226-3p"	2.50214014276026	2.86507635028981	4.87650680773477	0.0272246620527289	0.0433036570905823
"hsa-miR-1233-3p"	3.06148630985597	1.86915954581178	3.58665141279581	0.0582454979923007	0.0846882394121183
"hsa-miR-1248"	-4.1739811406299	3.70076636016317	6.44878280938218	0.0111028382204131	0.0191372556962756
"hsa-miR-1249-3p"	1.95510917495675	3.21841977264081	4.25791809672815	0.0390677731652392	0.0593529630779596
"hsa-miR-1257"	5.9940484916922	2.36026878882733	10.8263680989902	0.00100064728184036	0.00229133725406922
"hsa-miR-125a-3p"	4.60268037244509	3.64335149470351	14.3177266019891	0.000154404032653627	0.000449003137900732
"hsa-miR-125a-5p"	5.18376387597061	12.1442027573764	35.1894906554918	2.99133473089014e-09	4.1702725365939e-08
"hsa-miR-125b-1-3p"	12.9285563006382	9.29894913507884	102.720863199303	3.85859380495564e-24	4.57243365887243e-22
"hsa-miR-125b-2-3p"	6.28037035114243	6.07512898831382	24.9711523771004	5.81945468172568e-07	3.62950199886575e-06
"hsa-miR-125b-5p"	11.4479060513315	14.0423103349116	112.580367398884	2.66634938227825e-26	6.31924803599945e-24
"hsa-miR-126-3p"	4.93130775371413	7.84478377815869	13.3071418200276	0.000264397093444803	0.000704068664566499
"hsa-miR-126-5p"	2.13364596120075	9.35355347546825	2.43827777658509	0.118406161554162	0.15809724106105
"hsa-miR-1260a"	1.27738239554118	4.10091837120404	2.4483790870969	0.117646297489207	0.157526398333006
"hsa-miR-1260b"	1.46739625353655	3.60562141387147	2.61169060570144	0.106078620354268	0.144486396689434
"hsa-miR-1269b"	4.69779413666217	1.7103384784221	4.81631448860522	0.0281915621065846	0.0446916402626124
"hsa-miR-127-3p"	8.96457068550635	12.6072196137914	38.4761867450271	5.54258638232613e-10	8.75728648407529e-09
"hsa-miR-127-5p"	7.02002107518404	4.15242708456626	17.3242532839629	3.15138969895543e-05	0.000117618796638179
"hsa-miR-1271-3p"	3.96412876622277	2.41937604961144	3.90348455399991	0.0481860672584212	0.0720510911056518
"hsa-miR-1271-5p"	0.886050351467777	7.39532233661512	0.562662124625035	0.453189616357276	0.505439713301997
"hsa-miR-1273h-3p"	-9.21468135212051	5.3966272684605	45.7379681793219	1.35177095033125e-11	2.56295772182805e-10
"hsa-miR-128-1-5p"	-2.53983053124877	4.89288679373645	4.73093645365251	0.029624751491745	0.0466516020169008
"hsa-miR-128-3p"	0.557858011637687	8.98971593013751	0.787472353030154	0.37486552638248	0.436575576180088
"hsa-miR-1285-3p"	2.74632260198503	2.61363995840457	2.6119156621903	0.106063568654685	0.144486396689434
"hsa-miR-1296-5p"	4.76822065876806	3.96745645712781	26.1324868216303	3.18775266687021e-07	2.22205112367129e-06
"hsa-miR-1299"	-6.18600282465429	2.74228685263201	5.99047342763646	0.0143833415651019	0.0242622914656879
"hsa-miR-1301-3p"	1.647550304149	4.97186940304706	3.66705849149653	0.0554980482451142	0.0819503889974583
"hsa-miR-1304-3p"	0.725498030442757	5.30829729803302	0.677068798633801	0.410597903767245	0.465606235372427
"hsa-miR-1306-3p"	2.72297792053026	1.91742624995328	3.62810035637909	0.0568116273082074	0.0833706233563167
"hsa-miR-1306-5p"	4.60299626644488	3.40999107323033	9.62675320003764	0.00191763307537635	0.00409440575553329
"hsa-miR-1307-3p"	0.455664716040145	7.12496005720808	0.497429161227181	0.480631909677614	0.530412686810203
"hsa-miR-1307-5p"	1.65174025290314	8.42996341504892	4.61010564372425	0.0317840751382462	0.0498862636275785
"hsa-miR-130a-3p"	4.97258355370997	8.62489555920781	39.3693914375398	3.50752233323584e-10	5.732984779151e-09
"hsa-miR-130b-3p"	2.48079324669773	8.31947365231046	14.1375396865451	0.000169918804563311	0.000491106788798839
"hsa-miR-130b-5p"	4.37848704653761	6.85502822464581	33.5356086617176	6.99711793756763e-09	8.08935098148063e-08
"hsa-miR-132-3p"	0.914085476934136	5.98436104647856	0.694656656990389	0.404584980934978	0.460993463853796
"hsa-miR-132-5p"	2.4669139210007	3.50848026989046	7.72491759437939	0.00544638456853925	0.0100684575422335
"hsa-miR-133a-3p"	0.987296376094415	2.45153931958683	0.462571557187668	0.496424598520541	0.542263069377092
"hsa-miR-134-5p"	9.54584193161502	5.32825407756475	30.1060367506774	4.09055890062148e-08	3.59060170165663e-07
"hsa-miR-1343-3p"	5.84876915574279	4.22186439899893	15.918791456396	6.6118990459062e-05	0.000219163646696471
"hsa-miR-136-3p"	7.90593832897044	7.26398086696192	23.0409757063278	1.58585128706677e-06	8.84345305964295e-06
"hsa-miR-136-5p"	7.94690349305256	4.87029290457686	25.7283998573584	3.93000980155844e-07	2.6236966844207e-06
"hsa-miR-137"	6.34877776158369	2.62276316845429	9.69004439807668	0.00185269063248153	0.00399170618089202
"hsa-miR-138-5p"	2.65869811871249	7.28758209120709	3.80038847388868	0.0512406932555936	0.0761382087873083
"hsa-miR-140-3p"	-1.52122203980947	12.1111666239955	3.12032141777036	0.0773215305390401	0.108433152294394
"hsa-miR-140-5p"	-1.42444490384722	5.89960075076797	2.67962973784241	0.101639357705176	0.13924004494871
"hsa-miR-141-3p"	-9.94103119179668	9.7079828515471	46.8678879085772	7.59368172947602e-12	1.56495875642245e-10
"hsa-miR-142-3p"	-14.8690088019704	10.9926391859138	54.7941841591076	1.33836235799976e-13	4.22922505127923e-12
"hsa-miR-142-5p"	-14.5107858969902	15.8134229638139	114.755337164511	8.90314297569894e-27	4.2200897704813e-24
"hsa-miR-143-3p"	5.33082570591023	11.6907381958014	43.8017549564365	3.63379047999192e-11	6.3793210648747e-10
"hsa-miR-143-5p"	6.00958923960929	2.98136900489829	16.6132802296806	4.58289964032986e-05	0.000156280174785349
"hsa-miR-144-5p"	-5.86211636248508	2.51513528420106	9.64052835156228	0.00190330480473591	0.00408220125540642
"hsa-miR-145-3p"	6.5187927608584	4.09901573437536	25.3305417293917	4.83000142253973e-07	3.1361927044984e-06
"hsa-miR-145-5p"	6.00235967384017	5.074293833963	35.8099471540912	2.17534405640375e-09	3.12458509919812e-08
"hsa-miR-1468-5p"	-1.94457815299339	5.11266406704134	5.03163836027019	0.0248883440532807	0.0399057751757907
"hsa-miR-146a-5p"	-6.00477540572776	12.8305432672093	24.0847032750254	9.21897247360684e-07	5.39480611418475e-06
"hsa-miR-146b-3p"	-2.01479239101572	6.41929671712577	1.96720877449843	0.160744446739792	0.207609993881911
"hsa-miR-146b-5p"	-3.53881630256398	13.664665301678	4.47913197058244	0.0343111431625385	0.0531486335262851
"hsa-miR-147b"	2.04558948685901	2.09420175588893	2.1471993124635	0.142830225790749	0.1865055840904
"hsa-miR-148a-3p"	1.127173180672	11.7636941136937	1.35826922786475	0.243837664834646	0.300987117530266
"hsa-miR-148a-5p"	-0.270865661934461	5.68799422219047	0.0695733522624664	0.791958994136107	0.812529357620162
"hsa-miR-148b-3p"	-0.0675160595001549	10.474676732499	0.011714619216562	0.913810000289425	0.923552111166711
"hsa-miR-148b-5p"	0.816207542569194	5.86666114511112	1.31594256937257	0.251321532858269	0.307820172027957
"hsa-miR-149-5p"	8.69802813659675	7.50790502074616	59.0146781178326	1.56500182587082e-14	5.29864903901978e-13
"hsa-miR-150-3p"	-10.652729004496	6.79733116260733	49.8649781701052	1.64698298396809e-12	4.30710077655069e-11
"hsa-miR-150-5p"	-13.1926726385715	13.6416022386413	108.152750655704	2.48841694968901e-25	3.93169878050863e-23
"hsa-miR-151a-3p"	-1.20636287396288	12.8807727501907	4.0709168097377	0.0436275890444169	0.0658582076657758
"hsa-miR-151a-5p"	0.343236135067382	12.7664437637511	0.328522640876258	0.566530308286254	0.61169787272821
"hsa-miR-151b"	-4.73074555487456	7.58489351866331	36.3640005547401	1.63699053456593e-09	2.42479222932579e-08
"hsa-miR-152-3p"	3.63057560832455	7.29465153380812	26.0061777316736	3.40326601203832e-07	2.30449727100881e-06
"hsa-miR-152-5p"	5.5190793528392	4.56747308863451	30.0127829738376	4.29207532239856e-08	3.69898855057622e-07
"hsa-miR-154-5p"	6.28574576576054	2.56783332815508	10.4737570805786	0.00121082223131404	0.00272004614996613
"hsa-miR-155-5p"	-4.65398280780966	13.1379019407094	13.6847858392764	0.000216198919277155	0.000588955676651559
"hsa-miR-15a-5p"	-3.90706318751177	11.571557009742	19.4959786631491	1.00811689983247e-05	4.42451306037585e-05
"hsa-miR-15b-3p"	0.0825665496602485	5.465427061679	0.0171469402136917	0.895817767555828	0.907302610729621
"hsa-miR-15b-5p"	-0.531874101967836	8.29758508147235	0.635601767756008	0.425307962851087	0.478850295466544
"hsa-miR-16-1-3p"	0.315149965206803	2.75874175081575	0.0330153542091089	0.855817163440597	0.872381366603963
"hsa-miR-16-2-3p"	-1.72736000838122	6.64239805173583	5.02943253648312	0.0249200621350929	0.0399057751757907
"hsa-miR-16-5p"	-4.61230520702118	14.66626810063	31.6040007008167	1.89039733650158e-08	1.90648582447181e-07
"hsa-miR-17-3p"	-0.788191178660383	7.25264870738192	0.748262624214659	0.38702685229079	0.44744079996545
"hsa-miR-17-5p"	-2.70529184537027	8.61254180012174	12.7570488184856	0.000354670045022198	0.000913660876850663
"hsa-miR-181a-2-3p"	-2.61303172675371	7.91862337337362	13.2015019639145	0.000279724851794481	0.000736608776392134
"hsa-miR-181a-3p"	-1.5883421161957	9.00393598819828	5.66415154688023	0.0173150905027719	0.0287977294677681
"hsa-miR-181a-5p"	-4.37633257900267	16.2973238338714	28.629274602391	8.76470594921463e-08	6.92411769987956e-07
"hsa-miR-181b-3p"	-0.419734527480296	2.96330453963163	0.16181973873189	0.687486624078855	0.720948362418976
"hsa-miR-181b-5p"	-1.47328735705618	10.7789486258207	5.06332476379222	0.0244373136421198	0.0393989342393361
"hsa-miR-181c-3p"	1.71012792429021	4.79124916743972	4.7390293158195	0.0294857034123394	0.0465874113914962
"hsa-miR-181c-5p"	-0.813661543404118	8.19134245055626	1.4935631746482	0.221664435144175	0.27671317484905
"hsa-miR-181d-5p"	1.78094749305449	4.69747574772968	4.57537975140993	0.0324345561505979	0.0505723013663927
"hsa-miR-182-5p"	-4.13781006703737	7.84599329027171	9.53889831140646	0.00201162453077837	0.0042758297201298
"hsa-miR-183-5p"	-3.79476146715794	5.23151035151303	17.4488586790911	2.95141434028882e-05	0.000111917631783752
"hsa-miR-184"	11.1853077355485	9.65962433679891	11.513391410768	0.00069096598670742	0.00163758938849659
"hsa-miR-185-5p"	0.687169094965341	6.06645548620013	0.618117728812956	0.431747610840816	0.483802287325169
"hsa-miR-186-5p"	-1.69302714147047	13.487993229382	4.55104624309797	0.0328986379647667	0.0511277193288506
"hsa-miR-188-5p"	1.05277663768757	3.01924908979325	0.706498701052686	0.400608614459184	0.458667833946023
"hsa-miR-18a-3p"	-0.381765905685154	3.44604236675386	0.212442779612256	0.644859478734664	0.680764794922563
"hsa-miR-18a-5p"	-0.860050065569498	5.02637693660078	0.689431260263614	0.406357897557485	0.461903221684047
"hsa-miR-190a-5p"	2.4803233860627	3.36189509113311	5.09659942340383	0.0239727970171793	0.0387819310107269
"hsa-miR-191-3p"	1.68308550643499	3.27197255766303	2.9472826804815	0.0860220855743404	0.120278668325184
"hsa-miR-191-5p"	-1.98765245645038	14.5353937960692	8.18772793085327	0.00421747110425918	0.00799632521367541
"hsa-miR-1910-5p"	0.195670083372103	3.08768883235833	0.044892500974913	0.832201820236241	0.850137204293056
"hsa-miR-192-5p"	-3.78938239229017	11.9116246414114	16.6652258317755	4.45909473378613e-05	0.000154278168161652
"hsa-miR-193a-3p"	7.982857230709	7.45451032457794	29.0789956850431	6.94862718447388e-08	5.67870566455279e-07
"hsa-miR-193a-5p"	1.66891339704137	7.19771415900506	6.35995764415481	0.0116724329992843	0.0199737662153817
"hsa-miR-193b-3p"	4.67230236122328	7.98649159383304	33.4317034093084	7.38108988340596e-09	8.26640191162246e-08
"hsa-miR-193b-5p"	3.98073738134883	2.91400234346253	14.7443671344597	0.000123114787248491	0.000376492962295385
"hsa-miR-194-5p"	-3.04245340964684	5.948128717154	7.11002326777589	0.00766541147038974	0.0137109624036405
"hsa-miR-195-5p"	-0.740092943757798	6.62320030982605	0.830204329502708	0.362213451658476	0.422879744054477
"hsa-miR-197-3p"	-0.698652777663185	9.34580102568784	1.15007409742461	0.283533638972606	0.340240366767127
"hsa-miR-1976"	-6.65490629049668	3.10323515038094	24.9977796077591	5.73963745146899e-07	3.6274508693284e-06
"hsa-miR-199a-3p"	7.50062172382781	11.7860405032815	84.1176208541548	4.66197006199635e-20	3.68295634897711e-18
"hsa-miR-199a-5p"	8.32050923469589	9.95719089406293	70.3579027636985	4.94642974698666e-17	2.60511966674631e-15
"hsa-miR-199b-3p"	7.56681029499962	10.6556630418852	84.7454786972748	3.39354230937377e-20	3.21707810928633e-18
"hsa-miR-199b-5p"	6.75570510464534	9.55455245399824	13.5182661112215	0.000236252596286127	0.000633879037202268
"hsa-miR-19a-3p"	-1.49599566422294	7.31810101932545	1.4924445165841	0.221837566334681	0.27671317484905
"hsa-miR-19b-3p"	-3.0151281101398	10.0562935315809	7.49526204007574	0.00618615292405097	0.0112346225517248
"hsa-miR-200a-3p"	-8.41312056549667	4.64477892183312	30.7676193396582	2.90850911412799e-08	2.75726664019333e-07
"hsa-miR-200b-3p"	-4.28352554870644	4.96792132569272	8.38193498431876	0.00378968744795053	0.00727251761266621
"hsa-miR-200c-3p"	-6.59418951339464	4.9873965282064	34.3069977770944	4.7068629656046e-09	6.1973695713794e-08
"hsa-miR-204-5p"	9.50501830380516	8.58719512383369	54.4069485860602	1.62985531466643e-13	4.82844636969929e-12
"hsa-miR-205-5p"	6.24115610557768	2.90918877816995	13.9189315216072	0.000190866321434147	0.000532180213881093
"hsa-miR-20a-5p"	-4.43461946927543	9.92970394342954	26.3976051233375	2.77884811721815e-07	1.96593135456926e-06
"hsa-miR-20b-5p"	-9.62346956203733	5.79420237610081	49.7724933425162	1.7264749948199e-12	4.30710077655069e-11
"hsa-miR-21-3p"	-1.15631314658955	11.4064714378648	1.07903443890075	0.298913659034988	0.355100437049083
"hsa-miR-21-5p"	0.456573255232865	15.1397659864756	0.373321889468571	0.541199098441876	0.587021447737871
"hsa-miR-210-3p"	2.26520985268081	7.40590212252161	7.79246185667169	0.00524646594331289	0.00975225434168749
"hsa-miR-210-5p"	1.15169835072193	4.52130948480299	1.08172374897041	0.298312261427651	0.355100437049083
"hsa-miR-2110"	-2.84342811942541	3.08647027138014	8.77972334320421	0.00304597393313409	0.00599083669836331
"hsa-miR-2110-3p"	-0.284831878270821	3.70369222359491	0.102646208865745	0.748676896461709	0.773240482884106
"hsa-miR-212-3p"	1.85995987574689	3.85894135306212	2.36649808576229	0.12396485853225	0.165054334113164
"hsa-miR-212-5p"	3.64562835112986	3.84398286649895	6.62918578430067	0.0100321111186996	0.0174183907335663
"hsa-miR-214-3p"	8.81739437475349	7.04713153140436	62.5377644257615	2.61384164525693e-15	1.03246744987649e-13
"hsa-miR-214-5p"	8.02538973993028	5.21511846693457	46.3200459944775	1.00431177995446e-11	1.98351576541007e-10
"hsa-miR-215-5p"	0.15812233573094	4.13310045580314	0.0273012464815769	0.868762253964345	0.883676627422961
"hsa-miR-216a-5p"	5.56361855995182	2.12854281780857	7.70672704044188	0.00550154114649468	0.0100684575422335
"hsa-miR-217"	4.9689546050477	1.82099122490591	7.81301576737713	0.00518712693462223	0.00967991404335014
"hsa-miR-218-1-3p"	9.30874397868817	5.10212269828951	24.8137335247259	6.31459625113633e-07	3.8871670429073e-06
"hsa-miR-218-5p"	7.94665459073999	5.82236235022354	14.7643557763382	0.00012181651331054	0.000374941735774
"hsa-miR-22-3p"	3.91501859435998	14.8517779507723	34.599340675344	4.05043456501418e-09	5.48544566804777e-08
"hsa-miR-22-5p"	3.49865411165438	5.51565164635044	17.8835315668119	2.34844545420278e-05	9.19969541563734e-05
"hsa-miR-221-3p"	2.2565006164459	13.3128290637052	10.9859576588824	0.0009180483140251	0.00211240243130047
"hsa-miR-221-5p"	3.75351226883157	9.4346576094662	21.4703925797854	3.59334130975345e-06	1.7900799211703e-05
"hsa-miR-222-3p"	3.7278979907185	12.755590999875	37.1501355273499	1.0937514492611e-09	1.67238124822503e-08
"hsa-miR-222-5p"	3.24842976804991	4.8409282447807	10.185270221396	0.00141566973391994	0.0031210579250142
"hsa-miR-223-3p"	-7.31985151170572	9.52547712368085	28.2593519484173	1.06100774333155e-07	8.11157532805088e-07
"hsa-miR-223-5p"	-9.04704364685636	5.23619737599756	44.3060408233232	2.80848238715025e-11	5.12007942888161e-10
"hsa-miR-224-3p"	6.29898125152535	2.57474715923281	10.5167306962135	0.00118298586045973	0.00267016808503768
"hsa-miR-224-5p"	9.29351230196759	9.00809386050847	33.7072973131875	6.40599298587507e-09	7.59110168826196e-08
"hsa-miR-2355-5p"	-1.49345227163357	4.17759952835908	3.46301219187784	0.0627558944650422	0.0904142674055623
"hsa-miR-23a-3p"	3.03614208251756	10.3275708858348	18.171212429098	2.01907847941484e-05	8.04237982556834e-05
"hsa-miR-23a-5p"	-1.01245847778138	4.4396924744078	1.34266378868148	0.246564749501796	0.303562834451562
"hsa-miR-23b-3p"	5.19526539113914	10.4253348811165	25.3853878632653	4.69460676089462e-07	3.09061611758896e-06
"hsa-miR-23b-5p"	5.52282411261964	2.5074355043316	12.8729184931496	0.000333371310285432	0.000868230775138983
"hsa-miR-24-1-5p"	3.99003300565209	2.72894094547405	7.08746789812086	0.00776248465524385	0.0138323974683669
"hsa-miR-24-2-5p"	3.94762436365717	6.36994090575144	17.6570109796947	2.64538344594285e-05	0.00010277965191614
"hsa-miR-24-3p"	2.0787349618939	9.75694520064837	6.02650437420107	0.0140926150552605	0.0238567840578338
"hsa-miR-25-3p"	-2.8389647981642	12.6505274437503	16.735240498445	4.2975274813964e-05	0.000152017016879246
"hsa-miR-25-5p"	-0.495202997112303	4.00516830492158	0.55138873367281	0.457750812900622	0.50932836928379
"hsa-miR-2682-3p"	5.40584305202775	2.03598227815211	8.51476115636129	0.00352277157016101	0.00684341690268983
"hsa-miR-2682-5p"	6.05714726529197	2.42998319197598	8.96347145570789	0.00275431040441297	0.00553196242242266
"hsa-miR-26a-2-3p"	0.263725365395424	4.04988311255837	0.10119342023417	0.750402156385419	0.773240482884106
"hsa-miR-26a-5p"	-2.21857506205389	15.7259500907843	10.4248879678159	0.0012432839915505	0.00277979533959875
"hsa-miR-26b-3p"	-1.95314768170474	5.08344993412126	7.47762868783087	0.00624702919223126	0.0113018772409069
"hsa-miR-26b-5p"	-3.59513324195336	13.1273049541553	22.2011558917797	2.4552593641492e-06	1.27889333912827e-05
"hsa-miR-27a-3p"	1.97421027834473	11.0965012064566	7.04243625967092	0.00796006815563711	0.0140786280066119
"hsa-miR-27a-5p"	0.355366400053492	6.01272025903359	0.184712878895378	0.667353964221998	0.701387536676778
"hsa-miR-27b-3p"	2.21869187858814	14.2499119889148	8.9520820698302	0.00277153521624363	0.00554307043248726
"hsa-miR-27b-5p"	2.84314470027801	5.99258898505003	14.9984728445075	0.000107598216142927	0.000344605097646943
"hsa-miR-28-3p"	-2.28526945944243	13.6996451292876	9.2149210057255	0.00240050569197761	0.00499052499121661
"hsa-miR-28-5p"	-1.24001964590543	9.76495292265056	2.30088700411258	0.129300141275156	0.169773592699236
"hsa-miR-296-3p"	7.40678148667833	6.01629930703857	11.0279961191912	0.000897461088479441	0.00207911582941104
"hsa-miR-296-5p"	0.677560174310375	3.00188543575115	0.462404270196398	0.496502472805186	0.542263069377092
"hsa-miR-299-3p"	8.00724740504774	3.92474297318675	17.96533965553	2.24964117241808e-05	8.88608263105142e-05
"hsa-miR-299-5p"	7.64051324343395	3.59878608372625	20.341951773536	6.47649190565529e-06	2.98044384784525e-05
"hsa-miR-29a-3p"	-0.224996370688325	13.5899335881972	0.104818984795656	0.746121557464601	0.773240482884106
"hsa-miR-29a-5p"	1.56352416300623	4.60498690071778	3.47355744069225	0.0623570698452998	0.090113570447171
"hsa-miR-29b-1-5p"	-0.0710300892781023	3.52930224962836	0.00774250291445355	0.929883437184715	0.937797338777776
"hsa-miR-29b-3p"	-0.62211109745562	9.47772502455359	0.397330908438278	0.528470916070781	0.575851067166782
"hsa-miR-29c-3p"	-4.30840342451791	11.3649489853758	14.790214921782	0.00012015737099988	0.000372252247411392
"hsa-miR-29c-5p"	-3.40584821580109	5.84445219643806	9.72460159726458	0.00181817728027541	0.00393523301758239
"hsa-miR-301a-3p"	0.977022779618717	6.81642539971857	0.931386847997938	0.334502812613206	0.39441376412602
"hsa-miR-301b-3p"	2.29595116602009	4.80055221323763	6.79062086909368	0.00916380321524978	0.0160875656445496
"hsa-miR-30a-3p"	3.88019048892851	5.51994325484433	14.4406597524025	0.000144645409239588	0.000425850459500401
"hsa-miR-30a-5p"	0.859350692675474	11.2165445565927	1.24828528319097	0.263880231762465	0.320715973988226
"hsa-miR-30b-3p"	-6.67303722543813	3.1180202493119	20.3620845993087	6.4087077032552e-06	2.98044384784525e-05
"hsa-miR-30b-5p"	-3.10945069238595	10.9606693551213	11.3754067530875	0.000744229258414782	0.00175504810193337
"hsa-miR-30c-1-3p"	-0.672814662558244	4.24341235861607	0.701435632654836	0.402301720961685	0.459496423459852
"hsa-miR-30c-2-3p"	6.4656680596751	3.33404434935361	25.1139790712798	5.40396898464766e-07	3.46146121449053e-06
"hsa-miR-30c-5p"	-1.12883056016554	11.1388566073149	2.93641575029959	0.0866027074310554	0.120734362712707
"hsa-miR-30d-3p"	-3.21736058967542	6.3281789598968	14.8533333072107	0.000116202528454418	0.000364768201903273
"hsa-miR-30d-5p"	-2.40754512330616	13.4994106870809	11.8393491555914	0.000579920918064053	0.00138829553112304
"hsa-miR-30e-3p"	-4.46620494330895	9.41578425156879	9.10273055495078	0.00255228190790847	0.00525992010586355
"hsa-miR-30e-5p"	-3.26923092798643	13.3557412218865	10.1964425738687	0.00140711840334342	0.00311670151020926
"hsa-miR-31-3p"	9.41544263255343	6.02991900515027	29.6634122244283	5.13957857692824e-08	4.35028615261426e-07
"hsa-miR-31-5p"	11.9660022986779	12.163708967865	65.0160768120638	7.42894989416616e-16	3.52132224983476e-14
"hsa-miR-3129-3p"	3.01157641966461	2.28860945376757	2.49356341549249	0.114312642038481	0.153932364563181
"hsa-miR-3150b-3p"	-9.22773875469574	5.40917160634096	47.7978249354565	4.72515962763295e-12	1.05365282410065e-10
"hsa-miR-3152-5p"	7.32183480170621	3.34479814593674	12.5821312251386	0.000389452369371012	0.000976721815247936
"hsa-miR-3158-3p"	-0.387933755558327	3.05338152399208	0.25286735364726	0.615063283158804	0.653677121563393
"hsa-miR-3168"	5.37793588414004	2.5341441608292	17.2841850418162	3.21854481117381e-05	0.00011918673753878
"hsa-miR-3176"	-1.39634214435785	2.88382634943579	1.21557442284569	0.270230925113273	0.327484662298546
"hsa-miR-32-3p"	-2.48447617394025	2.84738871054628	5.68923911947687	0.017069254038526	0.0284888254023287
"hsa-miR-32-5p"	-4.5112586789967	7.46367180860467	9.28639546016135	0.00230861984946736	0.00484197260463508
"hsa-miR-3200-3p"	4.32994053645332	3.57396881085465	13.5147023994949	0.00023670166579072	0.000633879037202268
"hsa-miR-320a"	0.587073029641256	10.3930301040844	0.905324280972401	0.341358075975381	0.399515377808224
"hsa-miR-320b"	-1.88381087826391	3.48987696399773	6.28839047886247	0.0121531364741236	0.0207026130353651
"hsa-miR-323a-3p"	7.28333838727599	4.85814190848014	17.0733182686532	3.59640443510498e-05	0.000130671327207792
"hsa-miR-323b-3p"	8.31328848157816	4.19235187570047	14.080849397605	0.000175117708315551	0.000500034902057658
"hsa-miR-324-3p"	0.889654659359428	4.85635028149154	1.77907222706966	0.182263292886046	0.232238711903187
"hsa-miR-324-5p"	-1.1179896170739	4.2140817779134	2.03271710632409	0.1539451720326	0.199917839845075
"hsa-miR-326"	2.68553899025204	3.00569504789102	8.42778777697193	0.00369529651060128	0.00712020547164636
"hsa-miR-328-3p"	0.190886948808187	5.90913810229334	0.0744019269581702	0.785032200359184	0.807169767831351
"hsa-miR-329-3p"	8.76048095548123	4.59330110306783	21.1345954736361	4.28128869295613e-06	2.09209364996001e-05
"hsa-miR-330-3p"	-0.0502079414784646	4.21274863961209	0.00425790722310726	0.947972848541081	0.951989682645068
"hsa-miR-330-5p"	0.0589170227653737	5.02432915349465	0.00464509023586146	0.945662328956327	0.951685655892355
"hsa-miR-331-3p"	3.12088354358964	7.76603597300164	12.1370390273218	0.00049430194134117	0.00121398507873427
"hsa-miR-331-5p"	1.25407154557691	3.72206163578962	2.48560476660008	0.114892177946903	0.15427448256893
"hsa-miR-335-3p"	-1.4748240886448	6.49438656776019	1.79667239611791	0.180115307114262	0.230120365423613
"hsa-miR-335-5p"	-2.03895247464213	5.10174997962269	2.30949885220096	0.128585501278964	0.169304243350636
"hsa-miR-337-3p"	8.70839074816933	4.54720656506251	22.835356995458	1.76488830150641e-06	9.7274076152795e-06
"hsa-miR-337-5p"	5.50135572568912	2.09282439900434	8.2983028319988	0.00396821448686866	0.00755395046897889
"hsa-miR-338-3p"	-0.950686315896268	4.17244837740672	0.474677525286811	0.490843122016334	0.538563981101255
"hsa-miR-339-3p"	-2.29279466725489	8.00128369639132	4.9605522267781	0.0259319247861523	0.0413863042041623
"hsa-miR-339-5p"	1.63637674901122	7.31929625314776	3.17937568846099	0.074573217605587	0.105201503407882
"hsa-miR-33a-3p"	-1.38247598714713	3.28002915757172	1.86999662048794	0.171475466568968	0.220269298519488
"hsa-miR-33a-5p"	1.04666554796888	4.23203649753643	0.493188477014231	0.482508435003539	0.530647327590899
"hsa-miR-33b-3p"	-0.389963006125768	2.95076946534458	0.224552711916362	0.635592662374683	0.672479736530357
"hsa-miR-33b-5p"	2.90301847026399	4.75136799603079	5.3678339731686	0.020511433259726	0.033641589498651
"hsa-miR-340-3p"	0.325051053469454	3.5884718680599	0.226703051996826	0.633979315324234	0.672273367927711
"hsa-miR-340-5p"	-1.28752246696544	8.72351072593798	2.00393003934751	0.156891960200597	0.20318794845651
"hsa-miR-342-3p"	-4.28584882180272	11.5316657780893	21.4747338730669	3.58521525994794e-06	1.7900799211703e-05
"hsa-miR-342-5p"	-4.67209023449796	6.01968816256205	28.3662244654722	1.00401803245679e-07	7.80171389154948e-07
"hsa-miR-345-3p"	7.90253565793406	4.3084632641982	7.70994833733813	0.00549173233803573	0.0100684575422335
"hsa-miR-345-5p"	0.781864888218912	7.65550124604102	1.73996871070142	0.187142791350865	0.237427828779031
"hsa-miR-34a-3p"	4.15565977066005	2.52621161250068	5.25726159094766	0.021855380515439	0.0355994857880347
"hsa-miR-34a-5p"	4.48036434947584	7.54559327723305	23.9799266928079	9.73453299133712e-07	5.62703492426073e-06
"hsa-miR-34c-5p"	7.76915479863105	6.14908369212802	32.00882743889	1.534735904141e-08	1.58144525774529e-07
"hsa-miR-3605-3p"	1.60159019573066	3.30772878385751	3.34068562482734	0.0675864411326148	0.0964938948700585
"hsa-miR-3607-3p"	-3.49992295403241	7.65105053912321	5.97750823860665	0.0144894591697226	0.0243546228597464
"hsa-miR-3609"	-9.25610059537783	5.43639617700297	30.2427680268905	3.81210017869339e-08	3.54301075431503e-07
"hsa-miR-361-3p"	-3.36263609425982	10.8779117358558	18.9203459722674	1.36291329631916e-05	5.71699913677241e-05
"hsa-miR-361-5p"	-1.47793331995955	8.68767414920738	3.55263849103948	0.0594508456837592	0.0861764552113207
"hsa-miR-3613-5p"	-1.25688247687776	3.95211829869895	1.46540970711312	0.22607133734636	0.281254104730117
"hsa-miR-3614-5p"	-2.68078809164156	2.59030223277348	3.62047760518993	0.057072486723368	0.0834949342804829
"hsa-miR-3615"	-3.89813695156712	5.76520725256866	14.643510331681	0.000129881080476848	0.000392125045516089
"hsa-miR-362-3p"	-2.07467014403796	2.84352791833147	2.53432876788458	0.111394248222925	0.150859639021904
"hsa-miR-362-5p"	-2.26500374682731	5.36043358238042	4.14632111370483	0.0417250840273953	0.0631875074408478
"hsa-miR-363-3p"	-13.5375909627637	9.66303496203787	81.3291722293388	1.91084977436658e-19	1.29391827578537e-17
"hsa-miR-3651"	-1.20760180367671	4.30450380285662	1.15697553809005	0.282093671452278	0.339381454822906
"hsa-miR-3653-3p"	-4.93168865124363	3.59074839769854	14.7121130385903	0.000125239147771952	0.000380534333614777
"hsa-miR-3653-5p"	-5.13965652171607	3.76913075038666	16.6936102779642	4.39287086420981e-05	0.000154238577010033
"hsa-miR-365a-3p"	5.25040423390209	6.39410389813179	33.9078111044948	5.77862345065163e-09	7.20807240949704e-08
"hsa-miR-365b-3p"	5.27057636964751	6.41315247468799	33.8449432271489	5.96840217828760e-09	7.25390418591877e-08
"hsa-miR-365b-5p"	4.768110142065	3.11304168144982	17.0654266690219	3.61138056207189e-05	0.000130671327207792
"hsa-miR-3661"	1.40137553821274	2.63400429450339	2.31397891658571	0.128215470856091	0.169287279069045
"hsa-miR-3677-3p"	2.26275662814669	2.17266855668838	1.92073713506425	0.165775421802361	0.213525950908476
"hsa-miR-3681-5p"	-6.29846420596778	2.82770086547512	17.1339736611267	3.48336125593371e-05	0.000127993274055239
"hsa-miR-369-3p"	7.68993277274959	5.16626669304281	15.8589822311055	6.82418535127385e-05	0.000224629434479431
"hsa-miR-369-5p"	8.68874965877748	4.53165513438203	14.4806521766044	0.000141606549928477	0.000419509404163113
"hsa-miR-370-3p"	8.80579606155086	5.42118405365402	15.8011710156248	7.03589488010099e-05	0.000230000977459853
"hsa-miR-370-5p"	5.5633029798438	2.1176995776916	9.05930871527645	0.00261360772418351	0.00533987095371975
"hsa-miR-374a-3p"	-1.10447856760594	6.81149596913382	0.986706335005174	0.320548709557461	0.379850220825591
"hsa-miR-374a-5p"	-2.23506448802222	6.90953652547248	4.41145039412673	0.0356984767534443	0.0546210569908241
"hsa-miR-374b-3p"	-1.72093431818921	2.8316809461624	2.89616672123847	0.0887904709283782	0.123421358416573
"hsa-miR-374b-5p"	-0.638579755216612	5.87824209832858	0.625065062477907	0.42917128086833	0.482054945809451
"hsa-miR-376a-3p"	7.27567177901156	3.3085956233551	12.6033560850126	0.000385054750620467	0.000970829530819688
"hsa-miR-376a-5p"	8.82126813162289	4.65522338509003	17.5112101339336	2.85618647589361e-05	0.000110067673949071
"hsa-miR-376b-3p"	6.86167313000113	2.99138026564124	16.7359240504869	4.29597946440618e-05	0.000152017016879246
"hsa-miR-376c-3p"	8.13010701134342	4.62341522640636	18.8785845615438	1.39307824016594e-05	5.74190509424918e-05
"hsa-miR-377-3p"	5.85576578281764	2.87778287746003	9.01826051830422	0.00267295647476163	0.00543497359734506
"hsa-miR-377-5p"	8.07993069696466	3.98017616681098	19.8495780778698	8.37812229786074e-06	3.7464433671566e-05
"hsa-miR-378a-3p"	-0.412876364240804	11.6995863228684	0.101213609425656	0.75037808754699	0.773240482884106
"hsa-miR-378a-5p"	-0.0449981106039969	4.3805886450922	0.00076336538107924	0.977957997851572	0.977957997851572
"hsa-miR-378c"	-5.61535263246411	4.28767844284313	26.6076983417727	2.49248616444968e-07	1.7900582453775e-06
"hsa-miR-378d"	-4.89919058400783	2.94391610592847	14.8935673383116	0.000113750206672264	0.000360399910153513
"hsa-miR-379-3p"	6.50581007556801	2.7268758641591	10.6143941375397	0.0011221071384072	0.00255710953656255
"hsa-miR-379-5p"	4.88884528438744	3.09199096041865	8.4430901143516	0.00366433065691821	0.00708935808726216
"hsa-miR-380-3p"	4.78377055937483	2.78940829871229	10.5477178533631	0.00116331634801277	0.00263833468400983
"hsa-miR-381-3p"	7.46314931209966	8.01999590389269	19.3926250113106	1.0641722275367e-05	4.62768473259078e-05
"hsa-miR-382-3p"	7.34429982464824	3.36869090274511	11.9571187964896	0.000544389863020511	0.00132328612857293
"hsa-miR-382-5p"	8.7701499155577	4.6014074159297	15.3978197570987	8.70887182789874e-05	0.000280816683430204
"hsa-miR-3909"	1.92562939647343	3.00096078982207	3.89744607272788	0.0483595692963511	0.0720831315926743
"hsa-miR-3912-3p"	-4.14130754041328	4.10365242853567	12.3945662909527	0.000430584993519302	0.00106857218286989
"hsa-miR-3928-3p"	0.981534487270115	2.55310936642249	1.09363188752238	0.295667898746001	0.353255215894222
"hsa-miR-409-3p"	7.78493435814382	9.2224741800716	29.1268463152766	6.77910694947656e-08	5.63736262114367e-07
"hsa-miR-409-5p"	9.54763947352027	8.10779003357603	30.1129847003267	4.07592978971748e-08	3.59060170165663e-07
"hsa-miR-410-3p"	6.29913233173523	7.79430414012154	17.493292278308	2.88323136562276e-05	0.000110213844137515
"hsa-miR-411-3p"	6.93888553969231	3.0489887093872	11.2325141207154	0.000803766902369635	0.00188606688971885
"hsa-miR-411-5p"	7.07484861996936	8.45467815996166	19.918112427215	8.08308998540688e-06	3.64893776484082e-05
"hsa-miR-412-5p"	6.10249205499404	2.43842941635281	10.014351768911	0.00155325074810097	0.00340852247499935
"hsa-miR-421"	1.13274580080938	6.58956116822786	2.77833185564642	0.0955476399262133	0.132425676388962
"hsa-miR-423-3p"	0.526086251510959	11.4078971889552	0.735375492092068	0.391146312049741	0.450008135707712
"hsa-miR-423-5p"	-0.275848559725844	11.2929024909525	0.205402656727699	0.650394869223454	0.685082595582038
"hsa-miR-424-3p"	4.78457679040513	3.86142310462976	8.66095555017833	0.00325100769007958	0.00636767621941207
"hsa-miR-424-5p"	4.19699961034327	4.39948377778369	18.3387970225853	1.84903053835048e-05	7.42746165405194e-05
"hsa-miR-425-3p"	-1.55021372410694	5.06535394286028	4.05998580880247	0.0439108684385028	0.0660754020312708
"hsa-miR-425-5p"	-2.50976139560256	8.95250822169254	12.606080495934	0.000384493914022439	0.000970829530819688
"hsa-miR-429"	-3.51111077557585	2.54979462974436	6.68935006909317	0.00969905583799082	0.0169644002479987
"hsa-miR-431-3p"	8.45318535215563	4.31712601032106	14.386719574797	0.000148848386988309	0.000435519354521349
"hsa-miR-431-5p"	6.94335611224958	5.45822817718024	16.7986738695659	4.15623377832725e-05	0.000149246576585388
"hsa-miR-432-5p"	7.97651567230665	5.13697833921792	23.3471650421942	1.35242690485236e-06	7.63155182023831e-06
"hsa-miR-4326"	1.76444920797025	3.32773879254253	3.43894315868096	0.0636764121909491	0.0914624829651814
"hsa-miR-433-3p"	5.19497154174706	3.07783239179215	8.11126733966517	0.00439909605285608	0.00830745629105092
"hsa-miR-433-5p"	4.74662134727457	1.71955512282637	6.66058859447544	0.00985683531747729	0.0171769850753097
"hsa-miR-4424"	-6.07092026357538	4.5870653875032	15.4470760047061	8.4848113461529e-05	0.000275465793018937
"hsa-miR-4443"	-3.83471256115283	2.76519549297955	7.84406588499886	0.00509877978275109	0.00959056197231752
"hsa-miR-4464"	-7.65155746482467	3.94444870754426	14.5642955218337	0.000135457011944829	0.000403815243156283
"hsa-miR-4482-3p"	-6.44896445773314	2.93982739731624	9.4494007071038	0.0021121810300715	0.00446952592970487
"hsa-miR-4485-3p"	-2.76335896087929	2.2786999792157	3.20271206678032	0.0735162650468509	0.104020028752858
"hsa-miR-449a"	2.23925492147853	3.72818474517493	2.50254808047219	0.113662264086293	0.153492630133627
"hsa-miR-449b-5p"	1.56311729741744	1.95895503212995	1.28781284169516	0.25645140761769	0.313293729924703
"hsa-miR-450a-5p"	5.33347404583553	4.97326862817156	22.5990333393679	1.9958500124021e-06	1.0629583212119e-05
"hsa-miR-450b-5p"	5.63761095186327	5.70306089147714	30.8975291762903	2.720178763022e-08	2.63135659933149e-07
"hsa-miR-451a"	-10.0874164262239	6.24281145224975	20.3560181149121	6.42905734347018e-06	2.98044384784525e-05
"hsa-miR-452-3p"	7.46732178125965	3.46526550678364	12.7340967542517	0.000359049186477198	0.000914996313925763
"hsa-miR-452-5p"	8.22706817351787	5.55770876901539	27.1334403381444	1.89884750215091e-07	1.40633393128051e-06
"hsa-miR-4521"	2.32328181879021	3.22897324634416	4.0356086344662	0.0445496032193155	0.0668244048289733
"hsa-miR-454-3p"	-1.60793323786136	6.55739182229758	4.45356139181253	0.0348285406044128	0.0537743591090934
"hsa-miR-454-5p"	0.562144988856495	3.80900005099419	0.64003862763258	0.423696809889342	0.478172114017971
"hsa-miR-455-3p"	6.68094140074809	5.40884551653379	34.1819058880447	5.01934926213081e-09	6.43019337905407e-08
"hsa-miR-455-5p"	4.61694301604232	4.97013858573094	23.9094464937415	1.00975060965169e-06	5.76652757801085e-06
"hsa-miR-4661-5p"	-3.3404657812983	3.01259364576449	7.6747434268539	0.00559990551191802	0.010209058510189
"hsa-miR-4662a-5p"	-2.119563031755	4.37855577259297	2.68245937816569	0.101458928043283	0.13924004494871
"hsa-miR-4677-3p"	-0.978360535015618	5.05020340153145	1.55426845721411	0.21250640561975	0.267893713467451
"hsa-miR-4775"	1.83541937370542	3.32575644702312	3.23837544531581	0.0719319310284326	0.102083039842746
"hsa-miR-484"	0.209759126062893	9.5593353966234	0.123311565318557	0.725470218534561	0.759101288267951
"hsa-miR-485-3p"	7.19600682543783	4.30547555298681	22.1668813010318	2.49948454605044e-06	1.28777790742164e-05
"hsa-miR-485-5p"	8.03791912009074	4.69829504586533	14.1025341851358	0.000173110399750865	0.00049729896655703
"hsa-miR-486-3p"	-5.02079231539241	6.9761971054716	16.4973959797482	4.87169367255812e-05	0.000164941628628039
"hsa-miR-486-5p"	-6.89284795129675	14.7587474225504	20.4951153867428	5.97836219866474e-06	2.83374368216708e-05
"hsa-miR-487a-3p"	5.75800216056005	3.20986909090425	12.0711214985876	0.000512088861653043	0.00125118618775022
"hsa-miR-487b-3p"	9.86805359064818	6.85895564207606	26.6542522478968	2.43314713624708e-07	1.7743257578171e-06
"hsa-miR-493-3p"	8.74577869220569	5.36568673035422	22.8002583260683	1.79741544130939e-06	9.79281516299597e-06
"hsa-miR-493-5p"	7.05636790745245	4.98353386563537	18.6167782499274	1.59807871024221e-05	6.47426759534025e-05
"hsa-miR-494-3p"	7.3195976069012	4.53331911104501	18.8228265631595	1.43440110363466e-05	5.86125968209334e-05
"hsa-miR-495-3p"	7.76999390628524	4.45519723160539	27.4916785172826	1.57771885032484e-07	1.18704561119679e-06
"hsa-miR-496"	5.08982107544144	2.72179320329933	11.5445169373462	0.000679493528907335	0.00161849212413104
"hsa-miR-497-5p"	1.29263358072319	5.39276677218538	1.38545549007081	0.239174060266617	0.296001317405683
"hsa-miR-5000-3p"	-4.35536608981332	3.1325530682015	14.8184653921117	0.000118370785728886	0.000369129950233499
"hsa-miR-500a-3p"	0.636467086822456	9.4613486279083	0.49619664809336	0.481176066093644	0.530412686810203
"hsa-miR-500a-5p"	0.365491288598846	2.43573681798949	0.118859425325797	0.730274841980402	0.760769835381781
"hsa-miR-500b-5p"	0.618173873724462	2.52742890233376	0.322240839405742	0.570264084384937	0.614329945451046
"hsa-miR-501-3p"	-0.224939271687115	7.94629082970528	0.0611093337339579	0.804751107206149	0.823870463964827
"hsa-miR-501-5p"	1.06324863109625	2.74973500882423	0.657134594016194	0.417573365641411	0.472386098601501
"hsa-miR-502-3p"	3.33634969078974	4.40629728302057	7.81818261831004	0.00517231815689297	0.00967991404335014
"hsa-miR-505-3p"	1.13029372443742	5.35487725239559	1.73677885612573	0.187547485049353	0.237427828779031
"hsa-miR-5196-3p"	-7.72966467497344	4.01411887469346	33.4008659980559	7.49905658649295e-09	8.26640191162246e-08
"hsa-miR-532-3p"	1.51525532624817	5.6961034224438	3.29662331158695	0.0694224558081547	0.0988175497089049
"hsa-miR-532-5p"	-0.63942167700148	9.86722847441901	0.763462704308033	0.382247045933209	0.442995353966604
"hsa-miR-539-3p"	8.55342178114399	5.01775226945391	16.132064645718	5.90753390294951e-05	0.000198593692907665
"hsa-miR-539-5p"	6.95080455248862	3.05013627872173	11.880671250782	0.000567194957677802	0.00136472289309278
"hsa-miR-541-5p"	5.32926737972496	2.01055833352608	5.40189113211435	0.0201149445148234	0.0332211975610672
"hsa-miR-542-3p"	4.47931781109035	3.53840154590864	14.5743268838015	0.000134737786155835	0.000403815243156283
"hsa-miR-542-5p"	5.27749739915572	2.36310955973183	8.62566479663369	0.00331459451731366	0.00646550535475997
"hsa-miR-543"	8.03501373646016	4.5353147665067	24.2101373378634	8.63764355825768e-07	5.11780380826767e-06
"hsa-miR-545-5p"	3.42025206267086	2.71008706773951	4.58405971788233	0.0322706724747052	0.0504828341683508
"hsa-miR-548e-3p"	-1.9947512273096	5.21554349046517	4.44262264676007	0.0350523615066088	0.0539442186822486
"hsa-miR-548e-5p"	-2.96926212236535	3.93178681133394	6.52313313750029	0.0106480255931907	0.0184203070480744
"hsa-miR-548k"	-0.740168881425564	5.02121263761913	0.925870520260329	0.335938271756047	0.395123426333415
"hsa-miR-548o-3p"	-2.17062646042349	3.36961634222866	7.37089797814215	0.00662878240430353	0.0119469310252467
"hsa-miR-549a-5p"	3.66695846203315	2.83925064845128	5.41311990219251	0.0199859653068072	0.033123592851142
"hsa-miR-561-5p"	4.54826030833268	2.621068335789	11.1333513754865	0.000847892567517135	0.00197980826109912
"hsa-miR-574-3p"	6.07534633459183	8.4733877402924	61.8805465888825	3.64937066956273e-15	1.33061669028672e-13
"hsa-miR-574-5p"	6.33331704364735	2.60684383977185	17.4261911557742	2.98681928377526e-05	0.000112361296865831
"hsa-miR-576-5p"	-2.74046419154936	5.81471836051337	9.33335495257706	0.00225020002068575	0.00474042137691132
"hsa-miR-577"	-11.4475273769702	7.58276576666785	64.12798723731	1.16593447654051e-15	5.02411765345639e-14
"hsa-miR-582-3p"	-3.62026268348854	6.5036836661283	14.0431127122474	0.000178666966808687	0.000506380641891066
"hsa-miR-582-5p"	-5.43142779620251	5.69282503641079	18.9928863252744	1.31206704460154e-05	5.60288089316332e-05
"hsa-miR-584-5p"	3.45093618804085	5.64603928170216	8.87734778636121	0.00288730689990531	0.00575035071661813
"hsa-miR-589-3p"	1.08792761182224	2.87618733128262	0.941545817283684	0.331880613840945	0.392297782944159
"hsa-miR-589-5p"	-0.465892378773632	7.44241801569097	0.285324861982929	0.593232164313179	0.636181099286079
"hsa-miR-590-3p"	-1.52681926835164	5.39644430980956	1.51334692782203	0.218629084371456	0.274153931195953
"hsa-miR-598-3p"	-4.36802303499618	5.98034641175511	22.0050848740628	2.71929088140164e-06	1.38596115890793e-05
"hsa-miR-615-3p"	5.81299031509313	4.38768244686027	22.7302966767006	1.86405630978222e-06	1.00404851231451e-05
"hsa-miR-616-5p"	-1.61034209950522	3.67299883283441	4.4102964721237	0.0357226322091888	0.0546210569908241
"hsa-miR-625-3p"	-0.311976291369251	5.84097744678932	0.11215498247824	0.737703931915612	0.766823823964912
"hsa-miR-625-5p"	-0.0390650605367402	4.47066228694556	0.00171677876996412	0.966949884758298	0.968994176269415
"hsa-miR-628-3p"	-1.12640608203194	3.02432095684001	1.73449019778601	0.18783847213531	0.237427828779031
"hsa-miR-628-5p"	0.312503524319606	3.50371782690269	0.119548897570098	0.729524262335501	0.760769835381781
"hsa-miR-629-5p"	-2.46229065732628	5.81069633928987	7.71394367426425	0.00547959135696675	0.0100684575422335
"hsa-miR-641"	-0.552425676873072	3.58800620500799	0.516114025047799	0.472504052129771	0.523287197919419
"hsa-miR-650-3p"	-5.7735909132846	2.45571410733675	9.86041450843788	0.00168873053278367	0.00367182693825439
"hsa-miR-651-5p"	-4.53040820738203	3.96821406935424	11.9000581921652	0.000561321904893046	0.00135748256591482
"hsa-miR-6516-3p"	-4.56722202942477	4.49284569749134	9.06447429970533	0.00260623453267876	0.00533987095371975
"hsa-miR-652-3p"	-2.58689439904478	7.08462636398026	14.0346093952568	0.000179476683201897	0.000506380641891066
"hsa-miR-654-3p"	8.24977552755026	8.66026433514822	31.4207852288358	2.07745016269778e-08	2.05148203566405e-07
"hsa-miR-654-5p"	7.6652071477176	3.61764377954742	13.206265044126	0.000279014848496146	0.000736608776392134
"hsa-miR-655-3p"	5.53346439924077	2.64451024879292	12.1773948275821	0.000483721554119847	0.00119418758673337
"hsa-miR-656-3p"	7.47743013450876	3.47606292460402	12.430198824461	0.000422446924907654	0.0010538939074012
"hsa-miR-659-5p"	-4.17006113250436	4.49069045949141	18.8893340395044	1.38525022183983e-05	5.74190509424918e-05
"hsa-miR-660-5p"	1.10353893489361	9.1105735962697	1.44922039363131	0.228653088137763	0.283721371144764
"hsa-miR-664a-3p"	-4.40662141926787	7.04083299880628	13.7925184988131	0.000204147562265981	0.000559340719734539
"hsa-miR-664a-5p"	-4.45402605813006	4.75057902043259	22.2381367461197	2.4084222289826e-06	1.26843570726417e-05
"hsa-miR-664b-3p"	-1.1880002523461	3.76890217030199	0.77020607335048	0.38015330943732	0.441648697728651
"hsa-miR-665"	8.7283795834429	4.5642368165108	20.9936887933695	4.60798811430629e-06	2.22876159814406e-05
"hsa-miR-668-3p"	4.43082672211242	2.21571041578843	7.16983733974438	0.00741394970870861	0.0133114097042723
"hsa-miR-671-3p"	1.29283507723476	6.40432955249885	2.70962871884593	0.0997442035873262	0.137758971433991
"hsa-miR-671-5p"	1.42618231287825	3.34675472889212	2.36184505647338	0.124335055840221	0.165083519518949
"hsa-miR-6842-3p"	-9.72836034765594	5.89266990490933	52.7910083952471	3.70995793761602e-13	1.03442356613529e-11
"hsa-miR-7-1-3p"	-3.12994135152242	5.63174699578788	12.8251699626837	0.000341987440778866	0.000885803535132144
"hsa-miR-7-5p"	-1.37887797487545	5.42800291030459	1.86135184116809	0.172468859466866	0.220946592938634
"hsa-miR-708-3p"	1.12776102383173	4.91985847326203	0.708692508544326	0.399878209357113	0.458667833946023
"hsa-miR-708-5p"	1.71111253364139	5.5886370566008	1.09271753281322	0.295869874915625	0.353255215894222
"hsa-miR-744-5p"	1.4081513886597	6.56584042826465	3.73813083328196	0.0531839084746417	0.078778664428063
"hsa-miR-758-3p"	7.26789646393631	4.49952884114206	20.1257089771007	7.25153562237564e-06	3.30502681250582e-05
"hsa-miR-760"	2.32373893825374	2.7258181464468	2.70591071255657	0.0999769750491412	0.137758971433991
"hsa-miR-766-3p"	-4.82315948495552	5.82312366629054	32.102459268647	1.46252062963195e-08	1.54052172987898e-07
"hsa-miR-769-5p"	-0.43841767749396	9.21777510173753	0.52591998780219	0.468327250376128	0.519876151471393
"hsa-miR-7706"	-2.2050897201783	6.28043358861211	5.09961976816064	0.0239310887996622	0.0387819310107269
"hsa-miR-7974"	0.561563622881923	3.44309825719862	0.339902512752193	0.559885498805158	0.605903485008322
"hsa-miR-7976"	2.26495032429934	2.35301560780882	3.15518910074763	0.0756859218630748	0.106454382679814
"hsa-miR-7977"	0.592930932449405	2.67043916490338	0.309871696996685	0.577758927853914	0.620992589121894
"hsa-miR-874-3p"	-0.548255120934663	5.27750431546972	0.274228932225775	0.600508972844784	0.642531045436631
"hsa-miR-877-3p"	3.76012161437922	2.03885330699656	5.28582022468254	0.0214997626047481	0.0351409912918986
"hsa-miR-877-5p"	1.32621677998207	5.45540617567272	2.32590660914155	0.127236070507672	0.168463400616304
"hsa-miR-887-3p"	7.00809160928645	4.26405370353255	30.1903451019682	3.91654339464177e-08	3.57007994050038e-07
"hsa-miR-887-5p"	4.93713832606122	2.25761144478091	13.8378875155594	0.000199277120136721	0.000549349965115625
"hsa-miR-889-3p"	6.07790762758855	5.91473389509387	10.4156493176123	0.00124951914315008	0.00278062006503821
"hsa-miR-9-3p"	3.41974686659563	2.45112221094792	3.39189324992988	0.0655176789868865	0.0938228998180792
"hsa-miR-9-5p"	-0.244909616709601	5.01978468384928	0.021764748167584	0.88271464573761	0.895945914517402
"hsa-miR-92a-1-5p"	-2.37334847912217	4.02000315226609	9.25783425479672	0.00234490155150883	0.00489640235865721
"hsa-miR-92a-3p"	-3.34273278847831	16.62441418068	24.348248231153	8.03998246106322e-07	4.82398947663793e-06
"hsa-miR-92b-3p"	4.1522412532218	10.8458427421304	18.9938973987985	1.31137197402309e-05	5.60288089316332e-05
"hsa-miR-92b-5p"	2.91670394265693	1.89017639763554	3.65982387599208	0.0557395249174546	0.0820513503443276
"hsa-miR-93-3p"	1.15819360553026	3.79975695066212	2.14722720421601	0.142827630495067	0.1865055840904
"hsa-miR-93-5p"	-2.13604862858943	10.0885975660135	8.98018422991694	0.00272923129697406	0.00550491759474768
"hsa-miR-935"	9.40955872408734	5.19666826280334	29.0340388804486	7.11176361939406e-08	5.71351856880133e-07
"hsa-miR-940"	2.33419687505859	2.55552365824062	6.28364582970888	0.0121857152676516	0.0207026130353651
"hsa-miR-941"	-0.880899854485855	8.00524102708976	1.27958025450249	0.257977094446804	0.3143474107141
"hsa-miR-941-3-5p"	-0.860584221373375	5.6904849729666	1.15693604905386	0.28210188438866	0.339381454822906
"hsa-miR-942-5p"	-1.83453443277611	3.45319437834145	5.36809963039934	0.0205083094281082	0.033641589498651
"hsa-miR-944"	-6.04651204090192	2.64310167069483	16.0002073809528	6.33355455885001e-05	0.000211415835274289
"hsa-miR-95-3p"	-6.72484727871916	3.15858113923502	26.0396171032846	3.3448279987863e-07	2.29775140786189e-06
"hsa-miR-96-5p"	-6.68397423767701	3.12614813849604	19.5221426093528	9.94403034449972e-06	4.40511250775034e-05
"hsa-miR-98-3p"	0.944598178512089	2.70524292245892	1.21253223990379	0.270831197512722	0.327484662298546
"hsa-miR-98-5p"	-0.657009629614489	11.0345961021034	0.74363775583214	0.388498061319328	0.448048859039809
"hsa-miR-99a-3p"	6.40500919560913	2.66025074568777	13.5158408684161	0.000236558111916844	0.000633879037202268
"hsa-miR-99a-5p"	5.55301180780403	7.9648511232022	24.4673741158596	7.5578873652348e-07	4.59287001425807e-06
"hsa-miR-99b-3p"	4.41865971572173	4.84429998701466	13.9509953599514	0.000187638279367208	0.000526275410769565
"hsa-miR-99b-5p"	6.36841682975137	13.5050630151967	48.4498328773913	3.38847194259719e-12	8.03067850395534e-11
