"logFC"	"logCPM"	"LR"	"PValue"	"FDR2"
"hsa-let-7a-3p"	0.0143790007485367	4.97695137192916	0.00047589547182092	0.982595505969101	0.98498392265907
"hsa-let-7a-5p"	-1.38791720038479	15.4340823917448	7.53891242958071	0.0060380478247549	0.019277437091878
"hsa-let-7b-3p"	-0.0114259238426171	4.42134345720586	0.000688124439737869	0.979072191771174	0.984731568602221
"hsa-let-7b-5p"	-0.300965992750987	10.7842446128264	0.478265554670865	0.489209001184705	0.616828740624193
"hsa-let-7c-5p"	0.551488656134167	3.54113741601808	1.07994900644848	0.298708963878828	0.418438417210581
"hsa-let-7d-3p"	-0.878342598822794	7.25236849586182	5.00863608819491	0.0252211703956337	0.059707260528439
"hsa-let-7d-5p"	-0.870114049235821	10.5015679289388	2.45995478156394	0.116782143986852	0.197282456832157
"hsa-let-7e-5p"	-1.19244059530616	7.03730741112372	0.695685887855364	0.404237106524423	0.53898280869923
"hsa-let-7f-1-3p"	-0.0584396731892805	3.28734461890924	0.0156571402155266	0.90042182497358	0.935363567435241
"hsa-let-7f-2-3p"	0.192265190779168	3.66883628190896	0.0585855047108765	0.808745738614013	0.863323671894713
"hsa-let-7f-5p"	-0.330327604502813	15.3908014984517	0.505999823762181	0.476875648013887	0.605666881419097
"hsa-let-7g-3p"	0.489035949880913	5.20055289268205	1.01186319500291	0.314456888592324	0.434249989008447
"hsa-let-7g-5p"	0.66783755238456	15.0633185017797	2.32324425376578	0.127453956447243	0.210208421059908
"hsa-let-7i-3p"	-1.09384762762507	7.94803009317431	7.93465204686889	0.00484969519525218	0.0163853779412404
"hsa-let-7i-5p"	-0.667165567783725	13.4455042054362	1.92424063650935	0.165389927956738	0.258383899635148
"hsa-miR-100-5p"	1.28037855528593	6.09154009449344	1.73380745344692	0.187925380057013	0.288779477922346
"hsa-miR-101-3p"	0.787538071627285	14.1020211096757	1.25524987353765	0.26255214359571	0.382293497787895
"hsa-miR-101-5p"	1.3479682173081	5.37264297950298	5.45610555286488	0.0195000613953947	0.0494239388426275
"hsa-miR-103a-3p"	0.0209624645774704	12.2562227451494	0.00186207996198107	0.965580507727027	0.973976859968132
"hsa-miR-106a-5p"	-1.18468470178711	4.41023458471261	3.93611096720883	0.0472599147402555	0.095066186876352
"hsa-miR-106b-3p"	-1.12625702649366	9.43830878321677	4.46425458462541	0.034611188190202	0.0762186793340845
"hsa-miR-106b-5p"	0.25000612463134	8.47983504492533	0.147560901678013	0.700877230604756	0.797076066177957
"hsa-miR-107"	0.906214599014094	3.76226546778413	2.19465524946185	0.138490191400208	0.224160867940802
"hsa-miR-10a-5p"	-1.05280220227533	11.2684125879358	2.58987465345751	0.107548846709225	0.185282171558467
"hsa-miR-10b-5p"	-1.55870914675992	6.62825618161282	2.85018288258004	0.0913635431958614	0.163889242433813
"hsa-miR-122-5p"	-6.75900190960121	4.56259480310492	17.1968719461176	3.36990783895721e-05	0.000217171838510576
"hsa-miR-1248"	-0.987314139779453	3.89205495929456	1.12834081549586	0.288129522797403	0.409261526259169
"hsa-miR-1249-3p"	1.78122695470037	3.09664143454128	8.27047672786095	0.0040294924509497	0.014022633729305
"hsa-miR-125a-5p"	3.88424304145452	11.1516255023855	24.9688330795115	5.82645942678001e-07	5.33581021189327e-06
"hsa-miR-125b-5p"	2.51230418965703	5.37221590417061	12.9305067081576	0.000323270265284552	0.00160711503312892
"hsa-miR-126-3p"	0.167244287113242	4.14091315252162	0.0638572972930458	0.800500036731311	0.862458243908657
"hsa-miR-126-5p"	-1.84545797801184	7.30986264992695	2.6832260666385	0.101410101103775	0.177340277307105
"hsa-miR-1260a"	1.97609985184437	4.50956771436483	18.638868082527	1.57966914656852e-05	0.000109944972601169
"hsa-miR-1260b"	0.736803413787932	3.14005877610344	1.88506870630867	0.169759172771722	0.26256085388693
"hsa-miR-127-3p"	-1.54213661613495	4.34113471382265	5.50389072614535	0.0189742116341948	0.0489113011014798
"hsa-miR-1271-5p"	0.51934476136791	6.98927341851938	0.453478669343943	0.500687602337406	0.629022691745189
"hsa-miR-1273h-3p"	-1.36733149133522	5.6926051986326	10.2812014435801	0.00134392408206393	0.00556768548283628
"hsa-miR-128-1-5p"	-2.77536912708394	5.19848973824701	5.68966941165279	0.0170650691016207	0.0449897276315455
"hsa-miR-128-3p"	0.824540467125429	9.05332653772287	5.2432256884302	0.0220323857408327	0.0536172743902782
"hsa-miR-1285-3p"	3.13963245007181	2.81685165326579	13.1914486821324	0.000281229417900459	0.00145179295844707
"hsa-miR-1287-5p"	2.15883389385748	2.63634250871053	7.93974547796939	0.00483606361470863	0.0163853779412404
"hsa-miR-1299"	-5.13785909280488	2.99925237668403	4.46213208692073	0.0346542174979254	0.0762186793340845
"hsa-miR-1301-3p"	0.63770882301104	4.46530647273044	1.36074950424476	0.243407628207086	0.360450445174749
"hsa-miR-1304-3p"	-1.74182887217508	4.64169191728019	5.20635683118657	0.0225044438287852	0.0543857392528977
"hsa-miR-1306-5p"	3.21023822481225	2.41687928869775	13.8894559111864	0.000193883126316859	0.00103802043012718
"hsa-miR-1307-3p"	0.169209899720196	7.10353990989085	0.0912260431345118	0.762624243846269	0.831953720559566
"hsa-miR-1307-5p"	1.55001730897704	8.23294383921054	10.1977452580704	0.00140612473786424	0.00568990010205528
"hsa-miR-130a-3p"	-0.970301596817999	4.45639617037417	4.17187686726213	0.0411002464415264	0.087747765408903
"hsa-miR-130b-3p"	-0.173307011177762	6.66907828233083	0.203736205458211	0.651721840933294	0.758525754664837
"hsa-miR-130b-5p"	0.901860249894456	4.16404879646921	4.37204970270945	0.0365330222330715	0.0784783440562277
"hsa-miR-132-3p"	-0.0447847732946292	5.81455828368134	0.00253801777899554	0.959820575242606	0.973812128817571
"hsa-miR-132-5p"	1.82087795359764	3.13873612843104	5.84512944178454	0.0156202248762734	0.0418141404380242
"hsa-miR-138-5p"	-5.95159235499842	4.72049449192265	51.9745322680341	5.62251766881862e-13	1.77876013522625e-11
"hsa-miR-140-3p"	0.195415835347769	12.5662059409223	0.226214294110724	0.634345191863297	0.747975621269259
"hsa-miR-140-5p"	0.760663314711697	6.57792675987205	2.11981641572011	0.145403972427052	0.233182407394535
"hsa-miR-141-3p"	-1.43095223313784	9.87333567476778	4.70838347477971	0.0300158634279977	0.0682713756401517
"hsa-miR-142-3p"	1.29418620151459	12.2856485737344	2.8750537722903	0.0899619700434073	0.162970501962343
"hsa-miR-142-5p"	-0.18209029652495	16.3929359112502	0.151580672539694	0.697029364563434	0.795365488878632
"hsa-miR-143-3p"	-2.71186557471085	6.81925482323556	19.1438357445796	1.21228381003685e-05	8.78905762276718e-05
"hsa-miR-144-5p"	-1.22717183528418	2.68173519886331	1.21626898255339	0.270094110397134	0.390011412523662
"hsa-miR-1468-5p"	-0.375467403355329	5.41652665835657	0.795987774109895	0.372295672955626	0.506089430424055
"hsa-miR-146a-3p"	3.98489586320679	2.41280371099605	11.2977187168834	0.000776023827932174	0.0033236501542742
"hsa-miR-146a-5p"	-1.9698914122343	13.1291956513268	6.65814146540833	0.00987038059243177	0.0281548561161169
"hsa-miR-146b-3p"	1.94404095475271	8.42663279328303	4.45378152503353	0.034824051764711	0.0762186793340845
"hsa-miR-146b-5p"	-0.722798281741629	14.5624317471091	0.287764127726405	0.591656905203657	0.711777045580842
"hsa-miR-148a-3p"	0.785621420083671	11.517608347166	2.49350250777377	0.114317064978396	0.19406018835357
"hsa-miR-148a-5p"	-1.32857216923718	5.56475226229713	2.38796521484056	0.122272688759104	0.202623312800801
"hsa-miR-148b-3p"	-0.754265666451441	10.2028538422416	3.94093384099887	0.0471246108734865	0.095066186876352
"hsa-miR-148b-5p"	0.412580722213341	5.61116121605828	1.16506975868224	0.280416593081713	0.403243695836513
"hsa-miR-150-3p"	0.409811192464293	7.63755337439614	0.802495494918511	0.370348303365047	0.505416508121711
"hsa-miR-150-5p"	3.30921810992798	16.6489303675404	42.3281110892455	7.71752626891937e-11	1.27890435313521e-09
"hsa-miR-151a-3p"	-5.37033438381185	12.5323464813393	46.4163848079157	9.56126433960865e-12	2.07957499386488e-10
"hsa-miR-151a-5p"	-4.29679194165175	11.7756741855143	51.727868401653	6.37514023337797e-13	1.84879066767961e-11
"hsa-miR-151b"	-6.05579763734241	7.64724042500581	51.4618187827769	7.30031666035222e-13	1.95423861369429e-11
"hsa-miR-152-3p"	1.90082981256328	5.82018480580889	14.0534962413976	0.000177683197874768	0.00096615238844405
"hsa-miR-153-3p"	1.26792047751677	3.29031234487966	4.86780723674422	0.027362247447825	0.0639064571264637
"hsa-miR-155-5p"	-4.08633002448524	13.5944098470765	9.55980230616802	0.00198884525961139	0.0078649789811905
"hsa-miR-15a-5p"	-1.10483929320282	11.7814133607384	4.04020483182865	0.0444284289394412	0.0914857589995594
"hsa-miR-15b-3p"	0.129369498663947	5.45210395669721	0.0981828190582918	0.754021316802059	0.825155403292819
"hsa-miR-15b-5p"	0.131596477816218	8.52261116093719	0.126273594048005	0.722327431816964	0.808263492836989
"hsa-miR-16-2-3p"	0.661535499598669	7.38435031856316	3.01538329468444	0.0824779546564093	0.151864170478468
"hsa-miR-16-5p"	-2.07206964368481	14.7217225758932	14.577331213482	0.000134523131651792	0.00075506531959393
"hsa-miR-17-3p"	0.182508580682541	7.5502612328139	0.119685431246821	0.729375915399128	0.811010763789215
"hsa-miR-17-5p"	-1.05929687275085	8.87220134991039	6.3691239592602	0.0116122907919255	0.0320720412348418
"hsa-miR-181a-2-3p"	-0.265401040899465	8.55816106342194	0.222066265079164	0.637470018124836	0.747975621269259
"hsa-miR-181a-3p"	-1.94488651538225	8.90852403200394	17.3412691968011	3.12329841217405e-05	0.000205076952346522
"hsa-miR-181a-5p"	-2.99903996360959	16.4445353987731	29.1069984334276	6.8489131579227e-08	7.94473926319033e-07
"hsa-miR-181b-5p"	-1.43097004836772	10.8589898135939	7.39343417788646	0.00654623852151061	0.020523342391763
"hsa-miR-181c-3p"	3.16230440076323	5.93867414198732	28.850944329733	7.81677803473562e-08	8.77496372931612e-07
"hsa-miR-181c-5p"	3.08817986283842	10.4706739265898	42.7923342586142	6.08702226418272e-11	1.05914187396779e-09
"hsa-miR-181d-5p"	3.15312426892274	5.8392303293072	21.7898210555404	3.0420978300969e-06	2.52059534493743e-05
"hsa-miR-182-5p"	-4.29336238397945	7.62190607126431	13.1554938152235	0.00028667747360203	0.00145179295844707
"hsa-miR-183-5p"	-4.68522063203208	5.36095270049877	24.7792384298152	6.42861851738532e-07	5.73630575397459e-06
"hsa-miR-185-5p"	0.902248593781794	6.15816420369641	4.78545101869359	0.0287011305068825	0.0657104830025995
"hsa-miR-186-5p"	0.254091407042866	13.9524863487696	0.285455565317989	0.593147537984035	0.711777045580842
"hsa-miR-188-5p"	-1.19992314502596	2.49320858494983	0.710284196629194	0.39934948164966	0.534513921592621
"hsa-miR-18a-3p"	-0.0612248703135328	3.69915022706956	0.00561799041101452	0.94025190445024	0.95955326319262
"hsa-miR-18a-5p"	-0.541132346210636	5.00897210796098	1.31083535552765	0.252243465391729	0.370382809942285
"hsa-miR-191-5p"	-1.90620171876968	14.6467535208642	11.8113166921329	0.000588717834307382	0.00273165075118625
"hsa-miR-192-5p"	0.284983905852891	12.7064010699022	0.428956410927654	0.512501466244567	0.639011666848236
"hsa-miR-193a-3p"	2.02802474548524	2.40927677572363	5.92600015681099	0.0149190678008597	0.0402467875558075
"hsa-miR-193a-5p"	-3.98778904069884	5.64866129038519	28.0526812503164	1.18057429681512e-07	1.28387454778644e-06
"hsa-miR-193b-3p"	0.16301332347621	4.57753777467764	0.0588668291124392	0.808296010807324	0.863323671894713
"hsa-miR-194-5p"	0.835237745576386	6.91297599103541	4.000344323283	0.0454909697230303	0.0925985921374749
"hsa-miR-195-5p"	-2.70277241882876	6.07638479409556	16.9442120172779	3.84945049191077e-05	0.000239215851997312
"hsa-miR-196a-5p"	5.30580074606363	3.8909126554611	56.6326324282583	5.25327859289389e-14	2.03126772258564e-12
"hsa-miR-197-3p"	0.822304592663629	9.95502537259186	5.37264488922295	0.0204549384566569	0.0501290041050466
"hsa-miR-1976"	0.254965357909963	3.901643629853	0.229593863352136	0.631825136317318	0.747975621269259
"hsa-miR-199a-3p"	0.668525726723129	5.77009559288875	2.68634423372904	0.101211783581381	0.177340277307105
"hsa-miR-199a-5p"	0.410127188962647	3.22986504870746	0.60505279153873	0.436656625502851	0.573420776132046
"hsa-miR-199b-3p"	0.609277433104399	4.6203553295085	2.06856833866181	0.150362612808843	0.238932371038709
"hsa-miR-199b-5p"	1.69100904415893	4.93331297133966	8.88494182879296	0.00287532204314853	0.0105327586422704
"hsa-miR-19a-3p"	0.807375631393011	7.97208991566754	1.15011249995244	0.283525600681033	0.40437257802049
"hsa-miR-19b-3p"	0.122245208214554	10.6009463119312	0.0447466575001272	0.832470559350495	0.877878044405976
"hsa-miR-200a-3p"	-2.81989508813336	4.63872871130954	24.0685614651228	9.29657777960936e-07	7.89075382269283e-06
"hsa-miR-200b-3p"	-1.0532752075866	5.20077966315493	4.6583418016395	0.0309030223709072	0.0693822695811337
"hsa-miR-200c-3p"	-0.885009847136461	5.39678201106065	5.45131113537555	0.0195536462915083	0.0494239388426275
"hsa-miR-20a-3p"	0.547907194666758	2.99377561482621	0.584765451638385	0.444450454799583	0.577122232351697
"hsa-miR-20a-5p"	-1.42222890703987	10.1584680642031	12.5214779292533	0.000402300539093334	0.00191781626855452
"hsa-miR-20b-5p"	-3.03678138778267	5.86485455813581	32.59807675606	1.13326835143631e-08	1.35992202172357e-07
"hsa-miR-21-3p"	-2.74559029618609	11.595738255972	4.62908384638327	0.0314343446315555	0.0701227687934699
"hsa-miR-21-5p"	-0.753270856698258	14.9023497322641	0.879028928079833	0.348467786144299	0.477428305426047
"hsa-miR-210-3p"	-1.29149206145675	5.69348443946673	5.53957948697372	0.0185910494654471	0.0482812329401164
"hsa-miR-210-5p"	-3.69655455076412	3.56649712502457	6.3277704171798	0.0118861655348254	0.0325699654025137
"hsa-miR-2110"	-0.0276620738576943	3.71593579631753	0.0019503909487586	0.964774291065799	0.973976859968132
"hsa-miR-2110-3p"	1.59062780311932	4.60516519145868	13.1478099478973	0.000287855500381746	0.00145179295844707
"hsa-miR-212-3p"	0.0854322998887057	3.21043055834569	0.00630806438243248	0.936695917433945	0.958735821373567
"hsa-miR-212-5p"	1.82589556557558	2.67043184627047	6.57204422706005	0.0103592896987639	0.0288402625213586
"hsa-miR-215-5p"	0.89428046115555	4.37465693081009	3.71622528597949	0.0538860610223162	0.1069197162007
"hsa-miR-22-3p"	2.29260366975482	13.5018223655354	15.9912212766385	6.36368842699413e-05	0.000388519925016484
"hsa-miR-22-5p"	2.96536433520036	5.02988839743945	38.9741779346731	4.29448477142447e-10	6.22700291856547e-09
"hsa-miR-221-3p"	-1.0061142856886	11.4940122991826	6.57334800797165	0.0103517039214344	0.0288402625213586
"hsa-miR-221-5p"	0.166308816178639	6.72071618401158	0.137516581496736	0.710762455298937	0.805685128482182
"hsa-miR-222-3p"	-0.702096930754941	9.85584810202116	2.91638439385845	0.0876841353202275	0.160600416270732
"hsa-miR-222-5p"	-0.428628761052207	2.97751725191225	0.13211816187566	0.716245886625677	0.808263492836989
"hsa-miR-223-3p"	-4.38430334479677	9.44290169825002	73.779864489103	8.73329319239962e-18	5.06531005159178e-16
"hsa-miR-223-5p"	-5.04290111140868	5.19841508174892	68.4339633478212	1.31198349187144e-16	5.70712818964076e-15
"hsa-miR-2277-5p"	1.71504956132562	3.22661735447715	11.280726696676	0.000783158944397944	0.0033236501542742
"hsa-miR-2355-5p"	-1.36654414862193	4.08863034896231	6.73016923570632	0.00947956054647933	0.0274907255847901
"hsa-miR-23a-3p"	2.91151718504549	10.2268985334246	47.1196354470398	6.67832840266608e-12	1.66004163151986e-10
"hsa-miR-23a-5p"	-0.303918387202247	4.78548153036616	0.154863405985093	0.693930374108543	0.795365488878632
"hsa-miR-23b-3p"	1.48596488113971	7.130448297628	13.5388090482751	0.000233680632862171	0.00123213424600054
"hsa-miR-24-2-5p"	2.32133802497287	4.99449440631669	27.9818228173036	1.22460385071266e-07	1.2914004243879e-06
"hsa-miR-24-3p"	1.02060357090427	8.99260260793598	7.2009479798397	0.00728650804863087	0.0226402214368173
"hsa-miR-25-3p"	-1.15832673283888	12.9499786643	6.79207198886933	0.00915635738282585	0.026776574531289
"hsa-miR-25-5p"	0.504225236835323	4.43496653942103	1.06009558972733	0.303193384169205	0.422045190763533
"hsa-miR-26a-2-3p"	0.851689630444018	4.20110273120234	2.78872004178692	0.0949300244077506	0.16854922700968
"hsa-miR-26a-5p"	-0.22743868037949	16.1000296599706	0.302525749048527	0.582303318607208	0.706068135454037
"hsa-miR-26b-3p"	2.01074822779113	6.71083253527489	12.7783387613096	0.000350656193887316	0.00171870923201107
"hsa-miR-26b-5p"	-0.13987423673952	13.6818247511185	0.109730334276676	0.740451355442697	0.818022449822408
"hsa-miR-27a-3p"	2.95459914107509	11.7729149756518	36.2280095778528	1.75529519358693e-09	2.443370909473e-08
"hsa-miR-27a-5p"	0.227017800273128	5.96593817058065	0.220895412467495	0.638358504359109	0.747975621269259
"hsa-miR-27b-3p"	-1.04340860580845	12.4300308610129	3.99997153448919	0.0455010323434144	0.0925985921374749
"hsa-miR-27b-5p"	-1.29777735341581	3.92397148802245	3.05289972006979	0.0805931307399037	0.149183029241949
"hsa-miR-28-3p"	-1.45576275869554	13.9280775567825	7.17236716726927	0.00740350195342902	0.0228001653079053
"hsa-miR-28-5p"	0.292406864820505	10.2076775814281	0.44422453638704	0.505090467711436	0.632271520732302
"hsa-miR-296-5p"	1.14639239865814	3.16529585530644	2.80942477456197	0.0937119723611084	0.167239827598286
"hsa-miR-29a-3p"	1.03986102983359	14.0763856098165	5.63337761770333	0.0176216458092684	0.0461077649746271
"hsa-miR-29a-5p"	2.28500449709375	5.02711784134025	25.3554196450733	4.76810865377295e-07	4.48459949057564e-06
"hsa-miR-29b-1-5p"	-0.0807742223290324	3.6186501531219	0.0122328208189453	0.91193189543062	0.941698218426872
"hsa-miR-29b-3p"	1.01330890863297	10.0764310445839	4.04804852860974	0.0442224380546157	0.0914857589995594
"hsa-miR-29c-3p"	0.731934085737148	12.2893915411279	1.53356487294306	0.215578208365633	0.320603489364274
"hsa-miR-29c-5p"	0.163471084230101	6.50995912552234	0.183383883969109	0.66848116840497	0.770302803327581
"hsa-miR-301a-3p"	0.106006720109139	6.19527473839363	0.0202505663861503	0.886839504243612	0.924012417595141
"hsa-miR-301b-3p"	-1.32143335326971	3.07856963285176	3.18931580279778	0.0741210282813111	0.138877186330814
"hsa-miR-30a-5p"	-8.40953051427608	9.81829403617581	109.402812325454	1.3244151975913e-25	2.30448244380886e-23
"hsa-miR-30b-3p"	-1.56646684120085	3.49276658770347	3.71040282672027	0.0540743392279402	0.1069197162007
"hsa-miR-30b-5p"	0.17801574191195	11.5473660962098	0.102948873031103	0.748319164592929	0.821498641256591
"hsa-miR-30c-1-3p"	-1.34171209484931	4.19791367285913	3.26874761258422	0.0706115102539381	0.133547856349839
"hsa-miR-30c-5p"	0.113109974733811	11.4553651686902	0.0844682754379207	0.771331051778895	0.836209364545344
"hsa-miR-30d-3p"	-1.31828717680695	6.47737564309994	8.51623811757982	0.00351991360551929	0.0126281436569146
"hsa-miR-30d-5p"	-1.13078921310794	13.6549115180158	8.44496100328905	0.00366056286881176	0.0129987334525152
"hsa-miR-30e-3p"	-1.53637864547039	9.47191153777782	1.7303161954091	0.188370521518312	0.288779477922346
"hsa-miR-30e-5p"	-0.53230965774345	13.6549600481034	0.687073010285076	0.407161746281283	0.540810258419415
"hsa-miR-31-3p"	6.87955771793482	3.68887571307008	46.4382293804273	9.4552639446781e-12	2.07957499386488e-10
"hsa-miR-31-5p"	8.35096899385685	8.48905846111594	132.458538692944	1.18761271220876e-30	4.13289223848649e-28
"hsa-miR-3150b-3p"	-9.20421313073482	5.38379929383601	87.4355461549929	8.70714978796157e-21	1.01002937540354e-18
"hsa-miR-3158-3p"	-0.288975355048651	3.07539384885486	0.20023842495746	0.654528465064456	0.759253019474769
"hsa-miR-3176"	-1.00327387906637	3.14730665844849	0.652534356733618	0.419208035630922	0.55469352243179
"hsa-miR-3194-5p"	2.6309148762145	3.10082530702592	20.351868017272	6.44301593534873e-06	5.15131976313663e-05
"hsa-miR-32-3p"	0.341925656791025	3.40830774533451	0.326418571923092	0.567775611864223	0.695725045523766
"hsa-miR-32-5p"	-0.0954976294031428	7.96916072837434	0.0128530542488647	0.909736183232401	0.941698218426872
"hsa-miR-320a"	0.161489593875904	10.2006382160998	0.127715735950978	0.72081229905191	0.808263492836989
"hsa-miR-320b"	1.05533023277374	4.39684992797969	4.81115779305695	0.0282760415571742	0.0651659765688518
"hsa-miR-320d"	1.66093174414053	3.7780387768094	8.59399710440642	0.00337272901273028	0.0122261426711473
"hsa-miR-324-3p"	0.426753992033036	4.70810894788834	0.589901656843382	0.442457149924631	0.576685723497272
"hsa-miR-324-5p"	0.0941656787516866	4.56100572591357	0.0598722669117797	0.806697941830841	0.863323671894713
"hsa-miR-326"	3.72828049106487	3.69431588256377	44.5480128854627	2.48195280745758e-11	5.08070339408963e-10
"hsa-miR-328-3p"	0.3576162689971	6.15165852635506	0.292480188360365	0.588635533547757	0.711267936370207
"hsa-miR-330-3p"	1.97107097511398	5.30306243799729	19.6427018704965	9.3359213067544e-06	6.91255449946921e-05
"hsa-miR-330-5p"	0.761055673674686	5.37590449147631	1.89390236539113	0.168762429375774	0.262184488494505
"hsa-miR-331-3p"	2.45478532836904	7.09798693630537	33.7347763801504	6.3161394643314e-09	7.85005904852617e-08
"hsa-miR-335-3p"	-0.636173698809184	6.58460523210638	1.24882272855907	0.263777448908553	0.382477300917402
"hsa-miR-335-5p"	2.00206671862012	6.6229047406469	7.0373764530839	0.00798258795177239	0.023743082112964
"hsa-miR-338-3p"	-0.125567729593685	4.31852916494994	0.0413469937748943	0.838869604045509	0.881953541413406
"hsa-miR-339-3p"	0.888667782735731	9.04250792050603	4.10107859986218	0.0428558653020165	0.0893044378748608
"hsa-miR-339-5p"	1.04279805808483	6.81688471057454	4.15289681831247	0.0415633605910374	0.0877723818289213
"hsa-miR-33a-3p"	1.01185784519176	4.01964879243254	2.1206573325616	0.145324160582951	0.233182407394535
"hsa-miR-33a-5p"	0.988859479480369	4.05721672492944	2.51182632833233	0.112994912408613	0.192756027049987
"hsa-miR-33b-3p"	0.361034770493214	3.17468945581947	0.499986840198491	0.479505904546179	0.606792926480256
"hsa-miR-33b-5p"	2.40171223606561	4.26962353055369	20.3311479720948	6.51316291890839e-06	5.15131976313663e-05
"hsa-miR-340-3p"	-0.298306690654021	3.40529545113991	0.207345342642202	0.648856101716414	0.757724575158765
"hsa-miR-340-5p"	-0.314156792265489	8.86026615130893	0.407675485564866	0.523151701169587	0.647888939526749
"hsa-miR-342-3p"	1.07817536415446	12.8105485827824	7.91249523941374	0.004909450633054	0.0164277771182961
"hsa-miR-342-5p"	1.71690720326813	7.70704378456284	18.3326504544237	1.85500559613698e-05	0.000126576852442288
"hsa-miR-345-5p"	-0.490337674312559	7.12365518521396	0.717904843117218	0.396832019666544	0.533195146115666
"hsa-miR-34a-5p"	-0.650019795276683	4.01318704647226	1.57989331022436	0.208776061964004	0.313540041609616
"hsa-miR-3607-3p"	1.17897473730845	8.75962375731128	1.29056385635533	0.255944065122276	0.374237540598957
"hsa-miR-3607-5p"	0.933647683482035	2.64339996146081	1.57815469993566	0.209026694406411	0.313540041609616
"hsa-miR-3609"	-2.45692110899626	5.43356207323647	11.6415092158005	0.000644962532507876	0.00291489560146417
"hsa-miR-361-3p"	0.118551434101398	11.5305009772677	0.072565452808135	0.78763746313781	0.851235519167571
"hsa-miR-361-5p"	-0.99558000774576	8.73157230233961	7.13488813339728	0.00755983589731392	0.022950411438887
"hsa-miR-3613-3p"	0.852126107678508	2.68459397142712	1.15503273840912	0.282498094009267	0.40437257802049
"hsa-miR-3613-5p"	0.11035137879638	4.22076426575335	0.0309185030504642	0.860422330249079	0.90029031401812
"hsa-miR-3614-5p"	-3.49216151941266	2.62879636408126	7.67492279040329	0.00559934891480289	0.0180423465032538
"hsa-miR-3615"	-1.3901306458269	6.16816926380271	4.41490585847596	0.0356262444629136	0.0774870817068371
"hsa-miR-362-3p"	0.787298095810579	3.51405217930377	1.65458426014331	0.198336135485313	0.301401638204755
"hsa-miR-362-5p"	-3.65425135508391	5.57413336415366	9.33314040230437	0.00225046349225566	0.00870179217005521
"hsa-miR-363-3p"	-1.87770969834767	9.80354775342386	9.57247472957506	0.00197516350727359	0.0078649789811905
"hsa-miR-3651"	-1.08529034596873	4.18048571248855	2.86753748980925	0.0903830657434833	0.162970501962343
"hsa-miR-3653-3p"	-0.463575756952395	3.9890311294396	0.517274645349257	0.47200656170356	0.603890748061908
"hsa-miR-3653-5p"	-1.03100772214952	4.02098896468138	4.14051478652491	0.0418684350103475	0.0877723818289213
"hsa-miR-3681-5p"	-6.18961279270529	2.73586726283694	24.6498097555908	6.87515403596808e-07	5.98138401129223e-06
"hsa-miR-374a-3p"	0.613503515550596	7.27031324934608	0.591999630589332	0.441646914053689	0.576685723497272
"hsa-miR-374a-5p"	0.254955197144249	7.40811272796498	0.129871549563907	0.718565257888511	0.808263492836989
"hsa-miR-374b-3p"	0.395601217150771	3.34296548523712	0.272464238188978	0.6016835103348	0.719539043286977
"hsa-miR-374b-5p"	1.06483691504395	6.58091225697949	5.37449790146904	0.0204332214150231	0.0501290041050466
"hsa-miR-378a-3p"	-2.05853370767246	11.3401969897299	14.8606666678219	0.000115751616998585	0.000671359378591794
"hsa-miR-378a-5p"	-1.70161923889374	3.81900251497252	11.6813085304075	0.000631311171933735	0.00289074062938079
"hsa-miR-378c"	-1.22201330603774	4.58225300655795	3.51609459849217	0.0607754984313048	0.117499296967189
"hsa-miR-378d"	-0.174584777018967	3.4748746378551	0.0548258821065879	0.814869094524934	0.864893393293675
"hsa-miR-3912-3p"	0.117235691699367	4.70188788018995	0.0504831116187692	0.822224745908614	0.869708849775677
"hsa-miR-409-3p"	-1.15895278014582	2.59030507364163	1.61947684109575	0.203164750045944	0.307397100069514
"hsa-miR-410-3p"	-2.07691185987546	2.48834183253744	4.82838537562559	0.0279948364855402	0.0649480206464532
"hsa-miR-421"	0.0500122591853357	6.07031135826362	0.00791884385104513	0.929091537511618	0.953757684525201
"hsa-miR-423-3p"	0.608279860569644	11.4615538143542	2.07739899909001	0.149494725044789	0.238642955576085
"hsa-miR-423-5p"	0.377974299747644	11.5866954481486	0.758840639057581	0.383691585363354	0.519551251776059
"hsa-miR-424-3p"	2.54961475497008	2.27363123410421	7.75255155193023	0.00536367079476184	0.0174444620240853
"hsa-miR-424-5p"	3.17730929647548	3.50783373793648	18.9568689140694	1.3370703417253e-05	9.49592814123277e-05
"hsa-miR-425-3p"	-0.0903206363593181	5.38474344225944	0.0546343610020175	0.815186876437716	0.864893393293675
"hsa-miR-425-5p"	-0.762048249567079	9.19850658517689	2.73659740597652	0.0980733915950282	0.17324639733538
"hsa-miR-429"	-1.60195862419685	2.62044538170292	4.14806283985076	0.0416821836023994	0.0877723818289213
"hsa-miR-4424"	-6.16861174925075	4.40482945917633	25.7347019111639	3.91719758986583e-07	3.89481360363802e-06
"hsa-miR-4433b-5p"	0.346046220310349	2.37820250955469	0.104680642472921	0.746283381263346	0.821498641256591
"hsa-miR-4443"	0.594902574159245	3.48021013172932	0.946900083080753	0.330509611650191	0.454614011281686
"hsa-miR-4464"	-7.43163180287332	3.76729095814705	19.926509057734	8.04766817156361e-06	6.08823592109595e-05
"hsa-miR-4482-3p"	-4.0547156549218	3.17232493903623	5.41611148982849	0.0199517469479218	0.0495943424134056
"hsa-miR-4485-3p"	-2.76635376746588	2.43401714850156	3.43877193345046	0.063683012014195	0.121767517477692
"hsa-miR-450a-5p"	2.41675640952623	2.6606754528441	8.12163377975777	0.00437401230555073	0.0150708542805114
"hsa-miR-451a"	-1.77857749467557	6.29908396870463	2.25386930651698	0.133280773317927	0.217754502885627
"hsa-miR-454-3p"	0.0451673899765041	6.93684823778602	0.00876501472167401	0.925409705111139	0.952788690469457
"hsa-miR-454-5p"	0.0393202377457157	3.65205551445999	0.00416196573180638	0.948561518199506	0.965202948343357
"hsa-miR-4645-3p"	-0.240165444840623	3.25570019382766	0.22450607199997	0.63562775980267	0.747975621269259
"hsa-miR-4661-5p"	-2.4301193400496	3.0780134322163	6.9630225711793	0.00832113433677576	0.0245402944847285
"hsa-miR-4662a-5p"	-1.9337569046765	4.2398105025468	5.73564859570674	0.0166239276931586	0.0441612735665587
"hsa-miR-4677-3p"	-1.56749249455551	5.00753742589882	6.58372053064301	0.0102915560877442	0.0288402625213586
"hsa-miR-4772-3p"	5.13116481606928	2.91208562799945	26.0517112718022	3.32394105194341e-07	3.40215142963619e-06
"hsa-miR-4772-5p"	6.50883962265236	4.98456576411979	43.182301711036	4.98697432036536e-11	9.58109074263418e-10
"hsa-miR-484"	0.633690227592956	9.74514893049263	2.90494832364802	0.0883080837616236	0.160896403921702
"hsa-miR-486-3p"	-4.95660643647429	6.88861341533545	43.0888112719708	5.23105529051866e-11	9.58109074263418e-10
"hsa-miR-486-5p"	-7.64088700673882	15.0283852789517	39.0766701690273	4.07484342289688e-10	6.16541526594833e-09
"hsa-miR-497-5p"	-1.47367160206331	4.12253433984017	2.57344671998336	0.108670724735237	0.186292670974691
"hsa-miR-5000-3p"	-0.816703992148316	3.44016622128892	3.09733620750219	0.0784205141426764	0.145937641292253
"hsa-miR-500a-3p"	-2.14055953805664	8.91770170771168	4.66766107945917	0.0307357584519219	0.0693822695811337
"hsa-miR-501-3p"	-1.23208927405739	7.59029962882579	9.30009507013704	0.00229141966669617	0.0087627916924205
"hsa-miR-502-3p"	2.25164863311446	3.55017376639013	15.4358453700921	8.53538219468119e-05	0.000512122931680872
"hsa-miR-505-3p"	1.7125888786943	5.69642127875199	10.770787112613	0.00103114649453867	0.00432336120601754
"hsa-miR-5196-3p"	-7.65313992134814	3.93439953306487	74.5367798459138	5.95190067266683e-18	4.14252286817611e-16
"hsa-miR-532-3p"	-0.572145119460912	4.87909091117062	0.53602299614887	0.464085615359182	0.598154793129612
"hsa-miR-532-5p"	-1.70238682202028	9.81367904378371	4.97734636675753	0.0256813462509123	0.0603858682116046
"hsa-miR-548au-5p"	3.19316869894034	2.89686628577006	19.9311867063518	8.02800279163627e-06	6.08823592109595e-05
"hsa-miR-548e-3p"	0.767778006811684	5.94775540132597	1.53795878912197	0.214921891194812	0.320603489364274
"hsa-miR-548e-5p"	-0.702865188276628	4.17730751238265	2.02262471629405	0.154971068333423	0.244026840633625
"hsa-miR-548j-3p"	3.75923924058905	2.49231855690417	14.1155418821155	0.000171917444978181	0.000949639219879478
"hsa-miR-548j-5p"	3.2303818414724	2.96762968519195	11.827562563729	0.000583603402932019	0.00273165075118625
"hsa-miR-548k"	0.553505192029954	5.41764457360495	1.708555443856	0.191172901583838	0.29179021820691
"hsa-miR-548o-3p"	0.417277829322634	4.00254628170996	1.10789988450006	0.292538923027105	0.4138355496481
"hsa-miR-548w"	1.41309096991143	3.59018362732844	7.76651668623411	0.00532235871228854	0.0174444620240853
"hsa-miR-550a-3p"	0.256768991525131	3.0486087955335	0.189880082548193	0.663016442498766	0.766543926875649
"hsa-miR-5690"	2.01705811701709	3.42634159147381	11.4965212224117	0.000697265681792452	0.00311087765722786
"hsa-miR-5696-3p"	1.58531874614643	2.991565249439	6.70244216085071	0.00962809472075248	0.0276907187010071
"hsa-miR-574-3p"	-3.87164480443715	3.12271837077215	25.6478454469516	4.09752723909065e-07	3.96094299778763e-06
"hsa-miR-576-5p"	0.148730134171047	6.38803415890253	0.116621701211123	0.732727809652877	0.812067763564335
"hsa-miR-577"	-5.41507113739113	7.49546006429586	75.3856092989338	3.87201832564478e-18	3.36865594331096e-16
"hsa-miR-582-3p"	-10.0945129657646	6.25142043841425	70.5247667191865	4.54524267456379e-17	2.25963492964028e-15
"hsa-miR-582-5p"	-7.77434455308474	5.50149598784264	53.9537995250228	2.05259710440549e-13	7.14303792333109e-12
"hsa-miR-584-5p"	-0.361321105093311	3.20191226045823	0.119623135603891	0.729443589270185	0.811010763789215
"hsa-miR-589-3p"	3.11174714738583	4.13537619552882	34.7322426075772	3.7831373086909e-09	5.06358378240167e-08
"hsa-miR-589-5p"	0.459422993389063	7.80199755081858	0.750000126700664	0.386476190657058	0.521293466467659
"hsa-miR-590-3p"	1.16948014558133	6.2624946624282	2.4195411136755	0.119830028362842	0.200484855145524
"hsa-miR-590-5p"	1.76292858059971	2.3967367217966	3.18697031540462	0.0742274616595729	0.138877186330814
"hsa-miR-598-3p"	-0.934293562746439	6.34060202658664	5.99501838977225	0.0143463315471394	0.0390040888937852
"hsa-miR-616-5p"	0.269514340150358	4.18117916276514	0.550953581992164	0.457928322647843	0.592412848629924
"hsa-miR-625-3p"	0.32281463001349	6.02842425826321	0.64100695274927	0.423346400075285	0.558047527371967
"hsa-miR-625-5p"	0.562301454806782	4.604091707077	1.33095247579011	0.248635842037146	0.366632512834436
"hsa-miR-627-5p"	-0.268698395433625	2.91972337639903	0.151519404388221	0.697087569275812	0.795365488878632
"hsa-miR-628-3p"	0.262506044331563	3.35953761897523	0.263668441022327	0.607611014095012	0.724139153784467
"hsa-miR-628-5p"	0.810344254551474	3.66256716449628	2.40568887098336	0.120894895666795	0.201298677952367
"hsa-miR-629-3p"	1.28738029533463	3.33190226771239	7.12912150958747	0.00758418768813796	0.022950411438887
"hsa-miR-629-5p"	-1.34599927611035	5.86892880603604	5.06421144957987	0.0244248150918635	0.0582180524107432
"hsa-miR-641"	0.129902411590526	3.75878439553334	0.0855522702207656	0.769909560682681	0.836209364545344
"hsa-miR-642a-3p"	5.07699793195806	2.76932345110915	34.012804029689	5.47505954019697e-09	7.05674340736499e-08
"hsa-miR-642a-5p"	5.19564624371726	3.49586189958617	40.645697366524	1.82488625857225e-10	2.88663826355974e-09
"hsa-miR-650-3p"	-5.60540603744728	2.35577071504325	12.6991275828437	0.000365826209367263	0.00176816001194177
"hsa-miR-651-5p"	-1.09693211908593	4.15679951473487	2.63287399894841	0.104672090452373	0.182129437387129
"hsa-miR-6511b-3p"	1.55632369688331	2.43856114879837	3.48370306148655	0.0619759071014462	0.11915809763151
"hsa-miR-6516-3p"	-2.11721380378422	4.47780238693991	5.10362381790383	0.0238759125201562	0.0573021900483749
"hsa-miR-652-3p"	-0.617895621867602	7.45778851343717	2.26694699917416	0.132160024527815	0.216941927055092
"hsa-miR-652-5p"	0.867178606236935	3.43174790595087	3.34898766017328	0.0672463575075626	0.127878319194709
"hsa-miR-659-5p"	-1.44713584007999	4.78237390066053	7.83503592396561	0.00512431349628078	0.0169834390162449
"hsa-miR-660-5p"	-0.556856505783574	8.38176103874438	1.08199976523262	0.298250625269919	0.418438417210581
"hsa-miR-664a-3p"	-0.399026728035243	7.54299199294471	1.07686515589343	0.29939990196964	0.418438417210581
"hsa-miR-664a-5p"	-0.991761645059573	5.04242993096461	5.42953756149892	0.0197989213629772	0.0495685225490366
"hsa-miR-664b-3p"	0.269533406641578	4.12830028136203	0.333522518443601	0.563592226512194	0.693039204333016
"hsa-miR-671-3p"	-0.762957573584356	5.65086175902026	1.0333208076484	0.309379979669982	0.428941167032485
"hsa-miR-671-5p"	2.02261637583468	3.68802042149361	15.0124297678699	0.000106805379180908	0.000629970711100947
"hsa-miR-6731-3p"	1.85141318167936	3.07000180983724	11.3751556868955	0.000744329860341599	0.00323783489248596
"hsa-miR-6769b-3p"	1.02822243934117	3.35444198022096	1.92257028086206	0.165573590858155	0.258383899635148
"hsa-miR-6803-3p"	2.19104955405105	3.62169269599751	14.7230882515564	0.000124512173957606	0.000710331746512243
"hsa-miR-6842-3p"	-2.4032842311887	6.15174043659051	17.5248662106661	2.83574554959941e-05	0.000189776817550114
"hsa-miR-7-1-3p"	0.872970929668479	6.59313007881309	3.56615123231397	0.0589688377853444	0.114643327091061
"hsa-miR-7-5p"	0.55527169029725	5.94982877870704	0.511383141307516	0.474540717043247	0.604909045901282
"hsa-miR-708-3p"	-4.84566453757662	3.51223444215038	10.2374479157485	0.00137617858115828	0.00563423701462447
"hsa-miR-708-5p"	-2.94049911917317	3.85394073172907	3.85844190156125	0.0494962731200331	0.0989925462400662
"hsa-miR-744-5p"	0.428320364841103	6.13182158979571	0.527284546449756	0.467750735110212	0.60065408051053
"hsa-miR-766-3p"	0.630410230512523	6.86330227179895	2.60611337876603	0.106452372711878	0.184305600516088
"hsa-miR-769-5p"	0.00756878001072594	9.39917734045206	0.000354229029003506	0.98498392265907	0.98498392265907
"hsa-miR-7706"	-2.77754496662953	6.47093818029234	8.97078010379314	0.00274331441866746	0.0101561001882583
"hsa-miR-7974"	-2.85391227539775	2.83182402606427	3.68489742707926	0.0549073487161547	0.107953431374135
"hsa-miR-873-5p"	1.94518336127262	3.3534339372822	11.4160761552294	0.000728113093106034	0.00320738425823924
"hsa-miR-874-3p"	1.94867409897432	6.61334744230641	9.01683604565543	0.00267504041002878	0.0100098286310754
"hsa-miR-874-5p"	2.64780636217049	3.18435535995751	17.145530181225	3.46223192625232e-05	0.000219064856424692
"hsa-miR-877-5p"	-0.560750752224592	4.82336417836217	0.401182037835182	0.52647943392044	0.64969802483799
"hsa-miR-9-5p"	-0.129814766571601	5.20009705467332	0.0304448469986767	0.86148469703458	0.90029031401812
"hsa-miR-92a-1-5p"	-0.696843260334677	4.36650300020039	2.0285624069332	0.154366563387042	0.244026840633625
"hsa-miR-92a-3p"	-1.26651375190211	16.9219278499965	7.4374501334587	0.00638803342250996	0.020209414827577
"hsa-miR-92b-3p"	1.05568231362855	8.58180285534626	2.19739529571483	0.13824416112644	0.224160867940802
"hsa-miR-93-3p"	0.688211659596728	3.52660344133147	2.42378649920714	0.119505753822548	0.200484855145524
"hsa-miR-93-5p"	-1.15088899399273	10.2408698999533	7.10303129262506	0.00769536987853046	0.0230861096355914
"hsa-miR-941"	-0.392098936024321	8.27975548554833	0.425617356309004	0.514147318153753	0.639011666848236
"hsa-miR-941-3-5p"	-0.330839309519786	5.94919021247232	0.317669032305741	0.573011849980794	0.69967762734497
"hsa-miR-942-5p"	0.257262034289801	4.02504767724119	0.310806785457525	0.577185531061365	0.702309667165577
"hsa-miR-944"	-2.19441541338621	2.7054611371877	8.27964156675275	0.00400920424833989	0.014022633729305
"hsa-miR-95-3p"	0.887557880499522	4.25945661151942	3.66993628908689	0.0554023019048741	0.1083146127129
"hsa-miR-96-5p"	-2.35363648798195	3.16709607432525	9.1610475814522	0.00247221004800715	0.00935140322507051
"hsa-miR-98-5p"	-1.84071107361381	10.9818435179648	5.44725058435089	0.0195991481617316	0.0494239388426275
"hsa-miR-99a-5p"	2.13947331969919	4.80543618824167	4.40411727404297	0.0358522748681229	0.077494358100042
"hsa-miR-99b-5p"	2.2686457954118	9.97401003112243	9.38272306032269	0.00219039942221916	0.00856470785317155
