"logFC"	"logCPM"	"LR"	"PValue"	"FDR2"
"hsa-let-7a-3p"	0	4.83355488344806	0	1	1
"hsa-let-7a-5p"	0	15.7366839625149	0	1	1
"hsa-let-7b-3p"	0	4.28996606196261	0	1	1
"hsa-let-7b-5p"	0	10.7645106624708	0	1	1
"hsa-let-7d-3p"	0	7.42458515615589	0	1	1
"hsa-let-7d-5p"	0	10.6719245190554	0	1	1
"hsa-let-7e-5p"	0	7.29713774416589	0	1	1
"hsa-let-7f-1-3p"	0	3.19214775601111	0	1	1
"hsa-let-7f-2-3p"	0	3.47148763398784	0	1	1
"hsa-let-7f-5p"	0	15.3820219395223	0	1	1
"hsa-let-7g-3p"	0	4.84169870928097	0	1	1
"hsa-let-7g-5p"	0	14.5973932746232	0	1	1
"hsa-let-7i-3p"	0	8.17865136842809	0	1	1
"hsa-let-7i-5p"	0	13.5536120751407	0	1	1
"hsa-miR-100-5p"	0	5.28914836091246	0	1	1
"hsa-miR-101-3p"	0	13.5695301141814	0	1	1
"hsa-miR-101-5p"	0	4.53754544817308	0	1	1
"hsa-miR-103a-3p"	0	12.1061588876741	0	1	1
"hsa-miR-106a-5p"	0	4.6530557030807	0	1	1
"hsa-miR-106b-3p"	0	9.67869892913134	0	1	1
"hsa-miR-106b-5p"	0	8.22658248356939	0	1	1
"hsa-miR-10a-5p"	0	11.4891295011214	0	1	1
"hsa-miR-10b-5p"	0	6.96159979218363	0	1	1
"hsa-miR-122-5p"	0	5.18148658740179	0	1	1
"hsa-miR-1248"	0	4.07289694605536	0	1	1
"hsa-miR-125a-5p"	0	8.23107451108664	0	1	1
"hsa-miR-125b-5p"	0	3.76523011838835	0	1	1
"hsa-miR-126-3p"	0	3.94296303261201	0	1	1
"hsa-miR-126-5p"	0	7.69846712757521	0	1	1
"hsa-miR-1260a"	0	3.34533451446413	0	1	1
"hsa-miR-127-3p"	0	4.65187427862792	0	1	1
"hsa-miR-1271-5p"	0	6.6071716911154	0	1	1
"hsa-miR-1273h-3p"	0	5.98612050962596	0	1	1
"hsa-miR-128-1-5p"	0	5.72376925133934	0	1	1
"hsa-miR-128-3p"	0	8.50173311380234	0	1	1
"hsa-miR-1299"	0	3.62900575885717	0	1	1
"hsa-miR-1301-3p"	0	4.06955959874666	0	1	1
"hsa-miR-1304-3p"	0	5.01769483962267	0	1	1
"hsa-miR-1307-3p"	0	6.89244890175782	0	1	1
"hsa-miR-1307-5p"	0	7.22902421355384	0	1	1
"hsa-miR-130a-3p"	0	4.63928755744049	0	1	1
"hsa-miR-130b-3p"	0	6.60273228960151	0	1	1
"hsa-miR-130b-5p"	0	3.64046644945587	0	1	1
"hsa-miR-132-3p"	0	5.69869500894117	0	1	1
"hsa-miR-138-5p"	0	5.34237700123335	0	1	1
"hsa-miR-140-3p"	0	12.3377515597698	0	1	1
"hsa-miR-140-5p"	0	6.06870149378639	0	1	1
"hsa-miR-141-3p"	0	10.1844795729473	0	1	1
"hsa-miR-142-3p"	0	11.4461566946871	0	1	1
"hsa-miR-142-5p"	0	16.3265853763062	0	1	1
"hsa-miR-143-3p"	0	7.32531936524713	0	1	1
"hsa-miR-144-5p"	0	2.88418550269118	0	1	1
"hsa-miR-1468-5p"	0	5.42388005351222	0	1	1
"hsa-miR-146a-5p"	0	13.5426293334807	0	1	1
"hsa-miR-146b-3p"	0	7.14174064911262	0	1	1
"hsa-miR-146b-5p"	0	14.6887129108849	0	1	1
"hsa-miR-148a-3p"	0	10.9867467545208	0	1	1
"hsa-miR-148a-5p"	0	5.85608699152411	0	1	1
"hsa-miR-148b-3p"	0	10.3382258720417	0	1	1
"hsa-miR-148b-5p"	0	5.29232079952284	0	1	1
"hsa-miR-150-3p"	0	7.30753226358984	0	1	1
"hsa-miR-150-5p"	0	14.2387122198505	-5.96855898038484e-13	1	1
"hsa-miR-151a-3p"	0	13.1725204491608	0	1	1
"hsa-miR-151a-5p"	0	12.3874302020566	0	1	1
"hsa-miR-151b"	0	8.2972669175301	0	1	1
"hsa-miR-152-3p"	0	4.61572597407752	0	1	1
"hsa-miR-155-5p"	0	14.1988608785557	0	1	1
"hsa-miR-15a-5p"	0	12.0155041901144	0	1	1
"hsa-miR-15b-3p"	0	5.26518996205431	0	1	1
"hsa-miR-15b-5p"	0	8.32475843073447	0	1	1
"hsa-miR-16-2-3p"	0	6.92613171189805	0	1	1
"hsa-miR-16-5p"	0	15.1507230842495	0	1	1
"hsa-miR-17-3p"	0	7.32993640906634	0	1	1
"hsa-miR-17-5p"	0	9.09459999230145	0	1	1
"hsa-miR-181a-2-3p"	0	8.52599366373641	0	1	1
"hsa-miR-181a-3p"	0	9.31741442181254	0	1	1
"hsa-miR-181a-5p"	0	16.9813563653483	0	1	1
"hsa-miR-181b-5p"	0	11.171159191273	0	1	1
"hsa-miR-181c-3p"	0	3.81709469301033	0	1	1
"hsa-miR-181c-5p"	0	8.25931338967469	0	1	1
"hsa-miR-181d-5p"	0	3.73167745269537	0	1	1
"hsa-miR-182-5p"	0	8.22910234630364	0	1	1
"hsa-miR-183-5p"	0	5.98815445628111	0	1	1
"hsa-miR-185-5p"	0	5.57939863486845	0	1	1
"hsa-miR-186-5p"	0	13.6964873075749	0	1	1
"hsa-miR-188-5p"	0	2.71208832364155	0	1	1
"hsa-miR-18a-3p"	0	3.61211954538931	0	1	1
"hsa-miR-18a-5p"	0	5.06950831263503	0	1	1
"hsa-miR-191-5p"	0	15.0498220770376	0	1	1
"hsa-miR-192-5p"	0	12.4359777565405	0	1	1
"hsa-miR-193a-5p"	0	6.24819566260371	0	1	1
"hsa-miR-193b-3p"	0	4.37993061891021	0	1	1
"hsa-miR-194-5p"	0	6.35982831288695	0	1	1
"hsa-miR-195-5p"	0	6.57529575606477	0	1	1
"hsa-miR-197-3p"	0	9.40411424009423	0	1	1
"hsa-miR-1976"	0	3.69076779228781	0	1	1
"hsa-miR-199a-3p"	0	5.31580264724807	0	1	1
"hsa-miR-199b-3p"	0	4.21511199565198	0	1	1
"hsa-miR-199b-5p"	0	3.90347796751157	0	1	1
"hsa-miR-19a-3p"	0	7.43244127663729	0	1	1
"hsa-miR-19b-3p"	0	10.4057446202919	0	1	1
"hsa-miR-200a-3p"	0	5.13251858797119	0	1	1
"hsa-miR-200b-3p"	0	5.41035663079819	0	1	1
"hsa-miR-200c-3p"	0	5.56958217242499	0	1	1
"hsa-miR-20a-5p"	0	10.4681661855417	0	1	1
"hsa-miR-20b-5p"	0	6.39847284740898	0	1	1
"hsa-miR-21-3p"	0	12.109749916486	0	1	1
"hsa-miR-21-5p"	0	15.0378079580668	0	1	1
"hsa-miR-210-3p"	0	5.97537876761503	0	1	1
"hsa-miR-210-5p"	0	4.15291506198623	0	1	1
"hsa-miR-2110"	0	3.62377964147975	0	1	1
"hsa-miR-2110-3p"	0	3.67932454728923	0	1	1
"hsa-miR-212-3p"	0	3.06651933034685	0	1	1
"hsa-miR-215-5p"	0	3.82518854628953	0	1	1
"hsa-miR-22-3p"	0	11.9435372119869	0	1	1
"hsa-miR-221-3p"	0	11.702100967766	0	1	1
"hsa-miR-221-5p"	0	6.50680934538253	0	1	1
"hsa-miR-222-3p"	0	9.97512419016308	0	1	1
"hsa-miR-222-5p"	0	3.01201092862798	0	1	1
"hsa-miR-223-3p"	0	10.0569269595358	0	1	1
"hsa-miR-223-5p"	0	5.81903985456229	0	1	1
"hsa-miR-2355-5p"	0	4.36031343746866	0	1	1
"hsa-miR-23a-3p"	0	8.16876731491351	0	1	1
"hsa-miR-23a-5p"	0	4.77578814253507	0	1	1
"hsa-miR-23b-3p"	0	6.17591989565267	0	1	1
"hsa-miR-24-2-5p"	0	3.56667811157501	0	1	1
"hsa-miR-24-3p"	0	8.32716388973954	0	1	1
"hsa-miR-25-3p"	0	13.198147484653	0	1	1
"hsa-miR-25-5p"	0	4.10439363617701	0	1	1
"hsa-miR-26a-2-3p"	0	3.67791078408708	0	1	1
"hsa-miR-26a-5p"	0	16.0516202889502	0	1	1
"hsa-miR-26b-3p"	0	5.40233604340295	0	1	1
"hsa-miR-26b-5p"	0	13.5986297301351	0	1	1
"hsa-miR-27a-3p"	0	9.6723301687459	0	1	1
"hsa-miR-27a-5p"	0	5.73319878559258	0	1	1
"hsa-miR-27b-3p"	0	12.648081036265	0	1	1
"hsa-miR-27b-5p"	0	4.20093047828139	0	1	1
"hsa-miR-28-3p"	0	14.2455844073061	0	1	1
"hsa-miR-28-5p"	0	9.93385543509861	0	1	1
"hsa-miR-29a-3p"	0	13.3962568977762	0	1	1
"hsa-miR-29a-5p"	0	3.60040753264534	0	1	1
"hsa-miR-29b-1-5p"	0	3.54245139451609	0	1	1
"hsa-miR-29b-3p"	0	9.41322207786986	0	1	1
"hsa-miR-29c-3p"	0	11.7881036441989	9.09494701772928e-13	0.999999239077987	1
"hsa-miR-29c-5p"	0	6.29817690179361	0	1	1
"hsa-miR-301a-3p"	0	6.01099624426626	0	1	1
"hsa-miR-301b-3p"	0	3.31933255598061	0	1	1
"hsa-miR-30a-5p"	0	10.480153285468	0	1	1
"hsa-miR-30b-3p"	0	3.82432632721406	0	1	1
"hsa-miR-30b-5p"	0	11.3268027776898	0	1	1
"hsa-miR-30c-1-3p"	0	4.49021401033577	0	1	1
"hsa-miR-30c-5p"	0	11.2643274894024	0	1	1
"hsa-miR-30d-3p"	0	6.75951327689125	0	1	1
"hsa-miR-30d-5p"	0	13.8958910752309	0	1	1
"hsa-miR-30e-3p"	0	9.8050393245211	0	1	1
"hsa-miR-30e-5p"	0	13.7179069068904	0	1	1
"hsa-miR-3150b-3p"	0	6.03939867705554	0	1	1
"hsa-miR-3176"	0	3.34501955226876	0	1	1
"hsa-miR-32-3p"	0	3.15186533977946	0	1	1
"hsa-miR-32-5p"	0	7.86822292776116	0	1	1
"hsa-miR-320a"	0	9.98848814263078	0	1	1
"hsa-miR-320b"	0	3.77132643721963	0	1	1
"hsa-miR-324-3p"	0	4.40422088246655	0	1	1
"hsa-miR-324-5p"	0	4.39689947014359	0	1	1
"hsa-miR-328-3p"	0	5.85671618164286	0	1	1
"hsa-miR-330-3p"	0	4.08737301510005	0	1	1
"hsa-miR-330-5p"	0	4.88592908284169	0	1	1
"hsa-miR-331-3p"	0	5.44282117340517	0	1	1
"hsa-miR-335-3p"	0	6.68039634210321	0	1	1
"hsa-miR-335-5p"	0	5.32405998705605	0	1	1
"hsa-miR-338-3p"	0	4.23376889301943	0	1	1
"hsa-miR-339-3p"	0	8.4550735621057	0	1	1
"hsa-miR-339-5p"	0	6.14556865168291	0	1	1
"hsa-miR-33a-3p"	0	3.43512210094058	0	1	1
"hsa-miR-33a-5p"	0	3.47465897270893	0	1	1
"hsa-miR-340-3p"	0	3.40805686565966	0	1	1
"hsa-miR-340-5p"	0	8.8447346918119	0	1	1
"hsa-miR-342-3p"	0	12.1074371032995	0	1	1
"hsa-miR-342-5p"	0	6.59436092729122	0	1	1
"hsa-miR-345-5p"	0	7.17406771013696	0	1	1
"hsa-miR-34a-5p"	0	4.10665146941603	0	1	1
"hsa-miR-3607-3p"	0	7.99772919808726	0	1	1
"hsa-miR-3609"	0	5.89926762733098	0	1	1
"hsa-miR-361-3p"	0	11.3370796395518	0	1	1
"hsa-miR-361-5p"	0	8.9364110626179	0	1	1
"hsa-miR-3613-5p"	0	4.04074406947612	0	1	1
"hsa-miR-3614-5p"	0	3.13835899041226	0	1	1
"hsa-miR-3615"	0	6.47234518672718	0	1	1
"hsa-miR-362-3p"	0	3.05441018541767	0	1	1
"hsa-miR-362-5p"	0	6.16600867842286	0	1	1
"hsa-miR-363-3p"	0	10.2009521133274	0	1	1
"hsa-miR-3651"	0	4.38715014102983	0	1	1
"hsa-miR-3653-3p"	0	4.02048330379542	0	1	1
"hsa-miR-3653-5p"	0	4.21079403883525	0	1	1
"hsa-miR-3681-5p"	0	3.26512335492337	0	1	1
"hsa-miR-374a-3p"	0	6.83869368067347	0	1	1
"hsa-miR-374a-5p"	0	7.15375222515395	0	1	1
"hsa-miR-374b-3p"	0	3.07595771529409	0	1	1
"hsa-miR-374b-5p"	0	5.89954410702441	0	1	1
"hsa-miR-378a-3p"	0	11.7674574037613	0	1	1
"hsa-miR-378a-5p"	0	4.14783081242881	0	1	1
"hsa-miR-378c"	0	4.8361904137685	0	1	1
"hsa-miR-378d"	0	3.41903897836043	0	1	1
"hsa-miR-3912-3p"	0	4.51413006389658	0	1	1
"hsa-miR-409-3p"	0	2.77341323797903	0	1	1
"hsa-miR-410-3p"	0	2.80788054535682	0	1	1
"hsa-miR-421"	0	5.91466559845992	0	1	1
"hsa-miR-423-3p"	0	11.028161521495	0	1	1
"hsa-miR-423-5p"	0	11.2714492729094	0	1	1
"hsa-miR-425-3p"	0	5.28225557225681	0	1	1
"hsa-miR-425-5p"	0	9.33571445152062	0	1	1
"hsa-miR-429"	0	2.87935167861153	0	1	1
"hsa-miR-4424"	0	5.0161141288429	0	1	1
"hsa-miR-4443"	0	3.11183864501867	0	1	1
"hsa-miR-4464"	0	4.36293360941364	0	1	1
"hsa-miR-4482-3p"	0	3.76159956390864	0	1	1
"hsa-miR-4485-3p"	0	2.883439951432	0	1	1
"hsa-miR-451a"	0	6.67201025015303	0	1	1
"hsa-miR-454-3p"	0	6.77683218958473	0	1	1
"hsa-miR-454-5p"	0	3.53526225661263	0	1	1
"hsa-miR-4661-5p"	0	3.50239114818916	0	1	1
"hsa-miR-4662a-5p"	0	4.61537246692485	0	1	1
"hsa-miR-4677-3p"	0	5.34903110396932	0	1	1
"hsa-miR-484"	0	9.29893931670558	0	1	1
"hsa-miR-486-3p"	0	7.51621567107843	0	1	1
"hsa-miR-486-5p"	0	15.689493401362	0	1	1
"hsa-miR-497-5p"	0	4.41544350702798	0	1	1
"hsa-miR-5000-3p"	0	3.57010360985927	0	1	1
"hsa-miR-500a-3p"	0	9.35846671999656	0	1	1
"hsa-miR-501-3p"	0	7.85585529157344	0	1	1
"hsa-miR-505-3p"	0	4.62653594446879	0	1	1
"hsa-miR-5196-3p"	0	4.55482988260915	0	1	1
"hsa-miR-532-3p"	0	4.96355649222231	0	1	1
"hsa-miR-532-5p"	0	10.1811392796674	0	1	1
"hsa-miR-548e-3p"	0	5.43983999951722	0	1	1
"hsa-miR-548e-5p"	0	4.27916326711591	0	1	1
"hsa-miR-548k"	0	5.02349252233239	0	1	1
"hsa-miR-548o-3p"	0	3.70988547504872	0	1	1
"hsa-miR-574-3p"	0	3.65169479731975	0	1	1
"hsa-miR-576-5p"	0	6.18224118683494	0	1	1
"hsa-miR-577"	0	8.13312973516944	0	1	1
"hsa-miR-582-3p"	0	6.90608521003935	0	1	1
"hsa-miR-582-5p"	0	6.14517537246022	0	1	1
"hsa-miR-584-5p"	0	3.20565151352562	0	1	1
"hsa-miR-589-5p"	0	7.4487594242379	0	1	1
"hsa-miR-590-3p"	0	5.52319486778288	0	1	1
"hsa-miR-598-3p"	0	6.52764622507588	0	1	1
"hsa-miR-616-5p"	0	3.95089634284757	0	1	1
"hsa-miR-625-3p"	0	5.74652797956717	0	1	1
"hsa-miR-625-5p"	0	4.21402692583886	0	1	1
"hsa-miR-628-3p"	0	3.13211725731895	0	1	1
"hsa-miR-628-5p"	0	3.19365467048378	0	1	1
"hsa-miR-629-5p"	0	6.15534919383679	0	1	1
"hsa-miR-641"	0	3.58286235571502	0	1	1
"hsa-miR-650-3p"	0	2.8243912384062	0	1	1
"hsa-miR-651-5p"	0	4.36594296136793	0	1	1
"hsa-miR-6516-3p"	0	4.88459359152011	0	1	1
"hsa-miR-652-3p"	0	7.55028203740127	0	1	1
"hsa-miR-659-5p"	0	5.0950349491991	0	1	1
"hsa-miR-660-5p"	0	8.45428608876622	0	1	1
"hsa-miR-664a-3p"	0	7.55901538852242	0	1	1
"hsa-miR-664a-5p"	0	5.2381360167408	0	1	1
"hsa-miR-664b-3p"	0	3.88306689040506	0	1	1
"hsa-miR-671-3p"	0	5.79354080955822	0	1	1
"hsa-miR-6842-3p"	0	6.6261586030237	0	1	1
"hsa-miR-7-1-3p"	0	6.02009777159491	0	1	1
"hsa-miR-7-5p"	0	5.55505136321883	0	1	1
"hsa-miR-708-3p"	0	4.06793693708586	0	1	1
"hsa-miR-708-5p"	0	4.33342941695912	0	1	1
"hsa-miR-744-5p"	0	5.80394941966154	0	1	1
"hsa-miR-766-3p"	0	6.42717386117196	0	1	1
"hsa-miR-769-5p"	0	9.2554649284064	0	1	1
"hsa-miR-7706"	0	6.99076367032119	0	1	1
"hsa-miR-7974"	0	3.31335949048647	0	1	1
"hsa-miR-874-3p"	0	5.35250347990072	0	1	1
"hsa-miR-877-5p"	0	4.90383850248663	7.105427357601e-14	0.999999787315832	1
"hsa-miR-9-5p"	0	5.12262081979134	0	1	1
"hsa-miR-92a-1-5p"	0	4.49217122183964	0	1	1
"hsa-miR-92a-3p"	0	17.1965124234946	0	1	1
"hsa-miR-92b-3p"	0	7.89608890159325	0	1	1
"hsa-miR-93-5p"	0	10.4869306254622	0	1	1
"hsa-miR-941"	0	8.29494222596221	0	1	1
"hsa-miR-941-3-5p"	0	5.94617008839837	0	1	1
"hsa-miR-942-5p"	0	3.813272154876	0	1	1
"hsa-miR-944"	0	3.05768014918662	0	1	1
"hsa-miR-95-3p"	0	3.74681050797082	0	1	1
"hsa-miR-96-5p"	0	3.56292416902352	0	1	1
"hsa-miR-98-5p"	0	11.3741086703092	0	1	1
"hsa-miR-99a-5p"	0	3.51281871100559	0	1	1
"hsa-miR-99b-5p"	0	8.43854372689271	0	1	1
