"logFC"	"logCPM"	"LR"	"PValue"	"FDR2"
"hsa-let-7a-2-3p"	7.85631369592131	3.92977029945017	35.5212285142533	2.52286042826449e-09	2.20299776682382e-08
"hsa-let-7a-3p"	2.39518792571712	6.75607421121939	5.92351697063272	0.0149401074786055	0.0267608518572824
"hsa-let-7a-5p"	1.11212051866247	14.9267348802279	2.20398928750132	0.137654089075496	0.183914889502508
"hsa-let-7b-3p"	2.01130339499964	6.55333398129137	7.67403760773146	0.005602096342602	0.0116077335234423
"hsa-let-7b-5p"	1.39474414122728	11.9748009678594	2.72716994886247	0.0986539599826946	0.136662284508605
"hsa-let-7c-3p"	7.37736698118448	3.48400426146619	6.39840798303479	0.0114222746259762	0.0212376132779558
"hsa-let-7c-5p"	5.79229388145605	9.59029502305096	13.3437350957584	0.000259287392608661	0.000732899046159742
"hsa-let-7d-3p"	-0.533795402354496	6.66947231573932	0.581268607017648	0.445815496676465	0.510547489168129
"hsa-let-7d-5p"	-0.798397116738301	9.54835149942228	1.06906474217698	0.301156793960388	0.357440952054926
"hsa-let-7e-3p"	3.80785033852347	3.3003431070616	19.9623175112673	7.89834847186206e-06	2.99402511840353e-05
"hsa-let-7e-5p"	3.86743338083102	10.2173639727713	18.5321949579146	1.67058469470514e-05	5.96288989569937e-05
"hsa-let-7f-1-3p"	2.28736287130198	4.79124261879037	6.50095381379488	0.0107816637608281	0.0202001286553446
"hsa-let-7f-2-3p"	2.76799595736026	5.71863959101911	4.98522663524473	0.0255646362352378	0.042376634301801
"hsa-let-7f-5p"	-0.325734324814658	14.5661741778042	0.170583705556965	0.679593570303541	0.730376386546003
"hsa-let-7g-3p"	-1.7009800751052	5.06474171097594	3.23219946196254	0.0722036539842415	0.103238557889749
"hsa-let-7g-5p"	-3.20565076351084	14.174322540945	16.130833143993	5.91137635794686e-05	0.000186494389615227
"hsa-let-7i-3p"	-1.50737680265887	6.97453232353797	4.2157188248828	0.040051093139885	0.0621745541123929
"hsa-let-7i-5p"	1.06201736201696	13.5492675617718	2.01850557444237	0.155392008576968	0.203172973781115
"hsa-miR-1-3p"	9.83769104606541	5.77213156025613	7.76119322018473	0.00533806835591928	0.0111077252172108
"hsa-miR-100-3p"	11.6268762922733	7.537525642475	48.0884181220024	4.07425979883656e-12	1.81119367421007e-10
"hsa-miR-100-5p"	9.76758175142592	16.4907182597538	28.0971114687166	1.15377935927276e-07	6.71664412719502e-07
"hsa-miR-101-3p"	-2.45675052148087	13.0513011738209	4.00290873931658	0.0454218124019099	0.0691939759019749
"hsa-miR-101-5p"	-1.64068179909653	5.2264055182432	1.36560388666654	0.242568635177619	0.299369795451761
"hsa-miR-103a-3p"	0.215517896864973	11.9761590082968	0.0700162269612719	0.791313155144562	0.830369383831954
"hsa-miR-106a-5p"	4.0759307814193	7.29936468765387	2.1115678876321	0.146189469150026	0.192686389257042
"hsa-miR-106b-3p"	-3.02708095364946	7.9267208203385	14.5203357911361	0.000138654689378725	0.000410922079431496
"hsa-miR-106b-5p"	-1.73033674330733	7.7821816909743	4.28089967654317	0.0385429420044472	0.0602156506075869
"hsa-miR-107"	5.38392533177709	7.80733970341411	9.36057643587066	0.0022170241063866	0.00516249899058593
"hsa-miR-10a-3p"	4.26889267611285	4.22128652463803	4.31445107738071	0.0377899612809931	0.0592284970077103
"hsa-miR-10a-5p"	2.46063609998711	13.5647995176464	2.35076567353008	0.125221488953558	0.168686799168843
"hsa-miR-10b-5p"	11.4370039331068	13.0639081054115	12.3905207034316	0.000431518903247933	0.00115941067960571
"hsa-miR-1180-3p"	6.38094185798158	3.9735985912347	32.3474921222672	1.28923492098491e-08	9.55205873275183e-08
"hsa-miR-1185-1-3p"	8.50689448211556	4.52209314228962	43.9415678795851	3.38326742156054e-11	8.70746194285844e-10
"hsa-miR-1185-5p"	8.06718825271695	4.12198994987308	41.2584708802296	1.33372602335693e-10	2.32925723364836e-09
"hsa-miR-1197"	7.33106642088087	3.4825442652419	27.602327295248	1.48999383392684e-07	8.47217424174679e-07
"hsa-miR-122-3p"	7.64894661060823	3.7165436596593	4.44572986348521	0.0349886312844697	0.0551917441874377
"hsa-miR-122-5p"	10.9764181078853	6.88973979538766	5.24552209002873	0.0220033247914449	0.037230539179988
"hsa-miR-124-3p"	9.74626582145281	7.08499608214147	6.03832803983544	0.0139985355737917	0.0253529033169783
"hsa-miR-124-5p"	7.00039362143409	3.16318420019961	4.14709057624659	0.0417061256918636	0.0641330046016393
"hsa-miR-1248"	-2.05064261318813	3.23397279987307	2.8583362013863	0.0909014774259843	0.127069244357652
"hsa-miR-1249-3p"	0.724157287404468	2.84979185562776	1.01413069370643	0.313915282312595	0.371681774941547
"hsa-miR-125a-3p"	2.01924474537847	3.95847442946027	6.27838133626813	0.0122219685383076	0.0223840547386982
"hsa-miR-125a-5p"	-0.831356269129406	12.8399517366673	1.13415923370354	0.286889902553754	0.345539808740852
"hsa-miR-125b-1-3p"	12.2066814458996	9.52709641240611	58.5269050501714	2.00529829657805e-14	2.45147716756667e-12
"hsa-miR-125b-2-3p"	6.73284768583029	8.58148287175051	10.839421283264	0.000993617821041419	0.00250453151798584
"hsa-miR-125b-5p"	6.62154013739683	13.6040601537866	27.6842040651805	1.42824199999822e-07	8.21659221175446e-07
"hsa-miR-126-3p"	6.98102941915901	8.28533398529595	11.9571901263292	0.000544369022704863	0.00143116372098214
"hsa-miR-126-5p"	5.99488153294711	9.8490443624565	8.70464078263176	0.00317400956257374	0.00705495761862982
"hsa-miR-1260a"	-0.994189510364009	4.40273276778998	2.49296273322391	0.114356270071355	0.155766618565161
"hsa-miR-1260b"	0.273491339069422	3.23385862588616	0.127047808080063	0.721512827530126	0.76699950578746
"hsa-miR-127-3p"	10.9150978864407	12.7100180121007	77.9745430299776	1.04377110085748e-18	2.55202034159654e-16
"hsa-miR-127-5p"	9.48652986498634	5.44388172158015	44.9335620474278	2.03834133127752e-11	6.22968069371691e-10
"hsa-miR-1271-5p"	-0.164448949554101	6.49021512535981	0.0151255695674894	0.902118141133278	0.917122185060651
"hsa-miR-1273h-3p"	-6.48918038945331	2.81221408300877	18.6262113448448	1.59019099484981e-05	5.71767203295263e-05
"hsa-miR-1277-5p"	2.4967201089924	2.24271250568785	3.51287702188686	0.0608936249083932	0.0888865151647888
"hsa-miR-128-1-5p"	2.25355156548374	4.45149147180063	3.41036523175144	0.0647881055528512	0.094010040401615
"hsa-miR-128-2-5p"	6.00282745794227	2.41117893060802	3.74912602920126	0.0528351305084685	0.079010332778719
"hsa-miR-128-3p"	2.6687341627257	10.9963547599292	3.29810432661723	0.0693598848708527	0.0994632953133342
"hsa-miR-1285-3p"	2.07627303452526	3.71600449358172	9.2473656407008	0.00235834440402788	0.00543976610174356
"hsa-miR-129-2-3p"	7.81215578441311	3.98334266613208	8.63906881590256	0.00329029562002757	0.00724754305492559
"hsa-miR-129-5p"	7.54711847462929	3.63938389320838	10.3840329449594	0.00127109745495252	0.00315516068767403
"hsa-miR-1296-5p"	4.25635497786077	4.85824756057802	23.1296812850532	1.514349571593e-06	6.67132378836915e-06
"hsa-miR-1301-3p"	-0.468110846896705	4.52147701214863	0.417619979030853	0.518127023781064	0.578456882714476
"hsa-miR-1304-3p"	2.22202786024938	4.48257474637408	11.5659350936441	0.000671711014016747	0.00171972086834654
"hsa-miR-1306-5p"	0.728436626859831	2.98501632969401	0.482425175359457	0.487325860594887	0.547821484668735
"hsa-miR-1307-3p"	0.256079626977753	6.88937091284723	0.107992172286075	0.742441700861811	0.785934723292226
"hsa-miR-1307-5p"	1.24086155069891	8.47177722275486	1.00676933081477	0.315678053304128	0.372866106438934
"hsa-miR-130a-3p"	7.85136470221055	10.6257649411865	29.7469469425034	4.92280966502205e-08	3.1674393765734e-07
"hsa-miR-130b-3p"	3.00408067980521	8.89168410911823	5.77872718919727	0.0162212839225324	0.0289496636427676
"hsa-miR-130b-5p"	3.60574908481721	7.08594799639906	8.61178305295145	0.00333995173451422	0.00732393003667019
"hsa-miR-132-3p"	1.09267148560585	6.2728957420413	1.55553864212785	0.212319646293491	0.266900532230121
"hsa-miR-132-5p"	3.0726965720841	5.40327331151295	4.89883336949091	0.026874845497987	0.0443979711098501
"hsa-miR-133a-3p"	11.2922924382385	10.082575371729	12.6067234260835	0.000384361683144769	0.00105001599473627
"hsa-miR-133a-5p"	7.11942875428661	3.26162719029698	4.20182813967945	0.0403804250741388	0.0622903087105801
"hsa-miR-134-5p"	8.59105893180884	5.95294034829971	37.3314673742109	9.96634639851795e-10	1.12335884408949e-08
"hsa-miR-135a-5p"	9.40060945772435	5.35027690484113	6.68834945188923	0.00970450132901223	0.0185104974978423
"hsa-miR-136-3p"	10.4292739471514	8.92664114390124	48.8930781360778	2.70302985035478e-12	1.46864621869276e-10
"hsa-miR-136-5p"	8.47135138109094	5.92511508240619	40.9010365742984	1.60136180164011e-10	2.44708100313129e-09
"hsa-miR-137"	10.4816029202722	6.40747553559041	32.584112812454	1.14143988001908e-08	8.58714002045122e-08
"hsa-miR-138-2-3p"	5.84779179064594	2.30818854419508	3.69371785716979	0.0546177443953738	0.0811795653779264
"hsa-miR-138-5p"	10.214423869996	9.78039127187218	20.0975703585646	7.35901026209688e-06	2.83350867572077e-05
"hsa-miR-139-5p"	5.05669903815713	4.48386976323247	5.33342200906019	0.0209202709854831	0.0357692745171372
"hsa-miR-140-3p"	0.427735327231311	12.7174911932313	0.106515348791035	0.744146782994479	0.785934723292226
"hsa-miR-140-5p"	1.36593004800549	7.60377303174064	1.22242884937193	0.268884515525887	0.325456752703363
"hsa-miR-141-3p"	-9.7494207891583	7.4694935938966	37.2108816260348	1.0602052310841e-09	1.15208968444472e-08
"hsa-miR-142-3p"	-8.29923817084952	11.7476898973584	10.9503310775431	0.000935868912345255	0.00237119118205611
"hsa-miR-142-5p"	-8.91436738669169	14.8624908805493	8.95275170059437	0.00277051947592674	0.00624324434897776
"hsa-miR-143-3p"	12.1364877879285	14.5786951462717	89.1229399251661	3.71023565547355e-21	1.81430523552657e-18
"hsa-miR-143-5p"	9.53651103893151	5.49135377237036	35.8395827812374	2.14250521343871e-09	1.97676424409723e-08
"hsa-miR-144-3p"	9.60817525622496	5.5489045451092	6.74843383805331	0.00938300123398654	0.0181355241241874
"hsa-miR-144-5p"	3.93863494155335	4.06575892334644	3.33115017549855	0.0679793202562561	0.0983487798973645
"hsa-miR-145-3p"	11.302020054272	7.21550788519592	30.3940088183952	3.52615538606074e-08	2.36204107367631e-07
"hsa-miR-145-5p"	13.8560334502101	9.75549539109143	56.2395046440176	6.4159398933663e-14	6.27478921571224e-12
"hsa-miR-1468-5p"	-1.15135275998333	4.10906124083061	1.58615879687816	0.207875794160916	0.262664763164568
"hsa-miR-146a-3p"	2.67464070160193	4.41550165577077	5.66358491643248	0.0173206849868901	0.0306877353572075
"hsa-miR-146a-5p"	0.98566419802414	11.422410655418	0.964935491145042	0.325946508996514	0.381608091433995
"hsa-miR-146b-3p"	-8.80015265220508	8.31253928372635	46.399172470689	9.6456240016657e-12	3.62823856678041e-10
"hsa-miR-146b-5p"	-6.01274824304478	11.2557286346973	24.7317685308101	6.58891141519471e-07	3.22197768203021e-06
"hsa-miR-147b"	2.88960463136881	2.60309751833614	4.71722701976384	0.029861862051168	0.0486748351434039
"hsa-miR-148a-3p"	2.22673379798718	12.8845978761339	2.40663995353907	0.120821448731537	0.164115801193671
"hsa-miR-148a-5p"	3.02798111257721	7.00632289349411	4.24634643641809	0.0393348674289156	0.061257166155222
"hsa-miR-148b-3p"	2.11601488325912	10.3138593951187	5.54999749130912	0.0184807134486831	0.0325074420014605
"hsa-miR-148b-5p"	0.946176547120279	6.14227835988115	1.79539284664023	0.180270476676029	0.231979639722575
"hsa-miR-149-5p"	5.75483153971542	6.20970188389856	28.4351024261453	9.68924793957659e-08	5.77810029567433e-07
"hsa-miR-150-3p"	-11.3980878993135	7.31089229646663	50.6556877162784	1.10076986349963e-12	8.39681191168382e-11
"hsa-miR-150-5p"	-13.3794520682856	17.6063823567394	23.1704938381413	1.48254730330558e-06	6.63852977965314e-06
"hsa-miR-151a-3p"	2.19110420308985	11.2353978477988	7.56079079306134	0.00596518112548478	0.0122561914721095
"hsa-miR-151a-5p"	1.89510286133251	11.6005814211308	5.27710517891001	0.0216076443805189	0.0368158122023475
"hsa-miR-151b"	-1.7862210577651	4.36306398202444	4.53297784080988	0.0332477160903808	0.0531311541444321
"hsa-miR-152-3p"	3.98460336761072	7.66370926850397	18.2741085958942	1.91289510994636e-05	6.68579660239406e-05
"hsa-miR-152-5p"	7.7287868768926	5.12536532559231	37.3039566415673	1.01079323394556e-09	1.12335884408949e-08
"hsa-miR-153-3p"	3.62537095836037	7.10467544434395	2.15103133896018	0.142474156584429	0.188807215636276
"hsa-miR-153-5p"	1.45680031345388	2.87454022801213	0.54543771428264	0.460187857045037	0.522343539148758
"hsa-miR-154-5p"	6.81946412919959	3.06246613284281	20.400981043128	6.27975944262563e-06	2.49658729060483e-05
"hsa-miR-155-5p"	-0.339642785433667	10.4078048192411	0.106785260381091	0.743834180943233	0.785934723292226
"hsa-miR-15a-5p"	-0.816237644171578	10.7265829848813	0.499402026959984	0.479762984234105	0.540562440761468
"hsa-miR-15b-3p"	-1.19830590570029	5.36569698286213	3.12438914000842	0.0771287738276073	0.109639448842151
"hsa-miR-15b-5p"	0.109135277706287	8.93061877075056	0.00974257349542995	0.921372915239081	0.934270594654652
"hsa-miR-16-2-3p"	-2.77710354656887	7.02371308142793	9.91262876579666	0.00164148489438442	0.00395411878499499
"hsa-miR-16-5p"	-2.09038667446258	13.012101081181	6.36358542744785	0.0116485921724096	0.0214949493294652
"hsa-miR-17-3p"	-0.635084827762281	6.65784095251906	0.390940999642819	0.531805186744179	0.592375253571535
"hsa-miR-17-5p"	0.648459616858994	8.78326365176395	0.350774760084761	0.553674884526735	0.611167084725899
"hsa-miR-181a-2-3p"	2.66766781613787	8.14155548322668	7.3728464603351	0.00662160386773089	0.0133249559313597
"hsa-miR-181a-3p"	2.55462828529775	9.84255124534858	5.406448110238	0.020062497335154	0.0346662939819446
"hsa-miR-181a-5p"	0.939059703971829	15.0854686708158	0.847081151105158	0.357379379484415	0.416091706113998
"hsa-miR-181b-2-3p"	4.95011011691622	2.73119641340984	7.39437765765989	0.00654280579317256	0.0132756515886364
"hsa-miR-181b-3p"	4.32194152530345	4.41856798989622	16.9153913181566	3.90833935380966e-05	0.000130902598904995
"hsa-miR-181b-5p"	3.03003940718718	11.9979850929533	6.38189303403758	0.0115290398750263	0.0213549261321509
"hsa-miR-181c-3p"	0.773780982322726	5.70373270064648	1.10122931827963	0.293996478559726	0.350644580526112
"hsa-miR-181c-5p"	-1.96606047460017	9.36371523477031	4.87924324791406	0.0271815336238342	0.0447534341483331
"hsa-miR-181d-5p"	-0.151753814276963	5.55379163411965	0.0219020829044547	0.882347879707647	0.902652956437321
"hsa-miR-182-5p"	8.6252760470162	11.3075676873846	10.1607742432406	0.00143460360746076	0.00352523198014228
"hsa-miR-183-3p"	5.68299894079951	2.2132163933791	5.0171774293358	0.0250970471995901	0.0417430478931959
"hsa-miR-183-5p"	11.3216915555985	9.41715176040084	9.4751624007026	0.00208272447546313	0.00492005926812304
"hsa-miR-184"	9.18560796336914	5.14155081937665	6.63237648387727	0.0100141572572905	0.0189803213132367
"hsa-miR-185-5p"	1.091601356947	6.41404874843939	1.24880678826674	0.263780496667794	0.321667488455241
"hsa-miR-186-5p"	-1.6342133024953	12.8866521480066	4.46285483953312	0.0346395588876029	0.0548179427056241
"hsa-miR-187-3p"	8.35618229076166	4.35922325536166	6.79852894466832	0.0091233011730765	0.0177740807714518
"hsa-miR-188-5p"	4.60455395913051	3.47150275182626	14.9706003040889	0.000109199315260608	0.000325600397331934
"hsa-miR-18a-3p"	1.71652557610114	4.60938888423494	1.98702753043989	0.158652024487797	0.206882239932087
"hsa-miR-18a-5p"	3.03605799332926	6.93267143579937	5.36693801883596	0.0205219723098645	0.0352113840685043
"hsa-miR-18b-5p"	7.59617602005489	6.45752160280103	5.06352791954219	0.0244344494122026	0.0410203287861979
"hsa-miR-190a-5p"	5.27266211409197	4.97335234856889	31.0673298266336	2.49231154571203e-08	1.74105763693312e-07
"hsa-miR-190b"	3.36213652947613	5.46846184386373	2.53063595190707	0.111655207715715	0.152512280930125
"hsa-miR-191-3p"	0.968299933527654	3.03770095922778	1.60137923770426	0.20570786212552	0.260598820153832
"hsa-miR-191-5p"	0.510012936829361	12.9705749384397	0.477100335282103	0.489738689605941	0.54927114499382
"hsa-miR-192-5p"	-4.66324609917222	11.4874127790976	24.3451507783316	8.05292072903096e-07	3.83241959371662e-06
"hsa-miR-193a-3p"	8.99282371318945	9.89826623937469	35.8738780420671	2.10512219330606e-09	1.97676424409723e-08
"hsa-miR-193a-5p"	5.84863915546762	6.97643486236746	21.2992767730994	3.92879695791176e-06	1.60098476034904e-05
"hsa-miR-193b-3p"	3.75027785897249	7.57188546207516	15.6850274921359	7.48140635316665e-05	0.000228650481668656
"hsa-miR-193b-5p"	3.15781509200184	2.37723801171511	7.9975458240407	0.00468407941157596	0.0100022481758107
"hsa-miR-194-5p"	-3.72942223534134	6.6125642573669	20.0355728618726	7.60148484486457e-06	2.90400475713967e-05
"hsa-miR-195-5p"	0.921623391257434	3.63731332178897	1.78627579083817	0.181380579969146	0.232795547519455
"hsa-miR-196a-5p"	8.89555619339029	8.19924864669651	4.46958622393178	0.0345033463018057	0.054779663446698
"hsa-miR-197-3p"	-1.95589055680661	9.13815111555698	5.9401613261476	0.0147996639785283	0.0266067488437513
"hsa-miR-1976"	-6.37347131982309	2.72713119867133	22.9159346055028	1.69243027454331e-06	7.25963512501472e-06
"hsa-miR-199a-3p"	8.25768142743756	12.9896316608583	36.6073262902133	1.44487656829968e-09	1.4719680039553e-08
"hsa-miR-199a-5p"	10.2809668224015	11.5541133107351	37.459480209973	9.33319384661016e-10	1.08665042642675e-08
"hsa-miR-199b-3p"	8.27809067830164	11.7088628299942	35.3686370975813	2.72845197423114e-09	2.34072458841934e-08
"hsa-miR-199b-5p"	4.51026388998183	8.8134212240945	9.27349202288088	0.00232494020334674	0.00538813156131068
"hsa-miR-19a-3p"	0.280535856191519	8.5587784690026	0.0530566492683029	0.817827355164272	0.849081903769276
"hsa-miR-19a-5p"	3.42534818824622	4.13281875328721	1.45941296187635	0.227023547743943	0.283924590400993
"hsa-miR-19b-3p"	-1.25145621203019	10.7079629462457	1.09059016156306	0.296340485147566	0.352580285248563
"hsa-miR-200a-3p"	4.90151142577034	6.24163976403788	3.59267747822963	0.0580346684111458	0.085478773653766
"hsa-miR-200a-5p"	5.07753544562649	3.27031833956347	2.39228673060992	0.121935147620264	0.165169770599194
"hsa-miR-200b-3p"	4.64896419927472	7.580132299367	4.54855019435018	0.0329466324098945	0.0529963922646
"hsa-miR-200c-3p"	-4.55804092137609	3.83027628798199	19.5166076077343	9.97288504473946e-06	3.69450059611939e-05
"hsa-miR-202-5p"	6.78677753298953	2.99061704340036	4.048966397547	0.0441983987972458	0.0675406781620412
"hsa-miR-203a-3p"	7.95836759777605	8.21151416332343	4.7546199908003	0.029219744087577	0.0477874744442312
"hsa-miR-203a-5p"	6.56975467734271	2.82118983882334	3.9494163214384	0.04688762827274	0.0709846756203402
"hsa-miR-204-5p"	12.2713844188748	9.67077889477064	25.8175121605267	3.7526814392778e-07	1.95219279128388e-06
"hsa-miR-205-3p"	6.00282745794227	2.41117893060802	3.74912602920126	0.0528351305084685	0.079010332778719
"hsa-miR-205-5p"	9.85386435248188	10.7159975324867	8.51063162289004	0.00353077486927847	0.00770780763873737
"hsa-miR-206"	10.1475255353622	6.0740583513515	5.0572340042044	0.0245233473861054	0.0410203287861979
"hsa-miR-20a-3p"	0.0793629311537356	3.40413037116745	0.00599646248416708	0.938276043431052	0.946014402552132
"hsa-miR-20a-5p"	-0.44016301907478	9.27452697125159	0.185595968676722	0.666607614360005	0.721224430328312
"hsa-miR-20b-5p"	3.69283371809609	7.64028352321515	1.73803536481334	0.187387951647443	0.23862684467604
"hsa-miR-21-3p"	2.38516945672961	11.5925119845934	6.83112814590544	0.00895826662409312	0.0175223695167261
"hsa-miR-21-5p"	1.37775974215013	15.9769901695757	2.95346887866071	0.0856934386158374	0.120761070556612
"hsa-miR-210-3p"	4.25242379921764	8.22379863851739	19.9432898051868	7.97734355971008e-06	3.00070846207556e-05
"hsa-miR-210-5p"	4.73047501107229	4.2340206795512	23.1053210347971	1.53365692315748e-06	6.69605567342864e-06
"hsa-miR-2110"	-1.40917493433725	2.77167376806412	2.38315831210974	0.122649359737024	0.165678278760786
"hsa-miR-2110-3p"	-2.46374717117545	3.98752034127523	9.18187190936001	0.00244423910503583	0.00561142217071606
"hsa-miR-2114-5p"	4.4340766064019	2.39964376948468	7.65875106209223	0.00564976016361249	0.0116571000844156
"hsa-miR-2116-3p"	5.71531268797226	2.28244543620935	13.2305239900039	0.000275426803768785	0.000769621183102491
"hsa-miR-212-3p"	1.12289403975131	3.21104900861179	2.61278316551244	0.106005572243586	0.146018943174968
"hsa-miR-212-5p"	4.60135862464984	5.97216899107941	6.75984964892645	0.00932316154825539	0.0180913730043527
"hsa-miR-214-3p"	11.3443848429013	9.24786627171949	21.8849901598727	2.89489433104022e-06	1.20991737425527e-05
"hsa-miR-214-5p"	10.9495444209186	6.86629577355267	27.0170540500659	2.01668309655647e-07	1.12063412979104e-06
"hsa-miR-215-5p"	3.5373648695816	6.86043041457563	3.5035160423746	0.0612386851519096	0.0891241578550113
"hsa-miR-216a-5p"	6.55998235033468	2.83536132430492	8.93215388668131	0.00280193731690142	0.00628507957782015
"hsa-miR-216b-5p"	8.56035821471117	4.54887893704431	6.44290169265958	0.0111396539476957	0.0207911861848214
"hsa-miR-217"	7.09372683196825	3.25557204203695	7.90643170822622	0.00492593393501842	0.0104276263819221
"hsa-miR-218-1-3p"	7.24575953661545	3.41066973445327	23.1565588444775	1.49332980728394e-06	6.63852977965314e-06
"hsa-miR-218-5p"	11.4521817893088	7.36300536338545	28.2440255601968	1.06944211157023e-07	6.30068906696195e-07
"hsa-miR-219b-3p"	8.55088843685334	7.37538500112593	8.25362880790715	0.00406706166090443	0.00879996969992152
"hsa-miR-219b-5p"	7.62725092780594	3.70411076140366	8.68798271092554	0.00320314950803525	0.00708751180737211
"hsa-miR-22-3p"	3.08041197505022	15.8205032697414	14.4557278014142	0.000143492815968491	0.000422698716919231
"hsa-miR-22-5p"	2.08327181726291	6.3325254691448	8.2802848072081	0.00400778421658987	0.00871025103072197
"hsa-miR-221-3p"	1.68379002407894	12.1635455553732	4.60558299173675	0.0318680160733888	0.0514305605936868
"hsa-miR-221-5p"	2.97599429144265	8.64253732138795	7.24129913000829	0.00712454111155428	0.0142782811620903
"hsa-miR-222-3p"	3.32310804823795	12.3551352397152	13.9522399693877	0.000187514092521159	0.000542570362383708
"hsa-miR-222-5p"	3.89453977145352	5.38675891569616	18.272875290502	1.91413399659544e-05	6.68579660239406e-05
"hsa-miR-223-3p"	-1.96097352432264	5.89068006581008	1.11727492786245	0.290505989999629	0.347328677530119
"hsa-miR-224-3p"	6.1288675074456	2.56585419504054	8.9766397790432	0.00273453063885748	0.00619067352963568
"hsa-miR-224-5p"	13.2903385431217	9.19117276573461	41.2605351167378	1.3323182903113e-10	2.32925723364836e-09
"hsa-miR-2355-5p"	0.682279310331442	3.66322186131662	1.2649733554608	0.260711797415907	0.318720172340946
"hsa-miR-23a-3p"	0.225528434077937	10.6408702047166	0.0909311758904661	0.762996679357092	0.804106414236246
"hsa-miR-23a-5p"	0.797294053943765	4.56897362579816	1.52097884689008	0.217471424615432	0.272675709325503
"hsa-miR-23b-3p"	3.24531261795099	9.47637951979205	14.027371574448	0.000180168805960916	0.000524419917350523
"hsa-miR-24-1-5p"	3.04360434404723	2.54559049949737	6.94001594528714	0.00842883618001079	0.0166197616613922
"hsa-miR-24-2-5p"	3.20192529150849	7.02002167858727	12.1243849471351	0.000497667426827245	0.00132260528107893
"hsa-miR-24-3p"	0.890603016736542	9.27956858845756	1.12232102633153	0.289419225350688	0.346877453912957
"hsa-miR-25-3p"	-2.48614412680887	11.1581291316672	9.9001893504821	0.00165261766788185	0.00396142176271679
"hsa-miR-25-5p"	-1.71996886554343	3.89084857382601	7.08152191064505	0.0077882835619737	0.0154815880561185
"hsa-miR-2682-3p"	5.48555569741293	2.13727754696854	13.4092439953883	0.000250387307972995	0.000711856939527875
"hsa-miR-2682-5p"	7.60511934387155	3.71478815676547	39.2771784751648	3.67714145469125e-10	4.49530542836005e-09
"hsa-miR-26a-1-3p"	5.09149989082636	2.88805221892643	7.4269756842873	0.00642532393206739	0.0131463740702132
"hsa-miR-26a-2-3p"	0.195874824894107	4.61739311608802	0.0339475517451291	0.853818423811938	0.880837994185734
"hsa-miR-26a-5p"	-1.36841753487766	15.8400975979372	2.15578681400712	0.14203366853813	0.188734956291156
"hsa-miR-26b-3p"	-1.97274850142347	6.4867471735037	6.70428606744581	0.00961814328881624	0.0184442041891417
"hsa-miR-26b-5p"	-2.24371700562586	12.3107710602384	6.98435561847867	0.00822252521261914	0.0162786025464403
"hsa-miR-27a-3p"	-0.474177377310552	12.0340892550273	0.380329611929142	0.537426886412714	0.595922329831785
"hsa-miR-27a-5p"	0.529452473494584	5.82149745438101	0.55875005379758	0.454764303694644	0.518367702812776
"hsa-miR-27b-3p"	3.06056706641015	13.6019405835633	13.7754385539257	0.000206012042839097	0.000592587582048931
"hsa-miR-27b-5p"	3.60106511875602	5.83463281106319	20.51329850508	5.92183901326202e-06	2.39320601445052e-05
"hsa-miR-28-3p"	-1.46800573449606	11.9242871052296	3.65942628902499	0.0557528278203056	0.0826155539519074
"hsa-miR-28-5p"	-1.45960614283139	9.40691991198826	3.58337108913144	0.0583606061986298	0.0857007100033934
"hsa-miR-296-3p"	3.02507435236051	3.56999164620667	9.38988679444238	0.00218185677903092	0.00510491849256516
"hsa-miR-296-5p"	0.358542983879185	3.95418955618741	0.237183303026428	0.626247924551268	0.683560792646362
"hsa-miR-299-3p"	8.84836759250238	4.83782526726784	41.0574861469727	1.47816904646294e-10	2.40941554573459e-09
"hsa-miR-299-5p"	6.24180166308258	2.63188566883261	19.2952940007193	1.11982013081421e-05	4.08650779080709e-05
"hsa-miR-29a-3p"	-1.76924142800255	13.8469981942084	5.26987124657819	0.0216976174329056	0.0368407462662877
"hsa-miR-29a-5p"	0.316388825475069	5.88851624087182	0.178088372913002	0.673021235681117	0.724906132704991
"hsa-miR-29b-1-5p"	1.21210541707955	4.39211941380814	3.30575143524877	0.0690377635270533	0.099292548131556
"hsa-miR-29b-2-5p"	-2.9225195403872	2.82767441132168	9.02334186390849	0.002665536126282	0.00609087460631729
"hsa-miR-29b-3p"	-1.1100105279667	9.50714537654707	1.3264015137585	0.249446402508594	0.3057125083376
"hsa-miR-29c-3p"	-5.50404692485828	11.6230507667303	25.6522788081526	4.08812440341667e-07	2.10430824554816e-06
"hsa-miR-29c-5p"	-3.17552867470789	5.94725741504934	17.6941332513789	2.59425493399526e-05	8.80965738002557e-05
"hsa-miR-301a-3p"	5.5913423588575	10.6600933785691	11.3778953853673	0.000743232809084969	0.00189292106063828
"hsa-miR-301a-5p"	3.88783149300684	2.88948391051037	7.82982399477566	0.00513911036828847	0.0107855148931033
"hsa-miR-301b-3p"	4.44495880067893	6.00252982543845	15.9231197296233	6.59679655145988e-05	0.000205467102781139
"hsa-miR-301b-5p"	6.63870223084029	2.87943568304952	5.52659141086858	0.018729558491848	0.0327098360804059
"hsa-miR-302b-3p"	5.62256417765737	2.21502340274878	15.2298972690384	9.51845287813621e-05	0.000287316262803
"hsa-miR-302d-3p"	5.05728807794218	1.91875071591561	6.68396098370035	0.0097284209753486	0.0185104974978423
"hsa-miR-30a-3p"	10.5899193081187	7.42154336842467	43.5795558770361	4.07069513156263e-11	9.47890437778156e-10
"hsa-miR-30a-5p"	11.6981040341291	12.8156371512293	72.6644530350569	1.53677307552921e-17	2.50494011311261e-15
"hsa-miR-30b-5p"	-2.17110481698403	10.9933998631035	5.53906430769257	0.018596523300268	0.032593906429502
"hsa-miR-30c-1-3p"	2.53321082418881	5.16146010715415	3.64450456016029	0.0562545386217168	0.08310715826592
"hsa-miR-30c-2-3p"	8.89908995495349	4.88589412022528	31.9595181605382	1.57419144424015e-08	1.13202884740211e-07
"hsa-miR-30c-5p"	0.304007145856276	11.7685818356798	0.0739367213030278	0.785688856163953	0.826240539062738
"hsa-miR-30d-3p"	1.19506207198593	6.08858457549888	1.22437142057464	0.268504461912985	0.325456752703363
"hsa-miR-30d-5p"	0.103464713223556	12.8377791820893	0.00938928227151337	0.922807151775453	0.934270594654652
"hsa-miR-30e-3p"	-0.161120081885004	8.37351943937286	0.0235076110232146	0.878144415715034	0.900236099129249
"hsa-miR-30e-5p"	0.158023383396418	13.0754417020686	0.0190626474500277	0.890187034079796	0.908771314540752
"hsa-miR-31-3p"	4.77101738523178	7.76018621946401	24.3631438514692	7.97805300275153e-07	3.83241959371662e-06
"hsa-miR-31-5p"	4.76163698073447	12.3372583019994	28.8991020466578	7.62482524738411e-08	4.6031352419393e-07
"hsa-miR-3117-3p"	7.01238293863762	3.21988659869579	20.3753216811954	6.36452891299022e-06	2.50988277294534e-05
"hsa-miR-3120-3p"	6.27349580262787	2.60067651349951	3.84269605161429	0.0499631208187118	0.0754073027171298
"hsa-miR-3129-3p"	5.83796126454063	2.35045731062877	14.3783302644936	0.000149513037769696	0.000437795661493302
"hsa-miR-3158-3p"	1.44178813189636	2.87395731158206	2.17501113669643	0.140268500631092	0.186897266508458
"hsa-miR-3176"	1.43107676474753	2.67161407640667	1.70750421446564	0.191309506360593	0.24298791846839
"hsa-miR-32-3p"	-0.639407572362389	2.9362589842134	0.501210398700605	0.47896876579261	0.540562440761468
"hsa-miR-32-5p"	-3.71839027775464	7.04166765243202	10.4253552126675	0.00124296948649034	0.00310108203517232
"hsa-miR-3202"	-6.10723631228939	2.53845989674746	16.8806692333778	3.98049051451736e-05	0.000132412235482924
"hsa-miR-320a"	0.00640022330356765	10.1465474748578	5.75387245760339e-05	0.993947761802608	0.993947761802608
"hsa-miR-320b"	-4.13413682903698	3.83467768078597	27.2156184738006	1.81982620167852e-07	1.02286783059862e-06
"hsa-miR-320d"	-3.13993920737329	3.05150095829927	7.89056129245047	0.00496934404792879	0.0104741777561947
"hsa-miR-323a-3p"	8.03766929128231	5.41945976597481	39.3065917875708	3.62216430230414e-10	4.49530542836005e-09
"hsa-miR-323b-3p"	8.08451288860131	4.1368363685903	25.5668909055484	4.27308966009842e-07	2.15416581833828e-06
"hsa-miR-324-3p"	-0.816045315201108	4.5068031173712	1.73806962186419	0.187383604390698	0.23862684467604
"hsa-miR-324-5p"	-0.931569853095907	4.20688479739705	1.83641415340954	0.175371812560445	0.226869884502798
"hsa-miR-326"	-3.06642142299131	3.69038295506756	7.7633167462415	0.00533179613305484	0.0111077252172108
"hsa-miR-328-3p"	-0.74741509962183	6.28480230459869	1.12609337276011	0.288610166164017	0.346757668929249
"hsa-miR-329-3p"	8.77795694912416	4.77277910532211	35.6507515190133	2.36056800762426e-09	2.09875955586957e-08
"hsa-miR-330-3p"	-2.30671226605602	5.0889368720426	10.2895982344474	0.00133782215509125	0.00330401532242232
"hsa-miR-330-5p"	0.373248045462707	5.48082963832851	0.318603908067148	0.572447855406604	0.630466219130246
"hsa-miR-331-3p"	0.827506462427128	8.32273694742278	0.96392170212647	0.326200781634785	0.381608091433995
"hsa-miR-331-5p"	-0.181601990110687	3.78389380673183	0.0663655534925218	0.796703954268175	0.8342360463322
"hsa-miR-335-3p"	2.08943942482551	6.83647905014201	3.0271349527772	0.0818824867129624	0.115724092493175
"hsa-miR-335-5p"	-0.21438114450102	6.34538495437902	0.0330442531470743	0.855754766020687	0.880977011756034
"hsa-miR-337-3p"	9.30652723683414	5.27196170939125	44.7619333782426	2.22506711621699e-11	6.40034011664769e-10
"hsa-miR-337-5p"	7.58082219348782	3.69188241232455	31.4786501809191	2.01645238451798e-08	1.42905103772361e-07
"hsa-miR-338-3p"	1.16084089346979	6.16383333631412	0.312212778224088	0.576325499951906	0.633310493205577
"hsa-miR-338-5p"	1.06347669158375	2.70809476482911	0.385074442604094	0.534899914387236	0.594468313943996
"hsa-miR-339-3p"	-3.30799024291202	8.85017440185757	15.8087477448264	7.0077763824978e-05	0.000215522179310781
"hsa-miR-339-5p"	-0.756333336388369	6.39914770978217	0.997818573971609	0.317838925451544	0.374513818182663
"hsa-miR-33a-3p"	-2.79680740318058	3.58276315379617	8.91591151624533	0.00282696676808605	0.00631226826298665
"hsa-miR-33a-5p"	1.27489246041879	4.54734061181053	0.983792806107005	0.321264213906532	0.377639905289169
"hsa-miR-33b-5p"	-2.00064528298887	3.84926887710824	2.63039627336873	0.104835545442627	0.14481520260295
"hsa-miR-340-3p"	0.946784776845909	3.25942426051861	1.76625217055362	0.18384658336568	0.235342877659208
"hsa-miR-340-5p"	-0.0324934363962658	7.44639806021168	0.00137181327041702	0.97045470876483	0.974440149047231
"hsa-miR-342-3p"	-6.5774379906145	12.8738236117876	41.9312482260118	9.45396729305406e-11	2.00999565491454e-09
"hsa-miR-342-5p"	-7.24878312568275	7.79626387425072	41.2847655694805	1.31590479572197e-10	2.32925723364836e-09
"hsa-miR-345-5p"	1.92802549212959	6.67646454956024	6.20912898398843	0.012709314949302	0.0231897575007787
"hsa-miR-34a-3p"	4.78488969731462	3.5147885221404	13.1700036821335	0.000284466178323994	0.00079036341591155
"hsa-miR-34a-5p"	5.08766699045283	9.10157356279443	11.6626143726543	0.000637686634612169	0.00165588376759688
"hsa-miR-34b-5p"	4.98530277021708	2.77706027243672	9.94476843705818	0.00161307160062566	0.00392433837167139
"hsa-miR-34c-5p"	6.20916389956249	6.3601526077444	24.1992759318099	8.68649321552092e-07	4.04542398322831e-06
"hsa-miR-3605-3p"	0.147652438822623	3.32176350741293	0.0345176809042913	0.852609960119694	0.880837994185734
"hsa-miR-3607-3p"	-4.5592184240134	8.86132244075282	25.6255218036711	4.14520452692679e-07	2.11146355590333e-06
"hsa-miR-3607-5p"	-5.37774372230816	2.88780156570602	18.668452013339	1.55534724536483e-05	5.63381335543259e-05
"hsa-miR-3609"	-4.95319629667988	3.03547891102831	20.3148764999139	6.56878639988353e-06	2.56970923963444e-05
"hsa-miR-361-3p"	-5.20299170342201	10.423592507443	26.2417031719436	3.01246274221893e-07	1.61878492411545e-06
"hsa-miR-361-5p"	-1.01844116794097	7.6523880321722	1.83824491099341	0.175156793783925	0.226869884502798
"hsa-miR-3613-3p"	-0.239962257493603	2.73834731650735	0.0614377902705314	0.804237718355827	0.84032530828205
"hsa-miR-3613-5p"	-0.181256941602941	4.04144112251456	0.0272510810175568	0.868881790415476	0.892611755279764
"hsa-miR-3615"	-2.99349473983227	4.15951668390966	16.2476616008689	5.55781478650463e-05	0.000176478664324725
"hsa-miR-362-3p"	-2.97233561549164	2.87496958182046	3.57367873110356	0.058702130367317	0.0859441369749042
"hsa-miR-362-5p"	1.92655406849269	3.7892099039491	2.60242416542448	0.10670039533265	0.146563183476589
"hsa-miR-363-3p"	2.50519767999817	11.4303291597017	0.868131300130042	0.35147316371355	0.4101918306824
"hsa-miR-363-5p"	6.09882378231317	2.47701059389744	3.78275438339824	0.0517833518401087	0.0779140278455789
"hsa-miR-3651"	-0.406130444760037	3.29394959542198	0.162632177011398	0.686744607291141	0.734831757035816
"hsa-miR-3653-3p"	-4.11995561005098	3.55585304506605	20.1305077381771	7.2333647979373e-06	2.80723443348519e-05
"hsa-miR-3653-5p"	-5.54382835614454	3.02113073693658	24.2463310995136	8.47684019119818e-07	3.98574505143837e-06
"hsa-miR-365a-3p"	4.6733893820477	5.92608624392863	23.2657285383599	1.41091847470698e-06	6.43150301068516e-06
"hsa-miR-365b-3p"	4.59311825770901	5.92910839475969	24.7482858526302	6.53268734210652e-07	3.22197768203021e-06
"hsa-miR-365b-5p"	6.51753952926819	2.82662604093191	20.4066465901877	6.26119574326366e-06	2.49658729060483e-05
"hsa-miR-3677-3p"	3.01715234835115	2.55553042588427	7.41078973913809	0.00648338573736121	0.0132098984398735
"hsa-miR-369-3p"	8.05753701732542	5.43883779011845	35.7275754396773	2.26929061497784e-09	2.05496872356327e-08
"hsa-miR-369-5p"	8.90140864347047	4.88973102306705	43.6340827829361	3.95883964291924e-11	9.47890437778156e-10
"hsa-miR-370-3p"	9.3269454492956	5.29189912572149	40.9503555392128	1.56145604404103e-10	2.44708100313129e-09
"hsa-miR-374a-3p"	0.018872895605125	7.161135148912	0.000341518674353836	0.985255753936472	0.987274720645358
"hsa-miR-374a-5p"	-1.89503753631918	6.30511693617517	3.99509890210677	0.0456327742674053	0.0692994615427367
"hsa-miR-374b-3p"	0.392262565528312	3.26108979648763	0.290369112395138	0.589984091446134	0.645418838293422
"hsa-miR-374b-5p"	-1.31404550031902	6.28653486192654	2.7415110550583	0.0977722740567611	0.13582568753908
"hsa-miR-375"	8.46211000379597	4.45598070944274	4.67478385535626	0.0306085542787609	0.0497261895093491
"hsa-miR-376a-2-5p"	5.40070612282544	2.12635933117492	5.48793423975276	0.0191481546041274	0.0333218775851186
"hsa-miR-376a-3p"	6.1851643749828	4.22786210616094	26.4311108355102	2.73106115563092e-07	1.48387656122613e-06
"hsa-miR-376a-5p"	9.86562820200189	5.8095595696028	39.9889802060197	2.55399640878193e-10	3.37541687539017e-09
"hsa-miR-376b-3p"	7.68203983036861	3.78337724310787	32.8832402038584	9.78633326235248e-09	7.59605867506407e-08
"hsa-miR-376c-3p"	8.89769024689908	6.94307298595817	29.3357825244637	6.08614082955265e-08	3.86509463071591e-07
"hsa-miR-377-3p"	8.15044848941227	4.19379847092943	35.2847486734321	2.84854020123412e-09	2.4016140662129e-08
"hsa-miR-377-5p"	8.79674770441767	4.78988554219954	41.1741917060654	1.39249076042303e-10	2.34802752360987e-09
"hsa-miR-378a-3p"	-2.84335892059048	9.03668409993797	8.9820436890581	0.00272645537340156	0.00619067352963568
"hsa-miR-378c"	-4.99748717183704	2.63411509082029	15.1178481472354	0.000101003828604161	0.000303011485812483
"hsa-miR-379-3p"	7.4967100160018	3.62817726325017	32.9815093343061	9.30395492660831e-09	7.33811928888946e-08
"hsa-miR-379-5p"	7.7753039311466	3.85886460207522	31.9740981282413	1.56242043164025e-08	1.13202884740211e-07
"hsa-miR-380-3p"	7.28847882512396	3.45214837387696	32.7743735193973	1.03500354374654e-08	7.90807395143843e-08
"hsa-miR-381-3p"	9.79046552745502	9.39792753633158	50.2249640396273	1.37092639882551e-12	8.39681191168382e-11
"hsa-miR-382-3p"	7.44593248865434	3.57264622041022	30.9085884815655	2.70472181284832e-08	1.86282953025751e-07
"hsa-miR-382-5p"	7.77721758515439	5.94350689684076	22.770347650015	1.82560885337541e-06	7.76280634174414e-06
"hsa-miR-383-5p"	8.71777287891378	4.69695104418855	6.84468017776607	0.00889056141563385	0.0174597772379315
"hsa-miR-3909"	1.55334940412269	3.74391434764969	3.22599524895579	0.0724777274216954	0.103328305274662
"hsa-miR-3912-3p"	-3.1193028268546	3.88350595090469	9.98526610238947	0.00157797749720386	0.00385815498066345
"hsa-miR-409-3p"	10.0564522719581	9.77799488715778	47.6063383943121	5.20997599301935e-12	2.12306521715538e-10
"hsa-miR-409-5p"	10.3031553692048	7.63568073902112	17.9394737844664	2.28042081972735e-05	7.79808238354317e-05
"hsa-miR-410-3p"	8.08680869585746	8.13751333835899	40.7529237216477	1.7274479464434e-10	2.55976377518431e-09
"hsa-miR-411-3p"	8.25398093370799	4.28955446587893	37.1146669182162	1.11382782160217e-09	1.18404740165969e-08
"hsa-miR-411-5p"	10.1566449505118	9.23608845972377	50.2209813965412	1.37371156019367e-12	8.39681191168382e-11
"hsa-miR-412-5p"	6.26792866114019	2.67640507265988	9.58207442357721	0.00196486277134353	0.00466416453974266
"hsa-miR-421"	0.905847962265861	6.17788035207741	1.35477042476004	0.244445872915442	0.300336763456409
"hsa-miR-423-3p"	-0.938999423117462	11.298447988543	1.41597638271921	0.234066807685449	0.291133545282803
"hsa-miR-423-5p"	-1.86088802087767	11.0593444804557	5.4158627619873	0.0199545896345958	0.0346021075578629
"hsa-miR-424-3p"	2.33347649257472	3.0144170197626	7.378983349211	0.00659904636434458	0.0133249559313597
"hsa-miR-424-5p"	3.41150583591038	5.22711113589116	9.65800165252125	0.00188528590180282	0.00449709661454429
"hsa-miR-425-3p"	-0.592464169538029	4.37212771703575	0.654979757059545	0.41833789270222	0.481334657720907
"hsa-miR-425-5p"	-0.081132408758593	8.75157982708188	0.00769335486744183	0.9301057633466	0.939714293959685
"hsa-miR-429"	7.86153901179187	7.48432651561995	5.05333105951926	0.024578642810544	0.0410203287861979
"hsa-miR-431-3p"	7.90050198554195	3.97287336517107	29.1201008011861	6.80275099703387e-08	4.21081675639185e-07
"hsa-miR-431-5p"	7.69764865002727	5.77040337483444	40.397345444771	2.07222458477443e-10	2.85897424987612e-09
"hsa-miR-432-5p"	10.2319325748254	6.16602959833694	35.8873104859215	2.09065900296791e-09	1.97676424409723e-08
"hsa-miR-4326"	1.68921505011686	3.25336409298021	1.44699646336741	0.229010507458815	0.285678923845307
"hsa-miR-433-3p"	6.57178130169478	2.87471995075684	19.6420365896954	9.33917241806749e-06	3.48614909346183e-05
"hsa-miR-4443"	-4.92063075716928	3.37659122197577	21.5547898964557	3.43862790759028e-06	1.41301600572407e-05
"hsa-miR-449b-5p"	8.72904170328068	6.08390583828293	6.01855417394513	0.0141562394206041	0.0255439154120863
"hsa-miR-450a-5p"	3.47610071248044	4.60449828239324	13.2753374006273	0.000268920484407417	0.000755759292386362
"hsa-miR-450b-5p"	5.55724401304437	5.06671100495777	16.8227576681729	4.10382013289252e-05	0.000134682419126473
"hsa-miR-451a"	4.36789901475962	8.36530339249998	3.30719162175723	0.0689772774723055	0.099292548131556
"hsa-miR-452-3p"	8.50404785187504	4.51983005153911	25.8312638633981	3.7260399900107e-07	1.95219279128388e-06
"hsa-miR-452-5p"	10.9743266404773	6.89300929864054	40.3669024344483	2.1047663189272e-10	2.85897424987612e-09
"hsa-miR-4521"	3.54775486279318	2.80597680917102	12.5731674751745	0.000391324769370154	0.00106309895678892
"hsa-miR-454-3p"	4.71170019303013	10.9190457291945	6.34592079928236	0.0117651523176537	0.0216284191102732
"hsa-miR-454-5p"	0.923549660479076	3.79518571672401	2.14611574064049	0.142931091986605	0.188900821571487
"hsa-miR-455-3p"	6.23835887469322	7.56829045115474	16.8509319891942	4.04334695040869e-05	0.000133594368834449
"hsa-miR-455-5p"	6.75126035384205	8.32214842103835	13.413798698319	0.000249780073593738	0.000711856939527875
"hsa-miR-4662a-5p"	2.14721108092176	2.73226791109128	2.33836353801769	0.126222090960776	0.169567589230273
"hsa-miR-4677-3p"	1.34156606000593	4.02054196072341	4.5152422426486	0.0335941286053347	0.0535098660847187
"hsa-miR-4772-5p"	-6.06264182903622	2.50737450342119	16.3861568580978	5.1661156805164e-05	0.000166199379458718
"hsa-miR-4775"	5.52518303952521	3.81980486275155	18.0977343626946	2.09850980083078e-05	7.27781058585996e-05
"hsa-miR-484"	-1.10360699326196	9.5119886400902	1.95610517176587	0.161930476562622	0.210595752763623
"hsa-miR-485-3p"	9.20099930185211	5.171915020312	34.5520515907655	4.15003912340518e-09	3.38228188557522e-08
"hsa-miR-485-5p"	8.39303204148806	4.4197957432902	39.3398803971497	3.56093572743574e-10	4.49530542836005e-09
"hsa-miR-486-3p"	0.0749524802115859	3.62904159673073	0.00533209263710699	0.941789263796672	0.947602777770726
"hsa-miR-486-5p"	-0.525341117916928	8.81609419741317	0.214173467726248	0.643515764423551	0.700844563035894
"hsa-miR-487a-3p"	7.71772680532862	3.80825779178122	38.2286517413516	6.29217064346131e-10	7.50456449915263e-09
"hsa-miR-487b-3p"	8.63271837340346	6.68044677923385	41.4979820818	1.17992659400791e-10	2.30793641787948e-09
"hsa-miR-490-3p"	9.29433794356876	5.2453376142809	4.87164680292846	0.0273014350354991	0.0448000058132854
"hsa-miR-493-3p"	7.91706828744975	5.30488106281556	34.4405360059576	4.3947448042279e-09	3.52300034306138e-08
"hsa-miR-493-5p"	9.32573571741743	5.29227495282739	28.9216001681802	7.53677529618542e-08	4.6031352419393e-07
"hsa-miR-494-3p"	8.26750580156326	5.72915516924808	43.1947533184037	4.95533825753799e-11	1.10143654906185e-09
"hsa-miR-495-3p"	7.56381806103607	5.05642201846388	30.5245551402847	3.29667359090887e-08	2.2389908138256e-07
"hsa-miR-496"	6.32764040579381	2.70761658527137	21.5685387230648	3.41406501068355e-06	1.41301600572407e-05
"hsa-miR-497-5p"	3.32665519656863	4.05175813071615	16.5429012090937	4.75617017843917e-05	0.000154024319023626
"hsa-miR-499a-5p"	8.23966586031652	8.95262990053452	6.08670382802998	0.0136202950914443	0.024759569887421
"hsa-miR-500a-3p"	1.42913665094385	7.82527685985801	3.11162593025336	0.0777353231135522	0.110181371021817
"hsa-miR-501-3p"	0.774169441426298	6.55766214319337	0.544949545815307	0.460388681744611	0.522343539148758
"hsa-miR-501-5p"	1.86366208899735	3.07312441359044	3.73019223335885	0.053437243393662	0.0796671098155509
"hsa-miR-502-3p"	0.47992915863458	4.05006916503389	0.299570862329043	0.58415157666712	0.640471123296461
"hsa-miR-503-5p"	4.83403233278204	1.78347936792093	8.01217035668342	0.00464640177528387	0.00996530907067462
"hsa-miR-505-3p"	0.766068100772134	6.22619303860336	1.15336472146221	0.282845901732532	0.341510236906687
"hsa-miR-514a-3p"	-5.84787126863966	2.36310769375748	12.4444771581857	0.000419229626568356	0.00113261484746921
"hsa-miR-532-3p"	0.688292471300312	5.1319086538321	0.624979699004176	0.429202795517442	0.492676448375655
"hsa-miR-532-5p"	-0.197011675186986	8.26002542207997	0.0552863478232641	0.814107453572616	0.847018180419169
"hsa-miR-539-3p"	9.25112346086611	5.21899639229937	45.9006424806928	1.24405149811964e-11	4.05560788387003e-10
"hsa-miR-539-5p"	7.03142853418108	3.23057085943058	23.2527733573718	1.42045465266666e-06	6.43150301068516e-06
"hsa-miR-542-3p"	4.61203975202153	3.11227408187007	17.4337243941701	2.97500583622123e-05	0.000100329507166357
"hsa-miR-543"	7.59801111210299	3.70549534461627	37.0066907483495	1.17724586606283e-09	1.22483665639303e-08
"hsa-miR-548e-3p"	-1.36530550604785	4.780287931293	2.53246503678142	0.111525868132826	0.152512280930125
"hsa-miR-548e-5p"	-0.929488471062678	2.99952549349586	1.40932051897836	0.235169223694698	0.291133545282803
"hsa-miR-548k"	0.445533346454903	5.075099480529	0.471366534243648	0.49235916977824	0.550946530941783
"hsa-miR-548o-3p"	-0.404184443448242	3.72639774026433	0.531009035217283	0.466182948835634	0.527693199029224
"hsa-miR-548w"	-1.31439906746793	3.15147535687012	2.8574892632974	0.0909493569022047	0.127069244357652
"hsa-miR-551b-3p"	8.82377635919907	4.79924049831694	10.4316737699461	0.00123872432868083	0.00310108203517232
"hsa-miR-561-5p"	6.87739289751919	3.10879079567458	29.256385043537	6.34069417273462e-08	3.97512750059901e-07
"hsa-miR-5690"	-5.72275601840319	3.20397902430576	25.334360873717	4.82044785247361e-07	2.40530510189755e-06
"hsa-miR-574-3p"	7.6586113068181	8.42156732594853	44.5021000686193	2.54084511571076e-11	6.90262923101422e-10
"hsa-miR-574-5p"	6.82415652096328	3.06159591785912	26.1235753693284	3.20249871798744e-07	1.70219768814767e-06
"hsa-miR-576-5p"	-2.39940583092688	5.40482793197522	12.2813888204899	0.000457497785619708	0.00122249408288545
"hsa-miR-582-3p"	1.36662937588953	4.07497534885115	2.0939209738843	0.147886087407669	0.194398647156855
"hsa-miR-582-5p"	-0.128532492586134	3.81318445210134	0.0177830262413963	0.893914203136847	0.910675094445663
"hsa-miR-584-5p"	5.88007984322359	5.15051204018706	24.3405023650201	8.07237664934175e-07	3.83241959371662e-06
"hsa-miR-585-3p"	6.50899049032809	2.82238328124512	19.3615255791295	1.08164431664556e-05	3.9768727130803e-05
"hsa-miR-589-3p"	-0.282405814313704	4.09008512002466	0.180727423754096	0.670748847966209	0.724053392175444
"hsa-miR-589-5p"	-0.574257830020419	6.32354980576998	0.573527203691003	0.448860694048739	0.512833830350078
"hsa-miR-590-3p"	-1.6349414824841	5.79342764556558	2.31421131484576	0.128196308320871	0.171747930873715
"hsa-miR-598-3p"	-1.07679206295071	4.51415046288133	1.41014021443415	0.235033118243951	0.291133545282803
"hsa-miR-616-5p"	-1.74956099509422	3.23514523186805	5.37385147183681	0.0204407947685396	0.0351955938092108
"hsa-miR-625-3p"	-1.87845165876011	5.72966675426489	5.56969629510117	0.0182739300597813	0.032259753787845
"hsa-miR-625-5p"	0.751528685884698	5.38392271329369	0.747242590077474	0.387350649746029	0.448849449587223
"hsa-miR-628-5p"	0.379562549042493	3.69014661926101	0.368407979733777	0.543873336947115	0.6017060220976
"hsa-miR-629-3p"	-2.3385713383483	3.10372784491538	6.55192455530009	0.0104770771628787	0.0197741526005412
"hsa-miR-629-5p"	0.145655713463227	3.98803996066556	0.056537187050351	0.81205522412567	0.846684444770688
"hsa-miR-641"	0.930296076857766	3.39624590515005	1.5698795096722	0.210224512687416	0.264947903876666
"hsa-miR-642a-5p"	-4.43983018097734	3.11099895396551	15.8254976242463	6.94601529943102e-05	0.000214974777305175
"hsa-miR-6516-3p"	-4.31673924145484	2.88663373302969	12.6327943288022	0.000379038169092666	0.00104129025104671
"hsa-miR-652-3p"	-2.15179037377039	6.75558906025223	4.20514596000672	0.0403015058986598	0.0622903087105801
"hsa-miR-652-5p"	-1.50930853428891	3.21066044897549	1.36283564369583	0.243046643751225	0.299369795451761
"hsa-miR-654-3p"	9.51489753935299	9.60334413627083	46.1130977307599	1.11619740900934e-11	3.89871809289691e-10
"hsa-miR-654-5p"	7.16547001402743	3.34207830360941	26.8445322372485	2.20497310474787e-07	1.21149645867608e-06
"hsa-miR-655-3p"	6.04738795085448	2.49005928004987	16.7115817524511	4.35145365818551e-05	0.000141857389256848
"hsa-miR-656-3p"	8.04542300698847	4.10403632606397	41.8280766209676	9.96619852429105e-11	2.0306129493243e-09
"hsa-miR-659-5p"	-1.85844041524277	3.302137205452	6.72525651288399	0.00950570589670535	0.018300355053106
"hsa-miR-660-5p"	0.316260430455858	7.44061216228832	0.131020445900404	0.717376343199487	0.764263685892264
"hsa-miR-664a-3p"	-2.14378624399538	6.31168620695761	7.91757983104985	0.00489567183787297	0.0104086240379125
"hsa-miR-664a-5p"	-2.04138214581667	3.36302397576041	4.36797252953768	0.0366205391918447	0.0575802047100067
"hsa-miR-664b-3p"	-4.1044040469751	3.11367123671844	16.0383224934294	6.20732697604366e-05	0.000194575826364446
"hsa-miR-665"	7.305013700214	3.46867579340897	30.2725960726681	3.75392346717719e-08	2.44755810059952e-07
"hsa-miR-671-3p"	1.83910464273214	6.16953523692518	6.54568831535587	0.0105138643683859	0.0197741526005412
"hsa-miR-671-5p"	0.704319372398656	4.50768617293575	0.665049521758404	0.414782911946544	0.478369914957217
"hsa-miR-6731-3p"	-6.17030996410213	2.58228021080506	18.0676420634852	2.13193951574271e-05	7.34167903660694e-05
"hsa-miR-6769b-3p"	-3.51087053763079	3.19333143680865	15.4537579014078	8.45486633087659e-05	0.000256796871788736
"hsa-miR-6803-3p"	-3.55213326262525	3.36350488799071	11.655865670166	0.000640004155574253	0.00165588376759688
"hsa-miR-6842-3p"	-5.09508466097535	3.17221688594405	22.9535613744842	1.65962454059496e-06	7.18191504735342e-06
"hsa-miR-7-1-3p"	-2.26378610162544	5.98052938569496	4.64820354807942	0.0310860637882634	0.0503347191803338
"hsa-miR-7-5p"	1.3492923219623	5.02860720505939	1.23393873437891	0.266642413273119	0.324348607190436
"hsa-miR-708-3p"	6.62131701258494	4.80521272479327	36.2326092065343	1.75115724399601e-09	1.74758345370214e-08
"hsa-miR-708-5p"	6.78058039183936	5.00190761184786	35.9931329014748	1.98014152221755e-09	1.93657840872877e-08
"hsa-miR-744-5p"	1.55809674856822	6.5099870002212	4.54202389914717	0.0330724669558445	0.0530243814472392
"hsa-miR-758-3p"	10.0365650057029	5.97508575457333	48.4532361888146	3.38259649442085e-12	1.65408968577179e-10
"hsa-miR-766-3p"	-3.98543961022616	6.14070829338202	11.8834117267078	0.000566361011468136	0.00148101890164662
"hsa-miR-769-5p"	0.170324402285095	9.47252434348769	0.0453791354887016	0.831308406097754	0.861249598690258
"hsa-miR-7706"	0.582741583674376	4.10649698166391	0.665514718288745	0.414619764815662	0.478369914957217
"hsa-miR-7974"	3.39476801364716	2.91692618735187	11.9668120089099	0.000541565183075935	0.00143116372098214
"hsa-miR-874-3p"	-3.79815756054129	7.21065604792103	16.3190651114851	5.35227480841727e-05	0.000171062900739611
"hsa-miR-874-5p"	-4.00321533120392	4.11662602879184	18.4788186253716	1.71803106094836e-05	6.0878057159692e-05
"hsa-miR-877-5p"	0.726358484158135	4.83364666662438	0.760375904871313	0.383210909786401	0.445107208754276
"hsa-miR-887-3p"	7.79195247262238	3.87994862318341	23.5221954070243	1.23481021248805e-06	5.69643579157224e-06
"hsa-miR-889-3p"	9.2880555184651	6.72091495783533	40.4374407440856	2.03013238473959e-10	2.85897424987612e-09
"hsa-miR-9-3p"	12.6086459735224	11.9552288405017	7.13902531964211	0.00754241428889881	0.0150540432133531
"hsa-miR-9-5p"	9.55520526269157	11.6558082997116	9.41774043275084	0.00214896160518478	0.00505212608142
"hsa-miR-92a-1-5p"	-0.399490391736526	3.94041028603296	0.185541892509789	0.666653256663388	0.721224430328312
"hsa-miR-92a-3p"	-1.52597112459638	15.7984939822702	2.06745412954751	0.150472522859221	0.19726826723367
"hsa-miR-92b-3p"	2.86773185824999	11.1586900491138	8.11104941160951	0.00439962494377149	0.00947760615640642
"hsa-miR-93-3p"	0.306321395043674	3.80197390130623	0.198645954793258	0.655816019275652	0.712653407612875
"hsa-miR-93-5p"	-1.07550079267275	9.15307191572401	1.81278695154533	0.178174270158082	0.229887119016628
"hsa-miR-935"	9.03347475695297	5.01462587990406	30.3659883541464	3.57746071091633e-08	2.36402471302444e-07
"hsa-miR-940"	3.00628974254058	3.34724138680421	12.6473887321937	0.000376090617365384	0.00103903001068742
"hsa-miR-941"	-0.291276059835888	6.63022851801819	0.158138285062239	0.690876368184979	0.737638742450774
"hsa-miR-941-3-5p"	-0.250217580976601	4.40759446246756	0.165628439199924	0.684026540639609	0.733528461343792
"hsa-miR-942-5p"	-2.52833262325217	3.5320736834331	11.594737961311	0.000661386929202355	0.00170220109673659
"hsa-miR-95-3p"	-7.24641959703339	3.40961988918766	34.9872015277593	3.31879583557638e-09	2.7506629891472e-08
"hsa-miR-96-5p"	7.07382646029966	6.23878825153032	5.10026393758024	0.0239222031485316	0.0403377839297653
"hsa-miR-98-3p"	3.83425000361906	3.52215511966663	22.753632581713	1.84155703365346e-06	7.76311542634949e-06
"hsa-miR-98-5p"	1.77621048154336	9.92573948564465	4.07439227313994	0.0435379249857918	0.0667399539750853
"hsa-miR-99a-3p"	3.64195714225187	4.3981848798179	5.72943365129781	0.0166828620417729	0.0296651619579162
"hsa-miR-99a-5p"	2.91761138330696	9.56999909928642	2.77305007816988	0.0958633374977331	0.133553196684876
"hsa-miR-99b-3p"	2.53741241474562	4.97521071838553	9.93157843705058	0.00162467153689517	0.00393299198783038
"hsa-miR-99b-5p"	1.76271373880524	12.6769063989529	2.86843322665577	0.0903327704970717	0.126933117163989
