"logFC"	"logCPM"	"LR"	"PValue"	"FDR2"
"hsa-let-7a-2-3p"	6.82967116239469	3.56619314509431	26.5403321368191	2.58093082725389e-07	7.577933351243e-07
"hsa-let-7a-3p"	1.3508899355579	6.75932202262049	5.54640844217114	0.0185186481281265	0.0260968845379074
"hsa-let-7a-5p"	0.441984265471141	15.1699810511183	2.26511257832294	0.132316596548924	0.161353655143201
"hsa-let-7b-3p"	1.27040229493	6.82059938567714	11.0443088191788	0.000889598628259451	0.00152636396217148
"hsa-let-7b-5p"	0.561534004190399	12.1248304250219	2.01737646415266	0.155507620303722	0.186380456687549
"hsa-let-7c-3p"	6.25966983502993	3.10475445112222	20.097070571309	7.36093356849464e-06	1.79079428606661e-05
"hsa-let-7c-5p"	5.38617061197449	10.2943895807961	66.5700065168396	3.37685337227095e-16	2.7070185230172e-15
"hsa-let-7d-3p"	0.106784534778038	7.53771464041053	0.114148306150026	0.735469889390888	0.765201650876903
"hsa-let-7d-5p"	-0.157831906960371	10.3367136290319	0.293998815395479	0.587669317484873	0.627446061681448
"hsa-let-7e-3p"	4.16740104938474	4.53715681466732	34.9111274875279	3.45102926017565e-09	1.28820863223351e-08
"hsa-let-7e-5p"	3.9875863419302	11.4186177678031	90.5702632041343	1.78523353130223e-21	2.35940323461294e-20
"hsa-let-7f-1-3p"	1.43226293930106	4.96349582353529	11.5463534184773	0.000678822668739509	0.00120269668483196
"hsa-let-7f-2-3p"	0.863372755346538	5.02034697853224	2.1806979959429	0.139751068527497	0.169573877195896
"hsa-let-7f-5p"	-0.673861597625916	14.79494358781	6.52964265223932	0.0106091268671192	0.0157685806626787
"hsa-let-7g-3p"	-2.91762465693647	4.67306222781611	44.357541186826	2.73556196458055e-11	1.2739902863618e-10
"hsa-let-7g-5p"	-3.359533141879	13.9477143163443	163.622908574665	1.8286896035178e-37	4.41995185112719e-36
"hsa-let-7i-3p"	-2.4492421331604	6.72472297284921	46.0761951128093	1.13742120890707e-11	5.6181714258137e-11
"hsa-let-7i-5p"	0.434384931430381	13.8138877524395	2.14328065724667	0.143195380086058	0.173323120945749
"hsa-miR-100-3p"	10.9586144681577	7.43728860649361	143.176906908452	5.37713850198312e-33	1.09559196977906e-31
"hsa-miR-100-5p"	8.67898636749266	16.5540828706703	52.5601290118112	4.17275088229489e-13	2.37264555981651e-12
"hsa-miR-101-3p"	-3.48178627230153	12.6818499640407	75.0247527718909	4.64849441120419e-18	4.83641227038053e-17
"hsa-miR-101-5p"	-3.26585332332363	4.72585899593153	43.5796327538206	4.07053522178595e-11	1.87782238061635e-10
"hsa-miR-103a-3p"	-0.211217212856915	12.2676815124943	0.663082991913186	0.415473636564611	0.457582451081294
"hsa-miR-106a-5p"	-6.93276949219021	2.89038112687894	77.8256877060059	1.12546942049868e-18	1.25080578778149e-17
"hsa-miR-106b-3p"	-1.5987134897556	8.30886033923836	27.9354220239447	1.25432395590386e-07	3.90677970978973e-07
"hsa-miR-106b-5p"	-0.732999248182216	8.42726482224229	4.20325729948887	0.0403464105616661	0.0536124857735183
"hsa-miR-107"	1.36681870304608	5.14009218018609	7.33157441803244	0.00677536801328115	0.0103536092452953
"hsa-miR-10a-3p"	3.26088011996093	4.33280798378142	9.36240952674645	0.00221480795639597	0.00364660299891458
"hsa-miR-10a-5p"	2.02284407279741	14.1300370773254	9.27775441854465	0.00231953619028711	0.00379348895334581
"hsa-miR-10b-3p"	5.01032072802957	2.21224535775076	4.87251318817516	0.0272877323659228	0.0374823065363377
"hsa-miR-10b-5p"	10.5508362077828	13.3177113612772	13.057019844382	0.000302149813512591	0.00057715335471741
"hsa-miR-1180-3p"	6.41378769887269	4.90232800353576	61.9723333997612	3.48316873457894e-15	2.54219330031209e-14
"hsa-miR-1185-1-3p"	7.49014469417232	4.1358469651837	24.4979162281222	7.43902463508599e-07	2.02093502586503e-06
"hsa-miR-1185-5p"	5.99725089440652	2.9005949729868	11.327098595535	0.00076384153945487	0.00132924737648908
"hsa-miR-1197"	6.37780278192656	3.19660219573773	14.5910301314386	0.000133548721734687	0.000273244037356745
"hsa-miR-1226-3p"	0.84132029090832	3.2065185844858	1.11210160425001	0.29162556230369	0.330103935107649
"hsa-miR-1248"	-4.25983602564893	2.65236542539603	24.5570291380878	7.21426922235212e-07	1.98189755602819e-06
"hsa-miR-1249-3p"	1.26239310355917	3.83177193097519	5.6879847041666	0.0170814602780362	0.0243522859357426
"hsa-miR-1254"	1.67996657874824	2.50361679724722	2.39621078344258	0.121629545805374	0.149064781701322
"hsa-miR-1255a"	1.65926458781547	2.64259970639496	2.79625500274052	0.0944847630255793	0.118469356716688
"hsa-miR-1257"	5.33815247950348	2.42833166654578	4.2491659527788	0.0392696120351185	0.0523238154909344
"hsa-miR-125a-3p"	2.74569270744693	5.465222641257	31.6830199047251	1.8150219505323e-08	6.43149082471226e-08
"hsa-miR-125a-5p"	-0.698685251812514	13.2672796897647	4.76530345852998	0.0290389397587362	0.0396649205084414
"hsa-miR-125b-1-3p"	10.6062012537193	8.87609056277402	168.208331607964	1.82178283128593e-38	4.68869370788854e-37
"hsa-miR-125b-2-3p"	4.86987424620111	7.86069357710665	86.2711614813515	1.56879663684617e-20	1.96702962927635e-19
"hsa-miR-125b-5p"	4.07948741798656	12.1999586913356	42.4898326010289	7.10506046396316e-11	3.13006717736756e-10
"hsa-miR-126-3p"	11.3709785025597	13.7841225216461	336.209154339713	4.27034315103106e-75	5.22049450213547e-73
"hsa-miR-126-5p"	10.5096482201031	15.4471913572968	78.7536106882135	7.03600171758606e-19	8.00140660441763e-18
"hsa-miR-1260a"	-0.935938278237671	4.68259093925695	5.65120242876029	0.0174434072475464	0.0247241337508701
"hsa-miR-1260b"	-0.174709891650765	3.44866804062124	0.0833240211770505	0.772842337041805	0.800677760197972
"hsa-miR-1262"	5.99437870687488	2.90132937028112	19.8319110032668	8.45591419372187e-06	2.0191754571764e-05
"hsa-miR-127-3p"	8.27225094664066	11.191519267479	92.3419623180229	7.29215792830977e-22	9.9051811859541e-21
"hsa-miR-127-5p"	7.28895714195253	3.95928860576101	32.8571021810964	9.91880343976923e-09	3.56639329562291e-08
"hsa-miR-1271-3p"	1.7907319571982	1.53358002585566	0.619485923863428	0.431238384007588	0.471757426800247
"hsa-miR-1271-5p"	0.0696263897269013	7.17379410748612	0.00977564358544569	0.921240016346484	0.926926683114055
"hsa-miR-1273h-3p"	-7.07328132239324	2.30938837976537	58.6666501458025	1.86780781764619e-14	1.2017868721434e-13
"hsa-miR-1277-5p"	2.84743482149993	3.17278402555748	4.89155287583632	0.0269884011265986	0.0371755722560752
"hsa-miR-128-1-5p"	1.07167601102915	4.36317885498145	5.68914972236318	0.0170701236300613	0.0243522859357426
"hsa-miR-128-3p"	-0.0407777391672848	9.64460198457926	0.0202650227922661	0.886799392142887	0.899842004347428
"hsa-miR-1285-3p"	3.24763077893893	5.62377692354258	26.7508656858559	2.31448020233339e-07	6.94344060700017e-07
"hsa-miR-1294"	2.09318312778645	2.35528466866148	2.90558178742058	0.0882733966066104	0.111251780774826
"hsa-miR-1296-5p"	4.55466822867209	6.17669738849197	47.073047232822	6.8389715530812e-12	3.44768772108939e-11
"hsa-miR-1301-3p"	0.816581808797748	5.8734505118219	3.06752689321452	0.0798708938741265	0.101446408063501
"hsa-miR-1304-3p"	4.0408607900089	7.08428719525009	67.7820656771907	1.82602876783768e-16	1.53953115081487e-15
"hsa-miR-1304-5p"	3.88204649808499	3.17103948659049	15.6358675092874	7.67842584770328e-05	0.000161148078949653
"hsa-miR-1306-5p"	0.454352561298888	3.3703357495232	0.831477784191238	0.361845560118008	0.402141997494787
"hsa-miR-1307-3p"	1.00590630164805	8.12183859591663	9.68693868158537	0.00185582474539592	0.00308672891326056
"hsa-miR-1307-5p"	1.68759010825172	9.658717760049	5.96496723216621	0.0145928717765422	0.0213650128704465
"hsa-miR-130a-3p"	6.07784566360595	9.98528095188844	170.027022549948	7.29901902909642e-39	1.98290016957119e-37
"hsa-miR-130b-3p"	2.66376208874198	9.60009785349667	59.1727354971375	1.44421049461104e-14	9.41625242486397e-14
"hsa-miR-130b-5p"	3.32255884406103	7.87309194867678	51.6134777543366	6.75760900349437e-13	3.75508045762357e-12
"hsa-miR-132-3p"	-0.602900697087514	5.77214062006929	2.61853077564834	0.10562219652005	0.131423038418077
"hsa-miR-132-5p"	-1.6984594743647	2.91665689661697	6.70390910978197	0.00962017684504707	0.0143422758452074
"hsa-miR-133a-3p"	1.49987298270439	2.25090872011177	0.987857867340274	0.320266494602549	0.358376008834431
"hsa-miR-134-5p"	6.42618432298722	4.80902959432214	36.0545629117801	1.91868974022932e-09	7.44634351565188e-09
"hsa-miR-1343-3p"	3.2353497397064	2.70259218091384	6.73861399688223	0.00943478982071404	0.0141089058786825
"hsa-miR-136-3p"	7.99119929509237	7.54993654626333	39.0853679532279	4.05672999477942e-10	1.66700921634213e-09
"hsa-miR-136-5p"	5.68576128874383	4.23499258210473	24.7352288013267	6.5770928050846e-07	1.82738544413998e-06
"hsa-miR-137"	9.05680884478343	5.58508662460306	52.2020983702785	5.00726001198683e-13	2.81442545501329e-12
"hsa-miR-138-1-3p"	4.20813244488056	1.80575143053595	2.73059180075424	0.0984428007159111	0.122802371301226
"hsa-miR-138-5p"	6.65953507118464	7.34456126132292	17.3930920706925	3.03928566032623e-05	6.63486914240861e-05
"hsa-miR-139-5p"	4.54073490807813	5.04183262901295	10.8988399051576	0.000962245053355708	0.00163950463794753
"hsa-miR-140-3p"	-3.0528540303843	11.4886408737326	172.256775829084	2.37838785224293e-39	6.84136270439291e-38
"hsa-miR-140-5p"	-2.08459996293827	6.09239065402968	19.9865685648931	7.79880538819448e-06	1.87862849006261e-05
"hsa-miR-141-3p"	-8.79339520939012	7.00197084210341	200.04327034878	2.04356917926181e-45	8.32754440549187e-44
"hsa-miR-142-3p"	-15.5134108581444	11.2719707074455	330.790661176684	6.46518435984044e-74	5.26912525326996e-72
"hsa-miR-142-5p"	-15.3164640336309	14.3881080451206	147.106828052431	7.43666360140707e-34	1.58109934829916e-32
"hsa-miR-143-3p"	2.99052238712367	6.64497136654054	11.9780715705859	0.000538302625668763	0.000978550126215707
"hsa-miR-145-5p"	5.1331466659427	2.30244479719414	9.52654268337127	0.002025212775663	0.0033457062408757
"hsa-miR-1468-5p"	-3.18983938477891	3.52105995773096	31.0724599439306	2.48573306440389e-08	8.50016411533919e-08
"hsa-miR-146a-3p"	-0.293827588259628	3.0671817975138	0.04267638680356	0.836335819739092	0.857375714575295
"hsa-miR-146a-5p"	-3.87456287548287	9.68791499061654	23.1384885787736	1.50742928546215e-06	3.98450227346481e-06
"hsa-miR-146b-3p"	-9.63046362283128	7.86691401150564	354.475551985542	4.49305947521626e-79	7.32368694460251e-77
"hsa-miR-146b-5p"	-7.98464919775313	10.8080816469066	62.4112710291113	2.78723484672949e-15	2.06508763644049e-14
"hsa-miR-148a-3p"	-3.12664676057177	10.3428491526386	14.2760170772594	0.000157863487029181	0.000318988616352353
"hsa-miR-148a-5p"	-2.17012872003685	4.17280568118443	5.8047075091547	0.0159833261911147	0.0231238062350743
"hsa-miR-148b-3p"	1.26075876553629	10.4823384671851	19.6225193080153	9.43505748392776e-06	2.22886140562351e-05
"hsa-miR-148b-5p"	1.37148590077653	7.25528007593111	13.856035498322	0.000197361835067423	0.000392316818487682
"hsa-miR-149-5p"	6.33009832019707	7.86761484584724	56.2180286495741	6.48640347155926e-14	3.9648141219906e-13
"hsa-miR-150-3p"	-11.9846553616051	6.86183057315813	335.537699508823	5.97996851544344e-75	5.84840920810369e-73
"hsa-miR-150-5p"	-14.2768971213608	17.1721868851382	442.092387900076	3.79371234250344e-98	1.85512533548418e-95
"hsa-miR-151a-3p"	2.96017470607358	12.9126170053881	74.2253063700911	6.96911518633867e-18	6.95489250228492e-17
"hsa-miR-151a-5p"	2.56336597685627	13.1402712445475	50.5501825839472	1.16156382602366e-12	6.31116345472857e-12
"hsa-miR-151b"	-2.31761575520672	4.18099347163089	31.3472297712898	2.15766343600691e-08	7.53641014433841e-08
"hsa-miR-152-3p"	1.47973491212161	6.38513962289042	14.3014329250992	0.000155746276270722	0.000316016303304494
"hsa-miR-152-5p"	5.78602074840551	4.22956816588947	46.2541283377559	1.03867462899949e-11	5.18277442429336e-11
"hsa-miR-153-3p"	-5.98078855218272	3.10546101309257	40.2773861109985	2.20344792975665e-10	9.28867273837072e-10
"hsa-miR-155-5p"	-0.438111790482274	10.8120778589754	1.62956731085908	0.201762905981631	0.235470312708872
"hsa-miR-15a-5p"	-3.07957516558992	10.0656265175467	104.501032448075	1.57111521861388e-24	2.47830755452319e-23
"hsa-miR-15b-3p"	0.87669959156939	7.04800132594061	4.39545628118551	0.0360348160751109	0.0485427687623394
"hsa-miR-15b-5p"	-1.07031512904977	8.71995008435478	9.67766467436008	0.00186521556671347	0.00309183190550131
"hsa-miR-16-2-3p"	-2.19989998609483	7.08812464747229	48.4175359116798	3.44474001256953e-12	1.79199772994309e-11
"hsa-miR-16-5p"	-2.15025960834447	13.0095597556435	31.2979824867573	2.21309506165502e-08	7.67520202233549e-08
"hsa-miR-17-3p"	-0.356388076694087	7.219724549789	0.687091407790632	0.407155466179957	0.449433460410833
"hsa-miR-17-5p"	0.42696335740742	9.30195299633028	1.12146198387306	0.289603868686583	0.328576083034198
"hsa-miR-181a-2-3p"	1.99851541496033	8.5151974344513	25.2820258149866	4.95302884918052e-07	1.40001798106894e-06
"hsa-miR-181a-3p"	1.15144291093735	9.55892729520202	14.4102086543899	0.000147003226681112	0.000299519074362765
"hsa-miR-181a-5p"	-1.06355094881717	14.3905583982681	8.3383043244944	0.00388178110616915	0.00612002001492945
"hsa-miR-181b-2-3p"	3.23679011125179	2.2615851882641	4.68884097336002	0.0303591188713706	0.0411235709919674
"hsa-miR-181b-3p"	4.01455078126216	5.13917646989789	26.2994675167244	2.9236927408602e-07	8.51003422786093e-07
"hsa-miR-181b-5p"	1.83288767380842	11.9106902855436	26.6101881561877	2.48927616728863e-07	7.37730936850995e-07
"hsa-miR-181c-3p"	0.988210544340972	6.60033249776579	5.38615178670136	0.0202971851294876	0.0282772750094571
"hsa-miR-181c-5p"	-2.18664328571419	9.32032440753059	34.070987016587	5.31376793081629e-09	1.93912874490236e-08
"hsa-miR-181d-5p"	0.243166644075279	6.34394953768915	0.35026786656787	0.553961536468152	0.592750965717563
"hsa-miR-182-5p"	1.31988919943651	5.3884431154934	3.7264980161945	0.0535555678955954	0.0702109187692927
"hsa-miR-183-5p"	3.6120631143345	3.16160594098393	8.88315238930758	0.00287814156429182	0.0046144630325859
"hsa-miR-185-3p"	0.931806237518706	3.29096821207439	3.08701740921217	0.0789193415549944	0.100498849011438
"hsa-miR-185-5p"	0.496657162953729	6.70356118792453	0.597282415197181	0.439616790356072	0.478780869675098
"hsa-miR-186-5p"	-1.47620145153419	13.0910171187744	35.5490183192525	2.48712357220587e-09	9.50158927194273e-09
"hsa-miR-187-3p"	5.10387770086753	2.28345600188785	9.08037550670229	0.00258366992083567	0.00418349202413459
"hsa-miR-188-5p"	4.69084354452642	4.48042031837628	36.9666042087889	1.20169961089287e-09	4.85645545228607e-09
"hsa-miR-18a-3p"	1.57199383986302	5.34193804113402	11.8440148346696	0.000578469709690179	0.00104380696693172
"hsa-miR-18a-5p"	1.74819990408857	6.75221904563972	11.5687019309195	0.000670712242662436	0.00119700104621143
"hsa-miR-1908-3p"	5.28254163921428	2.39970885547104	11.2414960754118	0.000799886547703767	0.00138703731144377
"hsa-miR-1908-5p"	6.26879259796134	3.11002704592519	21.3977930531054	3.73200520903371e-06	9.21692195564385e-06
"hsa-miR-190a-5p"	1.25904557712869	2.63116919024919	2.00712468324489	0.156561800837122	0.187185135964187
"hsa-miR-191-3p"	1.449135700009	4.06494158927921	6.21355857250708	0.0126775531843512	0.0187858288095387
"hsa-miR-191-5p"	0.611429963094029	13.7375469191545	3.3671645472412	0.0665081301603093	0.0862665136562103
"hsa-miR-1910-5p"	8.44839591280944	5.01004720144021	60.0477015434152	9.25860593505976e-15	6.28813653089476e-14
"hsa-miR-192-5p"	-4.58029827536247	11.1423598966677	173.709261120649	1.14571519157494e-39	3.50159205425092e-38
"hsa-miR-193a-3p"	7.87219310287328	9.89157367998429	84.8755743830453	3.17744237242545e-20	3.88442330029012e-19
"hsa-miR-193a-5p"	4.63984778495037	6.88871064257161	53.953254706637	2.05316634039334e-13	1.18117451817923e-12
"hsa-miR-193b-3p"	3.11139388536083	8.01168345854398	34.9352358612397	3.40856228583550e-09	1.28214381367197e-08
"hsa-miR-193b-5p"	2.13013853358586	2.40125537454067	4.0944158414001	0.0430250953138477	0.0568628962391122
"hsa-miR-194-5p"	-4.60687184240124	6.20412963482712	195.322778096028	2.19061244772958e-44	8.24007297645972e-43
"hsa-miR-195-3p"	5.48619737404727	4.5306924980007	47.9643668992949	4.340359942956e-12	2.21087084594321e-11
"hsa-miR-195-5p"	4.64136650922429	7.70084881640547	82.7895632990902	9.12706103253828e-20	1.08856898656371e-18
"hsa-miR-196b-5p"	4.63395927045853	4.35481851894658	5.51415742326111	0.0188631574823965	0.0265059885312985
"hsa-miR-197-3p"	-0.971572124264372	9.70852238601078	8.12723114593795	0.00436052890742094	0.00683429049913089
"hsa-miR-1976"	-4.17861619477621	2.40561875012865	26.7264717067447	2.3438836051655e-07	6.98877489588982e-07
"hsa-miR-199a-3p"	2.19736737225396	8.16068403784007	3.1153542161051	0.0775576139308478	0.0990226454626229
"hsa-miR-199a-5p"	2.71010618214481	5.25669223566878	6.17317671092225	0.0129701506849388	0.0191613404378703
"hsa-miR-199b-3p"	2.15404949264725	6.83519232328453	2.91505305769906	0.0877565263442632	0.110886153442751
"hsa-miR-199b-5p"	-0.637160072156777	5.380040124279	0.249997348439187	0.61707694450341	0.654556672152207
"hsa-miR-19a-3p"	-0.908868515911723	8.32011628309895	4.1331028444292	0.0420521790034384	0.0557276843704103
"hsa-miR-19a-5p"	0.726904404566685	2.94525636476239	0.620982186024943	0.430682533555698	0.471757426800247
"hsa-miR-19b-3p"	-2.55831556186696	10.3272291869255	40.3575203395658	2.11489796447008e-10	8.99291395326842e-10
"hsa-miR-200b-3p"	-1.51875915597026	3.62044635699216	12.2656988718452	0.000461360403380681	0.00085456529262558
"hsa-miR-200c-3p"	-5.07456680079653	3.37222724400819	59.6723754817867	1.12038181689232e-14	7.50502340356635e-14
"hsa-miR-204-5p"	10.4174627006656	8.79476574083529	73.1470337510864	1.20342294217175e-17	1.15387023278821e-16
"hsa-miR-205-5p"	-0.207506077212985	2.71247207500383	0.0305308786645782	0.861291106257774	0.881111612887137
"hsa-miR-20a-3p"	-0.699055440272543	3.37882911433048	1.38514482884395	0.239226736058238	0.277208232067484
"hsa-miR-20a-5p"	-0.630858992772068	9.57581097633443	2.2194929792466	0.136277807499974	0.165770765839521
"hsa-miR-20b-5p"	-6.73076750470592	3.51204694364232	76.64301090798	2.04829684434266e-18	2.22581590418569e-17
"hsa-miR-21-3p"	2.02233103084207	12.2119829411497	22.6383838174771	1.95538835388023e-06	5.00620369134781e-06
"hsa-miR-21-5p"	0.70856593963051	16.2301349315876	2.74036251493635	0.0978425683193419	0.122365769586082
"hsa-miR-210-3p"	1.32918115098334	6.5606674447475	5.31598122270998	0.0211306906208326	0.0292716932396236
"hsa-miR-210-5p"	2.4810733535747	3.296782470812	7.09304746004769	0.00773835509234677	0.0117153425391875
"hsa-miR-2110"	-0.256366093312102	3.49370582975106	0.269219960331817	0.603855510003032	0.641924661720614
"hsa-miR-2110-3p"	-1.32047247110213	4.3887522529873	5.95576627585125	0.0146692254420193	0.0214126902720819
"hsa-miR-2116-3p"	6.82922777926331	3.56539144167911	28.127294574776	1.13592502496687e-07	3.60693076109608e-07
"hsa-miR-212-5p"	-0.313953337788786	2.95185830662033	0.204455360955992	0.651148388747692	0.684756047521767
"hsa-miR-214-3p"	4.18826623008679	3.44672008961258	5.74431917328174	0.0165420658378138	0.023721613474167
"hsa-miR-214-5p"	5.08201539946136	2.27551269164865	5.85295245354079	0.0155509399100401	0.0225650136973579
"hsa-miR-215-5p"	-1.51800962999349	3.90762666783952	10.1561005307227	0.00143824512224245	0.00240856803005671
"hsa-miR-216a-3p"	10.6041931640812	7.08766767389977	54.6436362801362	1.44491445054926e-13	8.5128092327541e-13
"hsa-miR-216a-5p"	10.1559378957008	6.64832424099729	67.8187943053656	1.79232887436024e-16	1.53762950800379e-15
"hsa-miR-217"	10.2273062236457	6.71778574761252	44.4598032791479	2.59633616956886e-11	1.22077729511459e-10
"hsa-miR-218-1-3p"	7.33843118444374	4.00152014163869	26.9630609504914	2.07381045214035e-07	6.29871621799151e-07
"hsa-miR-218-5p"	9.54796532676414	6.05661107422366	36.456179638777	1.5613731577951e-09	6.15735059807905e-09
"hsa-miR-219a-1-3p"	0.957322361366028	2.53631608119188	1.50168434367034	0.220412379924383	0.256622985197674
"hsa-miR-22-3p"	2.60039502367299	16.4050965976929	45.4926544497911	1.53212343806981e-11	7.4179045664964e-11
"hsa-miR-22-5p"	1.08682174302231	6.3812420651946	8.55542190077215	0.00344494654620224	0.00548722756056318
"hsa-miR-221-3p"	1.76259717664069	13.1381564768217	17.6598011164635	2.64150564336295e-05	5.89012980448401e-05
"hsa-miR-221-5p"	2.57932526679191	9.29276612341927	22.465379016754	2.1396547759321e-06	5.42119785197303e-06
"hsa-miR-222-3p"	3.73055034271047	13.8137708366127	75.7366768085911	3.24130766554198e-18	3.44565097489137e-17
"hsa-miR-222-5p"	4.15213390831486	6.681630986764	40.9892240454209	1.53070878457426e-10	6.56593504962116e-10
"hsa-miR-223-3p"	-9.09844404323054	5.09413970312351	220.025160490215	8.93090455489943e-50	3.97019302485984e-48
"hsa-miR-224-5p"	11.8410603485483	8.3112174692826	79.4850702167044	4.8588308869659e-19	5.65706738982459e-18
"hsa-miR-2277-5p"	0.476833391088554	3.65438335203067	0.973083842921376	0.323912279791131	0.361628093191468
"hsa-miR-2355-3p"	2.09867514368506	2.89279379799823	6.99086450144127	0.00819267742055407	0.0123268284881567
"hsa-miR-2355-5p"	1.36890141483582	4.8500282499632	8.41049611234967	0.00373060842316055	0.00592294649001789
"hsa-miR-23a-3p"	0.0775891324419173	11.1404992598301	0.0764884106800352	0.782113849111018	0.808570131533378
"hsa-miR-23a-5p"	0.909626579192628	5.36532453285971	4.35506377904852	0.0368990775522943	0.0494346545837587
"hsa-miR-23b-3p"	1.25469708609179	8.67605603539169	12.067927170166	0.000512967035906247	0.000935973434918487
"hsa-miR-24-2-5p"	2.42874257996227	7.31963105852201	39.7402361513938	2.90087203888727e-10	1.21241574958622e-09
"hsa-miR-24-3p"	0.462092151822766	9.68628790392995	1.71800746790147	0.189949729743031	0.22382028396227
"hsa-miR-2467-5p"	2.24321345013691	3.72713839900982	11.3509982195663	0.000754074277094255	0.00132165706630498
"hsa-miR-25-3p"	-1.3551729789327	11.594685281215	25.0110029767215	5.70040817341339e-07	1.60201126252824e-06
"hsa-miR-25-5p"	0.0197656163151484	4.96381365289024	0.00223109597107118	0.962326348209469	0.96429832843121
"hsa-miR-2682-3p"	7.25364229482748	3.92809688804361	24.5571192946797	7.21393168772839e-07	1.98189755602819e-06
"hsa-miR-2682-5p"	8.91816222576433	5.45285045852226	49.7414471696321	1.75401137855615e-12	9.22270499047265e-12
"hsa-miR-26a-1-3p"	4.10937641680284	2.93257943677215	9.01222194152928	0.00268180195527677	0.00432805662089222
"hsa-miR-26a-2-3p"	-0.0874709787041511	4.95576355219139	0.0202068724334961	0.886960830461064	0.899842004347428
"hsa-miR-26a-5p"	-2.98510306000365	15.3843900572953	139.956531151796	2.72094263613165e-32	5.32216379627352e-31
"hsa-miR-26b-3p"	-2.5279323360215	6.3019685079534	63.5716148821003	1.54641463230392e-15	1.219672185801e-14
"hsa-miR-26b-5p"	-2.90095721500821	12.0698262368786	101.151333779254	8.52175355053103e-24	1.30223046444052e-22
"hsa-miR-27a-3p"	-0.181349566324663	12.664341206273	0.242507183743328	0.622401130115758	0.657352381482949
"hsa-miR-27a-5p"	0.84378115647078	6.74060324652183	6.74444373554021	0.00940400931370313	0.0141060139705547
"hsa-miR-27b-3p"	1.33854992763094	13.0249426878754	10.4755045604715	0.0012096774679434	0.00204682450458242
"hsa-miR-27b-5p"	2.29917205769039	5.659055096181	17.5958632208646	2.73181954439285e-05	6.04461428600953e-05
"hsa-miR-28-3p"	-0.834311793033911	12.466225307318	8.75698333570329	0.00308418779040073	0.00492865303760116
"hsa-miR-28-5p"	-1.14241874152274	9.75387605981376	12.090348400365	0.000506835026813174	0.00092824841989379
"hsa-miR-296-5p"	-2.41597741528543	3.02664106929901	12.1676001015163	0.000486268318622789	0.00089730267096809
"hsa-miR-299-3p"	7.54510365677468	4.18565612658206	19.9871013183548	7.79663279571583e-06	1.87862849006261e-05
"hsa-miR-29a-3p"	-2.79672320560062	13.5420745264061	123.409794022569	1.13427520317245e-28	2.05429842352344e-27
"hsa-miR-29a-5p"	-0.686935998948522	5.77588811301811	3.16494879966487	0.0752347948989892	0.0965611934530333
"hsa-miR-29b-1-5p"	-0.556224499931272	3.86266685177328	1.13722826179427	0.28623877246471	0.325513394733124
"hsa-miR-29b-2-5p"	-2.20421814401112	2.8322059875352	13.4352001111303	0.000246946641111248	0.00048110321714502
"hsa-miR-29b-3p"	-2.36677317036729	9.15286428108399	31.3480340354857	2.15676981235107e-08	7.53641014433841e-08
"hsa-miR-29c-3p"	-4.85879097897058	11.2703767950381	192.741766568557	8.01465028231659e-44	2.79940284860915e-42
"hsa-miR-29c-5p"	-2.81370743466507	5.84304349298353	71.7157612000351	2.48539357797004e-17	2.29312728231576e-16
"hsa-miR-301a-3p"	1.7879660302842	8.0986856964477	10.3914424722322	0.00126600682182793	0.00213474943404779
"hsa-miR-301b-3p"	4.50227894646542	7.12148059756184	43.3861173365021	4.49364944514058e-11	2.0346246098831e-10
"hsa-miR-30a-3p"	10.6959332143336	8.38364532038731	151.070593842886	1.0114834058669e-34	2.24825175213142e-33
"hsa-miR-30a-5p"	11.7747818103202	14.0139145925982	242.170687824855	1.32253562585642e-54	7.18577690048657e-53
"hsa-miR-30b-5p"	-3.20600544789647	10.6577193702622	107.648738828223	3.20895964486182e-25	5.41096988392218e-24
"hsa-miR-30c-1-3p"	0.0735712805852512	4.09555457404469	0.0275055576215308	0.868276574135591	0.884556759900634
"hsa-miR-30c-2-3p"	8.75906844509591	5.30163180752279	69.2462673316827	8.69052500927435e-17	7.58869058845564e-16
"hsa-miR-30c-5p"	-0.773844926139514	11.6315308471789	5.39277390963987	0.020220302563712	0.0282506512961576
"hsa-miR-30d-3p"	-0.136697511559812	5.81251820102192	0.0737088561432753	0.786011306245111	0.810885081759197
"hsa-miR-30d-5p"	-1.40583970000506	12.4424389000778	25.6431782764692	4.10744939411518e-07	1.17458640568557e-06
"hsa-miR-30e-3p"	-2.29775673738736	7.68999496626367	41.3710467865241	1.25908506224403e-10	5.4486070392684e-10
"hsa-miR-30e-5p"	-1.66084561053337	12.4947000788058	18.8244745157071	1.43316230968212e-05	3.25961102062584e-05
"hsa-miR-31-3p"	3.12560635679998	7.25778347506907	43.5016469188499	4.23602737228157e-11	1.93590409817354e-10
"hsa-miR-31-5p"	3.56481903442537	12.2619472846361	95.6580350820461	1.36544376915481e-22	2.02333940338395e-21
"hsa-miR-3117-3p"	6.32963470704724	3.16021211068813	11.6918656874741	0.000627739236062396	0.00112854590600923
"hsa-miR-3129-3p"	5.38609878180104	2.4675288807361	11.4608257684737	0.000710787084392103	0.00125478297569581
"hsa-miR-3152-5p"	7.46745448991302	4.1159272899933	28.471095980419	9.51077831211984e-08	3.05971749646487e-07
"hsa-miR-3158-3p"	1.88086915824855	3.92121384929213	12.3821901911383	0.000433448415168744	0.000808993416097389
"hsa-miR-3168"	0.927754055346511	2.9474864027214	1.22459662903843	0.268460444462364	0.307440649513106
"hsa-miR-3174"	5.57029742029743	2.59475846296924	13.616331445706	0.00022422640755575	0.000442123843930491
"hsa-miR-3176"	3.07856040292196	4.69281041094592	27.0882111774536	1.94379713857458e-07	5.94073000476857e-07
"hsa-miR-32-3p"	-0.906181022476047	3.04250628240521	1.72337161769041	0.189259621635877	0.22354578497571
"hsa-miR-32-5p"	-4.75353482606758	6.6038674496831	45.6736860449045	1.39686714054481e-11	6.83068031726413e-11
"hsa-miR-3200-3p"	4.32806835581352	4.57861742037668	28.0826341841404	1.16244269065497e-07	3.64381074186076e-07
"hsa-miR-3202"	-6.6869384895574	2.06153175650537	51.591133396348	6.83495671341075e-13	3.75538632905377e-12
"hsa-miR-320a"	0.110739255687413	10.7859046603608	0.0641076497891611	0.800117618949449	0.823700032981643
"hsa-miR-320b"	-3.26308942450043	3.62661717546097	56.3443654345986	6.08273353510037e-14	3.7651350616001e-13
"hsa-miR-320d"	-3.90246045404374	2.65058471481022	31.8990285085565	1.62398356938446e-08	5.7965544921825e-08
"hsa-miR-323a-3p"	5.84381423281532	4.28036075935545	26.5350741248137	2.58796496862491e-07	7.577933351243e-07
"hsa-miR-323b-3p"	6.91805367235637	3.64030988840155	16.4722283174863	4.93679393073885e-05	0.000105881238251373
"hsa-miR-324-3p"	0.370645627353217	5.64744845324211	0.867807883455365	0.351562894819263	0.391604226803233
"hsa-miR-324-5p"	-0.13858652096124	5.0008707096958	0.134881403777723	0.713423568600719	0.747032387678269
"hsa-miR-326"	2.39521220629808	6.95319902512213	17.167374854502	3.42264352379753e-05	7.43854525838664e-05
"hsa-miR-328-3p"	-2.10327109768813	5.92545267355047	23.2898275642753	1.39334990600418e-06	3.72321368325707e-06
"hsa-miR-329-3p"	6.95887501870924	3.67703073263541	19.371101373318	1.07623402953555e-05	2.51807866240614e-05
"hsa-miR-330-3p"	-1.52370437480754	5.3813047950343	18.9032838701772	1.37515745736766e-05	3.14229904977937e-05
"hsa-miR-330-5p"	0.751276340614629	6.40203188280862	2.41198504666588	0.120409594515112	0.147940431451984
"hsa-miR-331-3p"	0.871632690292612	9.10540791958153	5.03367735128874	0.0248590621746584	0.0343392130039773
"hsa-miR-331-5p"	0.0505833178345192	4.40598864923396	0.0158822171840933	0.899712397256011	0.907132705686989
"hsa-miR-335-3p"	0.339822745190133	6.26597616989356	0.131851251361748	0.716520267532707	0.748671817998918
"hsa-miR-335-5p"	-3.04792139061	5.43119840260432	16.3671889852119	5.21807558719441e-05	0.000111425282189435
"hsa-miR-337-3p"	7.39416254471924	4.05165880614891	25.9308773788593	3.53863433372117e-07	1.01787775834685e-06
"hsa-miR-337-5p"	5.49307324533482	2.5412511777386	11.559429839466	0.000674065199458699	0.00119861048194656
"hsa-miR-338-3p"	-0.478167031370021	5.68963123307753	0.350626967286754	0.553758433515443	0.592750965717563
"hsa-miR-338-5p"	1.26625391736794	3.48948738151048	2.83819844786094	0.0920473626602195	0.115709923755392
"hsa-miR-339-3p"	-2.89398359163143	8.74938751062843	135.91695898622	2.08052072632921e-31	3.91297936605764e-30
"hsa-miR-339-5p"	-0.203223829056494	7.11592649614181	0.288289789443592	0.591318563414324	0.629966835532907
"hsa-miR-33a-3p"	-1.93480802071859	3.69295640767421	14.5943519336016	0.000133313512917801	0.000273244037356745
"hsa-miR-33a-5p"	0.978838289288605	5.07153965435398	2.07878063444482	0.149359449310681	0.180337705464007
"hsa-miR-33b-3p"	0.868957746231626	3.29532530620851	1.67094736594115	0.196131690653082	0.229996155226276
"hsa-miR-33b-5p"	-0.83743379348423	4.40583182506355	1.85269918046522	0.173469789768356	0.206391063738992
"hsa-miR-340-3p"	1.65047674009431	4.47825729943089	8.95143804008032	0.00277251247997995	0.00445973224575722
"hsa-miR-340-5p"	0.988691630909533	8.79060223040304	3.85667697647055	0.049548371193638	0.0651321331013144
"hsa-miR-342-3p"	-6.45977539679444	12.4649010898386	435.31531029609	1.13247213922679e-96	2.76889438040951e-94
"hsa-miR-342-5p"	-6.631193397074	7.38326938265483	301.888866195924	1.27718931720561e-67	8.9220796587649e-66
"hsa-miR-345-5p"	4.25762462508071	9.80317168628458	106.251542116234	6.49453093355519e-25	1.0586085421695e-23
"hsa-miR-34a-3p"	4.63382589580531	4.30618590174156	34.6409404255592	3.96479456195584e-09	1.46877616727e-08
"hsa-miR-34a-5p"	4.03362336672896	9.17806605996487	73.5955552505717	9.588034458157e-18	9.37709770007755e-17
"hsa-miR-34c-5p"	2.2540163656999	3.7684909402306	3.22839608319676	0.0723715375714667	0.0933764693204413
"hsa-miR-3605-3p"	-0.425220472001114	3.43874156804861	0.734810976652905	0.391328194678648	0.433921739677685
"hsa-miR-3605-5p"	2.18518843145181	3.05189604535267	7.00759001905917	0.00811648646826714	0.0122498823548847
"hsa-miR-3607-3p"	-4.70977413806748	8.51608116641667	238.841895889954	7.03438941798877e-54	3.43981642539651e-52
"hsa-miR-3607-5p"	-5.1100492053224	2.45697925665491	48.1019360679134	4.04626767447314e-12	2.08276304507091e-11
"hsa-miR-3609"	-6.43823530516029	2.51724853684471	71.2947411714852	3.07654716558467e-17	2.7859843777239e-16
"hsa-miR-361-3p"	-4.57384261738824	10.1189083474258	189.885040349765	3.36840489408319e-43	1.09809999547112e-41
"hsa-miR-361-5p"	-0.722293805333845	8.12370235378769	5.62128629997262	0.0177436216393006	0.0250769681549653
"hsa-miR-3613-3p"	-0.818983944162238	2.79301462711035	1.06971649459912	0.301009491729917	0.339155855889238
"hsa-miR-3613-5p"	-0.416336152600983	4.32690422699569	0.56655995984903	0.451629143974298	0.488598786290778
"hsa-miR-3615"	-1.94601169180877	4.32137798508037	20.6517366035219	5.5087199072674e-06	1.34688201732688e-05
"hsa-miR-362-3p"	-2.25566713765873	2.848499710187	4.73603973416263	0.0295369897637634	0.0402328356392209
"hsa-miR-362-5p"	1.30138081700981	4.1048406192899	3.70757627309196	0.0541659913883977	0.0706324527704706
"hsa-miR-363-3p"	-10.6901324798454	8.23797112403835	264.609760560159	1.69719466512914e-59	1.03741023906019e-57
"hsa-miR-3651"	-1.00376684874873	3.3359628840308	1.90456728705012	0.167567984024067	0.199855473628705
"hsa-miR-3653-3p"	-4.93817517484803	3.07874884595827	69.6049710445529	7.24540655273626e-17	6.44182509870551e-16
"hsa-miR-3653-5p"	-5.41644428821168	2.56594836756738	60.139976213101	8.8345666312169e-15	6.17157583237867e-14
"hsa-miR-365a-3p"	3.59687950082192	5.97758175403985	49.927994832694	1.59492770102401e-12	8.57054555824991e-12
"hsa-miR-365b-3p"	3.51785505318711	5.97961017829925	49.8911925464622	1.6251250390747e-12	8.63789287073401e-12
"hsa-miR-365b-5p"	6.42926424804123	3.23909568757812	21.4946706035801	3.54813374247779e-06	8.81344926053264e-06
"hsa-miR-3661"	2.46792630324768	3.87408245203591	14.6854144134748	0.000127025496637124	0.000262090581669002
"hsa-miR-3677-3p"	3.57905513928819	3.7886091138677	12.1338097538847	0.000495158611291715	0.000910272785419732
"hsa-miR-3688-3p"	2.15105701583301	2.13215541340862	2.60816516901623	0.106314706344233	0.131948962950077
"hsa-miR-369-3p"	5.97070602826934	4.39325203518884	22.9784019702281	1.63831701294845e-06	4.26136712410528e-06
"hsa-miR-369-5p"	7.15153293427386	3.83740138662983	21.2274372463025	4.07883590348875e-06	1.00228681246533e-05
"hsa-miR-370-3p"	7.85224089284275	4.46150594761602	22.7556310377687	1.8396429352287e-06	4.73465997540438e-06
"hsa-miR-374a-3p"	0.500737169417021	8.0638223864863	0.589979633295108	0.442426994503884	0.479704657011972
"hsa-miR-374a-5p"	-1.43538062030442	6.56280339997465	10.7795858326816	0.00102625641885982	0.00174249787785574
"hsa-miR-374b-3p"	1.08858528880692	4.33752902534266	3.15599487574295	0.0756485662953094	0.0968380861738384
"hsa-miR-374b-5p"	-1.41064128326524	6.43222688390718	12.511405167807	0.000404475282230584	0.000757810011535462
"hsa-miR-376a-3p"	3.92866860404257	3.21372815326563	11.3778807110361	0.000743238680740332	0.00130735149238138
"hsa-miR-376a-5p"	6.93367838811954	3.65265427239501	17.9431282445151	2.2760465821085e-05	5.15271656782897e-05
"hsa-miR-376b-3p"	6.27212356238671	3.12540032493104	17.6537261272411	2.64995614925661e-05	5.89012980448401e-05
"hsa-miR-376c-3p"	5.79898008063996	4.95104170435856	30.1475448569779	4.00393746326801e-08	1.35029339278487e-07
"hsa-miR-377-3p"	5.55812503047124	2.58721400712551	12.3524344351676	0.000440411799646873	0.000818864524818712
"hsa-miR-377-5p"	6.3871402671594	3.20683070390294	23.0709724108335	1.56130107964614e-06	4.10471090294066e-06
"hsa-miR-378a-3p"	0.0437430263607697	10.4312563108543	0.0175812400008866	0.894514265584304	0.905626244038767
"hsa-miR-378a-5p"	-0.00408846705738479	3.59054412740687	3.52076880503205e-05	0.995265694633104	0.995265694633104
"hsa-miR-378c"	-3.07567442914895	2.47232496435156	13.5616621032026	0.000230852580886453	0.000453361092584239
"hsa-miR-379-3p"	6.75447669086309	3.50680220234608	13.789498325639	0.000204476008677368	0.000404812826895679
"hsa-miR-380-3p"	6.32322009636544	3.15519437003848	13.3911086252096	0.000252819913309351	0.000488651927305425
"hsa-miR-381-3p"	7.69553920042974	8.39561012569184	33.1088005453403	8.71434022753004e-09	3.15652768241643e-08
"hsa-miR-382-3p"	5.80371060591517	2.76132326731151	16.2377579888997	5.58694309900521e-05	0.000118783268496241
"hsa-miR-382-5p"	4.82707049109748	4.18065682720346	23.3738878671406	1.33376823081549e-06	3.58358607070756e-06
"hsa-miR-3909"	1.47767762400471	4.47768047901879	7.89804571154102	0.00494882366980099	0.00770692603354358
"hsa-miR-3912-3p"	-3.19089707556311	3.61691744156323	24.962961518137	5.84423053590612e-07	1.63304498974748e-06
"hsa-miR-3940-3p"	1.04866825639196	2.98726996492769	1.739261812972	0.187232387099082	0.221686773102787
"hsa-miR-409-3p"	8.05763857394244	8.87847847377776	72.0878159232063	2.05830707485326e-17	1.93560030692932e-16
"hsa-miR-409-5p"	8.30276138667366	6.59862512373978	24.4045443990892	7.80842833175347e-07	2.10956986421406e-06
"hsa-miR-410-3p"	6.46792741211331	7.62942440527319	25.9919989201798	3.42835259562425e-07	9.91990780627372e-07
"hsa-miR-411-3p"	7.32618555304488	3.99044862846803	17.4506580663263	2.94862196926415e-05	6.46581230031465e-05
"hsa-miR-411-5p"	8.30802477054763	8.47817137945212	39.124240554984	3.97675661246881e-10	1.64799490126886e-09
"hsa-miR-421"	1.94141167858604	7.8418387435427	14.976253436292	0.000108872651890572	0.000226547773508467
"hsa-miR-423-3p"	-0.323935608455065	12.0213966112134	1.33918454178531	0.2471778271046	0.285070654372993
"hsa-miR-423-5p"	-1.39586737388689	11.3730115925668	19.8298929834745	8.46484598611781e-06	2.0191754571764e-05
"hsa-miR-424-3p"	3.35234123244262	4.70863243083879	26.8177423867553	2.23575227290016e-07	6.748659638569e-07
"hsa-miR-424-5p"	3.76448245949138	6.57862818147319	34.0813956302342	5.28541963066481e-09	1.93912874490236e-08
"hsa-miR-425-3p"	-0.735697981932312	4.64991219342517	2.44961579441697	0.117553638019533	0.144795287132371
"hsa-miR-425-5p"	-1.29911838576653	8.5048289614907	22.1004000962231	2.58755808205586e-06	6.52224691817173e-06
"hsa-miR-431-3p"	6.53764208939719	3.32676980599795	15.6514744557715	7.61531849904586e-05	0.000160512532156613
"hsa-miR-431-5p"	6.43327288206839	5.54554183493965	19.1014940462452	1.23947819466969e-05	2.85898508110132e-05
"hsa-miR-432-5p"	7.84001077411181	4.450584847813	29.0612746768606	7.01247952794004e-08	2.30141106655213e-07
"hsa-miR-4326"	2.36098604926457	4.59989244520482	14.1312473714984	0.000170488099846063	0.000341674921412807
"hsa-miR-433-3p"	5.18123197275666	2.3349277914911	8.35617167373234	0.00384379533521183	0.00608289941397601
"hsa-miR-4443"	-6.01188476727774	2.87360309717654	56.8375237712516	4.73347540173146e-14	2.96752496339319e-13
"hsa-miR-450a-5p"	3.91204933476035	6.00829102931324	31.1709377867542	2.36277055186095e-08	8.13658309760567e-08
"hsa-miR-450b-5p"	6.39098481892528	6.91536825051733	44.5502578620023	2.47910847456477e-11	1.17697480006036e-10
"hsa-miR-451a"	-4.73845416850591	3.702196228797	63.5389524472583	1.5722689616923e-15	1.22038019407545e-14
"hsa-miR-452-3p"	7.79736456005845	4.41096629993451	36.4645416374637	1.55468905225714e-09	6.15735059807905e-09
"hsa-miR-452-5p"	9.9620189337795	6.45922586188323	61.7886529715736	3.82371441239534e-15	2.74970051126665e-14
"hsa-miR-4521"	4.42705343362491	4.40582015009089	17.9282028359332	2.29396494752425e-05	5.16934958220903e-05
"hsa-miR-454-3p"	-0.477106059598695	7.38307080171955	1.65162298344093	0.198738178256419	0.232495141548777
"hsa-miR-454-5p"	1.13994929017353	4.65082628303654	5.86868415834314	0.0154125680432785	0.0224307909915571
"hsa-miR-455-3p"	5.39003463690272	7.84256069189584	55.8955798986018	7.64241908163058e-14	4.61375670483624e-13
"hsa-miR-455-5p"	4.65788638908676	7.38300378580905	62.6307233217601	2.4933344426116e-15	1.87575468067242e-14
"hsa-miR-4645-3p"	1.41203131259455	3.83811200624799	7.51142773543007	0.00613087548409209	0.00945740729249536
"hsa-miR-4661-5p"	-0.215318571198051	2.54179017457026	0.0165172514665617	0.897737899480777	0.907012051334917
"hsa-miR-4662a-5p"	0.774922448911423	2.53625896636276	0.604163167792327	0.436993983170494	0.476986736094579
"hsa-miR-4677-3p"	1.82508665634805	5.19970940915325	15.0059332515084	0.00010717368617209	0.000223965523667315
"hsa-miR-4746-5p"	2.65988935865757	2.78266934283552	5.32323350405606	0.0210429284795091	0.0292329318934089
"hsa-miR-4772-5p"	-4.87883519876969	2.11332683503929	27.9053709326289	1.27395651238983e-07	3.94281477568751e-07
"hsa-miR-4775"	5.38182635172714	4.62202977271285	22.0896450992278	2.60209594305685e-06	6.52525598028102e-06
"hsa-miR-483-5p"	4.28730021062061	1.80459589963667	3.96539359756773	0.0464446627232743	0.0612168196002187
"hsa-miR-484"	-0.332211201802359	10.284334766723	1.22490919803025	0.268399367138048	0.307440649513106
"hsa-miR-485-3p"	7.62651766014791	4.25821850173909	28.860201187526	7.77950873664511e-08	2.51932435246322e-07
"hsa-miR-485-5p"	6.14950444195202	3.0212171176901	19.0809480542795	1.2528939915628e-05	2.87636226232022e-05
"hsa-miR-486-3p"	-2.72428139419249	2.75740903083081	9.29974024674416	0.00229186351166224	0.00376080958792898
"hsa-miR-486-5p"	-2.40963661361293	8.26534066441544	19.1572534927876	1.20379176832862e-05	2.78983021190851e-05
"hsa-miR-487a-3p"	6.00305124967207	2.90913686899033	12.6664565390403	0.000372274402198225	0.000702865570173483
"hsa-miR-487b-3p"	6.3543770757568	5.4711228205585	28.1111290733875	1.1454527601738e-07	3.61371870790315e-07
"hsa-miR-493-3p"	4.93571992390871	3.50278929700256	11.5911558505541	0.000662662121810194	0.00118696621818749
"hsa-miR-493-5p"	6.55973091697571	3.3466596439486	16.1903975224263	5.72837558552584e-05	0.000121263015641651
"hsa-miR-494-3p"	6.28811008409919	4.77928210094201	27.2743173881707	1.76540800288084e-07	5.4294623484826e-07
"hsa-miR-495-3p"	5.32362275277628	3.9206784205087	30.459749356952	3.40865949635718e-08	1.15752395397129e-07
"hsa-miR-496"	4.61734007853099	1.99665364882293	7.29346447791395	0.00692058924921332	0.0105425798843156
"hsa-miR-497-5p"	6.86714700254633	8.41422975814247	61.0884441656864	5.45674923012018e-15	3.86717445438952e-14
"hsa-miR-500a-3p"	1.73718372533577	8.95393143829693	19.5709460462542	9.69321201558145e-06	2.27883686327852e-05
"hsa-miR-500b-3p"	3.53104787234547	2.52103947503782	8.00717332380172	0.00465924094432524	0.0072791336158947
"hsa-miR-501-3p"	1.59760995475725	7.99470938009736	6.00931527343945	0.0142305485571866	0.0208971118452379
"hsa-miR-501-5p"	2.17952132131393	4.11405964086336	12.5801570019024	0.000389863979018066	0.00073324417592244
"hsa-miR-502-3p"	1.13474252416291	5.17782957270012	4.36190835803002	0.0367511135424641	0.0493716882479806
"hsa-miR-502-5p"	2.70837649548482	2.4752625294057	5.76775149545207	0.0163229064643106	0.0234761801795526
"hsa-miR-503-5p"	7.1417002899927	3.83153903803784	29.3709049330755	5.97682729332032e-08	1.97477604488759e-07
"hsa-miR-505-3p"	1.3730145361	7.45972882250051	11.2019772994118	0.000817102174761374	0.00141188326310358
"hsa-miR-505-5p"	1.3229205748363	3.24061748722796	4.33410343050017	0.0373560850887718	0.0499101792579492
"hsa-miR-514a-3p"	-4.61666280165992	1.99728274314474	25.5125159748881	4.39522439793859e-07	1.24957251778603e-06
"hsa-miR-515-5p"	3.74756869924162	1.57095337843558	2.06260590731462	0.150951830236148	0.181364729694045
"hsa-miR-532-3p"	0.605703431470098	5.75418803385088	1.23154519695566	0.267106744402216	0.307329877676903
"hsa-miR-532-5p"	0.0565009994105377	8.94457228810231	0.0292936919479114	0.864102675848566	0.882142397682565
"hsa-miR-539-3p"	8.28832704732984	4.86083775662283	22.8266233274874	1.77292649072317e-06	4.5870955236171e-06
"hsa-miR-542-3p"	5.19482032404393	4.50921688972426	28.4339579102841	9.69497760266654e-08	3.09859088085225e-07
"hsa-miR-542-5p"	2.21039988185043	2.71108826527063	5.7879125992541	0.0161367387924863	0.0232768887006661
"hsa-miR-543"	6.54116747478635	3.3299742414318	19.3091331755835	1.11173298558134e-05	2.58874966642512e-05
"hsa-miR-548ar-3p"	1.88319054989333	1.98921213463212	1.15794460890459	0.281892218642048	0.322068446065331
"hsa-miR-548e-3p"	-0.421073881014505	5.50078914797068	1.15029793369543	0.283486790356406	0.323135292504155
"hsa-miR-548e-5p"	0.219563130685867	3.92556092004335	0.247742480037691	0.618669171466892	0.654825162007165
"hsa-miR-548h-5p"	2.4698336300574	2.31737766869227	2.60410537763654	0.106587290360588	0.131952367053994
"hsa-miR-548k"	1.20362159421175	6.33064934128638	9.24696054160713	0.00235886616444392	0.00384495184804359
"hsa-miR-548n"	3.93737479198036	2.80689718742194	11.0160888592407	0.000903244518936473	0.00154435863552425
"hsa-miR-548o-3p"	0.713282901822395	4.91536946334657	1.67894946768112	0.195064102037019	0.229294100711784
"hsa-miR-548s"	-0.363684914247423	2.53208853084154	0.215887122311464	0.642191754344191	0.676792603177391
"hsa-miR-548w"	-2.34255055083017	2.85441171691652	14.7021263440774	0.000125904356705669	0.000260878095038441
"hsa-miR-550a-3p"	1.29120410466757	3.64902626243483	2.3440528631152	0.125761978231211	0.153744018387656
"hsa-miR-550a-5p"	3.03445483858288	3.66512479642814	13.2055170882676	0.000279126221356166	0.000535265577424177
"hsa-miR-551a"	3.13202745127597	2.74657423665644	3.7103230716267	0.0540769230655779	0.0706324527704706
"hsa-miR-556-5p"	5.39124887628459	2.47763547204021	9.22778232484385	0.00238370186687103	0.00387252562425227
"hsa-miR-561-5p"	10.1711498849545	6.66330593867783	67.6407998574344	1.96165957694459e-16	1.6258500561456e-15
"hsa-miR-5690"	-2.44294708253933	3.24071262298583	16.6960594095026	4.3872033343175e-05	9.45084771137118e-05
"hsa-miR-574-3p"	6.87764402960942	8.75918296284605	163.548807782269	1.89813883177241e-37	4.41995185112719e-36
"hsa-miR-574-5p"	6.82380230498395	3.56232731689552	29.7098203914178	5.01799700905701e-08	1.68068529960882e-07
"hsa-miR-576-3p"	1.75547101009565	2.96515387197273	6.03508859311519	0.0140242470092036	0.020656195143074
"hsa-miR-576-5p"	-1.29588117562204	5.82992952856563	10.286382991563	0.00134015534372769	0.00225201361884138
"hsa-miR-582-3p"	4.00237390633805	7.24229924860587	23.1867516152727	1.47006614907893e-06	3.90686058097607e-06
"hsa-miR-582-5p"	2.4488322436551	6.3720056493246	11.3333341165753	0.000761280957366233	0.00132924737648908
"hsa-miR-584-5p"	6.87623663025095	7.16269304897228	67.5214966518127	2.08402419178084e-16	1.69847971630138e-15
"hsa-miR-589-3p"	1.13579603696467	5.61933082320638	5.66840538771403	0.0172731507633831	0.0245539846607393
"hsa-miR-589-5p"	0.441979979039056	7.47653114024607	1.09352021574374	0.295692556980683	0.333934550493197
"hsa-miR-590-3p"	-0.97494845117616	6.23891053618491	3.05578884787303	0.0804499200405734	0.101917126683524
"hsa-miR-598-3p"	-0.567605986259166	5.05077460963375	1.43533754810712	0.230895319179187	0.268189575008604
"hsa-miR-616-5p"	-1.40879926359769	3.39133384316959	8.33339608764706	0.00389228266798172	0.00612002001492945
"hsa-miR-624-5p"	0.183674576674042	3.14597001020453	0.112644216505159	0.737153583964828	0.765325058511255
"hsa-miR-625-3p"	-1.64434872660939	5.90291628353606	14.1996077833102	0.000164404777659711	0.000330839243932506
"hsa-miR-625-5p"	-0.680157638647359	5.04288118124222	3.22142000863015	0.0726805550522673	0.0935283984751545
"hsa-miR-628-3p"	-0.441583994141705	3.13093057128047	0.592612700562999	0.441410578338383	0.479666161794376
"hsa-miR-628-5p"	-0.204879695991879	3.85935906179837	0.166276362236665	0.683442550057656	0.717174693086253
"hsa-miR-629-3p"	-1.35904510055104	3.41775175595471	7.74283815897078	0.00539259788613561	0.00837136624228671
"hsa-miR-629-5p"	0.49192822047895	4.78768255100245	0.657741735035165	0.417358329568543	0.458625220582062
"hsa-miR-641"	1.13916257739956	4.23752464684108	4.71408495406174	0.0299164834292536	0.0406365566580694
"hsa-miR-642a-5p"	-7.38345518875466	2.54941373051003	74.32952225569	6.61074613252874e-18	6.73469762251365e-17
"hsa-miR-6511a-3p"	-0.058766470442758	2.81029891586437	0.00676161962937982	0.934464558764031	0.93830219555567
"hsa-miR-6516-3p"	-2.09345148167244	3.02690127616589	13.3251275654939	0.000261873094212799	0.000504157256181334
"hsa-miR-652-3p"	-2.04602425541839	6.80615461888797	42.9511767352387	5.61231343647015e-11	2.51781767929716e-10
"hsa-miR-652-5p"	-0.99398095594099	3.5489962457487	3.317022062056	0.0685659224299613	0.0887003599689183
"hsa-miR-654-3p"	7.57083468008632	8.76099915849683	42.4688885431875	7.18155105990411e-11	3.13551648954742e-10
"hsa-miR-655-3p"	4.93266731663103	2.18453459796505	7.43880549712626	0.00638322430748163	0.00978494259046557
"hsa-miR-656-3p"	6.19004020578278	3.04794921915724	13.4660308560237	0.000242921658817443	0.000475154764646918
"hsa-miR-659-5p"	-1.79305165005165	3.3342132309233	17.6657873562314	2.63320507912658e-05	5.89012980448401e-05
"hsa-miR-660-5p"	0.260057861686885	8.00765679129818	0.51164425866897	0.474427934107314	0.509879691820827
"hsa-miR-664a-3p"	-3.16646454171302	5.97308351332081	59.1980640447983	1.4257403711227e-14	9.41625242486397e-14
"hsa-miR-664a-5p"	-3.44578843228741	2.9338676679931	36.0214780191195	1.9515452232823e-09	7.51421743452793e-09
"hsa-miR-664b-3p"	-2.9428337049004	2.9668764797569	19.6374115843228	9.36180545463591e-06	2.22229265403736e-05
"hsa-miR-665"	6.91751974568136	3.63938643518517	17.118036040569	3.51271355411122e-05	7.60051738035568e-05
"hsa-miR-671-3p"	1.70895660001479	6.95419023813065	24.5425897010055	7.26853348541287e-07	1.9856496504843e-06
"hsa-miR-671-5p"	0.909530218062255	5.35344828777433	4.45525014410838	0.0347941199416482	0.047000896827254
"hsa-miR-6716-3p"	5.76103830363232	2.72954187847754	13.049694316757	0.000303333911590232	0.000577160633337056
"hsa-miR-6731-3p"	-6.75610034576148	2.10407233105542	54.4788993570521	1.57125926064073e-13	9.14697355301568e-13
"hsa-miR-6769b-3p"	-2.86604931456713	3.03617440157544	36.0750006891984	1.89867102453768e-09	7.42760104799142e-09
"hsa-miR-6803-3p"	-4.75430666432863	2.88337892522621	42.8374351053523	5.94829144888246e-11	2.6442859259123e-10
"hsa-miR-6842-3p"	-4.83019352298976	2.75511540588278	62.8551444847773	2.22481747531332e-15	1.69989960223158e-14
"hsa-miR-7-1-3p"	-3.36651747861828	5.60136629055961	92.4965132854724	6.74434972462427e-22	9.4228200438322e-21
"hsa-miR-7-5p"	0.662194797453142	5.25642089545642	0.999204678860364	0.317503028853306	0.356098580525841
"hsa-miR-708-5p"	0.494639988509868	1.4364114877154	0.0468330143843403	0.828668664987032	0.851300372224073
"hsa-miR-744-3p"	3.14078531380205	3.62609455595522	17.5088211840648	2.85977753269462e-05	6.2992397003949e-05
"hsa-miR-744-5p"	2.19150454948459	7.95378969575876	37.175290087214	1.07973314266028e-09	4.39991255634065e-09
"hsa-miR-758-3p"	8.93105433040086	5.46514263292856	22.9876265779375	1.63047447261558e-06	4.26136712410528e-06
"hsa-miR-760"	1.19235369521629	2.5759621663251	2.45221674762358	0.11735902641557	0.144795287132371
"hsa-miR-766-3p"	-2.79726633573205	6.11259596001341	60.0985192269061	9.02261964317579e-15	6.21417043029995e-14
"hsa-miR-769-3p"	0.727927506780453	2.86501773792824	1.00857840514666	0.315243650152788	0.354377344654514
"hsa-miR-769-5p"	0.197708717034732	10.0972783600158	0.523136417321595	0.469506833539072	0.506118269613428
"hsa-miR-7705"	0.68452952675949	3.22918049230242	1.36281221651616	0.243050693953771	0.280973497265707
"hsa-miR-7706"	1.49571271397175	5.49086956839099	11.9678228275473	0.00054127147563585	0.000980302783651595
"hsa-miR-7974"	6.11752986480187	6.25818526148651	58.4921584985457	2.04102810797085e-14	1.29618538285421e-13
"hsa-miR-7976"	0.966612279662199	3.72297392185445	1.75340692841473	0.18544900664257	0.220108165651012
"hsa-miR-874-3p"	-0.717535164792196	8.17021772236846	2.0634336885854	0.15086987156373	0.181364729694045
"hsa-miR-874-5p"	-1.35893683682704	4.63961527293961	7.49650438261938	0.00618188683743131	0.00950610900472928
"hsa-miR-877-5p"	1.55604838488097	6.23707481063165	13.3998127172006	0.00025164942310117	0.000488319713874889
"hsa-miR-887-3p"	10.3669963427831	6.85565946782684	120.615746026696	4.63802082353411e-28	8.09997208110064e-27
"hsa-miR-887-5p"	7.69961664366395	4.32308067848718	36.7655571320299	1.33223245603294e-09	5.33984976229597e-09
"hsa-miR-889-3p"	7.32691138008718	5.75590103545897	29.5962953748293	5.32065324415077e-08	1.76993158938077e-07
"hsa-miR-9-5p"	-2.6268503144617	2.559157592007	11.0936715771374	0.000866228123959884	0.00149149842470557
"hsa-miR-92a-1-5p"	-0.316576824863858	4.38307614805785	0.522227504657127	0.469893035592017	0.506118269613428
"hsa-miR-92a-3p"	-1.89319386853115	15.7811155561839	45.3953700536181	1.61014556801617e-11	7.71922728195986e-11
"hsa-miR-92b-3p"	1.94993291352822	11.3238897522474	22.5958606566843	1.99914864386849e-06	5.09158170235256e-06
"hsa-miR-92b-5p"	1.00266220843046	2.45363071378863	0.726512063823394	0.394016105976228	0.43591374620447
"hsa-miR-93-3p"	1.28781826492533	5.14191308424568	10.0487182496526	0.00152453977925284	0.00254436843704654
"hsa-miR-93-5p"	-0.0978947907352379	10.073869085124	0.128688023360482	0.719796238246933	0.750491173779852
"hsa-miR-935"	10.1142943730408	6.60762819240685	93.3254221998664	4.43656775955839e-22	6.38082833654133e-21
"hsa-miR-937-3p"	2.40443028695474	2.64321566294248	7.18121810743666	0.00736706735179811	0.0111878755746251
"hsa-miR-940"	3.51147840936533	4.69576122650783	29.0376236598462	7.09861576814231e-08	2.31414874041439e-07
"hsa-miR-941"	0.907866421950166	8.0405223808276	5.48055450654705	0.0192291581731757	0.0269428605922147
"hsa-miR-941-3-5p"	0.921258868160809	5.75985669608536	4.82912966217583	0.0279827533076408	0.0383293175558442
"hsa-miR-942-5p"	-0.650259262296228	4.28823986340258	3.41090339660989	0.0647669804907727	0.0842315251595421
"hsa-miR-95-3p"	-5.87164446994275	2.94018751347628	90.1445491232617	2.21380450994075e-21	2.84881685621322e-20
"hsa-miR-98-3p"	4.13536917722089	4.73311618778272	21.4933314120632	3.55061248328206e-06	8.81344926053264e-06
"hsa-miR-98-5p"	2.21287793155863	11.2272126446266	35.3182273489308	2.79999274548515e-09	1.06139259886995e-08
"hsa-miR-99a-3p"	2.55609834214065	4.43112487384561	12.9956396293945	0.00031221717903827	0.000591760467246953
"hsa-miR-99a-5p"	1.65412092567621	9.39161208477968	7.62658363998997	0.00575141448905588	0.00890013191502635
"hsa-miR-99b-3p"	3.2277862984259	6.57132869369179	54.6562952040936	1.43563711247289e-13	8.5128092327541e-13
"hsa-miR-99b-5p"	2.61063788972468	14.3733971739323	14.0255041030301	0.000180347820405293	0.000359959527257912
