"logFC"	"logCPM"	"LR"	"PValue"	"FDR2"
"hsa-let-7a-2-3p"	5.81048055724933	2.44291244782489	17.0693228403077	3.60397886197942e-05	6.30696300846399e-05
"hsa-let-7a-3p"	-0.0260620091789641	5.39454902157305	0.00205588570242554	0.963834809670012	0.968090150993059
"hsa-let-7a-5p"	1.52520642828877	15.4949999077837	13.1018325960631	0.000295007043805673	0.000462855879074418
"hsa-let-7b-3p"	1.36499025893537	6.34783114436008	9.56127434276673	0.00198725105891946	0.0028474712780248
"hsa-let-7b-5p"	1.39803678614763	12.2568881082052	10.3713856410143	0.00127983455309509	0.00187030982866817
"hsa-let-7c-5p"	4.09073920680498	8.22368147509082	48.2451923941116	3.7611922778481e-12	1.48812390123555e-11
"hsa-let-7d-3p"	-0.52854825380726	6.93849888927905	1.58382075672891	0.208211201627502	0.239838219596236
"hsa-let-7d-5p"	-0.244263172875874	10.0501723606512	0.375174016662619	0.540197405352165	0.581150017129571
"hsa-let-7e-3p"	3.01670112516945	3.00053079125568	12.5797871768548	0.000389941133350708	0.000595379918371048
"hsa-let-7e-5p"	4.01876176176688	10.6352876425692	73.4026314819134	1.05725045212638e-17	7.40075316488467e-17
"hsa-let-7f-1-3p"	-0.0864257877100962	3.58673660686291	0.0206742073208721	0.88567002535939	0.9015209430392
"hsa-let-7f-2-3p"	-1.30596939658837	3.62474757385331	1.99123557720858	0.158211748841746	0.185054873323893
"hsa-let-7f-5p"	-0.490012282797737	14.7616302230986	1.41890174587741	0.233584254903463	0.266368009977633
"hsa-let-7g-3p"	-4.69270417599747	4.96076756775815	45.0894624151783	1.8823556598093e-11	6.79739543820025e-11
"hsa-let-7g-5p"	-3.22278646008793	14.4416356598852	56.5711968146798	5.41999671361487e-14	2.46609850469477e-13
"hsa-let-7i-3p"	-2.77404180253409	7.0031453264763	35.5893041537627	2.43621532258639e-09	7.06036924698602e-09
"hsa-let-7i-5p"	0.568268729019863	13.5052155377507	2.25009261342976	0.13360640609265	0.158309673885822
"hsa-miR-100-3p"	11.686477760028	7.60729948858139	133.514769451202	6.97617843995742e-31	1.22083122699255e-29
"hsa-miR-100-5p"	9.79805470434481	16.7919954304128	110.50065171691	7.61203788626103e-26	1.11725072201573e-24
"hsa-miR-101-3p"	-3.9127905403727	13.1577431192461	39.7617117575814	2.86914938693983e-10	8.8807004833852e-10
"hsa-miR-101-5p"	-5.1746269068113	5.08817685866206	44.5498101271378	2.47967548361943e-11	8.74614220966543e-11
"hsa-miR-103a-3p"	-0.809796584761186	11.7884506267695	4.2352140683669	0.0395936302784006	0.0499033290212528
"hsa-miR-106a-5p"	-6.60415046086297	3.54937021570292	37.1256983084997	1.10754448093139e-09	3.27229051184273e-09
"hsa-miR-106b-3p"	-2.58974323144181	8.24957290194622	32.8496146611508	9.95708082869067e-09	2.64939870003173e-08
"hsa-miR-106b-5p"	-2.51387150107776	7.89310817804457	30.042240229884	4.22736767849125e-08	1.05684191962281e-07
"hsa-miR-107"	4.0937796693857	6.85762380991611	64.261880353205	1.08933093225261e-15	5.63233607016974e-15
"hsa-miR-10a-3p"	2.85491301743498	3.37295683097057	8.36951247258865	0.00381567969974554	0.00532556522510497
"hsa-miR-10a-5p"	3.26549909742561	14.5430037090531	23.0978684992454	1.53961280194801e-06	3.11343922171708e-06
"hsa-miR-10b-5p"	4.4917727723414	6.50112138583287	29.3286341838186	6.10863319120637e-08	1.49431618387038e-07
"hsa-miR-1180-3p"	5.05094683840619	3.12452653656563	23.5305796136456	1.2294410737695e-06	2.50850084558351e-06
"hsa-miR-1185-1-3p"	6.87997400070771	3.20490590321001	29.0578819045805	7.02477125561938e-08	1.66472443818063e-07
"hsa-miR-1185-5p"	8.09368504528008	4.20260085692945	47.2072506959712	6.3863762220501e-12	2.46254337375661e-11
"hsa-miR-1248"	-7.00014923219888	3.09509812015989	29.4530997353432	5.72863418708625e-08	1.40893435412121e-07
"hsa-miR-1249-3p"	1.07589779950177	3.280721360483	2.47717218397792	0.115509763839677	0.138672671628108
"hsa-miR-125a-3p"	2.21784556838624	4.3829902936029	11.8173845130776	0.000586802324162344	0.000884089594350552
"hsa-miR-125a-5p"	-0.682462359256614	13.17076020332	2.79617459142389	0.094489502734224	0.11434235038317
"hsa-miR-125b-1-3p"	12.5053935655646	9.9994856663972	251.184461592624	1.43290950993755e-56	3.25986913510793e-54
"hsa-miR-125b-2-3p"	3.85771388467979	6.1083234358046	42.7543098243068	6.2064992689745e-11	2.1232760657018e-10
"hsa-miR-125b-5p"	6.03444793657109	13.2915156371509	106.686538446045	5.21456732337291e-25	6.77893752038478e-24
"hsa-miR-126-3p"	1.12274685301087	3.48470359582179	2.10805949324112	0.146525018456067	0.172561352391536
"hsa-miR-126-5p"	-0.60724843263432	4.87624886863219	0.559241836403368	0.454565879562647	0.498379458315674
"hsa-miR-1260a"	-2.13252767702423	4.33807185954518	15.3394464679436	8.98212672162921e-05	0.00014874235734028
"hsa-miR-127-3p"	11.4510133749831	13.505004319276	242.619118325984	1.05592594115238e-54	1.60148767741444e-52
"hsa-miR-127-5p"	9.66400346550136	5.64279522185759	80.981218969028	2.27873073874665e-19	1.9562688417542e-18
"hsa-miR-1271-5p"	0.0167863015916509	6.85003738055778	0.00151337006904928	0.968968476253554	0.971102768051469
"hsa-miR-1273h-3p"	-6.75769846373881	2.90117201020671	29.1711600494998	6.62581460460217e-08	1.58670823425999e-07
"hsa-miR-128-1-5p"	0.641934781131045	3.67433604328019	0.878533592549847	0.348603631324671	0.388761402580209
"hsa-miR-128-3p"	-0.478698360725253	9.17104250146853	1.51778910625536	0.217954374196606	0.249796574960846
"hsa-miR-1285-3p"	0.194849265723642	2.88602827844315	0.046752124748469	0.82881439656364	0.851265350872361
"hsa-miR-1296-5p"	2.87263885495323	3.98602368318974	17.9633450098369	2.25199981869547e-05	4.0500391996302e-05
"hsa-miR-1301-3p"	0.0602890739237101	5.00226480556775	0.0166849783217353	0.897222859958046	0.911241967144891
"hsa-miR-1304-3p"	3.59866976539263	5.91084369700608	27.976552589764	1.22794363642308e-07	2.80760982197237e-07
"hsa-miR-1307-3p"	-0.156933610992861	6.95672108109266	0.123255614038309	0.7255299903945	0.76310796881805
"hsa-miR-1307-5p"	1.11719776855262	8.64492690711155	2.28868348531695	0.130320421516165	0.154819299712416
"hsa-miR-130a-3p"	6.8147286304291	9.86391921135518	156.902114199948	5.37699099300927e-36	1.35918383434401e-34
"hsa-miR-130b-3p"	2.07040786948272	8.37594091703903	24.3004704915271	8.24189284965685e-07	1.72021158100636e-06
"hsa-miR-130b-5p"	2.82250898957018	6.67101430212617	34.0545267489365	5.35890929564947e-09	1.46006211348533e-08
"hsa-miR-132-3p"	-0.0250595169932358	5.90042246680033	0.00247119199010193	0.960352622683808	0.96672664451578
"hsa-miR-132-5p"	0.786014234794998	4.01407897880848	1.55866347209172	0.211861020988492	0.243426173105464
"hsa-miR-134-5p"	8.74526426511759	6.28892678354591	93.8966297975994	3.32439675897807e-22	3.60142982222625e-21
"hsa-miR-1343-3p"	3.30745763036244	2.30789092964329	8.32085297901665	0.00391925115084649	0.00543676607815595
"hsa-miR-136-3p"	9.28199967537983	8.01322632328163	137.904730193553	7.64583139156225e-32	1.65659680150515e-30
"hsa-miR-136-5p"	10.1413901546297	7.75702818669481	146.545830877331	9.86315531943288e-34	2.36196614228524e-32
"hsa-miR-137"	7.88424105964184	4.00416005494703	34.8077201339442	3.63927491212316e-09	1.01587121780125e-08
"hsa-miR-138-1-3p"	6.40794862261807	2.84781666441446	20.5408617128472	5.83717843670223e-06	1.10845021047509e-05
"hsa-miR-138-5p"	7.76424088290773	7.60487399529386	134.85466965707	3.55242391554533e-31	6.73480367322135e-30
"hsa-miR-140-3p"	-2.39541297426742	12.0111730816024	33.9495229423005	5.65605522071001e-09	1.53184828894229e-08
"hsa-miR-140-5p"	-3.11631485726328	6.19713063969428	30.9380107913911	2.66402701452591e-08	6.73406828671828e-08
"hsa-miR-141-3p"	-8.49650139237914	7.7248682195111	108.464820677385	2.12590274953074e-25	3.02276797198902e-24
"hsa-miR-142-3p"	-13.4225748852064	11.9971582849433	174.565804286409	7.4477401435656e-40	3.08065615029304e-38
"hsa-miR-142-5p"	-15.9848627985757	15.1149886242385	207.572706619624	4.64993375287642e-47	3.52619976259795e-45
"hsa-miR-143-3p"	11.6744774169033	14.3780050838831	226.403332273208	3.62862600974718e-51	3.30204966886994e-49
"hsa-miR-143-5p"	9.0182938259792	5.03999375869647	69.7181694082186	6.84130038669637e-17	4.04258659213876e-16
"hsa-miR-145-3p"	10.583438460661	6.52613862788021	98.4404904088923	3.34940250076984e-23	3.90763625089814e-22
"hsa-miR-145-5p"	11.5178753248792	7.43899494336562	104.605460252044	1.49045511741672e-24	1.83285696871516e-23
"hsa-miR-1468-5p"	-1.90653405251987	4.14458237920408	12.5433768732642	0.000397613094310579	0.000605063404385663
"hsa-miR-146a-5p"	-3.40963912820547	10.2575714518942	35.8277444087594	2.15556319190457e-09	6.28705930972166e-09
"hsa-miR-146b-3p"	-5.91552938955617	8.60169422705993	126.863693174592	1.9898122310107e-29	3.12194677624092e-28
"hsa-miR-146b-5p"	-2.62709414985179	11.7223923198201	39.6018562048903	3.11387190529753e-10	9.57305214128631e-10
"hsa-miR-148a-3p"	-0.813707146421415	11.2901651796713	2.85192338465595	0.0912646916051184	0.110734492480877
"hsa-miR-148a-5p"	-0.432396264227588	4.93858103428368	0.646114415182864	0.421505312669401	0.463966984760758
"hsa-miR-148b-3p"	0.943079680196399	9.71690935541396	5.77632009895322	0.0162435148863365	0.0210564081859917
"hsa-miR-148b-5p"	0.677572647867786	6.24038999119695	2.30873603017064	0.128648624885923	0.153233309746322
"hsa-miR-149-5p"	4.78214922174532	5.575906282458	53.5174381587106	2.56307606791205e-13	1.1001883121698e-12
"hsa-miR-150-3p"	-11.6743791782681	7.57636764821591	165.406123683795	7.45750922561434e-38	2.82763891471211e-36
"hsa-miR-150-5p"	-20.0454884315014	17.8835565696755	476.375546411638	1.31347812060094e-105	5.97632544873428e-103
"hsa-miR-151a-3p"	1.85843545130177	11.2386192577199	21.2051490073443	4.1265442127714e-06	7.92371562333676e-06
"hsa-miR-151a-5p"	1.65165486811365	11.6842755154935	16.8507606636854	4.04371196182643e-05	7.0224768802711e-05
"hsa-miR-151b"	-2.32529895737255	4.46811616078395	17.3305444607623	3.14097423517228e-05	5.56086878211435e-05
"hsa-miR-152-3p"	3.18013962352129	7.19625426433617	34.321230362157	4.67256698421671e-09	1.28073372157747e-08
"hsa-miR-152-5p"	8.16951431217771	5.73905465662936	83.1507208203704	7.60296346510336e-20	6.91869675324406e-19
"hsa-miR-153-3p"	-5.7251398547216	3.76348438799	23.5589977141475	1.21141605192369e-06	2.4828572235373e-06
"hsa-miR-154-5p"	7.50128120856868	3.69249886044576	34.8692835259804	3.52599928055329e-09	9.90326958427005e-09
"hsa-miR-155-5p"	-2.63432390697297	10.0562045629181	42.9877207836189	5.50845161827211e-11	1.89874658054077e-10
"hsa-miR-15a-5p"	-3.65194528046412	10.4533427258388	72.2649488535663	1.88159937747984e-17	1.23561923628385e-16
"hsa-miR-15b-3p"	-1.68141012637295	5.47660243102419	13.2955211805387	0.000266040881469413	0.000420307642599245
"hsa-miR-15b-5p"	-1.65799646526059	8.54877312769067	15.8427806706256	6.88286214585418e-05	0.000115988973198654
"hsa-miR-16-2-3p"	-1.73397547713854	7.45986839903427	16.5179452315763	4.81918026270311e-05	8.33736509326964e-05
"hsa-miR-16-5p"	-3.8743535823047	13.0746173225118	81.9929043770698	1.36576122001973e-19	1.21847324531172e-18
"hsa-miR-17-3p"	0.350508910926485	7.3833486445622	0.710041770176585	0.399429945558608	0.44111802240089
"hsa-miR-17-5p"	-2.44784896933193	7.93326938154216	33.4017579508359	7.4956180991446e-09	2.00618013830047e-08
"hsa-miR-181a-2-3p"	2.2076962673575	8.02869488459666	22.8224784016588	1.77675418768899e-06	3.56133548633697e-06
"hsa-miR-181a-3p"	1.36026891493112	9.17048979909481	11.6807194271637	0.000631511094239948	0.000948308738875169
"hsa-miR-181a-5p"	-1.61659837505901	14.224637239444	14.4255348406327	0.000145811727520857	0.000238648690726583
"hsa-miR-181b-3p"	2.53761507621085	3.28108430352612	11.3093952829205	0.000771158835530886	0.0011504172792346
"hsa-miR-181b-5p"	0.760494918998773	10.5067043957483	3.57974159815704	0.0584882485868076	0.0723156334429279
"hsa-miR-181c-3p"	-0.0248639213708074	5.53236419795706	0.00273860700777639	0.958264393574797	0.96672664451578
"hsa-miR-181c-5p"	-3.09568755840634	9.46140965096475	40.7620260241733	1.71942036216317e-10	5.58811617703029e-10
"hsa-miR-181d-5p"	-1.82506378821554	5.24477244606003	13.830083167377	0.000200106515529173	0.000321726023200614
"hsa-miR-182-5p"	0.241259563871912	4.2222900906836	0.215409929249259	0.642559801558211	0.684694870512848
"hsa-miR-185-3p"	1.55393957411183	3.28395034936694	5.44341539608955	0.0196422251760647	0.0253178823090919
"hsa-miR-185-5p"	-0.455280736859626	5.84179328210714	1.06825494215789	0.301339945925865	0.340222519593719
"hsa-miR-186-5p"	-2.29144164123243	13.0219013697077	30.2062227483016	3.88461094457309e-08	9.76518220873347e-08
"hsa-miR-188-3p"	3.51198205166401	2.11472200984646	6.72461262743515	0.00950913810518416	0.0126510463095286
"hsa-miR-188-5p"	3.77145838896804	3.10059088243278	16.9797763666436	3.77801028642619e-05	6.58618651465103e-05
"hsa-miR-18a-3p"	-0.4700470740394	3.66017366848499	0.479633873779399	0.488588203563492	0.531836441677964
"hsa-miR-18a-5p"	-1.36139686069746	4.54137187748367	6.31066802303478	0.0120013611872508	0.0158738934308114
"hsa-miR-190a-5p"	5.94767261103391	5.87100161943094	72.1603054361719	1.9840686370727e-17	1.271480605448e-16
"hsa-miR-191-3p"	0.323161133213261	2.95644443380282	0.164825292476564	0.684752289606252	0.727949279838422
"hsa-miR-191-5p"	0.397391538920116	13.1815970293114	0.998077786470503	0.317776074722854	0.355253351348646
"hsa-miR-1910-5p"	6.10233278221627	2.64202350298628	19.6935981808295	9.0905390828863e-06	1.68824297253603e-05
"hsa-miR-192-5p"	-3.86568366059481	11.7892737609969	69.0369848376988	9.6634151761656e-17	5.56563785462702e-16
"hsa-miR-193a-3p"	5.26817756301109	6.50621499424589	53.8999396633691	2.10964181379416e-13	9.14178119310801e-13
"hsa-miR-193a-5p"	6.10016824798448	7.48371337266943	74.2734231686644	6.80130184752379e-18	5.07310219774316e-17
"hsa-miR-193b-3p"	3.38280416509279	7.50762174311873	42.3215857591491	7.74331862342194e-11	2.60978516567184e-10
"hsa-miR-193b-5p"	3.39023800368962	2.77372799568961	12.5826836199814	0.000389337278002378	0.000595379918371048
"hsa-miR-194-5p"	-5.47948120727954	6.78822049922885	96.2373385613088	1.01904790065753e-22	1.15916698699794e-21
"hsa-miR-195-5p"	2.09474283715611	4.69567800901906	14.955460294586	0.000110079040150564	0.000181470881407633
"hsa-miR-197-3p"	-1.79867334927066	9.44647160328355	17.8792133949421	2.35378026425361e-05	4.21641740250154e-05
"hsa-miR-1976"	-6.64501816959977	2.81738793929448	31.328313525775	2.17878869432045e-08	5.53826176489276e-08
"hsa-miR-199a-3p"	7.49251711180994	12.491253012136	158.204751358135	2.79191363841978e-36	7.47247473812354e-35
"hsa-miR-199a-5p"	8.81333119372845	10.3614179945545	198.937777241781	3.56152249684786e-45	2.02561592008222e-43
"hsa-miR-199b-3p"	7.68026423360207	11.375618900859	161.377367536976	5.65871643757951e-37	1.83908284221334e-35
"hsa-miR-199b-5p"	5.03470119379084	9.5790601446237	49.438275608526	2.0471233086676e-12	8.46764641312506e-12
"hsa-miR-19a-3p"	-2.54733331303216	7.89950339392905	17.1901235828591	3.38190023686623e-05	5.94117609179202e-05
"hsa-miR-19a-5p"	0.349378789634501	2.48188909454849	0.14011250712537	0.708169190608167	0.74760320586245
"hsa-miR-19b-3p"	-4.09116931787135	10.5462824646546	42.6975951942565	6.38907869796878e-11	2.16942597580283e-10
"hsa-miR-200b-3p"	-4.46026440143674	3.37012888511554	27.8617756188051	1.30298630299921e-07	2.9642938393232e-07
"hsa-miR-200c-3p"	-5.2786358011207	3.97758320581103	43.4433495424824	4.3641231559811e-11	1.51578323356595e-10
"hsa-miR-204-5p"	9.97486523800667	7.59380942650627	134.556519604667	4.12801231179382e-31	7.51298240746476e-30
"hsa-miR-20a-3p"	-3.63702385716085	2.75941340996072	16.3535328040251	5.25580991546708e-05	9.02412645863216e-05
"hsa-miR-20a-5p"	-3.29447823769396	8.88149600070148	54.3028016152541	1.71856626262301e-13	7.51872739897567e-13
"hsa-miR-20b-5p"	-8.20771869069587	4.18357399965056	55.0874299779233	1.15285838981088e-13	5.14265262121522e-13
"hsa-miR-21-3p"	1.85295805272741	11.4196872229971	16.0795317339511	6.07369714287693e-05	0.000102733539033792
"hsa-miR-21-5p"	0.129634153291415	15.4558088560622	0.084539276324449	0.771237643358452	0.799346532410241
"hsa-miR-210-3p"	2.51748532083817	6.93287036112829	23.2152929847343	1.44840919596934e-06	2.94208117931273e-06
"hsa-miR-210-5p"	3.73478488134333	3.67758840941043	19.1063885757867	1.23630357643917e-05	2.25910894489888e-05
"hsa-miR-2110"	-1.37944836950376	2.94109822812367	3.6207766311276	0.0570622297828198	0.0707447262975014
"hsa-miR-2110-3p"	-2.40206616487073	4.19743745741572	14.3432083996366	0.00015232820229011	0.000247533328721429
"hsa-miR-212-3p"	0.53455484289211	3.13483387563086	0.644297250832245	0.422158970749349	0.463966984760758
"hsa-miR-212-5p"	1.03079742042203	3.43911539646304	2.37127896507848	0.123585763430333	0.147589297534913
"hsa-miR-214-3p"	9.33206754219664	7.44547566367843	142.978541834552	5.94186307048732e-33	1.35177384853586e-31
"hsa-miR-214-5p"	10.0964847371188	6.05803115964848	106.900352531694	4.68125359511336e-25	6.26461878169581e-24
"hsa-miR-215-5p"	-1.2596318434265	4.08475169282071	3.78979415428587	0.051565989683469	0.0641052603988481
"hsa-miR-218-1-3p"	8.75291192707508	4.801012378852	62.2625436790135	3.00588218217013e-15	1.50294109108507e-14
"hsa-miR-218-5p"	9.4494904068533	5.44348408066228	77.2478043895754	1.50799046421321e-18	1.22524225217323e-17
"hsa-miR-22-3p"	1.74470947818153	14.9752183325436	16.2336300411492	5.59912942398851e-05	9.54158759518641e-05
"hsa-miR-22-5p"	1.90085326234593	6.46508384945622	15.6054658827907	7.8028707741016e-05	0.000131007608937868
"hsa-miR-221-3p"	1.89585298481602	12.6058497856854	16.3693728400182	5.21206654467601e-05	8.98291771904388e-05
"hsa-miR-221-5p"	3.45582291049036	9.34697348699818	46.5659129984084	8.85879248846263e-12	3.35895881854208e-11
"hsa-miR-222-3p"	3.40018593973369	12.7041995645132	50.8642123973104	9.89819557635597e-13	4.13181558462566e-12
"hsa-miR-222-5p"	3.27315238013331	5.13476367993757	27.0157617847576	2.01803177841992e-07	4.47904614234665e-07
"hsa-miR-223-3p"	-4.38498996456672	5.86916544148152	44.9341685367192	2.0377101102735e-11	7.30045748168853e-11
"hsa-miR-224-3p"	6.08073007243319	2.59539384643965	13.4231551826549	0.000248537316173645	0.000396787645119328
"hsa-miR-224-5p"	12.252165557204	8.16460213744248	119.189026025779	9.52101979715594e-28	1.44402133590198e-26
"hsa-miR-2277-5p"	0.389277963381923	3.28816465675397	0.340057919842431	0.559795791396918	0.600724257277353
"hsa-miR-2355-5p"	1.02194785741773	4.11632612262897	3.05304825578275	0.0805857612993322	0.0985659177182693
"hsa-miR-23a-3p"	-0.337082774417808	10.637335427235	0.728081438034224	0.393505776826245	0.436695435258394
"hsa-miR-23a-5p"	1.18937077610349	5.08710067053126	6.15578266180378	0.0130983142885514	0.0171750230584751
"hsa-miR-23b-3p"	2.78451194311971	9.34052423915009	40.260895299503	2.22212610328941e-10	7.02130122914363e-10
"hsa-miR-23b-5p"	5.70394256663275	2.37377484046034	15.4433128490996	8.5017229294941e-05	0.000142216321063229
"hsa-miR-24-2-5p"	2.05053273724598	6.32214022698308	19.3629732596404	1.08082463377585e-05	1.98296454987101e-05
"hsa-miR-24-3p"	0.495700472632904	9.31034736398811	1.60076995893597	0.20579413045746	0.237655658269402
"hsa-miR-2467-5p"	1.27705327796703	2.61828459930123	2.15986714578473	0.141656937629962	0.167412744471774
"hsa-miR-25-3p"	-2.52247736780056	11.4229500758501	40.3685562258985	2.10298544730701e-10	6.73843928538515e-10
"hsa-miR-25-5p"	-0.175465110481476	4.60139073866535	0.106916662962142	0.743682153365956	0.776090320599793
"hsa-miR-2682-3p"	5.88232203725042	2.47359026003288	16.292490896334	5.42786207970199e-05	9.28450092580604e-05
"hsa-miR-2682-5p"	7.58111038079199	3.7717020010093	40.8541180512206	1.64027251185136e-10	5.40814487603165e-10
"hsa-miR-26a-2-3p"	-0.273033005679004	4.6420998769936	0.146172535487985	0.702220187386318	0.743046942466918
"hsa-miR-26a-5p"	-2.96091992741675	15.8124123455176	45.6156393986979	1.43888128800591e-11	5.27976601647331e-11
"hsa-miR-26b-3p"	-4.9422324261848	6.45639579108001	85.8201131482672	1.97071486407673e-20	1.94929405033676e-19
"hsa-miR-26b-5p"	-3.89911569674538	12.3942954953	70.0402315186773	5.81071731520584e-17	3.6217484635872e-16
"hsa-miR-27a-3p"	-1.34585548785363	11.9939234729241	10.6391633963598	0.00110717747764921	0.00163030987809188
"hsa-miR-27a-5p"	0.406204517127987	6.01613491988789	0.851076542073654	0.356247967557266	0.396314976133389
"hsa-miR-27b-3p"	2.24953465452767	13.1650601469728	27.5382664285764	1.54016893358239e-07	3.46919239990093e-07
"hsa-miR-27b-5p"	3.47969780053443	6.00423619298639	43.7966997310964	3.64318849443424e-11	1.27511597305198e-10
"hsa-miR-28-3p"	-0.931559034483354	12.3626410488382	5.20711986614239	0.022494568700181	0.0289125106174642
"hsa-miR-28-5p"	-2.93342878454739	9.40690328641153	46.3946174188923	9.66807322390093e-12	3.63551513791316e-11
"hsa-miR-296-3p"	2.80048448558385	3.67536826726585	12.990153406375	0.000313133313168308	0.000489607070417802
"hsa-miR-296-5p"	0.34059968946639	4.19075177833563	0.37706052635447	0.539180606415358	0.581150017129571
"hsa-miR-299-3p"	8.06805368486749	4.17024380353273	40.2862804134488	2.19343920448388e-10	6.97912474153961e-10
"hsa-miR-299-5p"	8.24927669952882	4.34757160052298	57.4948955670147	3.38857541830036e-14	1.62294927929122e-13
"hsa-miR-29a-3p"	-1.13843704026359	14.2829189182455	7.49308394347145	0.00619363955433657	0.00846278077244187
"hsa-miR-29a-5p"	-0.527415772720232	5.74195493900969	1.02266038308716	0.311888788956925	0.351260888552972
"hsa-miR-29b-1-5p"	0.155087578384358	4.04945144978358	0.0807596974077303	0.776270520290619	0.802734288027799
"hsa-miR-29b-2-5p"	-4.67789903763434	2.85350604326796	22.5432753885915	2.05462485609203e-06	4.10023819965733e-06
"hsa-miR-29b-3p"	-0.550707731859496	9.96758163771234	1.33397266932655	0.248099703615181	0.282213412862269
"hsa-miR-29c-3p"	-5.30708349710631	11.8879107540001	95.7717313261051	1.28923527847703e-22	1.43073671148061e-21
"hsa-miR-29c-5p"	-4.72964905147977	6.09649811785319	69.3368531868275	8.30040576997563e-17	4.84190336581912e-16
"hsa-miR-301a-3p"	-0.635691111072285	6.05261027680995	1.66306648713745	0.197189801043384	0.228679302433576
"hsa-miR-301a-5p"	2.55231354616873	2.29895169605307	5.90991762803092	0.015055875850394	0.0196287206645538
"hsa-miR-301b-3p"	1.60267608833357	3.94305418525757	6.70164203941603	0.00963241620016315	0.0127776949594001
"hsa-miR-302a-5p"	5.99481040831646	2.58019873870739	15.399085990464	8.70303799847534e-05	0.000145050633307922
"hsa-miR-30a-3p"	9.42394061592928	6.42073850209265	90.7279519320344	1.64847943218445e-21	1.74432125963703e-20
"hsa-miR-30a-5p"	10.5826132876497	11.9623074622357	232.304935794507	1.87363580997575e-52	2.13126073384741e-50
"hsa-miR-30b-5p"	-4.35506733310288	11.0395966248346	81.4444106497309	1.80261301859072e-19	1.57728639126688e-18
"hsa-miR-30c-1-3p"	-0.341701341474347	3.64890075855821	0.313311234804543	0.575655351889324	0.614843157534372
"hsa-miR-30c-2-3p"	8.45292182252724	4.52432237190723	57.4205906522755	3.51903885242762e-14	1.66787778943184e-13
"hsa-miR-30c-5p"	-1.2807981041729	11.380394974114	9.55864381518148	0.00199010080530085	0.0028474712780248
"hsa-miR-30d-3p"	-1.85219502192666	5.00318579496357	10.3675473263975	0.0012824981682296	0.00187030982866817
"hsa-miR-30d-5p"	-2.3267508989042	12.324044980011	28.6007372728186	8.89483097916989e-08	2.07546056180631e-07
"hsa-miR-30e-3p"	-4.02733782065452	7.80567110912105	71.0882804318873	3.41593138089459e-17	2.15867885875978e-16
"hsa-miR-30e-5p"	-2.48695407485698	12.4919733384687	28.2318572079741	1.07618638205866e-07	2.48560814130299e-07
"hsa-miR-31-3p"	2.7013113756422	6.15547141827011	24.7306660251574	6.59268151244314e-07	1.38233644615743e-06
"hsa-miR-31-5p"	4.57134678665914	12.4241435644019	99.2429106657706	2.23354713995769e-23	2.67437881231776e-22
"hsa-miR-3117-3p"	6.39823925506237	2.81952418387179	14.371739695384	0.00015003727706531	0.000244684448260631
"hsa-miR-3129-3p"	5.59583548519707	2.27715623643074	12.9532301108804	0.00031936997741482	0.000497648423711449
"hsa-miR-3152-5p"	6.54447818190284	2.93587675790548	22.4478641869378	2.15925458653973e-06	4.27156885598078e-06
"hsa-miR-3158-3p"	1.1124632830078	2.94773773962754	1.75901488769136	0.184747437189212	0.215538676720748
"hsa-miR-3168"	2.95279134328768	3.91915357071061	13.3722390671269	0.00025537629029073	0.000406280461826161
"hsa-miR-3176"	1.61777947950356	3.02203995931989	3.89109051886962	0.0485428941012554	0.0605123748385513
"hsa-miR-32-3p"	-3.51543671723187	2.57686156361824	12.8707897884676	0.000333750727767607	0.000514768071641563
"hsa-miR-32-5p"	-7.33381548310629	7.18701502636943	73.7731247884779	8.76316280682782e-18	6.32895091604232e-17
"hsa-miR-3200-3p"	2.98775181899493	2.87094099578356	8.46797700610625	0.0036145319558761	0.00507596308618403
"hsa-miR-3202"	-6.3734176315036	2.60800889610251	25.5178437613565	4.3831042816291e-07	9.40713418934548e-07
"hsa-miR-320a"	-0.253430007371436	10.2969388933341	0.425218902829627	0.514344334080254	0.558536210039416
"hsa-miR-320b"	-2.70216507736304	4.13451284148835	21.7535184109719	3.10020784602421e-06	6.08014900836645e-06
"hsa-miR-320d"	-4.46711255977437	3.10257970313347	26.1870861907416	3.09887969454874e-07	6.71423933818894e-07
"hsa-miR-323a-3p"	6.49788235006362	4.21609955061393	49.0802493820433	2.45701771565272e-12	9.98163446983918e-12
"hsa-miR-323b-3p"	7.36463544359461	3.57976469519874	32.5587718830249	1.1564201059006e-08	3.05913458246962e-08
"hsa-miR-324-3p"	-0.0122324294004907	5.09389545094525	0.00069774787563226	0.978926395720022	0.978926395720022
"hsa-miR-324-5p"	-1.79831343454165	4.20765051397163	9.4301711757056	0.00213444365169124	0.00303491206724848
"hsa-miR-326"	-2.93163128702957	3.87813650762901	21.5097404447629	3.52036004104226e-06	6.84514452424885e-06
"hsa-miR-328-3p"	-1.34890869002934	6.35499984890564	8.35733257121248	0.00384134040293871	0.00534498435271288
"hsa-miR-329-3p"	8.94270121369192	4.97127874524318	73.1143199156621	1.22353571772523e-17	8.43498108431786e-17
"hsa-miR-330-3p"	-1.97070222904932	5.38290174194914	12.9074042061369	0.000327284868984498	0.000506512297237914
"hsa-miR-330-5p"	-2.23389127684995	4.8269032204778	20.5377187616144	5.84677034096751e-06	1.10845021047509e-05
"hsa-miR-331-3p"	-0.602412007073568	7.85702554299973	2.00021120274317	0.157277290825557	0.184435998261929
"hsa-miR-331-5p"	-1.11188944681738	3.68503162345942	3.35496052522951	0.0670028172186567	0.0823953563094292
"hsa-miR-335-3p"	2.44491484167331	7.40255388645693	25.0030173026347	5.72406670681395e-07	1.2113722565583e-06
"hsa-miR-335-5p"	0.455254497722234	6.95207712716365	0.717711376728102	0.396895646654185	0.43938569155147
"hsa-miR-337-3p"	8.96306933077986	4.98643128406008	66.8804937043791	2.88475257548029e-16	1.64070302730442e-15
"hsa-miR-337-5p"	7.134409684738	3.39104639610246	29.141821226827	6.72691149560244e-08	1.60248415209378e-07
"hsa-miR-338-3p"	-8.80445686941465	4.74606255746255	76.8844535747728	1.81258355242004e-18	1.44688687079143e-17
"hsa-miR-339-3p"	-3.27397512253577	9.11842790556285	55.7595463381831	8.18996089076955e-14	3.68953683693084e-13
"hsa-miR-339-5p"	0.103744565834629	7.04008487932065	0.0629205255837952	0.801938091913361	0.8255245063814
"hsa-miR-33a-3p"	-4.71927449175374	3.61312941712623	28.8624419615644	7.77051389136887e-08	1.83190871532271e-07
"hsa-miR-33a-5p"	0.937152270135894	4.59790548918751	2.42835445140412	0.119157924957075	0.142675936461761
"hsa-miR-33b-3p"	1.15070098052235	3.1062457121404	1.49808459436989	0.220966313715102	0.25261224306626
"hsa-miR-33b-5p"	0.215239263259055	4.82037525295235	0.0926688085238485	0.760811345638204	0.790340553117313
"hsa-miR-340-3p"	0.421795313842864	3.2265040903903	0.396628354564353	0.528835672210493	0.572905311561367
"hsa-miR-340-5p"	-0.465170931609377	7.50718483906967	1.01046194082271	0.314792197727611	0.353549806109867
"hsa-miR-342-3p"	-7.75137410305192	13.1405354029978	197.608207603137	6.94688133869409e-45	3.51203445456201e-43
"hsa-miR-342-5p"	-6.51187724354835	8.07167339883896	130.247938233156	3.61660883720986e-30	5.87698936046602e-29
"hsa-miR-345-5p"	2.59124895452042	7.48527963296894	32.5065551275541	1.18791173627405e-08	3.12427653181904e-08
"hsa-miR-34a-3p"	3.23823231475268	2.62497094237191	9.00077531973517	0.00269865094338539	0.00382519058953381
"hsa-miR-34a-5p"	2.93551088567676	7.37179431699068	27.4707299904296	1.59490110411628e-07	3.57477833681236e-07
"hsa-miR-34b-5p"	5.56292721989033	3.41520813442553	24.1161217401872	9.06977908761606e-07	1.87579522039332e-06
"hsa-miR-34c-5p"	5.44934506861597	5.91431171405905	64.098892701649	1.18328027559611e-15	5.98213917106921e-15
"hsa-miR-3605-3p"	-0.401135664088277	3.30402765014038	0.333355743157289	0.563689754237521	0.603479619242522
"hsa-miR-3607-3p"	-6.81041064706643	9.08636040314668	161.10905754619	6.47646006298098e-37	1.96452621910423e-35
"hsa-miR-3607-5p"	-6.85158404529688	2.97925518729177	32.0519274546166	1.50106092542138e-08	3.85865944105497e-08
"hsa-miR-3609"	-7.01971945785255	3.11886496934065	36.8614545837289	1.26828750322911e-09	3.72303750947899e-09
"hsa-miR-361-3p"	-3.7467218838131	10.7637688465799	74.1658218744579	7.1823113012649e-18	5.27088974528311e-17
"hsa-miR-361-5p"	-1.4201074726856	7.80291018201441	11.3382048929177	0.000759286834987872	0.00113643259841935
"hsa-miR-3613-5p"	-1.39419548748944	3.84018133941416	4.18296740780075	0.0408321482869685	0.0513221753330681
"hsa-miR-3615"	-3.64562054053062	4.28898407415886	27.8090056845089	1.33901372855593e-07	3.03110072882063e-07
"hsa-miR-362-3p"	-0.919863956742905	3.42243645371649	1.30726363566083	0.25289068725905	0.286945792276478
"hsa-miR-362-5p"	1.00968724536887	3.46671443912007	2.67115532721264	0.102181823565766	0.123322890510407
"hsa-miR-363-3p"	-13.0646993979246	8.96429060776624	161.604846755059	5.04683661896588e-37	1.76639281663806e-35
"hsa-miR-3651"	-2.38088385249163	2.99937322972629	7.85414131093571	0.00507044284876102	0.00694895028971766
"hsa-miR-3653-3p"	-7.60873802932968	3.62971633655352	48.3002911274768	3.65697917376573e-12	1.45958379303808e-11
"hsa-miR-3653-5p"	-7.02225120736109	3.12169260333496	37.8046077206274	7.81968588400046e-10	2.34076123501330e-09
"hsa-miR-365a-3p"	4.20867833996015	5.78213087441597	40.6896543882688	1.78429343858292e-10	5.75782634436332e-10
"hsa-miR-365b-3p"	4.09532645212156	5.7537776576846	39.0801164815148	4.06765669611144e-10	1.23385586448714e-09
"hsa-miR-365b-5p"	6.30005839091049	2.76767191596169	21.3225338517311	3.88142049000813e-06	7.51509073597319e-06
"hsa-miR-3661"	1.77185620524722	2.87424082941479	4.64210031880927	0.0311967996085667	0.039649563748318
"hsa-miR-3677-3p"	2.92444593438603	2.75297973504162	10.4715761526066	0.00121225248183364	0.00177927380398163
"hsa-miR-369-3p"	7.0509900193431	4.69648238076893	45.8750414300471	1.26041604039157e-11	4.6625146209607e-11
"hsa-miR-369-5p"	8.80960267585806	4.84693906241358	65.8647803861295	4.82945020977118e-16	2.67975590908035e-15
"hsa-miR-370-3p"	9.73159532733149	5.70624972451552	84.1718819345188	4.5357588252583e-20	4.29952138644276e-19
"hsa-miR-370-5p"	5.36704828967222	2.15590738207596	10.3615174922451	0.0012866939332744	0.00187043367297077
"hsa-miR-374a-3p"	-1.34059934168681	6.88334683948083	4.96732435597121	0.0258305763794455	0.0329213228365482
"hsa-miR-374a-5p"	-2.1998059493483	6.49342769856983	15.3378074107544	8.98992269639054e-05	0.00014874235734028
"hsa-miR-374b-5p"	-3.56062856153628	6.17612591179796	44.8337404556184	2.14494608880139e-11	7.62461305003621e-11
"hsa-miR-376a-3p"	6.90663339446245	5.11591643561034	56.725754629942	5.01030357306978e-14	2.30271527853207e-13
"hsa-miR-376a-5p"	8.28773658758105	4.36147241524532	34.972160147609	3.34453235027845e-09	9.51101387110434e-09
"hsa-miR-376b-3p"	8.63838504735588	4.70374241206847	65.146787241068	6.95216984640825e-16	3.72145562366559e-15
"hsa-miR-376c-3p"	7.88628681933879	6.17401753914205	83.6271675009321	5.97463325554649e-20	5.54787373729317e-19
"hsa-miR-377-3p"	6.86603204012624	3.19729356594179	29.2023371709147	6.52005105881245e-08	1.57522897555641e-07
"hsa-miR-377-5p"	8.88192266235451	4.91301189769471	64.6606480305658	8.89741797714144e-16	4.65324733287282e-15
"hsa-miR-378a-3p"	-2.1025253521369	9.41970538051691	20.2509774999744	6.79187511601117e-06	1.27698478420871e-05
"hsa-miR-378c"	-3.37247576818259	2.82191367089991	13.5016376828726	0.000238355343395749	0.000381872117060091
"hsa-miR-379-3p"	7.47061377083162	3.67906028404193	39.3704022937623	3.50570701470895e-10	1.07053469241112e-09
"hsa-miR-379-5p"	8.49312988014649	4.56421615207472	60.1064870602235	8.98616846322456e-15	4.39645876426578e-14
"hsa-miR-380-3p"	6.69687851370843	3.06769032889741	26.960837731126	2.07619718522024e-07	4.58577533628743e-07
"hsa-miR-381-3p"	7.82684546460385	7.70606405315258	131.692152172704	1.74717011328343e-30	2.94430519090356e-29
"hsa-miR-382-3p"	7.04567287887128	3.33422030142375	32.272150480543	1.34020515861214e-08	3.50303926143577e-08
"hsa-miR-382-5p"	6.95084344423576	5.40798475646619	73.5264705708826	9.92955683050768e-18	7.05929430918906e-17
"hsa-miR-3909"	1.84350654803374	4.21662855019118	8.4285601683844	0.00369372713811068	0.00517121799335496
"hsa-miR-3912-3p"	-3.46984165714159	4.03685684536289	20.108715384782	7.316252221662e-06	1.369915539447e-05
"hsa-miR-409-3p"	10.1376957693536	10.0990875645394	202.652430126991	5.50846816664383e-46	3.58050430831849e-44
"hsa-miR-409-5p"	9.89183015412496	7.40717482790411	136.019237931949	1.97606593014959e-31	4.08686362826392e-30
"hsa-miR-410-3p"	7.01167903536206	7.33120189209215	105.782195285273	8.23017665651778e-25	1.04020288297655e-23
"hsa-miR-411-3p"	6.6729875106878	3.02497085258362	21.6645675906953	3.24734427499808e-06	6.3413804511765e-06
"hsa-miR-411-5p"	9.48983628109778	8.80723450816544	159.300264522024	1.60891885801256e-36	4.57536300247321e-35
"hsa-miR-412-5p"	7.49444375909236	3.70051434967651	40.8159510869615	1.67262242015918e-10	5.47513094368652e-10
"hsa-miR-421"	0.0816666842860113	5.97497632875133	0.0306129966390856	0.861106584195434	0.878483174459467
"hsa-miR-423-3p"	-0.923818475568555	11.5793151418882	5.03212915109907	0.0248812925529272	0.0318005284033198
"hsa-miR-423-5p"	-1.09928861875107	11.5391760798939	7.26799712294904	0.0070194035316649	0.00947723622227754
"hsa-miR-424-3p"	4.5987941343113	5.10366800872886	34.4715845084132	4.32519688821984e-09	1.19270580856971e-08
"hsa-miR-424-5p"	3.98719640369166	6.01725125224307	28.1395017460283	1.128782941156e-07	2.59392039508072e-07
"hsa-miR-425-3p"	-1.45302559131066	4.34311104270232	7.27953500283665	0.0069744587800358	0.00944457959796515
"hsa-miR-425-5p"	-2.57732271019251	8.28966297226696	32.2618585837105	1.34732279285991e-08	3.50303926143577e-08
"hsa-miR-431-3p"	8.35540203677471	4.43039069803927	48.1969703571978	3.85483485067639e-12	1.51202573884289e-11
"hsa-miR-431-5p"	7.24972732916396	5.57129931698365	75.7859624564058	3.16140587246889e-18	2.43803334232771e-17
"hsa-miR-432-5p"	10.0311412897039	5.99155932974075	88.0452713679704	6.39734025026127e-21	6.4684218085975e-20
"hsa-miR-4326"	2.62696369498159	4.21185246394567	12.4738531097952	0.000412687953864276	0.000625910063360819
"hsa-miR-433-3p"	6.39109260532067	2.8277320784756	20.3042820924536	6.60525908409569e-06	1.24705098890603e-05
"hsa-miR-4443"	-4.62535861232586	3.52636898812223	28.8499256257657	7.82089037962105e-08	1.83428099109669e-07
"hsa-miR-450a-5p"	3.09570185418372	4.56027624222341	18.6305771512973	1.58655366643124e-05	2.8760235785905e-05
"hsa-miR-450b-5p"	5.78286196218903	5.54247156552378	57.7283253628529	3.00937889717253e-14	1.45666744490798e-13
"hsa-miR-451a"	-5.51435435539593	4.29265248682108	46.0562768534043	1.14904414677975e-11	4.28536956380973e-11
"hsa-miR-452-3p"	6.75272915947606	3.09686727904868	25.2454336700895	5.04789396801145e-07	1.07326717544169e-06
"hsa-miR-452-5p"	9.64954781925276	5.63168775836382	69.8796118316166	6.30366442779698e-17	3.82422308619683e-16
"hsa-miR-4521"	5.22094829762383	4.41155728644439	37.2979863153184	1.01389240243051e-09	3.01517021637833e-09
"hsa-miR-454-3p"	-1.93246942256671	6.774880227899	19.6054028876977	9.51996072867655e-06	1.76080574453164e-05
"hsa-miR-454-5p"	0.0401599989501934	3.57822388906994	0.00368567959642485	0.951590328248561	0.962163554117989
"hsa-miR-455-3p"	2.83123062150844	4.72001644187645	22.5259893030219	2.07319647339887e-06	4.11923316767025e-06
"hsa-miR-455-5p"	3.15997717820891	5.2420734710847	32.140686006354	1.43402520908484e-08	3.70728108030457e-08
"hsa-miR-4636"	0.945321903806095	2.23900759110141	1.00761366044961	0.315475211605728	0.353549806109867
"hsa-miR-4677-3p"	1.75803328358692	4.57534075129413	11.2436458205883	0.000798960632973929	0.0011879970196181
"hsa-miR-4772-5p"	-6.32085339103038	2.5731886145145	24.9463934618998	5.89466967050406e-07	1.24170125003673e-06
"hsa-miR-4775"	5.45065032372697	4.01638766723269	39.9638494381717	2.5870675153096e-10	8.06243643469771e-10
"hsa-miR-484"	-0.804058950637216	9.89180617352777	3.90831270977993	0.0480478138252303	0.0600597672815379
"hsa-miR-485-3p"	8.89313828302453	4.91825978731186	57.2990639811396	3.74333339536427e-14	1.75589349988736e-13
"hsa-miR-485-5p"	10.1479864987762	6.10492424637028	89.7984800192345	2.63696793973116e-21	2.72686457404018e-20
"hsa-miR-486-3p"	-0.260008029515549	3.72685559400475	0.122137152604608	0.726728035704148	0.76310796881805
"hsa-miR-486-5p"	-1.32934066535402	8.81529282781869	6.29470856511433	0.0121098926155623	0.0159248587863608
"hsa-miR-487a-3p"	5.93311701721808	2.52265553986004	18.0222911101491	2.18333372157286e-05	3.94213033061766e-05
"hsa-miR-487b-3p"	8.32872389155034	6.60285081234506	107.533892662754	3.4004034787633e-25	4.68843509950697e-24
"hsa-miR-490-3p"	6.49620592170468	2.93455119943395	14.6926180826873	0.000126541002649795	0.000207856159587209
"hsa-miR-493-3p"	8.22347958822299	5.79356058229722	85.7113724449547	2.0821201047606e-20	2.0156694631193e-19
"hsa-miR-493-5p"	8.69788674675142	4.74725533898148	65.4673266559353	5.90854722361069e-16	3.20046307945579e-15
"hsa-miR-494-3p"	7.25280926017554	4.98271559292336	61.376268915455	4.71458899533088e-15	2.33167173138647e-14
"hsa-miR-495-3p"	8.02854434699621	5.70453728192534	78.2136059316639	9.24793374587399e-19	7.65056337158667e-18
"hsa-miR-496"	8.21673003966602	4.31118217719704	49.2516169786088	2.25147679262838e-12	9.22902649230553e-12
"hsa-miR-497-5p"	1.76093770276282	3.18818146650698	5.80919415290949	0.0159425980716383	0.0207253774931298
"hsa-miR-500a-3p"	2.48899261933048	8.93737597300285	35.5678057684463	2.46325110373924e-09	7.09353957089466e-09
"hsa-miR-501-3p"	2.27123644315184	7.92578333573049	27.231647821109	1.80480110453331e-07	4.02541422824832e-07
"hsa-miR-501-5p"	1.07330868217735	2.87347588320788	2.10548330017459	0.146771963462691	0.172561352391536
"hsa-miR-502-3p"	1.78407625499341	5.14759968327863	12.7217705584446	0.000361423430254137	0.000555566421505514
"hsa-miR-502-5p"	3.00704437196603	2.25390182455892	7.21795446977761	0.00721779124454109	0.00965910298901822
"hsa-miR-503-5p"	7.48977746409559	3.68225808078767	34.8828677219061	3.50148396515117e-09	9.89549816238373e-09
"hsa-miR-504-5p"	5.61578846399102	2.31463903189972	14.0420106112529	0.000178771704929094	0.000288443708307581
"hsa-miR-505-3p"	-1.0317519704776	5.64648431427191	4.52892036095376	0.0333266364160191	0.042238494621974
"hsa-miR-514a-3p"	-6.10432399143157	2.42867714913112	21.195946691862	4.14640486888018e-06	7.92695048462387e-06
"hsa-miR-532-3p"	0.950490720672958	5.56503243316307	4.50519135502253	0.0337921150091134	0.0427094786920739
"hsa-miR-532-5p"	1.14249635130556	9.3030302928627	7.96691048901363	0.00476401815552639	0.00654872586333689
"hsa-miR-539-3p"	8.89325103302981	4.92573023394793	69.8452312515033	6.41449890281545e-17	3.84025921155399e-16
"hsa-miR-539-5p"	6.82426240917057	3.16168195842611	26.8489591483282	2.1999280209991e-07	4.83559057755842e-07
"hsa-miR-541-5p"	6.00776825885455	2.56843186565982	17.6830950551141	2.60935323684556e-05	4.6559047951558e-05
"hsa-miR-542-3p"	5.86352781359861	4.41583614113418	41.6342460835125	1.10048596299421e-10	3.65489863622164e-10
"hsa-miR-542-5p"	3.82230194169435	3.31499392546551	12.4110610267086	0.000426798301309084	0.00064516022290908
"hsa-miR-543"	8.97075173728243	4.99633107086922	72.24475504758	1.90095267120593e-17	1.23561923628385e-16
"hsa-miR-548e-3p"	-0.158038880386842	5.45505218475836	0.100583086126506	0.751131026814848	0.782070062244293
"hsa-miR-548e-5p"	-1.38925125916393	3.04467265060055	3.44303128823575	0.063519052880758	0.0783229513841325
"hsa-miR-548k"	0.471691241768846	5.35142864373674	1.10166881004747	0.29390016177406	0.33264819305273
"hsa-miR-548o-3p"	-1.95053017315443	3.48580326997907	10.0227521645758	0.00154618258105416	0.00222630719740393
"hsa-miR-548w"	-1.9982169913792	3.18600865599931	5.06808723764359	0.0243702605587734	0.0312351226880054
"hsa-miR-549a"	6.53721502322582	2.93336391339082	21.2047989209028	4.12729802797981e-06	7.92371562333676e-06
"hsa-miR-549a-5p"	7.44015208543846	5.05785902039553	69.8996442496312	6.23997035152483e-17	3.82422308619683e-16
"hsa-miR-550a-3p"	0.930601098628393	3.00155305774032	1.6606276118384	0.197518606277792	0.228679302433576
"hsa-miR-550a-5p"	2.77356474509872	2.91562709826325	7.48496537247137	0.00622162655644577	0.00847556911132582
"hsa-miR-561-5p"	7.83998638870581	3.98811774947524	40.0128152517082	2.52302155168332e-10	7.91706762769594e-10
"hsa-miR-5690"	-7.23548055754444	3.30594891282577	41.9407733841327	9.40802633055132e-11	3.14753822088298e-10
"hsa-miR-574-3p"	7.39161644669407	8.42280972408709	135.085289050689	3.16286526249905e-31	6.25697258450899e-30
"hsa-miR-574-5p"	7.4178560877933	3.63639973731158	38.5789803540736	5.2582174122274e-10	1.58442975004203e-09
"hsa-miR-576-5p"	-2.86135801914179	5.57626131148264	34.4984526487144	4.26590309069086e-09	1.1835279916246e-08
"hsa-miR-582-3p"	-0.414937908994676	3.38679664417411	0.375024897629983	0.540277928012766	0.581150017129571
"hsa-miR-582-5p"	-3.40230007417996	3.27325388795322	17.1965441058662	3.37048944911163e-05	5.94117609179202e-05
"hsa-miR-584-5p"	5.85810648173325	5.40018536656769	65.6145237672124	5.48331803859202e-16	3.00591531031249e-15
"hsa-miR-585-3p"	5.81503949353365	2.45464768331917	16.2137846829564	5.65809013142314e-05	9.60608585745347e-05
"hsa-miR-589-3p"	-1.77955464249223	3.85086301385945	8.28073159262163	0.00400679818450255	0.00554131663814183
"hsa-miR-589-5p"	0.560736481008553	7.15684323780254	1.66960804428961	0.1963110419183	0.228443795582676
"hsa-miR-590-3p"	-2.08572421764587	5.93393888150052	10.1112629837976	0.00147365940092779	0.00212861913467347
"hsa-miR-598-3p"	-3.39907913098346	4.3220731733806	19.5141484784254	9.98573177127813e-06	1.83947690523544e-05
"hsa-miR-605-3p"	6.70468754132811	3.0889760618026	23.0819530930135	1.55240978205705e-06	3.12542677361043e-06
"hsa-miR-605-5p"	5.14716563280819	2.05318135673649	11.0026470754977	0.000909818567129476	0.00134842816952414
"hsa-miR-615-3p"	5.55641471530139	3.36484329924891	12.9386320225394	0.000321870134669613	0.000499832461688307
"hsa-miR-616-5p"	-0.155352855693407	3.91034166268468	0.0636749458442254	0.800779083990446	0.8255245063814
"hsa-miR-625-3p"	-0.355818891474834	6.47168625087368	0.527554794021411	0.467636692806012	0.511477632756576
"hsa-miR-625-5p"	0.920692553417317	5.75949236458067	4.07615846273789	0.0434924330801126	0.0545153086816839
"hsa-miR-628-5p"	-1.10357795047973	3.33321069736644	3.09086391544277	0.0787329969119997	0.0965593358354713
"hsa-miR-629-3p"	-1.9737467870876	3.3486489628226	8.11222286116267	0.00439677785597031	0.00606222401353482
"hsa-miR-629-5p"	1.44670215395501	5.02463008578932	8.9354962452808	0.00279681473410725	0.00395202081993415
"hsa-miR-641"	1.05677801488699	3.73730971660134	2.5114258447902	0.113023628450184	0.136046960171518
"hsa-miR-642a-5p"	-7.0874864673387	3.18260517498595	35.448229190173	2.61920399412254e-09	7.49520639827519e-09
"hsa-miR-6516-3p"	-6.82419353815814	2.95549102033063	29.6075387716715	5.28987997185075e-08	1.30809531912614e-07
"hsa-miR-652-3p"	-3.63024720806724	6.84087034225603	52.5294546499564	4.23843624694082e-13	1.80232569379259e-12
"hsa-miR-652-5p"	-2.91061194053255	3.14984114839063	13.1538553550967	0.000286928260365456	0.000451738264589213
"hsa-miR-654-3p"	9.32144544908364	9.66842642431813	186.311675910639	2.02979937352994e-42	9.23558714956121e-41
"hsa-miR-654-5p"	8.54690565442377	4.60632656347155	57.1432059307636	4.05205236828996e-14	1.88131002813463e-13
"hsa-miR-656-3p"	7.86181334523401	4.01033711176134	45.5213743094533	1.50982191664282e-11	5.49575177657985e-11
"hsa-miR-659-5p"	-2.13188709146135	3.42741127549228	7.40094469746922	0.00651896333436128	0.00885411437950562
"hsa-miR-660-5p"	1.50670162349529	8.47339048705385	10.1381389017905	0.00145232721282249	0.00210448688482239
"hsa-miR-664a-3p"	-4.40337809502213	6.34203715870802	33.4589162608113	7.27853335488806e-09	1.95960513400832e-08
"hsa-miR-664a-5p"	-4.50409901166221	3.30480189861423	26.196515928697	3.08378410400494e-07	6.71350127905382e-07
"hsa-miR-664b-3p"	-5.80851098910416	3.19667818620426	31.6277538794551	1.86741567731585e-08	4.77345018639724e-08
"hsa-miR-665"	8.8251772339035	4.86484380209874	72.5341850428806	1.64163519044414e-17	1.09844707595895e-16
"hsa-miR-668-3p"	6.39730984699482	2.82169695618247	19.7321935410525	8.90878822149374e-06	1.66126993474576e-05
"hsa-miR-671-3p"	2.26832367106597	6.78527263959357	25.3699469753386	4.73233505705456e-07	1.01089786430039e-06
"hsa-miR-671-5p"	0.35270113968541	4.5790325013685	0.519110641852013	0.471221303584523	0.514162333647382
"hsa-miR-6731-3p"	-6.44360578381898	2.65988204580446	26.6241465079864	2.47135691881724e-07	5.40609325991272e-07
"hsa-miR-6769b-3p"	-5.18182091262307	3.25022532384175	29.8095420256197	4.76640270099248e-08	1.1850891961484e-07
"hsa-miR-6803-3p"	-4.53843875318638	3.45623345789885	25.6844170191397	4.02060525852045e-07	8.67002555747302e-07
"hsa-miR-6842-3p"	-3.21694374185165	3.41065224733308	17.4097686357123	3.01273636377988e-05	5.3546681465619e-05
"hsa-miR-6852-5p"	3.03997227268689	2.23744419822775	6.29855341061634	0.0120836541227532	0.0159248587863608
"hsa-miR-7-1-3p"	-3.75205277654593	6.05266230849622	51.4250448386545	7.43835266834714e-13	3.13375042972032e-12
"hsa-miR-7-5p"	1.46418920121409	5.37900104779134	6.83003498797444	0.00896375093668984	0.0119604301354659
"hsa-miR-708-3p"	7.0772737912891	5.46472306788178	64.931498193328	7.75475377450702e-16	4.10280577604732e-15
"hsa-miR-708-5p"	7.18098345722233	5.61932417077153	66.2942834706731	3.88383410145859e-16	2.18165989649835e-15
"hsa-miR-744-5p"	1.6979514518684	6.89229919518587	14.1695663929035	0.000167050733033131	0.000270491400462899
"hsa-miR-758-3p"	9.01648329969721	5.03945968078452	76.3433663557155	2.38390858255449e-18	1.87013518114188e-17
"hsa-miR-758-5p"	6.05236458335799	2.60337701835282	18.8381751867758	1.42290479423742e-05	2.58968672551211e-05
"hsa-miR-766-3p"	-5.26062568475635	6.34560748111528	64.1090235325729	1.17721129777876e-15	5.98213917106921e-15
"hsa-miR-769-5p"	-0.684492435211264	9.35933100544555	2.87056411430678	0.090213244072758	0.109751406559104
"hsa-miR-7706"	1.42787247224532	4.89325292247329	7.25922915282225	0.00705375613744879	0.00949544095425799
"hsa-miR-7974"	4.98276417586024	4.47271868947478	29.2192971411173	6.4632290816649e-08	1.57260386746392e-07
"hsa-miR-7976"	0.0823870687831091	2.87907843907964	0.0142330069703426	0.905035967012484	0.917129988843386
"hsa-miR-874-3p"	-5.28691535248149	7.41793174981672	80.6027444903182	2.75975919052642e-19	2.32535265127689e-18
"hsa-miR-874-5p"	-8.25758799029956	4.22232352169341	55.0510982910248	1.17436680534468e-13	5.18773685856144e-13
"hsa-miR-877-5p"	-0.101095312710339	4.66754521580842	0.0363378802766539	0.848819423443722	0.867894017228974
"hsa-miR-887-3p"	7.85550287988202	4.00766595236083	47.1315516988739	6.63784944042985e-12	2.53800125663494e-11
"hsa-miR-889-3p"	7.43035347863962	5.146900513811	72.5613733215088	1.6191739845883e-17	1.09844707595895e-16
"hsa-miR-9-5p"	-3.02654191909365	2.81609699252439	7.2393427696095	0.00713230830864015	0.00957286218416303
"hsa-miR-92a-1-5p"	-1.84776770535795	3.71278569320657	8.88552974455273	0.00287439630906232	0.00404907220007231
"hsa-miR-92a-3p"	-2.85111395578282	15.828975375331	47.9372772030533	4.40074520086336e-12	1.71140091144686e-11
"hsa-miR-92b-3p"	2.44804137247682	11.0698839366935	28.569986554475	9.0372164269574e-08	2.09792524197225e-07
"hsa-miR-92b-5p"	2.17671263340086	2.78172855072042	5.99753199671298	0.0143259051354414	0.018730709300649
"hsa-miR-93-3p"	0.103878399484887	3.95050141906435	0.0366309912774831	0.848218295703103	0.867894017228974
"hsa-miR-93-5p"	-2.1537009343526	9.1539835714038	29.1954527776582	6.54325882154201e-08	1.57522897555641e-07
"hsa-miR-935"	9.06969681195015	5.08734872276496	74.7729594939378	5.28080613198121e-18	4.00461131675242e-17
"hsa-miR-939-3p"	1.9809758581532	2.01608002436148	2.87148224105595	0.0901617971262882	0.109751406559104
"hsa-miR-940"	3.24889379206172	3.82415963453414	21.9614955682915	2.78175667813299e-06	5.47921769935285e-06
"hsa-miR-941"	0.143405342215903	7.10857083054699	0.111014437294759	0.738992156057432	0.772968806910647
"hsa-miR-941-3-5p"	0.166855077392848	4.86130711310135	0.121060059868281	0.727887601026448	0.76310796881805
"hsa-miR-942-5p"	-1.77631588334457	3.84743720183942	9.45235378651824	0.00210878307790256	0.00300782539324659
"hsa-miR-95-3p"	-7.51781495784886	3.54935292770559	48.8680095450264	2.73779945148489e-12	1.10238827471294e-11
"hsa-miR-98-3p"	2.74775678046444	2.99817524372483	10.7261923059364	0.00105629583778902	0.00156043703309742
"hsa-miR-98-5p"	2.09019580355905	10.4403090212032	24.0835425189756	9.22453132127685e-07	1.89916821320406e-06
"hsa-miR-99a-3p"	1.71362472545414	3.24989797191103	5.60269119094351	0.0179329103868341	0.0231803245057089
"hsa-miR-99a-5p"	-0.238628386759356	7.6329509253962	0.158406490056443	0.690627879864577	0.732484115007885
"hsa-miR-99b-3p"	1.89582742816276	4.7611403073396	13.2998957184096	0.00026542087925122	0.000420307642599245
"hsa-miR-99b-5p"	1.96514541479001	13.1105010603585	24.1530365544791	8.89757624244676e-07	1.84858319192387e-06
