"logFC"	"logCPM"	"LR"	"PValue"	"FDR2"
"hsa-let-7a-3p"	-0.401109682267321	4.94628358338488	0.307966162800118	0.578930918910994	0.670987072094721
"hsa-let-7a-5p"	1.32326851453958	15.2377009774103	6.90773845133344	0.00858234761633179	0.0274049154322974
"hsa-let-7b-3p"	-1.16836630772172	4.80530920744737	7.73930044680701	0.00540317288466922	0.0188536245337394
"hsa-let-7b-5p"	-0.527041716821101	10.9443911123746	1.21970891738368	0.269417784657219	0.3682043056982
"hsa-let-7c-5p"	-1.95181660852261	4.13009995547033	11.8278744715159	0.000583505650099498	0.00269563173567092
"hsa-let-7d-3p"	0.38741872671192	7.20413849229409	0.966426561810521	0.325573003897175	0.420424981410525
"hsa-let-7d-5p"	0.628600592541921	10.36539339296	1.26597766705289	0.260522625277482	0.359039584416025
"hsa-let-7e-5p"	-0.124429297384636	7.28209963701202	0.008030215605487	0.928595969117624	0.937167624217172
"hsa-let-7f-1-3p"	-0.359799364699871	3.26579248306293	0.497448851782516	0.480623224462006	0.579575064792419
"hsa-let-7f-2-3p"	-0.551739466899461	3.64279173809135	0.891044597826251	0.345194388745364	0.438698282560865
"hsa-let-7f-5p"	0.551677254820672	15.1010040949844	1.41191420428595	0.234738884218722	0.331872215619572
"hsa-let-7g-3p"	-0.926442023468039	5.22542948476067	3.94613017393908	0.0469792868334312	0.0958147195407544
"hsa-let-7g-5p"	-0.548298452444617	14.7887018522677	2.19369497004914	0.13857653158647	0.226134837613742
"hsa-let-7i-3p"	0.501216009416116	7.91786120420058	1.4328673764033	0.231297050628023	0.331290098716121
"hsa-let-7i-5p"	0.505180517656904	13.2885020592333	1.13240066677815	0.28726385107561	0.381467786043726
"hsa-miR-100-5p"	-2.67731077658042	6.89605418743866	7.07574874376457	0.00781341651266124	0.0258868749106352
"hsa-miR-101-3p"	-0.284160456712761	13.6292429241158	0.135308474666772	0.712990302061527	0.800893216014318
"hsa-miR-101-5p"	-1.38407853243139	5.18434285779558	3.93052736477424	0.0474170724875667	0.0960049368884067
"hsa-miR-103a-3p"	0.0991714225936015	11.9946136050449	0.0394279913981563	0.84260316794525	0.900953269913118
"hsa-miR-106a-5p"	0.326909311828321	4.4666186868328	0.440104871835663	0.507071842538178	0.604798415827354
"hsa-miR-106b-3p"	0.776877999976546	9.32583440002437	1.9727017420976	0.160161379080506	0.249916830249855
"hsa-miR-106b-5p"	-0.259079558455544	8.27452403095083	0.152907543770198	0.695772147253979	0.784238021647097
"hsa-miR-107"	-0.582238102725332	3.41575671096546	1.20415328041361	0.272493148775401	0.370862044806355
"hsa-miR-10a-5p"	-0.468310720106331	11.6389264733487	0.886560283080271	0.346411143851414	0.438698282560865
"hsa-miR-10b-5p"	4.16969026953174	6.16707812327567	18.9256548143458	1.35912592671528e-05	0.000111448325990653
"hsa-miR-122-5p"	8.09866425993336	4.38787301153484	18.7691354005776	1.47535540328936e-05	0.000118028432263149
"hsa-miR-1248"	0.0791021030324204	3.9815914892709	0.00711641951937647	0.932771104966622	0.938493627082981
"hsa-miR-125a-3p"	-2.70196130565781	2.26964724771886	5.24968705202311	0.0219507184837899	0.0525535449830883
"hsa-miR-125a-5p"	-5.12110571744978	12.1058867939792	38.2961611706094	6.07820989659693e-10	1.42403774720271e-08
"hsa-miR-125b-2-3p"	-2.18272385340999	2.50482283419209	6.74048084444389	0.00942492181369335	0.0288913491111347
"hsa-miR-125b-5p"	-4.46969766926317	6.85409374014496	50.9929213890376	9.26996595509749e-13	3.80068604158997e-11
"hsa-miR-126-3p"	1.40567976981295	3.50842160577735	3.29358534889071	0.0695509948867174	0.130358436130533
"hsa-miR-126-5p"	2.82402001144524	6.9793617690359	4.60446638372141	0.0318887760293966	0.0716405379290554
"hsa-miR-1260a"	-1.74719387131874	4.15100550480387	14.5830096048567	0.000134118359636417	0.000830015508693295
"hsa-miR-127-3p"	1.66150222606105	4.14450136228087	5.97473653103375	0.0145122494305036	0.0390165394525014
"hsa-miR-1271-5p"	-0.112713038023517	6.58836776954535	0.0199613589914573	0.887645056863852	0.918863981740236
"hsa-miR-1273h-3p"	2.40357919168648	5.33107552025419	16.9061860406602	3.92733851153751e-05	0.000280036311257457
"hsa-miR-128-1-5p"	2.7274279128815	5.01808636868529	5.4415087955224	0.0196636766171638	0.0478077364248509
"hsa-miR-128-3p"	-0.754842801903265	8.80385142739992	3.90702477816432	0.0480846525447391	0.0967593008262235
"hsa-miR-1299"	6.48869496839725	2.87805050791475	6.05572903280532	0.0138612517203441	0.0382058030611165
"hsa-miR-1301-3p"	-0.876066353795872	4.39343899969378	2.14834254108048	0.142723893135815	0.231749687864095
"hsa-miR-1304-3p"	1.95308970706082	4.42863300951553	5.97899229831086	0.01447727169142	0.0390165394525014
"hsa-miR-1307-3p"	-0.0301730176847676	6.83477835776409	0.00251494148127307	0.960003499295367	0.960003499295367
"hsa-miR-1307-5p"	-0.532961502771449	7.41120922864417	0.373700295762349	0.54099416644131	0.636007478827059
"hsa-miR-130a-3p"	0.677627590806332	4.35077161522074	1.92593809037861	0.165203524143501	0.254397915112997
"hsa-miR-130b-3p"	-0.290951267806141	6.66362578862836	0.459287827729534	0.49795699600454	0.596094506166019
"hsa-miR-130b-5p"	-1.08552923178503	4.07032950259191	4.7573479637666	0.029173465383376	0.0669153611590722
"hsa-miR-132-3p"	-0.111669250626097	5.6769345577897	0.0146481049082787	0.90366778372211	0.925881063374269
"hsa-miR-132-5p"	-1.70244962742378	2.87889502922955	5.53717376928147	0.0186166247408504	0.0462594917802951
"hsa-miR-138-5p"	4.61182016938603	4.57111142593526	38.9574802030675	4.33137443004018e-10	1.09283908696398e-08
"hsa-miR-140-3p"	-0.280660347527416	12.3954926303004	0.530839447613829	0.466254151977749	0.564322368445393
"hsa-miR-140-5p"	-0.816975732048877	6.40169704848182	3.33460953088604	0.0678365065618782	0.129025257781391
"hsa-miR-141-3p"	1.66489925760997	9.61583793613391	5.87960882071922	0.0153172243938814	0.0405165290418799
"hsa-miR-142-3p"	-1.34322488960465	12.1069696805596	2.47810165498174	0.115441511889102	0.192207187307743
"hsa-miR-142-5p"	0.424819989395494	16.0905062675309	0.395380684225529	0.52948455870302	0.624715594440973
"hsa-miR-143-3p"	3.77016164737313	6.5395188877296	44.8834964493542	2.09112914773954e-11	7.6210040050952e-10
"hsa-miR-144-5p"	1.47662365685893	2.52048391144726	1.69099798784234	0.193469464651231	0.288880382039038
"hsa-miR-1468-5p"	0.826399829172088	5.07691193533808	4.78475825963925	0.0287126776431306	0.0663222413165271
"hsa-miR-146a-5p"	2.51042793627231	12.8439771977787	16.4710161458254	4.93995139680319e-05	0.000330674297581928
"hsa-miR-146b-3p"	-2.32022798332393	8.5013312577853	6.95176201596436	0.00837367177080526	0.0271937063447933
"hsa-miR-146b-5p"	2.31414518548968	14.0130646074291	3.58248117560584	0.0583918753740104	0.113328610193346
"hsa-miR-148a-3p"	-0.466251878135439	11.1354679622247	0.891025276655654	0.345199618849743	0.438698282560865
"hsa-miR-148a-5p"	0.920225540914302	5.47034824169527	1.29968129069049	0.254271447726321	0.353394215484039
"hsa-miR-148b-3p"	1.32652401629751	9.83952567135792	11.1957857175446	0.000819833153681835	0.00370088655963691
"hsa-miR-148b-5p"	-0.443670360634954	5.42060935150896	1.48516703491518	0.22296783837033	0.323599340643664
"hsa-miR-150-3p"	-1.16217786112985	7.84819646763885	5.38352469852669	0.0203277692265369	0.0490257963698832
"hsa-miR-150-5p"	-4.53106546379148	17.5587376413095	93.4624769178652	4.13974784244546e-22	3.39459323080528e-20
"hsa-miR-151a-3p"	3.30639259074116	12.4010782938985	40.5857929597116	1.88169846896857e-10	5.61088270746992e-09
"hsa-miR-151a-5p"	1.91065218120276	11.7734528589219	21.424175955854	3.68100387027465e-06	3.35380352625024e-05
"hsa-miR-151b"	3.33336455905222	7.52816891318919	27.7802378910847	1.35907298479988e-07	1.59205692505129e-06
"hsa-miR-152-3p"	-0.166006345768286	4.61993466838217	0.121159863851217	0.727779912528019	0.81471607955355
"hsa-miR-153-3p"	-2.24510613615764	3.67765551194395	6.60070860320638	0.0101938190678607	0.030396115038712
"hsa-miR-155-5p"	3.48386675237067	13.4142054342715	7.5323846272571	0.00605996435053327	0.0207048781976553
"hsa-miR-15a-5p"	0.822973307636927	11.6492451785496	3.00711539698301	0.0828996977026855	0.151061671369338
"hsa-miR-15b-3p"	-0.693654937255751	5.51751407236802	3.17279651274711	0.0748741420457998	0.139538173812627
"hsa-miR-15b-5p"	-0.716106778724935	8.60464201311623	2.71927136878627	0.0991432635993428	0.172058150585103
"hsa-miR-16-2-3p"	-1.00241897663199	7.36745644274257	6.82168312846752	0.0090057653742738	0.0281322956453505
"hsa-miR-16-5p"	1.30742506322087	14.6561399540126	8.38246769839634	0.00378857685911696	0.0141210592021632
"hsa-miR-17-3p"	0.29082440380531	7.14531184178274	0.635264632342591	0.425430762444445	0.518740855322594
"hsa-miR-17-5p"	0.561727315199991	8.81122027229703	2.01214108099949	0.156044958903571	0.246070896732554
"hsa-miR-181a-2-3p"	2.13641590795202	7.87908145510933	12.5364108076396	0.000399098166642075	0.00198339694937273
"hsa-miR-181a-3p"	1.11122183919066	8.8721399231933	6.06500694914246	0.013788621162251	0.0382058030611165
"hsa-miR-181a-5p"	2.27686218358132	16.3117755218273	15.3485987319461	8.93871997356699e-05	0.00057488238261372
"hsa-miR-181b-5p"	1.21489627676816	10.6982763116273	4.90489094258925	0.0267807426875792	0.0627434542966142
"hsa-miR-181c-3p"	-1.7619844374971	4.65221714025795	12.5529082627029	0.000395590156625936	0.00198339694937273
"hsa-miR-181c-5p"	-1.91625670648815	9.31598110551697	19.5781440952241	9.65676006026831e-06	8.12158281991796e-05
"hsa-miR-181d-5p"	-2.2009061007152	4.86932902622445	13.3185262658606	0.000262796643099614	0.00141307047437169
"hsa-miR-182-5p"	4.39660758416058	7.41336121319895	13.3433288272747	0.000259343571950865	0.00141307047437169
"hsa-miR-183-5p"	6.72345777168884	5.1449457586307	31.5135314222083	1.98055272560012e-08	3.24810646998419e-07
"hsa-miR-185-5p"	-0.341099212780537	5.659570415322	0.77432478113977	0.378882462913821	0.474326136777608
"hsa-miR-186-5p"	0.094386264389781	13.5877391679358	0.0404820793806002	0.840540949127399	0.900953269913118
"hsa-miR-188-5p"	2.69323079653604	2.20861278310413	3.04739425766925	0.0808667916396463	0.149012964369685
"hsa-miR-18a-3p"	-0.181498533317724	3.6124701325475	0.0527247045519861	0.818388147090928	0.888845404787498
"hsa-miR-18a-5p"	0.194710191454201	4.93144308966938	0.180625631630704	0.670836133036766	0.761364192512315
"hsa-miR-191-5p"	2.20041584537397	14.3906033926352	13.9099710215082	0.00019177838475518	0.00114369654908544
"hsa-miR-192-5p"	-0.0790757853089883	12.4009439657671	0.0377147253494599	0.846017094918416	0.900953269913118
"hsa-miR-193a-5p"	4.03199196874619	5.45592824851895	26.2076836859059	3.06600151829429e-07	3.46775344138113e-06
"hsa-miR-193b-3p"	-0.550594364247473	4.55400034687369	1.59851229134331	0.206114168205993	0.301810032015918
"hsa-miR-194-5p"	-1.25401477313811	6.95437246293959	9.84786914514406	0.00170028593515565	0.00705941502191205
"hsa-miR-195-5p"	3.56557375482188	5.81305681911259	24.0690222213549	9.29435353576313e-07	9.83402567654937e-06
"hsa-miR-197-3p"	-0.561626217194679	9.60207169096141	1.83370042660059	0.175691094129468	0.266790179974378
"hsa-miR-1976"	0.0363584650951233	3.61046335874601	0.00403024241674999	0.949380948169144	0.952284253821037
"hsa-miR-199a-3p"	-0.557036485647541	5.50530048034873	1.68878483711018	0.193761231855453	0.288880382039038
"hsa-miR-199b-3p"	-0.441795658051691	4.34046667407508	1.03287674261883	0.309483959995457	0.405167963484305
"hsa-miR-199b-5p"	-1.57332290759034	4.64820788362491	7.64329994441481	0.00569835750157793	0.0196743290580796
"hsa-miR-19a-3p"	-1.03610676133592	7.89549565410726	1.41485204267088	0.234252593564316	0.331872215619572
"hsa-miR-19b-3p"	-0.845819100522069	10.7604147788029	1.34023960988202	0.246991716953882	0.344737375152653
"hsa-miR-200a-3p"	2.69225168067177	4.4747014712857	19.9179961951313	8.08358141589256e-06	7.0154747787425e-05
"hsa-miR-200b-3p"	1.3612790006596	4.93857052493061	6.83527011654235	0.0089375177368682	0.0281322956453505
"hsa-miR-200c-3p"	0.801858553179336	5.2259553624847	4.05029498277217	0.0441636271186343	0.0922654120695036
"hsa-miR-20a-3p"	-1.00122015483418	3.00933281785704	2.77315170727541	0.0958572523079684	0.169038595467815
"hsa-miR-20a-5p"	0.896570803363836	10.0803630180497	5.13143370855173	0.0234963116351449	0.0554445339304138
"hsa-miR-20b-5p"	1.42741365715739	5.88992097697831	7.402651659851	0.00651278053204021	0.0220225980877236
"hsa-miR-21-3p"	2.08480491684267	11.4663977007832	2.75771468962444	0.0967864068880762	0.169764392830422
"hsa-miR-21-5p"	-0.172187184793535	15.0436717005788	0.0502906786423409	0.822558241113438	0.890426082789464
"hsa-miR-210-3p"	0.927431153686273	5.58707243803761	2.96268655316963	0.0852062591152807	0.153858470448059
"hsa-miR-210-5p"	3.55668373776315	3.43802936097191	5.81018814253484	0.0159335894779892	0.0418097387902437
"hsa-miR-2110"	0.329500866170232	3.44587398553109	0.198768590323938	0.655716645733753	0.749390452267146
"hsa-miR-2110-3p"	-1.3111019929263	4.236790899706	4.56039456240305	0.0327195346669293	0.0730068528622641
"hsa-miR-212-3p"	0.377240836486074	2.8945524012485	0.102638153001669	0.748686425976616	0.832437788882475
"hsa-miR-215-5p"	-0.639210325646584	4.04851768082506	2.05781944221246	0.151426727551782	0.23994186781152
"hsa-miR-22-3p"	-1.79418205264346	12.9144543574579	12.3983622763955	0.000429710558085797	0.00208319525559178
"hsa-miR-22-5p"	-2.21634737906922	4.24937818186576	28.7616286768425	8.18569369632603e-08	1.11871147183122e-06
"hsa-miR-221-3p"	0.446177585516359	11.4583585337179	1.02520483240389	0.311287581701356	0.405167963484305
"hsa-miR-221-5p"	-0.143793688514767	6.50399536921172	0.098113982003766	0.754104776745161	0.832816049738763
"hsa-miR-222-3p"	-0.0934763537289457	9.94627711252498	0.0387894531040445	0.843866366334015	0.900953269913118
"hsa-miR-222-5p"	0.186518041639645	2.89756278726473	0.0265589841786893	0.870542627222053	0.915185838874466
"hsa-miR-223-3p"	3.39674728749341	9.28201372261745	41.6991467248952	1.06455437930698e-10	3.49173836412689e-09
"hsa-miR-223-5p"	4.4857157775253	5.02985625514203	58.1930276615846	2.37619739749119e-14	1.11341820911016e-12
"hsa-miR-2355-5p"	1.05768716896027	3.9845118764207	4.32356091327299	0.037588185475355	0.0800579534799769
"hsa-miR-23a-3p"	-2.50551880435829	9.67954021485387	31.829444788404	1.68321581806806e-08	2.90576204382276e-07
"hsa-miR-23a-5p"	0.516612747725634	4.52169504423321	0.398257147657685	0.527990713673417	0.624715594440973
"hsa-miR-23b-3p"	-1.07833969405478	6.66098187342481	6.40298541506252	0.0113928626062476	0.0322143011624932
"hsa-miR-24-2-5p"	-1.45765546669368	4.20409275917846	8.71270926132738	0.00315999236158475	0.0120520638906953
"hsa-miR-24-3p"	-0.591919411189166	8.54020610017583	2.08325467439469	0.148922345050284	0.239443770473005
"hsa-miR-25-3p"	1.14972391528517	12.7412737253093	6.71269017489777	0.00957292021434007	0.0290733132435513
"hsa-miR-25-5p"	-0.531454933309195	4.2551529577202	1.0898770990715	0.296498441340713	0.390568227950819
"hsa-miR-26a-2-3p"	-0.989288961043071	4.06620324654387	1.27376906782291	0.259060794429583	0.358531394822377
"hsa-miR-26a-5p"	-0.438826737456909	16.1869852068102	1.17590675472729	0.278190877033474	0.37550044307399
"hsa-miR-26b-3p"	-1.90752784705391	6.42561658529894	25.4059925384086	4.64473050448265e-07	5.07823868490103e-06
"hsa-miR-26b-5p"	0.455736502225948	13.3513750577977	1.35070121677654	0.245155566559507	0.343636862527856
"hsa-miR-27a-3p"	-2.68545102068895	11.3358222595452	36.4607900859623	1.55768427791613e-09	3.19325276972806e-08
"hsa-miR-27a-5p"	0.0665495761457753	5.63616121079445	0.0188317821577408	0.890849835955473	0.918863981740236
"hsa-miR-27b-3p"	1.17230371939393	12.1860881727172	6.49038481893955	0.0108459496751584	0.0312058902934382
"hsa-miR-27b-5p"	0.842736396156114	3.8594438199586	1.67522458001908	0.195560203868668	0.289755431444429
"hsa-miR-28-3p"	1.60886648882002	13.6855868453113	7.82390456855956	0.00515596867684824	0.0183821491957198
"hsa-miR-28-5p"	-0.162529803614262	9.93672344233532	0.166598893420932	0.683152338567093	0.772668851896574
"hsa-miR-296-5p"	-1.65000666780057	3.24875596917005	6.60859104182242	0.0101487929333767	0.030396115038712
"hsa-miR-29a-3p"	-1.18795887547435	13.9573130551141	7.38139963067448	0.00659018632627134	0.0220569501532347
"hsa-miR-29a-5p"	-2.37618804779623	4.88060428788402	23.7784762364654	1.08084373921243e-06	1.04269631312258e-05
"hsa-miR-29b-1-5p"	-0.392487674888026	3.62460438253749	0.325141395814242	0.56853411379327	0.661273721007775
"hsa-miR-29b-2-5p"	-0.82418826120229	3.2361355738676	2.09728494301426	0.147560960210134	0.23842362043805
"hsa-miR-29b-3p"	-0.606120857142868	9.63507101863299	1.13612023565096	0.286473636443516	0.381467786043726
"hsa-miR-29c-3p"	-0.87490141556238	12.1597685595933	1.91624746011311	0.166270928908106	0.254845162064761
"hsa-miR-29c-5p"	-0.611587570702203	6.52064669891497	2.52616289542021	0.111972205957037	0.190517445726517
"hsa-miR-301a-3p"	-0.160525160205284	6.01537812535527	0.0724835194426205	0.787754515465976	0.867058661318256
"hsa-miR-301b-3p"	0.499589078583952	3.11476929792877	0.753391915223466	0.385404450616835	0.478835832584553
"hsa-miR-30a-5p"	8.25562893720092	9.60930704248161	100.248358996716	1.34436668484433e-23	1.46984090876313e-21
"hsa-miR-30b-3p"	1.18903867226081	3.41602420263719	1.96842573512777	0.160615060484672	0.249916830249855
"hsa-miR-30b-5p"	-0.483822036795549	11.4851435082537	0.795350311881496	0.37248719597046	0.468106514476287
"hsa-miR-30c-1-3p"	0.883892503638909	4.13229255359271	1.43340216817393	0.231210004389672	0.331290098716121
"hsa-miR-30c-5p"	-0.493380009881456	11.4273991822732	1.39994242585399	0.236733210662224	0.333255335181156
"hsa-miR-30d-3p"	1.33301077162001	6.26989034249786	6.54133525811344	0.0105396212680839	0.0308660337136742
"hsa-miR-30d-5p"	0.949802861002175	13.4925476050968	4.81906069540275	0.0281466796653641	0.0654759640442513
"hsa-miR-30e-3p"	1.23788903314781	9.32881298910458	1.15595014597206	0.28230703071761	0.37949469703023
"hsa-miR-30e-5p"	0.65064887241539	13.405049041937	0.958651967805281	0.327526747364959	0.421289306414536
"hsa-miR-31-3p"	-6.27092716086659	3.07426810573302	36.4749820676937	1.54638377080742e-09	3.19325276972806e-08
"hsa-miR-31-5p"	-7.41119146138661	7.36231169527459	137.792848472519	8.08897134821975e-32	2.65318260221608e-29
"hsa-miR-3150b-3p"	8.99158342810124	5.19898866778767	78.4895206811096	8.04237423008702e-19	5.27579749493708e-17
"hsa-miR-3176"	1.74889596646942	2.8696186059166	1.44011235192326	0.230121160328054	0.331290098716121
"hsa-miR-32-3p"	-0.0655492584991782	3.12639464099982	0.011162441229303	0.91585810461111	0.930035474651529
"hsa-miR-32-5p"	-0.103372969554054	7.84525910955048	0.013907995707541	0.906121406533965	0.925881063374269
"hsa-miR-3202"	-2.35466747283437	2.66640643060338	8.72631938478656	0.00313649015883956	0.0120520638906953
"hsa-miR-320a"	-0.298531538083926	10.0540338950487	0.473548126456478	0.491359377125174	0.590351193029512
"hsa-miR-320b"	-1.11835902928426	4.23556091635727	7.75049719527373	0.00536977557795652	0.0188536245337394
"hsa-miR-320d"	-1.20458027546929	3.3233491357735	5.78239470660985	0.0161874724189273	0.042138817090541
"hsa-miR-324-3p"	-0.639220137673142	4.61461550188243	1.18556150989043	0.276226684046598	0.374389885815223
"hsa-miR-324-5p"	-0.344584185101	4.4786060946613	0.707651694420448	0.400224496419392	0.491661553653785
"hsa-miR-326"	-3.73994747343958	3.49089637666325	38.9636541216788	4.31769780794038e-10	1.09283908696398e-08
"hsa-miR-328-3p"	-0.907819072217795	6.23355723935563	1.93879975684526	0.163798913902442	0.253424734716986
"hsa-miR-330-3p"	-1.98459409380567	5.10479165434186	16.5969148208841	4.62261572848879e-05	0.000322599565732835
"hsa-miR-330-5p"	-0.563672729642908	5.06446795717561	1.80047793471762	0.179654725640297	0.271551843364136
"hsa-miR-331-3p"	-2.59728314468625	6.99970472839343	33.4626969231603	7.26439860941547e-09	1.40160161405193e-07
"hsa-miR-331-5p"	-1.17748384262773	3.46230686453826	5.60638685442942	0.0178951251246264	0.0453095190627933
"hsa-miR-335-3p"	1.12162211165763	6.243209142372	5.44032883232989	0.0196769646870575	0.0478077364248509
"hsa-miR-335-5p"	-1.23017174559033	5.89046489128967	2.82362201296364	0.092886582975346	0.165580430521269
"hsa-miR-338-3p"	-1.45530944013181	4.91684606240222	6.77586235531226	0.00923988368529064	0.0285913381959937
"hsa-miR-339-3p"	-1.37864411173065	9.13524049660041	11.8522905406881	0.000575904655754241	0.00269563173567092
"hsa-miR-339-5p"	-0.694093881905063	6.41125903153862	2.77981569929511	0.0954591528210307	0.169038595467815
"hsa-miR-33a-3p"	-1.06094450326226	3.85448404621072	3.84266915237564	0.0499639223211944	0.0993222213415258
"hsa-miR-33a-5p"	-0.498501225155602	3.62053893067623	0.358818940756859	0.549162898284014	0.641015767392017
"hsa-miR-33b-5p"	-1.94128933448928	3.73439151674089	4.64829486511788	0.0310844100655484	0.0703150793206888
"hsa-miR-340-3p"	0.592234737573356	3.15755480833197	0.709352219783732	0.39965894312633	0.491661553653785
"hsa-miR-340-5p"	1.31553456885876	8.35122508419906	5.6213507584814	0.0177429690838625	0.0453095190627933
"hsa-miR-342-3p"	-1.88896319613696	13.1477601371182	21.8802226789639	2.90209548353574e-06	2.71967805314207e-05
"hsa-miR-342-5p"	-2.36256896345735	7.97940714908165	29.690853347029	5.0673353537648e-08	7.22646085232545e-07
"hsa-miR-345-5p"	1.67152327440223	6.60903459254847	10.9416906948703	0.000940243321983837	0.00416756499473917
"hsa-miR-34a-5p"	-1.17004854208999	4.60825388158451	4.01456619870176	0.0451088263928635	0.0936436396003748
"hsa-miR-3605-3p"	-1.20936602527401	2.88852329034818	2.86620700560839	0.0904578279714379	0.162132063249353
"hsa-miR-3607-3p"	-1.96210965904402	9.08663561189654	3.66569284615782	0.0555435456017922	0.108442160460642
"hsa-miR-3607-5p"	-2.09837221460536	3.05901742586183	8.43006775353217	0.00369066592514215	0.0139142347522601
"hsa-miR-3609"	2.05682284843324	5.29516730590756	8.23169205780753	0.00411651327590992	0.0150024039388717
"hsa-miR-361-3p"	-0.205347465343795	11.3595255337899	0.229081791253122	0.632205503758522	0.725046871443339
"hsa-miR-361-5p"	0.726527491868453	8.6008386304037	3.31628827083427	0.0685965371226107	0.129308414805841
"hsa-miR-3613-5p"	-0.163583957039317	4.05030161135605	0.0536673923624083	0.816800363487247	0.888845404787498
"hsa-miR-3614-5p"	4.41946595116799	2.5028281607009	8.90732028714927	0.00284029752324972	0.0110906855669751
"hsa-miR-3615"	1.43681981179437	5.95855968922839	4.3692578791323	0.0365929253579613	0.0789636810356007
"hsa-miR-362-3p"	-0.664036643177026	3.26047678817522	0.366303365838938	0.545026177984601	0.638459237067676
"hsa-miR-362-5p"	3.71199058776082	5.38131890324065	9.37751589678802	0.00219663017021368	0.00889499624481587
"hsa-miR-363-3p"	0.420253262259349	9.96689055782973	0.619077757668833	0.431390203519749	0.52405921020177
"hsa-miR-3651"	0.843766995646376	4.06016892762734	1.0296124470546	0.310249710086697	0.405167963484305
"hsa-miR-3653-3p"	-0.505395045366105	4.18103746459401	0.810809936363131	0.367880901076457	0.464095905973377
"hsa-miR-3653-5p"	0.293298628001833	4.05685963024489	0.303308847181327	0.581815468198339	0.671955892848786
"hsa-miR-3681-5p"	3.86134614674797	2.67355578410338	13.6268806689791	0.000222970022376152	0.00128305556735751
"hsa-miR-374a-3p"	-0.364768498309246	6.93656950356316	0.188410462835992	0.664242881201199	0.756498836923588
"hsa-miR-374a-5p"	0.139964767532945	7.02926630242828	0.0331438994002369	0.855539829731922	0.905216335974421
"hsa-miR-374b-3p"	-0.132938552195354	3.06845415689479	0.0558323949273634	0.813208580627287	0.888845404787498
"hsa-miR-374b-5p"	-1.03344496538027	6.35371460776147	8.15246906054672	0.00430025726073169	0.0154998283683516
"hsa-miR-378a-3p"	1.80159786310633	11.1717324081436	13.5399814322632	0.00023353470507473	0.00129829463160189
"hsa-miR-378a-5p"	1.07122743924292	3.77872387888546	4.38692385885538	0.0362155988357531	0.0789636810356007
"hsa-miR-378c"	1.523298730614	4.33495174425412	9.2644206876922	0.00233648371719591	0.00934593486878362
"hsa-miR-378d"	0.811278268222198	3.13421054265611	1.14042119357024	0.285563344796997	0.381467786043726
"hsa-miR-3909"	-1.36632053627894	2.56933097094	2.5159814843637	0.112697447358887	0.190517445726517
"hsa-miR-3912-3p"	-0.206876896077284	4.54000306614525	0.0993249103129887	0.752641276933878	0.832816049738763
"hsa-miR-409-3p"	1.5197827388313	2.41605212504308	2.07222022041437	0.150003012547782	0.23994186781152
"hsa-miR-410-3p"	1.25727566076412	2.48327509345141	1.67107240178121	0.196114956648363	0.289755431444429
"hsa-miR-421"	0.0862109576927537	5.81000528189497	0.0252993226331704	0.873623486936421	0.915490427204939
"hsa-miR-423-3p"	-0.826655668794269	11.3712905109365	3.02201197671987	0.0821415004371722	0.1505162689575
"hsa-miR-423-5p"	-0.605613309974025	11.4926929673365	1.64315386293964	0.199893294256144	0.294013455228767
"hsa-miR-424-5p"	-1.75973830979797	2.44406751391111	4.70127332756331	0.0301402795370334	0.0686528589454649
"hsa-miR-425-3p"	0.584264962952641	5.01207870009977	2.23934797108933	0.134537701354728	0.221750583137441
"hsa-miR-425-5p"	0.386548457397213	9.1144233788494	0.767067975888452	0.381125628545882	0.475320175524902
"hsa-miR-429"	1.79063566814156	2.47530068275236	3.9558110720405	0.0467098033424947	0.0958147195407544
"hsa-miR-4424"	7.92934679528244	4.23035610247242	28.4013059699455	9.85987732635036e-08	1.2438614473242e-06
"hsa-miR-4443"	-1.44255062020698	3.71797620271266	4.48747152063028	0.0341441427292965	0.0756708028054678
"hsa-miR-4464"	7.22027983120847	3.62262805812685	17.4076831009006	3.01604376778013e-05	0.000224832353598155
"hsa-miR-4482-3p"	5.20278722147877	3.02415177660142	6.90285694492873	0.00860581185831289	0.0274049154322974
"hsa-miR-4485-3p"	2.65623194520302	2.35487775115603	2.95953124323009	0.0853726878705695	0.153858470448059
"hsa-miR-451a"	1.6341294785554	6.12443317412421	2.06378433847691	0.150835168879825	0.23994186781152
"hsa-miR-454-3p"	-0.540913534477135	6.96368628751587	1.51505069030261	0.218370010497085	0.31833494863575
"hsa-miR-454-5p"	0.0664161009714462	3.44201732995242	0.0099327316629001	0.920611803896623	0.931977381722508
"hsa-miR-455-5p"	-1.45532890516138	2.47843770409539	3.86659557518862	0.0492563382773427	0.0985126765546854
"hsa-miR-4661-5p"	1.46977931655923	3.07393627213161	1.96697168014842	0.160769668239998	0.249916830249855
"hsa-miR-4662a-5p"	3.5015085499589	3.92887794304596	12.5795687593277	0.000389986707694817	0.00198339694937273
"hsa-miR-4677-3p"	2.14672246978176	4.7261921606835	10.378343189799	0.00127502059622057	0.0055027204678993
"hsa-miR-4772-5p"	-3.60243732511227	2.46643200770892	14.7254804680699	0.000124354283545663	0.000784388557749566
"hsa-miR-484"	-0.829549435058062	9.64311418361498	3.52260959709788	0.0605370602594625	0.116800916265316
"hsa-miR-486-3p"	4.02385121667577	6.71680273154219	32.9322246352497	9.54282853207519e-09	1.73891542140037e-07
"hsa-miR-486-5p"	6.47536251407789	14.8238686819762	31.1410416705423	2.3994414181493e-08	3.74769897691891e-07
"hsa-miR-497-5p"	2.77656711758998	3.7865008162576	8.24165393742747	0.00409398099252161	0.0150024039388717
"hsa-miR-5000-3p"	1.46110845073268	3.15072374739384	6.45564810227857	0.0110600194476155	0.0315450989462425
"hsa-miR-500a-3p"	2.282068343764	8.68849598658285	5.19195005720542	0.022691740504737	0.0539339919243024
"hsa-miR-501-3p"	1.61555199758357	7.30089357022017	13.7467920782898	0.000209177748513603	0.00122518395557967
"hsa-miR-502-3p"	-1.96280098373201	3.16763991254822	12.5845630683908	0.00038894595214273	0.00198339694937273
"hsa-miR-505-3p"	-1.36564829016018	5.2555579994095	12.388950440801	0.000431881943232443	0.00208319525559178
"hsa-miR-514a-3p"	-5.80566597633353	2.22620309472985	19.9075938810681	8.1276841948846e-06	7.0154747787425e-05
"hsa-miR-5196-3p"	7.44128159442565	3.78517166233727	58.7159855158971	1.82155532031311e-14	9.95783575104503e-13
"hsa-miR-532-3p"	0.0822446623886691	4.86057585736651	0.0117674151617759	0.91361675517611	0.930035474651529
"hsa-miR-532-5p"	1.7196471536218	9.60013299121594	5.56111186073642	0.0183637477214717	0.0459794599438376
"hsa-miR-548e-3p"	0.097684208280957	5.33818928974216	0.0222002795519813	0.881555540660661	0.918863981740236
"hsa-miR-548e-5p"	1.00513692660638	3.91998904578199	3.0831939667413	0.079105039690929	0.146590130048727
"hsa-miR-548k"	0.0731094925134614	4.93706427181022	0.0280433766710546	0.867006884968006	0.914399544274939
"hsa-miR-548o-3p"	-0.337506174959231	3.78234840299877	0.64332797837734	0.422508251065258	0.51709965055748
"hsa-miR-548w"	-1.03628412119634	3.19272776334918	2.62962805877534	0.104886281166422	0.18106684327677
"hsa-miR-5690"	-2.17057632753934	3.32228714574711	15.443050570805	8.50290286895819e-05	0.000557790428203657
"hsa-miR-574-3p"	1.54145330630194	3.2029485661637	6.55131231545474	0.0104806828786843	0.0308660337136742
"hsa-miR-576-5p"	-0.0539676826837221	6.14078925216525	0.0158153039613911	0.899922766908945	0.925312437448696
"hsa-miR-577"	7.3172116181615	7.27318259215914	105.565951204022	9.17914605882624e-25	1.5053799536475e-22
"hsa-miR-582-3p"	3.74003883020735	6.12906171870975	23.8077044350992	1.06455501841742e-06	1.04269631312258e-05
"hsa-miR-582-5p"	2.34478414139625	5.49541371715479	12.920698072511	0.000324968645358333	0.00171918896254086
"hsa-miR-584-5p"	2.63954628273744	2.68492265991045	6.98227997212863	0.00823206688184536	0.0270011793724528
"hsa-miR-589-3p"	-2.5047535150819	3.48889554695055	16.5220024984515	4.80887943075317e-05	0.000328606761101466
"hsa-miR-589-5p"	0.71619553715836	7.1191197895404	2.45623849150744	0.117058807211531	0.193915599825163
"hsa-miR-590-3p"	-0.922846214179703	5.90923003151116	1.09427786497106	0.295525312233953	0.390568227950819
"hsa-miR-598-3p"	1.57096892718793	5.98800575538477	11.1871154897306	0.000823672923333824	0.00370088655963691
"hsa-miR-616-5p"	0.106169661519779	3.84336824443364	0.0643792474460396	0.799703646320507	0.877266876231192
"hsa-miR-625-3p"	-0.814654899987957	6.07405259003845	2.6186691533863	0.105612985240628	0.181366801879194
"hsa-miR-625-5p"	-0.939206993839481	4.59989969987879	3.77419461449811	0.0520489524829135	0.102227882720932
"hsa-miR-628-3p"	0.108534882000778	3.05847132224273	0.0350534182627529	0.851483768549444	0.90384037567708
"hsa-miR-628-5p"	-0.501951485677052	3.34092296093515	0.992293133552594	0.319182557758178	0.413801893061985
"hsa-miR-629-3p"	-1.46316727593479	3.2388029724606	6.50110636158322	0.0107807387556868	0.0312058902934382
"hsa-miR-629-5p"	2.24208804640269	5.51869067038277	17.9870162060757	2.22416838326027e-05	0.000173696959454612
"hsa-miR-641"	0.593845600386182	3.35025698493654	0.901716920394906	0.342321758516578	0.438599753099366
"hsa-miR-642a-5p"	-4.7343798065261	2.95484752748407	27.7820544190941	1.35779749243596e-07	1.59205692505129e-06
"hsa-miR-650-3p"	5.39611568851399	2.27525343602199	10.52123233854	0.00118010762378381	0.00516100400801453
"hsa-miR-651-5p"	1.54820621987655	3.889214280208	4.11704079106878	0.0424532759427284	0.0892607340334289
"hsa-miR-6516-3p"	1.15837574231085	4.46768173148165	1.42196673535525	0.233079959190072	0.331872215619572
"hsa-miR-652-3p"	-0.062772452346534	7.5083467346878	0.0204543952991303	0.886275283470431	0.918863981740236
"hsa-miR-652-5p"	-0.985404455565841	3.29238392257031	2.50806478850813	0.113264944867899	0.190517445726517
"hsa-miR-659-5p"	1.20652514124715	4.64916589364589	5.60023768051675	0.0179580410919608	0.0453095190627933
"hsa-miR-660-5p"	1.11233329496573	8.00865516080508	3.9442789312763	0.0470310056282362	0.0958147195407544
"hsa-miR-664a-3p"	0.438054390607652	7.32124731416852	1.22243798507275	0.268882726604385	0.3682043056982
"hsa-miR-664a-5p"	1.21881432267533	4.80131475756439	6.16980041343124	0.0129949268545902	0.0364302222932102
"hsa-miR-664b-3p"	-0.114506539652762	3.87323032726176	0.0417799985764944	0.838039709599042	0.900953269913118
"hsa-miR-671-3p"	0.652689204806157	5.48615499613043	0.71336689678956	0.398328344607996	0.491661553653785
"hsa-miR-671-5p"	-2.03016693142372	3.49123033699843	13.9374422117543	0.000188995984579422	0.00114369654908544
"hsa-miR-6731-3p"	-1.74821335173453	2.83277271663025	5.95946564847719	0.0146384770711029	0.0390359388562743
"hsa-miR-6769b-3p"	-1.54115039163765	3.43692819878533	4.37416287043901	0.0364877490440152	0.0789636810356007
"hsa-miR-6803-3p"	-2.20409859239986	3.42850825431924	12.1179869967676	0.000499377822164365	0.00237385399521611
"hsa-miR-6842-3p"	2.61282012916177	5.93148090194582	17.0868818243036	3.57081016479813e-05	0.000260272385345286
"hsa-miR-7-1-3p"	-0.779386853951378	6.3319837726878	2.74521352091637	0.0975460461764678	0.170186718861071
"hsa-miR-7-5p"	1.29819045753083	5.09118114634935	4.39505825226576	0.0360432283713091	0.0789636810356007
"hsa-miR-708-3p"	4.73429148908421	3.37551295574133	10.1023100604967	0.0014808358237778	0.0062722955268607
"hsa-miR-708-5p"	4.98526096848736	3.61675423517767	9.52950763685133	0.00202194357050038	0.00828996863905155
"hsa-miR-744-5p"	0.0881075390619214	5.69722077622276	0.0193282090919027	0.889429659185791	0.918863981740236
"hsa-miR-766-3p"	-0.770197260594159	6.73093159250907	3.49242209274152	0.0616503226718672	0.118253250505102
"hsa-miR-769-5p"	-0.284816368836875	9.31439136981631	0.41323298839508	0.520333112573882	0.618366887406642
"hsa-miR-7706"	3.1585684567661	6.23850297961758	10.0889849412205	0.00149158247285102	0.0062722955268607
"hsa-miR-7974"	2.86887723049433	2.72282838697267	4.23904118504173	0.0395044712082736	0.0835965584278306
"hsa-miR-874-3p"	-2.98909692996985	7.2211714462998	30.7047468013614	3.00429198384898e-08	4.47912623046575e-07
"hsa-miR-874-5p"	-4.0597900698684	4.01870928972323	28.5317450407521	9.21747705010974e-08	1.2093329889744e-06
"hsa-miR-877-5p"	0.306137828850399	4.71836230914245	0.105534531955129	0.745286434802871	0.831476022501162
"hsa-miR-9-5p"	1.89091015667171	4.54303565076948	4.35063922805788	0.0369950580048937	0.0793096668340204
"hsa-miR-92a-1-5p"	0.26382504982317	4.32603924980985	0.230786393474133	0.630941341702075	0.725046871443339
"hsa-miR-92a-3p"	0.687323041943361	16.8711494969344	2.51118150184402	0.113041152625638	0.190517445726517
"hsa-miR-92b-3p"	-1.3806511068952	8.57652410313814	3.32936954055074	0.0680529560859164	0.129025257781391
"hsa-miR-93-3p"	-0.794745218526291	3.40033643541089	2.20761823744235	0.137330552372199	0.225222105890407
"hsa-miR-93-5p"	0.763453092661815	10.1385247182476	3.83008018756812	0.050340524336648	0.0994680239904852
"hsa-miR-941"	1.40358731760532	7.78041006047239	5.62375374268365	0.0177186597778301	0.0453095190627933
"hsa-miR-941-3-5p"	1.34891825387553	5.45560614932268	5.51970330015682	0.0188034476933749	0.0463724123565936
"hsa-miR-942-5p"	-0.615861848007356	3.99915334376257	1.77169123499938	0.18317291381746	0.275599613450124
"hsa-miR-944"	2.09093335745972	2.60232958167601	6.00156587471015	0.0142931870312733	0.0390165394525014
"hsa-miR-95-3p"	-0.764792467855433	4.00235723467918	2.49074442945338	0.114517546442925	0.191641608333058
"hsa-miR-96-5p"	3.08655635614716	2.97672648953319	13.5765311150992	0.000229031094287138	0.00129521032631347
"hsa-miR-98-5p"	2.47784029171236	10.6789388147391	9.20996102877404	0.00240701817125071	0.00951207180927992
"hsa-miR-99a-5p"	-4.25142661966399	6.35701895415772	23.9136677392983	1.00753895055349e-06	1.03272742431733e-05
"hsa-miR-99b-3p"	-1.5908911455626	2.85473577346524	1.8844156850261	0.169833123909879	0.259094254150886
"hsa-miR-99b-5p"	-3.25477452270227	10.5836912433367	17.7898139734297	2.46700446132147e-05	0.000188180805421731
