"logFC"	"logCPM"	"LR"	"PValue"	"FDR2"
"hsa-let-7a-3p"	-1.40717229077061	5.00099892328027	5.61255033894865	0.0178322910627559	0.0278125033447922
"hsa-let-7a-5p"	-0.579109860143817	14.4198338687435	3.45269279939598	0.0631488095627806	0.086091362677316
"hsa-let-7b-3p"	-0.295647664969417	5.51855703596449	0.634596668737448	0.425674221707992	0.47311005873117
"hsa-let-7b-5p"	-1.11978418849359	11.0783928046895	8.80634505891274	0.00300184761727122	0.00526713077289718
"hsa-let-7c-5p"	-2.63107320234636	4.4382922703373	17.0325793980197	3.67439229152805e-05	8.75845709741591e-05
"hsa-let-7d-3p"	0.674985433229894	7.69495761293968	4.00938545206031	0.0452476406232291	0.0642279243303515
"hsa-let-7d-5p"	-0.0791973649165465	10.2681188207717	0.0589255227208962	0.808202326208874	0.832360547916205
"hsa-let-7e-5p"	-0.556112648376722	7.42669696331703	2.04434619240037	0.152772606694163	0.192361521385673
"hsa-let-7f-1-3p"	-0.409265235334916	3.56414748482407	0.559868709709033	0.454313146251379	0.500536867526956
"hsa-let-7f-2-3p"	-1.67175127507996	3.63033619787243	7.5417155528687	0.00602866142129924	0.00997756628241228
"hsa-let-7f-5p"	-1.53138328290901	14.5596338344348	19.2671693816148	1.13643768268784e-05	2.8523833227728e-05
"hsa-let-7g-3p"	-3.64699322507444	5.12351719161562	49.8717605532306	1.64129967587557e-12	1.07250444337386e-11
"hsa-let-7g-5p"	-2.78464696910827	14.6343490497118	73.9936783568647	7.83675965409373e-18	1.02418341686259e-16
"hsa-let-7i-3p"	-2.97366029780281	7.10909989326588	43.0519096969552	5.33065595268437e-11	2.76755973433887e-10
"hsa-let-7i-5p"	-2.12273247076093	12.6347428738257	44.3710425425415	2.71676066123772e-11	1.51419454501337e-10
"hsa-miR-100-5p"	1.17017913351506	8.83848560924529	2.13072565201652	0.144372394800315	0.183000460298728
"hsa-miR-101-3p"	-0.546943917633117	13.9697998312027	0.869450935603027	0.351107357713953	0.398412241238288
"hsa-miR-101-5p"	-0.589274488784131	5.93129588056405	1.17202626736579	0.278985287996016	0.322364098019787
"hsa-miR-103a-2-5p"	2.084443407222	2.58305333335554	5.40902534861591	0.0200328980093406	0.030863692461545
"hsa-miR-103a-3p"	0.843477829724135	12.7611707644285	7.47447939844342	0.00625796578320854	0.0103120392688523
"hsa-miR-106a-5p"	-2.62583821652773	3.83738593572628	15.6566944741545	7.59432778795531e-05	0.000171324418549706
"hsa-miR-106b-3p"	-0.770455513236853	8.83385571616087	5.16998999116014	0.0229803483214098	0.0349781205374069
"hsa-miR-106b-5p"	0.155769673397302	8.88846333295715	0.150095838400818	0.698443788527708	0.739413954893859
"hsa-miR-107"	0.148265110300893	4.03207418564724	0.0964578914597292	0.756122436532517	0.790837748324112
"hsa-miR-10a-5p"	-2.33173952840064	11.543518004803	24.4168429985984	7.75873917553933e-07	2.22769859661319e-06
"hsa-miR-10b-5p"	-0.0532610427274323	3.28198576118636	0.00868569009472697	0.925747018094622	0.94316698886522
"hsa-miR-1226-3p"	1.21179392257996	3.1658933964484	2.10806588894483	0.146524405969394	0.185109166208001
"hsa-miR-1248"	-1.79192164212895	3.52109742529553	4.18306501347546	0.0408297969767515	0.0588383766318967
"hsa-miR-1249-3p"	2.47684203281745	4.37485055639252	24.9229857611254	5.96667596728422e-07	1.77563325481664e-06
"hsa-miR-1255a"	2.13416154027434	2.63642953501245	5.6720551329256	0.0172372505114619	0.0269955286935705
"hsa-miR-125a-3p"	1.19817223338607	3.82072868764201	3.81771691344177	0.0507132957144079	0.0709237604271609
"hsa-miR-125a-5p"	-2.2597907100889	12.8864197552697	37.4587110606965	9.3368751600358e-10	4.36873541438712e-09
"hsa-miR-125b-2-3p"	-5.31222418062636	2.53005952562354	21.92887313026	2.82944652341663e-06	7.60539171897094e-06
"hsa-miR-125b-5p"	-2.06951553598769	7.69508943791738	15.346585898413	8.94824816539637e-05	0.000200673731046463
"hsa-miR-126-3p"	5.16304956326942	6.94200106390253	71.7431064780764	2.4511878739232e-17	2.73235354181439e-16
"hsa-miR-126-5p"	4.24982156660101	8.56293390912841	22.4415146986428	2.1664043192409e-06	5.90695853951296e-06
"hsa-miR-1260a"	1.79990675170153	6.31346311163861	22.5160412155943	2.08396062584741e-06	5.72334113910267e-06
"hsa-miR-1260b"	2.34836379550523	4.93540123608295	24.9132571805607	5.99686165215118e-07	1.77563325481664e-06
"hsa-miR-127-3p"	5.34287611713333	7.60315415316349	47.3145611680558	6.04614027960694e-12	3.75653633765742e-11
"hsa-miR-1271-5p"	-3.1159919147826	6.11716014264055	44.3771297326073	2.70832630348743e-11	1.51419454501337e-10
"hsa-miR-1273h-3p"	1.35049804614762	4.75549167833749	6.38841588303178	0.0114867493302241	0.0182919243535922
"hsa-miR-128-3p"	0.27938552090581	9.67895819989102	0.693499726828037	0.404976538759465	0.452761381090965
"hsa-miR-1285-3p"	0.15679559781609	2.9899489588856	0.0575085233511641	0.810478059810618	0.832442234873237
"hsa-miR-1294"	3.13404590594428	2.70269667347151	12.498274494776	0.000407328056691815	0.000852913444675126
"hsa-miR-1301-3p"	1.07684239530135	5.73522791375979	6.2322208070261	0.0125446312862214	0.0198929508681085
"hsa-miR-1304-3p"	2.25663053748411	4.94120742740572	27.2799188624818	1.76030104374146e-07	5.70217175707705e-07
"hsa-miR-1306-5p"	0.51996642071485	3.22612119857752	0.872167623307557	0.350355917092338	0.398412241238288
"hsa-miR-1307-3p"	-0.108764405019635	7.1158896473189	0.0736896674425513	0.786038484431704	0.816187905752373
"hsa-miR-1307-5p"	-0.335247439882765	7.97807936895793	0.152725178378649	0.695944565781799	0.738831905970033
"hsa-miR-130a-3p"	3.23392273595515	6.60928632425302	57.5052518964535	3.37078034180471e-14	2.45678028758458e-13
"hsa-miR-130b-3p"	0.493175393810106	7.41213489076339	1.69314975765517	0.193186281694964	0.238493813558279
"hsa-miR-130b-5p"	1.63390838508277	5.86782003945183	10.7896330857393	0.00102070111831261	0.00195376628202263
"hsa-miR-132-3p"	-0.476385594447482	5.82430132580153	1.33116127092138	0.24859873153761	0.293516882407334
"hsa-miR-132-5p"	0.185849143617786	3.81472965624793	0.14500153553869	0.703358581750435	0.742542903853523
"hsa-miR-133a-3p"	2.02270786174757	2.28066684829332	3.71001663252793	0.0540868520356141	0.07483729442497
"hsa-miR-134-5p"	4.57313308248883	2.82482336587475	10.4721493485333	0.0012118764149524	0.0022965058063348
"hsa-miR-136-3p"	2.79416009174709	2.52373752067772	5.85123209155912	0.0155661491897888	0.024479545821286
"hsa-miR-139-5p"	2.48541087420663	2.89314467495054	8.26206821202754	0.00404819826899123	0.00691111326102557
"hsa-miR-140-3p"	0.0180533856425338	12.912049010073	0.0036184971686879	0.952033025354634	0.957904720495118
"hsa-miR-140-5p"	-0.598816391340695	6.91215717856765	2.13608727141031	0.143868422978403	0.182973598351727
"hsa-miR-141-3p"	-3.00385085511467	8.03625109284304	19.2188343330371	1.16557723039467e-05	2.90627480473409e-05
"hsa-miR-142-3p"	-1.10775600654842	12.699168927634	3.253549544615	0.0712689647803393	0.0956705721293136
"hsa-miR-142-5p"	-2.07534625971365	15.5748391556035	11.0763043490279	0.000874378920516067	0.00170819387049273
"hsa-miR-143-3p"	12.10146970698	14.9511255885319	447.664017184142	2.3253749349717e-99	8.81317100354275e-97
"hsa-miR-143-5p"	8.51648414611517	4.61115771727382	74.4658000633442	6.16979036678367e-18	8.35125196075362e-17
"hsa-miR-144-3p"	8.56887862468285	4.65669170092215	60.2055412722301	8.54512957688004e-15	7.04044371660334e-14
"hsa-miR-144-5p"	6.40762552565901	6.76668982149809	89.836941505209	2.58619949054134e-21	4.0840400288132e-20
"hsa-miR-145-3p"	11.4140480241274	7.33133779259172	175.331921912825	5.06668435392695e-40	3.84054674027663e-38
"hsa-miR-145-5p"	11.6565735517772	7.56840574923312	182.550087879391	1.34478795339309e-41	1.27418658583995e-39
"hsa-miR-1468-5p"	-2.58054004212505	4.11202250199955	27.4437513645406	1.61730589706393e-07	5.2841287498899e-07
"hsa-miR-146a-5p"	-1.8400888037134	10.6190981200675	17.8452191168615	2.39620538647531e-05	5.78447032786079e-05
"hsa-miR-146b-3p"	-5.20504650476965	8.75342141556814	150.858550305878	1.12539380821849e-34	3.8774932119528e-33
"hsa-miR-146b-5p"	-1.91946437633036	11.9857870993225	35.095131621144	3.13984796578868e-09	1.36781882647576e-08
"hsa-miR-148a-3p"	3.62331435651504	14.5250659965973	62.9783074371644	2.08995705716301e-15	2.03100955042251e-14
"hsa-miR-148a-5p"	2.75837789466878	7.19962932776983	32.9162974125483	9.6213305605824e-09	3.79842112756326e-08
"hsa-miR-148b-3p"	2.01896209910428	10.6508825452133	34.7497973084021	3.74917735713808e-09	1.59655979590487e-08
"hsa-miR-148b-5p"	0.337006660319468	6.18672698501841	0.879766401873548	0.348265668026676	0.397568337897923
"hsa-miR-150-3p"	-6.0369070921225	7.72897427999475	143.817109709572	3.89562564136575e-33	1.23036843173135e-31
"hsa-miR-150-5p"	-8.65566692579711	18.0261696402096	267.085092003477	4.90019433053307e-60	6.19057883757344e-58
"hsa-miR-151a-3p"	-1.30034109452559	9.66577723973769	11.4269546521677	0.000723862327295966	0.00143635508924173
"hsa-miR-151a-5p"	-1.12163498256811	10.3241294142423	7.28262014511503	0.00696249077991105	0.0113252532428596
"hsa-miR-151b"	-3.72202803289738	4.39820658155452	39.8989766951444	2.67443278888541e-10	1.33369740393101e-09
"hsa-miR-152-3p"	-1.41360177390403	4.50689762199682	8.36620976558704	0.0038226205869968	0.00658533273850812
"hsa-miR-153-3p"	-7.30660300339264	3.81029114860913	27.5892784494898	1.50007960299707e-07	4.94374060465991e-07
"hsa-miR-155-5p"	-5.08968694129738	10.0214296797518	160.404635758108	9.23083471228022e-37	4.99783765136315e-35
"hsa-miR-15a-5p"	-0.409162726830768	11.2972780202951	1.51363591622463	0.218585115024725	0.268102778622559
"hsa-miR-15b-3p"	0.497633307828716	6.49617859358995	1.43906276171965	0.230291066183179	0.278850843717013
"hsa-miR-15b-5p"	1.4986371783108	10.2257980853993	17.0117234757859	3.71497315086894e-05	8.7998426511208e-05
"hsa-miR-16-2-3p"	-1.44714829236401	7.67297002256022	13.2802047758311	0.000268223198207733	0.000571104450116465
"hsa-miR-16-5p"	-0.2637195108869	13.9958533577925	0.621199832526768	0.430601769905463	0.477187341503422
"hsa-miR-17-3p"	-0.220969279113353	7.23532896669148	0.386637266402941	0.534072314750027	0.585009847659712
"hsa-miR-17-5p"	-0.45132422134021	8.62724998404744	1.19543134106722	0.274236721778461	0.3178462310521
"hsa-miR-181a-2-3p"	-0.377701447963055	6.51396238514465	1.29632649995655	0.254885322459181	0.298152892629721
"hsa-miR-181a-3p"	-1.00542042099243	8.05920984066882	7.01336342057405	0.00809035507430626	0.0131036092870174
"hsa-miR-181a-5p"	-1.20700428746787	14.4756385714878	11.3663816556036	0.000747854248275949	0.00147623312550305
"hsa-miR-181b-5p"	-1.91791093926944	9.55419626531772	28.8967335804892	7.63415437170141e-08	2.63031318806803e-07
"hsa-miR-181c-3p"	1.59368721438272	6.67670456376706	20.1515756662124	7.15412898566599e-06	1.85335532057925e-05
"hsa-miR-181c-5p"	0.281285781306744	10.5912497303964	0.606226316793112	0.436212216846251	0.481995423279094
"hsa-miR-181d-5p"	-0.0166294546757528	6.01368058617803	0.00189663483301361	0.96526281216354	0.967816417486724
"hsa-miR-182-5p"	4.3774713062036	7.56458502186368	70.5743107610315	4.43251562289835e-17	4.79978120308136e-16
"hsa-miR-183-5p"	6.06968609947432	4.75081798497202	62.6112368412691	2.51812648274277e-15	2.38592484239877e-14
"hsa-miR-185-3p"	2.91280154363542	4.4119193325763	31.1520161934728	2.38591419521167e-08	8.69482192293484e-08
"hsa-miR-185-5p"	1.38985007016871	7.04088749145477	14.8180217432256	0.000118398634779295	0.000260890015007865
"hsa-miR-186-5p"	-0.726768963726758	13.5798242765391	5.53531355445062	0.018636425669404	0.0289475628225579
"hsa-miR-18a-3p"	-0.204035227538391	3.8831184358074	0.177493467635404	0.673536222913774	0.719071066153015
"hsa-miR-18a-5p"	1.13788623636479	5.8678792042951	4.16269705091912	0.0413235538438127	0.0593243443439583
"hsa-miR-190a-5p"	1.5919652463721	2.58390694260163	4.00147265138665	0.0454605272498099	0.0642893277152162
"hsa-miR-190b"	0.546082131020506	3.84007717248545	1.33658097961534	0.24763782046944	0.293296043618493
"hsa-miR-191-3p"	1.26494590630671	3.59813591637118	5.12479224573634	0.0235863939908795	0.0356145152292564
"hsa-miR-191-5p"	3.31219462941872	15.5595760183912	89.867717489446	2.54628080018954e-21	4.0840400288132e-20
"hsa-miR-192-5p"	-1.23099734819093	12.3535918564122	9.81551388413277	0.0017304591796412	0.00320455035325546
"hsa-miR-193a-3p"	1.06375195986903	3.27383650771055	1.34371181375853	0.246380441637611	0.292721590534968
"hsa-miR-193a-5p"	4.58459050185201	6.20255796872596	73.5030228227873	1.00482162214262e-17	1.22847546707113e-16
"hsa-miR-193b-3p"	-5.98080335727725	4.1521130493607	62.492421078542	2.67471971854914e-15	2.47248481300031e-14
"hsa-miR-194-5p"	-1.51824322275459	7.3305587840733	18.1053386331805	2.09014584968369e-05	5.11074372277495e-05
"hsa-miR-196b-5p"	5.81324965600651	4.89446360651209	58.0705250325364	2.52887105720759e-14	1.95600434832995e-13
"hsa-miR-197-3p"	1.75521925792725	11.3502554908885	26.4659111452769	2.6822996294906e-07	8.40158313699949e-07
"hsa-miR-1976"	1.26395496195743	4.59690819648008	8.54179997573873	0.0034708223927366	0.00600658304496426
"hsa-miR-199a-3p"	3.73183524317305	8.98487084740635	51.6729565942741	6.5559579805428e-13	4.43697870468879e-12
"hsa-miR-199a-5p"	3.65207810659268	5.55279837244663	32.3343891217637	1.29795778899756e-08	5.07140208278429e-08
"hsa-miR-199b-3p"	3.88129718179468	7.83292145222976	52.7614586985913	3.76619653723849e-13	2.69318582568563e-12
"hsa-miR-199b-5p"	4.38559907433864	9.10917970956111	49.0345465542964	2.51493819030089e-12	1.61552809173566e-11
"hsa-miR-19a-3p"	-0.824910047958497	8.46774741634938	1.74936950754736	0.185956013680524	0.231073210442357
"hsa-miR-19b-3p"	-1.85914792631015	10.9669301024735	8.6258517609364	0.00331425433595841	0.0057884902918352
"hsa-miR-200b-3p"	0.221758933381327	4.51334200318747	0.289259442467326	0.590695488179185	0.637816495783223
"hsa-miR-200c-3p"	-0.771580677750572	4.73232416581222	3.04123341176306	0.0811742184165528	0.107570030698858
"hsa-miR-20a-3p"	-1.94896529659202	3.03789316905832	9.88160356011807	0.0016693938960113	0.00312681875026212
"hsa-miR-20a-5p"	-1.41188342204611	9.34736053031376	10.8013779358453	0.00101424572702274	0.00195126462203868
"hsa-miR-20b-5p"	-2.80484753768506	4.47443871938665	20.9927833035628	4.61016647932663e-06	1.20500213494124e-05
"hsa-miR-21-3p"	-2.58446992039251	9.58518546832861	29.0445057743421	7.07344254391413e-08	2.45948139829675e-07
"hsa-miR-21-5p"	-2.87594772910169	14.7223027224538	47.2039179756089	6.39724422901921e-12	3.91057348838432e-11
"hsa-miR-210-3p"	-2.79397843932757	4.51770837845613	31.2281707374145	2.29412685024351e-08	8.44149588584748e-08
"hsa-miR-2110"	0.137830314682184	3.60036442779962	0.0654584782796879	0.798067787104711	0.824162646628571
"hsa-miR-2110-3p"	0.609985293418276	5.40555725054895	1.43906309017903	0.230291012989098	0.278850843717013
"hsa-miR-2115-3p"	8.37414171014721	4.48587264932563	69.4668958697209	7.77078675513264e-17	8.18091161165353e-16
"hsa-miR-2115-5p"	6.95283566248606	3.30519755495858	34.4990203347683	4.26465911683692e-09	1.77616022558373e-08
"hsa-miR-212-5p"	0.681630173988848	3.36887728001292	1.26681246975121	0.260365511191353	0.303626242281609
"hsa-miR-215-5p"	-1.46746743060732	4.13230162664967	9.30546808104853	0.00228470927011979	0.00420342142415243
"hsa-miR-22-3p"	-0.997295187906692	13.5792870380606	8.28453101522227	0.00399842302568402	0.00685702410286988
"hsa-miR-22-5p"	-0.852795010756936	5.01604109947861	5.49277393479767	0.0190952232750488	0.029539141311198
"hsa-miR-221-3p"	-0.679022512423564	11.2054374258691	3.66026210759514	0.0557248659820857	0.0767989971171291
"hsa-miR-221-5p"	1.65139955990142	7.96810592165567	20.142414615362	7.18847578166624e-06	1.85335532057925e-05
"hsa-miR-222-3p"	-1.54631150640409	9.73658090096885	16.794520725063	4.16534007469599e-05	9.68505452950784e-05
"hsa-miR-223-3p"	9.54694505469391	15.4776692607135	390.643031650109	5.99637500027186e-87	1.13631306255152e-84
"hsa-miR-223-5p"	4.93391856021143	5.65285532181842	90.1922135157208	2.16110916207431e-21	3.7230016928462e-20
"hsa-miR-224-5p"	6.91715769208226	3.27806021701301	32.2519788505444	1.3541910004054e-08	5.23712641993519e-08
"hsa-miR-2277-5p"	1.04082392766045	3.77526306977708	3.70948731546447	0.0541040070512976	0.07483729442497
"hsa-miR-2355-3p"	2.71131480294377	2.97886050269299	10.8042864015275	0.00101265351814328	0.00195126462203868
"hsa-miR-2355-5p"	3.20917600130012	5.92064745015509	47.5299689601285	5.41694517911992e-12	3.42170370481075e-11
"hsa-miR-23a-3p"	1.37653522987307	11.783762818782	18.0149278820565	2.19179481752281e-05	5.32493740923811e-05
"hsa-miR-23a-5p"	-0.761291990293328	4.19474881828306	2.89939939877519	0.0886125635266478	0.116208171545327
"hsa-miR-23b-3p"	0.402141087249564	7.72519157741726	1.29829213748779	0.254525420120154	0.298152892629721
"hsa-miR-23c"	4.35052438044582	1.75471561411608	5.2171953550968	0.0223645929092909	0.0341781480347631
"hsa-miR-24-2-5p"	2.17502296372461	6.56867523323559	30.6748190690479	3.05098905121987e-08	1.0806774302919e-07
"hsa-miR-24-3p"	1.73559100467019	10.2954453526429	21.4120138592885	3.70442719904516e-06	9.7519033296197e-06
"hsa-miR-2467-5p"	3.32323216968434	4.15161845577797	31.8317365840862	1.68123091778508e-08	6.30877740436185e-08
"hsa-miR-25-3p"	0.583949453298958	12.6560396740979	3.72383172100017	0.0536411408112385	0.0747426189980124
"hsa-miR-25-5p"	-0.899757184556318	4.42646665504587	3.47531980203206	0.0622906805641359	0.0852280430823376
"hsa-miR-26a-2-3p"	-0.756229956744289	4.57797177422801	0.953036126520303	0.328947679654123	0.377791426027008
"hsa-miR-26a-5p"	-0.537120694726355	16.5381361344794	3.33501416047534	0.0678198230741481	0.0921280033874629
"hsa-miR-26b-3p"	-0.43910817512718	7.35252250577124	1.72364850247911	0.189224079231907	0.23436577133625
"hsa-miR-26b-5p"	0.370270556036148	13.6429762417486	1.31593157565919	0.251323512947721	0.295812457786293
"hsa-miR-27a-3p"	-0.170532617507092	12.5782529044771	0.215094143654596	0.642803631701628	0.690148941685317
"hsa-miR-27a-5p"	-0.0947227069728343	5.89352224358676	0.0753710509287624	0.783671292684782	0.815965439361353
"hsa-miR-27b-3p"	-0.351847291830952	11.6216712101869	0.897795242274441	0.343373576391704	0.393167931880531
"hsa-miR-27b-5p"	-1.79398991111317	3.05528535757306	8.90421764831989	0.00284512747143776	0.00508633637582506
"hsa-miR-28-3p"	-0.869684974536325	12.5237689874476	6.93912073492581	0.00843305567838533	0.0136005451153534
"hsa-miR-28-5p"	-2.46728776364081	9.60923202784543	52.3634322827511	4.61232958533332e-13	3.17831438698424e-12
"hsa-miR-296-5p"	-4.03620545744961	3.18254957727639	28.4827145901861	9.45387506127221e-08	3.19912379305551e-07
"hsa-miR-29a-3p"	-2.88008662427152	14.0716312297679	72.0901787564247	2.05584397628495e-17	2.36110565761211e-16
"hsa-miR-29a-5p"	-1.53737858565513	5.53728857601293	9.87566909635479	0.00167478682401903	0.00312681875026212
"hsa-miR-29b-1-5p"	-1.40641171891265	3.55188483336688	7.99726154247576	0.00468481489029338	0.00792653947955889
"hsa-miR-29b-2-5p"	-1.38711659450651	3.31786233689014	4.51590947973331	0.0335810280762923	0.0489508063112107
"hsa-miR-29b-3p"	-3.11036320940142	9.52315823188673	27.2253836252951	1.81065798733424e-07	5.81558794237015e-07
"hsa-miR-29c-3p"	-3.15332144425714	12.1547737434872	44.1299657468213	3.07280710357173e-11	1.68781723515027e-10
"hsa-miR-29c-5p"	-0.90892721525139	6.80158290305487	4.78658198265087	0.0286822896146563	0.0424632334529483
"hsa-miR-301a-3p"	0.199627049347455	6.57980439395367	0.252246580667238	0.615497614574315	0.662709079328595
"hsa-miR-301b-3p"	0.935473558622209	3.66922765295613	3.23201475184489	0.072211797552449	0.0963671523675288
"hsa-miR-30a-5p"	1.17388774327663	3.52507076888119	4.0589516876107	0.0439377679549058	0.0628392983204124
"hsa-miR-30b-5p"	-2.18180984830122	11.403146848277	40.3386204858357	2.13545623870929e-10	1.07911721929443e-09
"hsa-miR-30c-1-3p"	0.904755340089331	4.4210865889704	3.83101052952905	0.0503125905365286	0.0706239696790531
"hsa-miR-30c-5p"	0.659269387023485	12.3906329366361	4.38423631065893	0.036272738310181	0.0526719073546306
"hsa-miR-30d-3p"	-2.21282151839071	5.05087356937517	15.8572134140558	6.83056688784666e-05	0.000155017056915801
"hsa-miR-30d-5p"	-0.530933004320689	12.9598620757967	2.48245074193505	0.115122745005367	0.148406531826646
"hsa-miR-30e-3p"	0.45449665512332	9.10913127531012	1.7546299736667	0.18529573730976	0.231010146185523
"hsa-miR-30e-5p"	-0.509223097431202	13.1721592089988	1.47551787184238	0.224477111716308	0.273558923924375
"hsa-miR-31-3p"	-7.46227723915309	3.41177673894836	45.6949984422315	1.38175131201957e-11	8.18255855086591e-11
"hsa-miR-31-5p"	-6.90831502826905	7.94685841656611	127.313982265404	1.58589833548456e-29	4.00703646099099e-28
"hsa-miR-3150b-3p"	6.61349256246816	3.04743891630361	26.7142519299152	2.3587532315248e-07	7.44972895623249e-07
"hsa-miR-3173-5p"	0.0435919190301365	2.93683695864531	0.00477792888704709	0.944892060316509	0.957524307112184
"hsa-miR-32-3p"	-0.719738000223672	3.17803531446067	1.2353099135661	0.266376866127597	0.309683534547114
"hsa-miR-32-5p"	-4.39622941321252	7.38841951761247	34.5796295485668	4.09165761055359e-09	1.72304248266645e-08
"hsa-miR-3202"	-3.51999585279628	2.73427029752591	18.3925027138922	1.79763900037225e-05	4.42405961779923e-05
"hsa-miR-320a"	-2.04585074186944	9.87087052731544	34.3618950981897	4.57595069908838e-09	1.88509273364619e-08
"hsa-miR-320b"	-2.54317725786757	4.24848048780441	29.9914636426897	4.33952481213211e-08	1.52285176277599e-07
"hsa-miR-320d"	-1.14207919803868	3.65298740689792	4.57194729554779	0.0324996027490809	0.0475573337525161
"hsa-miR-323b-3p"	6.07999005578892	2.66646809209663	13.3634046092468	0.000256582087926681	0.00054940458375261
"hsa-miR-324-3p"	-0.860920807775946	4.85555311564818	4.99018888380093	0.0254914260895573	0.038036419243867
"hsa-miR-324-5p"	-0.619292327210855	4.68319608477151	1.75577815079412	0.185151984133793	0.231010146185523
"hsa-miR-326"	1.63766339508529	5.84018133850214	16.7400152321622	4.28672601612034e-05	9.90651926896102e-05
"hsa-miR-328-3p"	-0.249828205274586	6.89427865681721	0.533189948455901	0.465268817858064	0.511121397009294
"hsa-miR-330-3p"	-0.377427895536127	6.01413271661729	0.967342889577752	0.325343749731142	0.374788088596057
"hsa-miR-330-5p"	-1.24909744284516	5.17773955813289	11.4366887193041	0.000720080003913004	0.00143635508924173
"hsa-miR-331-3p"	0.0358326118215532	8.28460947463631	0.00654204936765446	0.935535050441466	0.950583871628192
"hsa-miR-331-5p"	-3.54089961407858	3.31921609686976	31.9186233623027	1.60768366650381e-08	6.09312109604946e-08
"hsa-miR-335-3p"	-1.60388848847824	5.27499594381074	14.3072926596895	0.000155262214239717	0.000338186087338235
"hsa-miR-335-5p"	-1.04327086797256	6.42193679754744	4.24542347352499	0.0393562533518984	0.0569313741235477
"hsa-miR-338-3p"	5.70138522879489	10.5781335276582	154.723852993432	1.6089431845871e-35	6.09789466958512e-34
"hsa-miR-338-5p"	5.84950035883828	6.99373124521649	113.393774330122	1.76909531326213e-26	3.94404190427263e-25
"hsa-miR-339-3p"	-4.08347155160062	9.20055496074104	84.5027518119039	3.83680445174905e-20	5.81659554885156e-19
"hsa-miR-339-5p"	-0.495514002178053	6.90244019185546	1.54166425811561	0.214370253590025	0.263786773086427
"hsa-miR-33a-3p"	-2.26298628610975	3.92878722503101	11.6943552623492	0.000626899885110121	0.00125711670082929
"hsa-miR-33a-5p"	-0.547303614525399	3.97305046568886	0.755396781447134	0.384772938390739	0.43144657884642
"hsa-miR-33b-5p"	-1.37324076599059	4.31349635002944	2.78770588828583	0.094990127670161	0.123715664560107
"hsa-miR-340-3p"	3.83719794414879	5.85270415395125	67.7412939391466	1.86418128037625e-16	1.90952623043946e-15
"hsa-miR-340-5p"	3.14797919345813	10.1641639247309	44.5440137197681	2.48702775122666e-11	1.42815684502258e-10
"hsa-miR-342-3p"	-5.55483561987336	13.306228615843	169.082510426841	1.17370367285606e-38	7.41389486687409e-37
"hsa-miR-342-5p"	-6.22780957277287	8.20909675854162	159.486137166378	1.46528556406034e-36	6.94179035973587e-35
"hsa-miR-345-5p"	3.53829284050203	8.47097680861904	60.8318491841547	6.21640246437917e-15	5.35458303181751e-14
"hsa-miR-34a-5p"	-3.39966919389224	4.51951283671324	28.6319991556285	8.75238267561124e-08	2.9884261568078e-07
"hsa-miR-34c-5p"	3.0190996751203	3.97381383171763	24.53465275983	7.29853509543401e-07	2.11156091692327e-06
"hsa-miR-3605-3p"	1.65034222488897	4.57454218154637	8.93871244197104	0.00279189448874161	0.00503870481539557
"hsa-miR-3605-5p"	3.76167872716455	3.84134293690692	30.8972701804707	2.72054180493097e-08	9.72722022706449e-08
"hsa-miR-3607-3p"	-4.95323077637197	9.25674837251942	127.797645265959	1.24290608419134e-29	3.36472432791798e-28
"hsa-miR-3607-5p"	-5.31598701711095	3.0320243174901	33.4238423749314	7.41098413478855e-09	2.98804573094134e-08
"hsa-miR-3609"	-2.02241259678879	3.49413330335531	8.85446079490726	0.00292373475441433	0.00520232615926306
"hsa-miR-361-3p"	-2.53394823354512	11.0288826280623	43.4275020457018	4.39960997044943e-11	2.31590580388936e-10
"hsa-miR-361-5p"	-0.536645240636296	8.24048913696321	2.4451915535695	0.117885493713065	0.151452888533057
"hsa-miR-3613-3p"	0.983490454185717	3.69217761134973	2.8714928513548	0.0901612027675994	0.117831364996276
"hsa-miR-3613-5p"	1.49487236284921	5.4024794302285	7.9164949985895	0.00489860832813245	0.00819167830239016
"hsa-miR-3614-5p"	7.25092358834646	5.00774980754069	59.9652645555582	9.65463098188803e-15	7.78533008965013e-14
"hsa-miR-3615"	1.1255209103504	5.97948175414808	8.80706840246783	0.00300065775731336	0.00526713077289718
"hsa-miR-362-3p"	-2.47510462687807	3.1404375295209	7.33225760735608	0.00677279325143023	0.0110641751822934
"hsa-miR-362-5p"	1.14267939819555	3.68394920627514	3.09286957132384	0.0786360205682443	0.104572111562683
"hsa-miR-363-3p"	-3.61871796506571	9.22265833838322	36.2135428221849	1.76837380752741e-09	7.97873420301056e-09
"hsa-miR-3651"	-1.79088328628739	3.16904124589846	5.10476339295434	0.023860233176507	0.0358850332297467
"hsa-miR-3653-3p"	-4.72468899455731	3.73605821991004	47.0173011043067	7.03628293650267e-12	4.23293846497541e-11
"hsa-miR-3653-5p"	-4.44455467865619	3.21681534899353	37.2773735742739	1.02466569216685e-09	4.67889514856909e-09
"hsa-miR-365a-3p"	2.72568075744273	4.67861953350055	23.6883577904697	1.13265660729586e-06	3.20237822846588e-06
"hsa-miR-365b-3p"	2.64654442117325	4.68701911909338	23.971046674389	9.77953478469032e-07	2.7867997619531e-06
"hsa-miR-3690"	5.53200604216584	5.33228214501224	44.5940432969316	2.42428109457203e-11	1.41354236129661e-10
"hsa-miR-371b-3p"	7.23945841216306	3.53286233204196	35.1453277938219	3.05994680486459e-09	1.34851144074846e-08
"hsa-miR-371b-5p"	7.34609773347925	5.85726081271697	72.6744859250224	1.52898041442915e-17	1.81088617833952e-16
"hsa-miR-374a-3p"	-1.23330056722092	7.05996929829022	3.97774478270936	0.0461052536029634	0.0649587030316845
"hsa-miR-374a-5p"	0.179664610880403	7.44912562713384	0.135211049558482	0.713089072135025	0.750724328719929
"hsa-miR-374b-5p"	-0.749709899836864	6.87070684873324	4.9199617240061	0.026548105274247	0.0394577721527043
"hsa-miR-378a-3p"	-0.954416277990667	9.86105879120358	8.60691787911742	0.00334888533796199	0.00582214469306235
"hsa-miR-378a-5p"	-0.120317600864432	3.42007736722058	0.0421418681899279	0.837349582709024	0.857717545531676
"hsa-miR-378c"	-0.952204847799072	3.34202041369239	2.6869151723271	0.101175517440871	0.130872085699967
"hsa-miR-381-3p"	1.8277763193303	2.73482164538234	3.62107370953173	0.057052041582781	0.078343202028529
"hsa-miR-382-5p"	2.55959108488881	2.15015201678343	4.77162439243296	0.0289325147830795	0.0426670159641522
"hsa-miR-3909"	2.80897250170549	5.1085655052953	27.0528748144609	1.97965594224328e-07	6.30495463958154e-07
"hsa-miR-3912-3p"	-3.20227831678529	4.14808767036154	19.9843307991135	7.80793773717772e-06	1.99946513675024e-05
"hsa-miR-3928-3p"	2.75529437212145	2.96737566072539	11.7192233435139	0.000618577653842676	0.00124702622769348
"hsa-miR-409-3p"	5.66119380219373	5.87918819754527	25.3963667900418	4.6679643982924e-07	1.43834024955514e-06
"hsa-miR-409-5p"	6.53780446914643	4.37897454111411	19.6878461309099	9.11794321595825e-06	2.30380031923212e-05
"hsa-miR-410-3p"	3.40582510867923	4.20752463100606	10.885864870211	0.000969009221779653	0.00188335638489481
"hsa-miR-411-5p"	3.68707596310714	3.60033559957936	11.7550748064629	0.000606775723922803	0.00122977539768312
"hsa-miR-421"	1.23499565749097	6.81019778867462	9.15233066194917	0.00248401473615537	0.00452616146636003
"hsa-miR-423-3p"	-0.31500148531084	11.9586725358507	0.826544279266983	0.363273693843207	0.410987253631569
"hsa-miR-423-5p"	-1.07662356677557	11.6846430958715	6.68992951581953	0.00969590384392748	0.0155052639529473
"hsa-miR-424-3p"	4.26065955954347	4.97319792437644	57.910178573008	2.7436378323411e-14	2.07967747691456e-13
"hsa-miR-424-5p"	5.20486991730944	7.3194924615453	79.9262327641389	3.88652160902333e-19	5.45552477711053e-18
"hsa-miR-425-3p"	2.33932993948724	6.58351205100135	34.929113806522	3.41929647524268e-09	1.4726288228602e-08
"hsa-miR-425-5p"	1.2208779720189	9.94085490878549	11.3461956240458	0.000756026811101246	0.00148463296065996
"hsa-miR-4286"	3.56064364266221	2.80338768330418	12.0992851327702	0.00050441157989906	0.0010278063912997
"hsa-miR-431-5p"	3.62103055113945	2.71222802952635	9.03160383796398	0.0026535156863263	0.00481187772783574
"hsa-miR-4326"	-0.0636832810468219	2.703817702778	0.0034961712441639	0.952849814318363	0.957904720495118
"hsa-miR-4433b-5p"	4.1793721916765	4.58948948615114	43.7263489487009	3.77652895613885e-11	2.01592179489665e-10
"hsa-miR-4443"	-5.35376787236207	3.55539430138187	43.7694550609904	3.69425869191818e-11	2.00017720605285e-10
"hsa-miR-450a-5p"	5.46057460228852	6.85199826645218	109.618580358352	1.18781924710727e-25	2.50101941474252e-24
"hsa-miR-450b-5p"	7.29984331898653	7.13832352177337	143.225334266317	5.24762645870888e-33	1.52988494450051e-31
"hsa-miR-451a"	7.2479611492516	11.5944403686657	158.723693751156	2.15036734466659e-36	9.05543581809599e-35
"hsa-miR-454-3p"	0.132915603743003	7.64677339399162	0.129742781885633	0.718698880619637	0.75453428186937
"hsa-miR-454-5p"	1.83014129512948	4.79954395801371	16.5682495787589	4.69301721584857e-05	0.000107797183321613
"hsa-miR-455-5p"	-6.09103638863042	2.31689308763328	25.8783014432012	3.63633828496073e-07	1.12964935245911e-06
"hsa-miR-4645-3p"	1.90338711779403	3.84276003537871	12.6679699619129	0.00037197318523733	0.000783210206694157
"hsa-miR-4677-3p"	0.836098980937831	4.11474857921616	2.75392110021929	0.0970162423390176	0.125921766597561
"hsa-miR-4732-3p"	5.17710965763071	2.09893742080542	9.2955765410089	0.00229707837020287	0.00420576184689318
"hsa-miR-4772-3p"	3.60264660365603	3.76012368897624	23.6747585672048	1.1406888148889e-06	3.20237822846588e-06
"hsa-miR-4772-5p"	2.47152999280908	5.19197533229778	25.0680604468365	5.53419699651089e-07	1.67552675826727e-06
"hsa-miR-484"	0.834830487251732	10.8538907788964	5.26943064054248	0.0217031100512317	0.0333015332365053
"hsa-miR-485-3p"	6.06671756346225	2.65971606934078	12.2608861619081	0.000462551799547319	0.000957962470100732
"hsa-miR-486-3p"	0.300596184042466	4.11939547730248	0.326514141489417	0.567718933253354	0.614758502008632
"hsa-miR-486-5p"	4.06360783279448	12.615747014293	67.1763476602685	2.48274955632794e-16	2.47621600486392e-15
"hsa-miR-487b-3p"	3.73139513724972	2.78729758564584	10.013217860645	0.00155420733212376	0.00293057004415376
"hsa-miR-491-5p"	2.69355041295429	3.07036173478116	13.4483610523179	0.00024522031054705	0.000528059646007569
"hsa-miR-496"	5.03608213813087	2.01928261099984	7.91363394538792	0.0049063614106664	0.00819167830239016
"hsa-miR-500a-3p"	1.40790744363236	8.22856490511591	14.59654349091	0.000133158562407544	0.000291717313019996
"hsa-miR-501-3p"	1.12204346762445	7.20278115842776	8.8293634688486	0.00296421761572257	0.00524971250634979
"hsa-miR-502-3p"	0.173976892028092	4.27572121311001	0.0953754728403604	0.757451458157395	0.790837748324112
"hsa-miR-503-5p"	5.60058952357286	2.34724357150496	14.9581926318279	0.000109919749209164	0.000243623303802768
"hsa-miR-504-5p"	8.64115719658955	4.72381145647215	51.5380973727975	7.02211299173622e-13	4.66908916468075e-12
"hsa-miR-505-3p"	0.003149557268555	6.2102760141227	7.21545428601367e-05	0.993222544440353	0.993222544440353
"hsa-miR-514a-3p"	-6.2698400714994	2.44379118693265	24.6644700813122	6.82305214467279e-07	2.00460214172945e-06
"hsa-miR-532-3p"	-0.0983148395573905	5.11467212076337	0.0668168347606339	0.796029131807212	0.824162646628571
"hsa-miR-532-5p"	0.0236040568111149	8.77917432757977	0.00394862827422493	0.94989541712396	0.957904720495118
"hsa-miR-542-3p"	4.42092999334701	3.38231674160699	27.7453844723699	1.38377951706567e-07	4.60045997340255e-07
"hsa-miR-542-5p"	5.23950592841035	4.67617443148441	61.3856394294083	4.69220424654584e-15	4.1356869986997e-14
"hsa-miR-548au-5p"	1.30039040546739	3.36130529666133	5.09635068452568	0.0239762352342287	0.0359169689872438
"hsa-miR-548e-3p"	2.82025466612152	7.66006961546439	32.925575803392	9.57552096079265e-09	3.79842112756326e-08
"hsa-miR-548e-5p"	1.74717606981554	4.71634643687857	16.0388292622343	6.20566584253812e-05	0.000141683575561563
"hsa-miR-548k"	2.47518116072178	6.92272860105762	38.0333024662809	6.95473560291914e-10	3.33651239684349e-09
"hsa-miR-548o-3p"	0.180301698508617	4.34722736963994	0.185952104935705	0.666307218816013	0.713362813365166
"hsa-miR-548w"	-0.518515379402872	3.7094708111736	0.777205801448427	0.37799706959187	0.425106496662666
"hsa-miR-550a-3p"	3.82344451181575	5.24999958386585	60.3822538080842	7.8114045873956e-15	6.57893853027319e-14
"hsa-miR-550a-5p"	3.34034929916675	3.48761223448418	22.5464751216671	2.05120551449497e-06	5.67450284666856e-06
"hsa-miR-551a"	4.9081486572604	3.71479355538494	38.4494957283827	5.61890984125397e-10	2.73021388440417e-09
"hsa-miR-5690"	-2.22090490953738	3.65737427612815	15.1764124907708	9.79189478950998e-05	0.000218301654424958
"hsa-miR-574-3p"	5.47623939595464	6.70986944761124	108.912542585954	1.6960672545072e-25	3.38320783925383e-24
"hsa-miR-576-5p"	-0.957345412697121	6.12953003394687	7.6240416570861	0.00575952668251322	0.00957395005558118
"hsa-miR-582-3p"	4.02904637793281	6.648632547192	59.4130263642089	1.27820182817755e-14	1.00924686016519e-13
"hsa-miR-582-5p"	4.1715904947973	7.3747812942525	57.7967613691659	2.90647860982598e-14	2.15991253553735e-13
"hsa-miR-584-5p"	6.08120994563069	5.75637975771128	73.6421361325729	9.36441780892953e-18	1.1830381165281e-16
"hsa-miR-589-3p"	0.0780638499712977	4.6344848635304	0.0335056289898725	0.854762373742608	0.873193907408217
"hsa-miR-589-5p"	1.57012799420668	7.97324766148627	16.827421388639	4.09374751806594e-05	9.57734758856168e-05
"hsa-miR-590-3p"	-0.996504776595906	6.35880178241629	2.25322673607263	0.133336114148472	0.170149452061518
"hsa-miR-598-3p"	-2.72939916265375	4.49090899380301	23.1459493326332	1.50159185717623e-06	4.18458319021906e-06
"hsa-miR-616-5p"	0.371618355879502	4.30427772312637	0.648615033799765	0.420608276684968	0.468854520187067
"hsa-miR-618"	10.6742684076606	6.61404359998803	116.48499260113	3.72184951472219e-27	8.81613103799819e-26
"hsa-miR-625-3p"	-2.70201861827633	5.95699638845104	31.5445633811489	1.9491532188496e-08	7.24244186219605e-08
"hsa-miR-625-5p"	-1.00160901715356	4.94861853743588	6.76421746503724	0.0093003697318309	0.0149357632557793
"hsa-miR-627-3p"	0.365266700014023	2.94693555458464	0.327775065376906	0.566972156547542	0.614758502008632
"hsa-miR-628-3p"	2.11062769250663	4.59135363296895	22.3715831584477	2.24673836233599e-06	6.08224170946673e-06
"hsa-miR-628-5p"	2.49091479302989	5.51734489121967	37.7982730831136	7.84511898781967e-10	3.71662512047957e-09
"hsa-miR-629-3p"	-0.584504192013511	3.8482069687787	1.3996049753096	0.236789721830945	0.283265054985981
"hsa-miR-629-5p"	2.40712312780263	5.90188322213293	31.044893860131	2.52128729913034e-08	9.10064653686093e-08
"hsa-miR-641"	0.751777641996062	3.68073179496465	1.90351235937675	0.16768570063694	0.210440001792716
"hsa-miR-642a-5p"	-3.09874965961062	3.39205180948148	17.3705223555058	3.07559177654163e-05	7.37752710955239e-05
"hsa-miR-651-5p"	-0.396626294304174	3.12757585313934	0.381695241428805	0.536697365383997	0.586191070549091
"hsa-miR-6516-3p"	-0.953001608292682	3.61847893768201	1.39524958479174	0.237520567067527	0.283265054985981
"hsa-miR-652-3p"	0.572856855304164	8.1835292716925	2.42366280675901	0.119515188053199	0.15302789281136
"hsa-miR-652-5p"	0.912879401108714	4.56906154471644	3.25322298352397	0.0712831632925644	0.0956705721293136
"hsa-miR-654-3p"	4.10417604560074	4.83311949076707	21.7745270213174	3.06644473050642e-06	8.18438417508403e-06
"hsa-miR-659-5p"	-1.08848078251672	3.78173486178633	5.1511024015592	0.0232316195834939	0.0352191352885767
"hsa-miR-660-5p"	0.429203949031132	7.91457927112703	0.816433398509566	0.366225024236628	0.413093107695482
"hsa-miR-664a-3p"	-0.668697339610941	7.12017229904451	2.97641959193698	0.0844859770061103	0.111181198907347
"hsa-miR-664a-5p"	-1.20628922479206	3.85230977576405	5.91761338972763	0.014990250423043	0.0236721037930554
"hsa-miR-664b-3p"	-1.47991420844353	3.69505264938815	7.4306838290483	0.00641209707257473	0.0105202804783802
"hsa-miR-671-3p"	0.478798694282692	5.67002684549003	1.39671662465794	0.237274089125263	0.283265054985981
"hsa-miR-671-5p"	-3.30644917618215	3.62376108219134	32.0037726729484	1.5387345574645e-08	5.89071108362674e-08
"hsa-miR-6731-3p"	-4.70142693584328	2.71656524354866	25.3369481407245	4.81398658363916e-07	1.47137170580584e-06
"hsa-miR-6769b-3p"	-3.12855730009781	3.4183098978344	24.6271049231946	6.95663405286501e-07	2.02812638925834e-06
"hsa-miR-6803-3p"	-0.657897163608132	4.2146204193999	1.489053452076	0.222363380182302	0.271857164803524
"hsa-miR-6819-3p"	2.26729410990635	2.80903125805007	8.92936116897335	0.00280622481206529	0.00504056494679025
"hsa-miR-6842-3p"	1.95880787413774	5.61634617647309	25.0555039023529	5.57035281112601e-07	1.67552675826727e-06
"hsa-miR-6852-5p"	4.19348519499777	3.16261986434474	21.4116094363084	3.70520865294258e-06	9.7519033296197e-06
"hsa-miR-7-1-3p"	-1.75798529134802	6.46215403577231	19.8312316217909	8.45892009153254e-06	2.1516313521415e-05
"hsa-miR-7-5p"	1.5299889275814	5.57810285681766	12.1001740265095	0.000504171171746624	0.0010278063912997
"hsa-miR-7155-3p"	5.84521416713104	2.50549405237743	18.4826140657528	1.71461302719842e-05	4.24730939417125e-05
"hsa-miR-744-3p"	2.33051408593507	2.67060907767485	7.96405851593012	0.00477153034364549	0.00803737777885174
"hsa-miR-744-5p"	2.47883849376825	7.65716562251732	39.6907041538312	2.97538348065534e-10	1.4645069339849e-09
"hsa-miR-766-3p"	-0.609257759674309	7.17523943176449	3.03032176912112	0.0817218084886409	0.107918346401376
"hsa-miR-769-5p"	-0.403395696225931	9.61303056514386	1.39433976789509	0.237673581756047	0.283265054985981
"hsa-miR-7706"	-0.316359882050839	4.02934626663844	0.351978926888917	0.552995039634357	0.602256092015579
"hsa-miR-7976"	2.05706059075419	4.17581631613396	14.2810307298865	0.00015744355334653	0.000340977752676199
"hsa-miR-7977"	1.50639043047787	2.8605547667232	4.64561689929457	0.0311329453102525	0.0457340553200997
"hsa-miR-873-3p"	4.79888128279144	3.45675419057774	27.8501806847235	1.31081827268408e-07	4.39646128625901e-07
"hsa-miR-873-5p"	7.43780506852762	3.69008937369281	34.1532299586997	5.09386214682458e-09	2.07588575660916e-08
"hsa-miR-874-3p"	-5.16209559038405	7.54861660943532	91.8286961578888	9.45139192597703e-22	1.70575120949776e-20
"hsa-miR-874-5p"	-4.07263310888696	4.38294603101035	37.3948610158432	9.64760012480752e-10	4.45907371622201e-09
"hsa-miR-877-5p"	-2.32429530037498	4.07219934565812	16.9169620247036	3.90510674661924e-05	9.19276681347014e-05
"hsa-miR-9-5p"	-0.303291187386913	3.55827730400848	0.166756624433403	0.683010532527275	0.727137617493925
"hsa-miR-92a-1-5p"	-4.78975970679848	3.45922975214698	41.5478284320806	1.15022176525393e-10	5.8910006625843e-10
"hsa-miR-92a-3p"	-1.04464392436506	16.3536745914254	12.156697292914	0.000489119119626198	0.00100747905618657
"hsa-miR-92b-3p"	-2.70689462220165	8.72174521051768	35.5798476252244	2.44807079487444e-09	1.09155156618519e-08
"hsa-miR-93-3p"	3.02621515719184	6.12290967027857	52.5326594328135	4.23152547514408e-13	2.96990399088816e-12
"hsa-miR-93-5p"	1.11418335823949	10.666022776612	10.7290797926789	0.00105464880773152	0.00200860250316706
"hsa-miR-935"	5.44914358461851	2.25486014110783	13.2264583529858	0.000276024875450649	0.000584432557518414
"hsa-miR-941"	4.03159459969257	10.2799476516723	101.202825538936	8.3030804970926e-24	1.57343375419905e-22
"hsa-miR-941-3-5p"	4.04268840851164	7.97528839824023	83.1175584304166	7.73158753070297e-20	1.12702756697555e-18
"hsa-miR-942-5p"	0.713380923633749	4.9848005902282	3.25423864765472	0.0712390132923327	0.0956705721293136
"hsa-miR-95-3p"	-6.27246863135064	3.61241437417421	61.6969275921371	4.00604906860024e-15	3.61498237380831e-14
"hsa-miR-96-5p"	2.55586773171381	2.85526843704494	9.81246318462942	0.0017333319852701	0.00320455035325546
"hsa-miR-98-3p"	2.18626738154181	2.77561762232987	8.24809528773311	0.00407947847416049	0.00693328404352837
"hsa-miR-98-5p"	0.69597604313636	9.58134084346812	4.01318743751451	0.0451457254129499	0.0642279243303515
"hsa-miR-99a-5p"	-2.47375610178233	7.12894214750554	12.3767744078259	0.000434707485049484	0.000905242510075574
"hsa-miR-99b-3p"	-1.04738396150002	3.31500349383388	3.2496802376627	0.0714373929092236	0.0956705721293136
"hsa-miR-99b-5p"	-0.486554206381013	11.735037595744	1.4165933585347	0.233964934343532	0.282397165975155
