"logFC"	"logCPM"	"LR"	"PValue"	"FDR2"
"hsa-let-7a-2-3p"	7.37865862725862	3.58555112116076	27.1785182728055	1.85508468546279e-07	7.19225455921231e-07
"hsa-let-7a-3p"	1.73629682222296	6.3580047085344	5.71547479932085	0.0168160161982935	0.0268715393979487
"hsa-let-7a-5p"	0.57804433195738	14.7587886474649	1.1934447913863	0.274635800739885	0.323141128731258
"hsa-let-7b-3p"	2.12878553020524	6.80738433287014	12.8471970762813	0.000337985133397222	0.000713691821861097
"hsa-let-7b-5p"	0.657041580586832	11.6660079106842	1.22035382885761	0.2692912241425	0.31764276563442
"hsa-let-7c-5p"	4.65354288704089	8.59184470871595	21.848420428716	2.95059393092794e-06	8.72269330830571e-06
"hsa-let-7d-3p"	0.15951385247452	7.14245167988575	0.0824760011448493	0.773969635403782	0.794116350425139
"hsa-let-7d-5p"	-0.33866808431921	9.90564393384101	0.313914171766683	0.575288166763408	0.629887275183084
"hsa-let-7e-3p"	4.03945117348291	3.62987140458631	24.7190281128391	6.63261035129898e-07	2.17862826122529e-06
"hsa-let-7e-5p"	3.918214404434	10.4415237986578	35.1729968469874	3.01677763664603e-09	1.60329867655457e-08
"hsa-let-7f-1-3p"	1.44495959034153	4.31592435942755	4.45534733279797	0.0347921400950175	0.0519138241796318
"hsa-let-7f-2-3p"	0.788398727971044	4.4415811489054	1.25310732907038	0.262959823108492	0.312512553593761
"hsa-let-7f-5p"	-0.342624858985901	14.7183320993885	0.427686511478214	0.513126330698585	0.567496128382367
"hsa-let-7g-3p"	-2.93990297468723	4.9756728859093	14.6712265865241	0.000127985188946284	0.000285551860243361
"hsa-let-7g-5p"	-3.73852092926446	14.2881221186976	41.1688478119889	1.3963030657163e-10	9.57175869686681e-10
"hsa-let-7i-3p"	-1.96434188280142	7.03096661009068	11.8746916563425	0.000569018897032805	0.00115513278238848
"hsa-let-7i-5p"	1.06399247153445	13.7087355422008	4.15300108383772	0.0415608015862498	0.0610504942555781
"hsa-miR-100-3p"	11.2812961474662	7.23784924966131	59.0438035312263	1.54200776082431e-14	2.70136915136999e-13
"hsa-miR-100-5p"	9.66636082559121	16.6172957811424	50.8228445323675	1.01090251159759e-12	9.96160183303457e-12
"hsa-miR-101-3p"	-4.08422841378985	13.0138077428237	21.3132496175059	3.90026405561803e-06	1.1248932306752e-05
"hsa-miR-101-5p"	-5.68101071807838	4.98032463872411	25.158751254366	5.27995102309258e-07	1.7712176127112e-06
"hsa-miR-103a-3p"	-0.478087876131593	11.8158905429493	0.781937349016829	0.376549283757346	0.432300512663167
"hsa-miR-106a-5p"	-5.74668226745132	3.48630468121057	26.4788461564905	2.6643986323104e-07	9.84578557095953e-07
"hsa-miR-106b-3p"	-1.64163454473332	8.32926876680265	5.82700104629394	0.0157820053211192	0.0255646867016759
"hsa-miR-106b-5p"	-1.15435183557312	8.07286209049866	2.85002609783253	0.0913724534719152	0.122088052237898
"hsa-miR-107"	2.01852381715194	4.96985475257202	8.92417207401887	0.00281420902304432	0.00521639707907097
"hsa-miR-10a-3p"	2.8381241521824	3.25408433225069	12.0132785844651	0.000528228535740065	0.00108631346697848
"hsa-miR-10a-5p"	1.60655097134272	12.9841949592466	6.2124413448098	0.0126855564142609	0.0209799586851238
"hsa-miR-10b-5p"	8.79271271037753	10.5931906460348	19.024358487071	1.29060374939231e-05	3.3726827263125e-05
"hsa-miR-1180-3p"	6.22764645738918	3.95915556248241	34.1392794941325	5.13051123128413e-09	2.63775196999717e-08
"hsa-miR-1185-1-3p"	9.33936511762239	5.35204799681398	46.7498034293415	8.0653026811797e-12	6.93616030581455e-11
"hsa-miR-1185-2-3p"	6.36615309262233	2.79653429990414	23.3496970948357	1.35064777933188e-06	4.28762684311396e-06
"hsa-miR-1185-5p"	8.01390637827513	4.13248226240478	36.7826454719048	1.32060604521536e-09	7.43626975460555e-09
"hsa-miR-1197"	7.74536013919321	3.89720491865243	31.569556578287	1.92422690153581e-08	9.28734004516775e-08
"hsa-miR-1226-3p"	0.825793817888526	2.79765947632318	0.445194947908062	0.504625673958236	0.560300337517008
"hsa-miR-1247-5p"	5.08535965973104	1.99668629730956	4.50777309272697	0.0337411428278652	0.0505049384733552
"hsa-miR-1248"	-4.09130287104568	3.16643467268801	12.8889452139493	0.000330528658612638	0.000701076482169407
"hsa-miR-1249-3p"	1.98099925491815	3.72965857773945	9.08601065621451	0.00257572103792242	0.00485384880851516
"hsa-miR-125a-3p"	1.97603314717602	4.1191442294489	6.4116717060854	0.0113372628742443	0.0189488527898147
"hsa-miR-125a-5p"	-0.498591471877154	13.1321551169916	0.770017170998813	0.380211740391574	0.435448312845556
"hsa-miR-125b-1-3p"	12.0664554639032	9.49813458294007	105.387542491079	1.00439346544188e-24	1.18769527288502e-22
"hsa-miR-125b-2-3p"	4.34974925959772	6.41048372235342	19.5111049724976	1.00016543475843e-05	2.70330428937564e-05
"hsa-miR-125b-5p"	6.01282137960002	13.104963411562	55.2340651109563	1.06998219853755e-13	1.48853405855371e-12
"hsa-miR-126-3p"	4.34149708267094	5.89360141627449	19.459216653251	1.02770723274222e-05	2.74635887619814e-05
"hsa-miR-126-5p"	3.29190993742694	7.45193932286894	7.95349149743338	0.00479946954847952	0.00834613638393682
"hsa-miR-1260a"	-0.874701884629415	4.57996954760863	2.20586812817375	0.137486475728727	0.174346120696214
"hsa-miR-127-3p"	10.9949623606515	12.9532052812865	111.401677721765	4.83184092475553e-26	1.14273037870468e-23
"hsa-miR-127-5p"	9.40668826696177	5.41584386477727	43.9653454274863	3.34241559786823e-11	2.4322501196795e-10
"hsa-miR-1271-5p"	0.529915939540008	7.0076858777725	0.707375841366511	0.400316347814099	0.456264174737515
"hsa-miR-1273h-3p"	-6.65042283026022	2.93561859589705	21.3220974820234	3.88230410984976e-06	1.1248932306752e-05
"hsa-miR-1277-5p"	1.99774321028651	2.14799961637185	0.824357658314677	0.363909161862608	0.418805434455021
"hsa-miR-128-1-5p"	0.67892377758358	3.58850019090689	1.22097476360791	0.26916943907686	0.31764276563442
"hsa-miR-128-3p"	0.246629773763196	9.41763875216991	0.171329406093523	0.678933014994739	0.716649275468345
"hsa-miR-1285-3p"	2.73857206828844	4.37307656024997	16.953962401534	3.82973027892769e-05	9.28250013918915e-05
"hsa-miR-1293-3p"	7.2586172360006	3.48912942648067	17.6401502580212	2.66893893848654e-05	6.60946658588551e-05
"hsa-miR-1296-5p"	4.26678676217806	5.04911858095209	25.2897710608051	4.93317963625517e-07	1.70320727587496e-06
"hsa-miR-1301-3p"	0.36253853626537	5.04657442010539	0.263611251236219	0.607649961125355	0.660732026694926
"hsa-miR-1304-3p"	2.77112353920264	5.079850378336	11.4346986071353	0.000720851665814305	0.00145710614500071
"hsa-miR-1306-3p"	5.05013859753394	1.9752261061874	8.35911051622562	0.00383758370113994	0.00684972487033657
"hsa-miR-1306-5p"	1.36035968388598	3.44543628738495	2.65632954767503	0.103138487340636	0.135889984713429
"hsa-miR-1307-3p"	0.868686666154344	7.42059083951079	2.03276222719011	0.153940602804898	0.191112611881146
"hsa-miR-1307-5p"	1.67861255370448	8.87691755393124	2.5508086584492	0.110237819089343	0.142465815380489
"hsa-miR-130a-3p"	6.40701421093984	9.3476688388847	69.4291920736587	7.92076235811987e-17	2.20383564434747e-15
"hsa-miR-130b-3p"	1.84220580376368	8.100234438585	8.50763095325359	0.00353660195366091	0.00638478138962448
"hsa-miR-130b-5p"	2.87903700645207	6.61287214549333	19.5371553319987	9.86618833303203e-06	2.69751854423361e-05
"hsa-miR-132-3p"	0.729305607182059	6.21490597375601	1.4069587203755	0.23556191974583	0.2820779444045
"hsa-miR-132-5p"	0.478758313398291	3.74814531117126	0.600170073243066	0.438513142792709	0.493849325097503
"hsa-miR-134-5p"	8.73336351659283	6.20527583299155	58.8343429421482	1.71521217863359e-14	2.89008988822534e-13
"hsa-miR-1343-3p"	5.41480653514669	3.73065892762748	11.3572034563275	0.000751559030396383	0.00151271243139357
"hsa-miR-135b-5p"	5.01318117978903	2.93253179895769	7.4953121022762	0.00618598095711332	0.0106398872462349
"hsa-miR-136-3p"	10.2493323343447	8.89095008076367	65.8996780949606	4.7446915246421e-16	1.02010867779805e-14
"hsa-miR-136-5p"	8.1008802376774	5.67633906767305	52.3023546178338	4.75803618831007e-13	5.23383980714108e-12
"hsa-miR-137"	8.9740410516976	5.0079490833968	44.6481549471236	2.3581971421794e-11	1.82856925942763e-10
"hsa-miR-138-1-3p"	6.30537950486875	2.75609601531178	12.1551900154175	0.000489514558470666	0.00101109338933024
"hsa-miR-138-5p"	10.0331179669967	9.74757870127147	40.0009522214601	2.53839086940853e-10	1.62251200166248e-09
"hsa-miR-139-5p"	1.98093762047124	2.40546642897684	2.19101055178993	0.138818212170435	0.175564209509668
"hsa-miR-140-3p"	-3.1490187364639	11.7990201110093	27.2070668709293	1.82789325592094e-07	7.14540090950914e-07
"hsa-miR-140-5p"	-1.71277237449152	6.31154970479183	9.04414016442237	0.00263538145334791	0.0049427003620712
"hsa-miR-141-3p"	0.826349627304734	9.04204755051148	0.164388583194336	0.685147778767084	0.72016644301518
"hsa-miR-141-5p"	4.88827465778615	5.91272626815739	3.07732796741028	0.0793908569527054	0.107585663970048
"hsa-miR-142-3p"	-13.4890071514479	11.8722160729354	77.9607006600197	1.05111134147378e-18	4.14313053764249e-17
"hsa-miR-142-5p"	-13.7126176483593	14.9772300454963	85.6067663564308	2.19522996022698e-20	1.48334824455338e-18
"hsa-miR-143-3p"	9.68937413683736	12.2926402602131	78.6315951978413	7.4842777925781e-19	3.93340377321049e-17
"hsa-miR-143-5p"	7.69594277660801	3.85319323905024	25.5015208108591	4.42034348517697e-07	1.56031527499157e-06
"hsa-miR-145-3p"	9.07073027215585	5.0985191655658	45.5776927970253	1.46702834413457e-11	1.19638690823388e-10
"hsa-miR-145-5p"	10.8757237931382	6.83872443047624	52.5108470043619	4.27878538767702e-13	4.81872735326484e-12
"hsa-miR-1468-5p"	-1.33248932460606	4.19961830930542	2.6178420095992	0.105668058158896	0.138836087525438
"hsa-miR-146a-3p"	0.445530653760169	3.18221005626716	0.1259588764434	0.72265937205681	0.75290282595346
"hsa-miR-146a-5p"	-1.31511275019207	10.5284659028384	2.6024049911407	0.106701686057969	0.139500617284959
"hsa-miR-146b-3p"	-7.02502066862592	8.48564877317117	77.3765958851132	1.41279433291462e-18	5.14039784206628e-17
"hsa-miR-146b-5p"	-6.40175198116853	11.4179345657115	53.8704575843361	2.14153627725676e-13	2.59729912600628e-12
"hsa-miR-147b"	2.76000815449726	2.65984971124778	8.68584046498273	0.00320691661400101	0.00583412137854799
"hsa-miR-148a-3p"	0.157728831639792	11.5908122731624	0.0343398096687224	0.852985866289153	0.866426461555814
"hsa-miR-148a-5p"	1.17704366259894	5.69215460375276	1.56947371825574	0.210283459032862	0.253734888067713
"hsa-miR-148b-3p"	1.07075467223758	9.67751708656394	3.56767898855934	0.0589146037411341	0.0824455845253149
"hsa-miR-148b-5p"	0.93955504017485	6.29021801108146	2.70819692805155	0.099833772889655	0.131903280940801
"hsa-miR-149-5p"	8.01088373199016	8.55422975134376	67.0110637816382	2.69987660815178e-16	6.38520817827895e-15
"hsa-miR-150-3p"	-11.5320434895235	7.48067051464939	85.7698213493848	2.02147790349474e-20	1.48334824455338e-18
"hsa-miR-150-5p"	-16.1952508027369	17.7858760068877	152.061498138788	6.14306496115979e-35	2.90566972662858e-32
"hsa-miR-151a-3p"	2.52611043295148	11.6521996658829	19.008162422829	1.3016046902115e-05	3.38274185972549e-05
"hsa-miR-151a-5p"	2.52671908358523	12.2558122772021	18.4662498165908	1.72939900437954e-05	4.39788026382538e-05
"hsa-miR-151b"	-1.90031765106011	4.44602139697754	7.76153751264412	0.00533705091444249	0.00924697832429047
"hsa-miR-152-3p"	3.60112063694486	7.4689265552228	27.0719321625801	1.96023524263782e-07	7.47734894973943e-07
"hsa-miR-152-5p"	6.73602756323656	4.3307356194005	34.24070879413	4.86994959873888e-09	2.53130347275109e-08
"hsa-miR-153-3p"	-3.68458031312056	3.74752839267328	8.18744246624228	0.00421813480589915	0.00736227956896789
"hsa-miR-154-5p"	6.89320140670214	3.19333397204746	25.5633269357038	4.28098966677521e-07	1.52248730254487e-06
"hsa-miR-155-5p"	0.137367505859251	10.811484803876	0.0387015241880064	0.844041156827984	0.860412644783699
"hsa-miR-15a-5p"	-2.7291712605529	10.4494167608994	13.8639739720239	0.000196529872225472	0.000426415731938754
"hsa-miR-15b-3p"	-0.0549009942478597	5.93328962232029	0.00973676936660617	0.921396263794614	0.927277516542239
"hsa-miR-15b-5p"	-1.41823073952763	8.51033544972369	5.23579429403254	0.0221267028050403	0.0346553987641856
"hsa-miR-16-2-3p"	-2.10590969010615	7.27861744356421	10.7452336005812	0.00104548242866661	0.00206909283999709
"hsa-miR-16-5p"	-2.23378765005211	13.1532068603859	15.5943730611618	7.8487812801402e-05	0.000181096270512503
"hsa-miR-17-3p"	-1.25817991077734	6.59656472829153	4.77062126517943	0.0289493771931082	0.0444579721179876
"hsa-miR-17-5p"	-0.208295980563974	8.47383869669311	0.103669452907404	0.747469807765444	0.775336006739155
"hsa-miR-181a-2-3p"	1.170273728384	7.13380615232019	2.57680751971072	0.108440171231012	0.14052657806101
"hsa-miR-181a-3p"	0.779777627332736	8.6864827542839	1.23044991315858	0.267319558520453	0.31689762200545
"hsa-miR-181a-5p"	-1.24678255018496	14.2315374878628	4.53539343389002	0.033200824135874	0.0500669041422571
"hsa-miR-181b-3p"	3.15599509284669	3.61444364465494	12.7794453667936	0.000350448819490718	0.000736721296084931
"hsa-miR-181b-5p"	1.33206817696735	10.7985861374876	4.92725903687762	0.0264362173666021	0.0408638261908588
"hsa-miR-181c-3p"	0.238658055321724	5.57211694298355	0.16980347859327	0.680286521533377	0.716649275468345
"hsa-miR-181c-5p"	-2.63337445297962	9.43479648550663	14.624241182534	0.000131215797225003	0.000291385314964444
"hsa-miR-181d-5p"	-0.527958752876154	5.56621599080676	0.742683561017341	0.388802591621654	0.444211656611213
"hsa-miR-182-5p"	6.75183252704756	9.60774295125887	11.2417143547797	0.000799792483359489	0.00160297391791965
"hsa-miR-183-3p"	5.75910979823627	2.39366743624986	4.98963644279109	0.0254995657022206	0.0398062527298692
"hsa-miR-183-5p"	9.71935967002135	7.88041836526011	9.15485846111418	0.0024805856450157	0.00469326804036971
"hsa-miR-184"	9.06486561200436	5.09487412905452	6.99598178772196	0.00816928891378636	0.0138497263663833
"hsa-miR-185-5p"	0.261602958747566	6.05771015194809	0.198917348434942	0.655596153957345	0.701576879687385
"hsa-miR-186-5p"	-1.18457795799751	13.160736087378	3.95624515921368	0.0466977580667859	0.067547521607308
"hsa-miR-188-5p"	4.24320121656721	3.32291927337382	22.6172881005478	1.97697637827176e-06	6.03296662530671e-06
"hsa-miR-18a-3p"	0.871662807220567	4.22619189239189	1.87136761609528	0.171318526913126	0.20993177002567
"hsa-miR-18a-5p"	1.61279684825963	5.90180878819034	3.07286939622849	0.0796088422611351	0.107585663970048
"hsa-miR-190a-5p"	2.73143583936463	3.0343898429736	10.0177775016034	0.00155036436320424	0.00301778742302719
"hsa-miR-191-3p"	1.89703836585112	3.77753964027834	5.76066751259053	0.0163888444726758	0.0262777065612733
"hsa-miR-191-5p"	0.144248359727906	12.9416379401441	0.0622545663610481	0.802967350814864	0.820310058175876
"hsa-miR-1910-5p"	7.00574497557392	3.28292162173596	22.206964923242	2.44784203918856e-06	7.32803344643159e-06
"hsa-miR-192-5p"	-3.79959784232605	11.6715434628854	29.8204892011454	4.73956490620358e-08	2.11491905720216e-07
"hsa-miR-193a-3p"	7.34921862205813	8.40086703212167	36.1271270221122	1.84855532131331e-09	1.01670542672232e-08
"hsa-miR-193a-5p"	4.35030564014357	5.71134135401278	28.3385195312102	1.01849030947928e-07	4.26323819808582e-07
"hsa-miR-193b-3p"	3.6749190832792	7.63798008327337	28.7228867731518	8.35109384928383e-08	3.55861927091104e-07
"hsa-miR-194-5p"	-3.69924797471098	6.7595373139833	23.6179112899751	1.1748881263081e-06	3.78042233839271e-06
"hsa-miR-195-5p"	2.2944143667236	4.70637063024865	8.26211312853935	0.00404809811208161	0.00714459107095001
"hsa-miR-196a-5p"	3.61452198138231	3.50416231980618	2.44995002918328	0.117528609550302	0.151474202499436
"hsa-miR-196b-5p"	5.67389741550891	4.48902869526327	4.56052887709056	0.0327169687801756	0.0495997635673816
"hsa-miR-197-3p"	-1.4168881995281	9.44036420885168	5.62032330165968	0.0177533736482707	0.0282738913657644
"hsa-miR-1976"	-4.50175489954258	2.86212177333996	18.8026953032897	1.44962120921458e-05	3.72647191281791e-05
"hsa-miR-199a-3p"	6.65718196699725	11.5421111032257	76.7718503574567	1.91893375623161e-18	6.48325476212537e-17
"hsa-miR-199a-5p"	8.30034755364239	9.71938456733137	78.0668519775123	9.96116009642015e-19	4.14313053764249e-17
"hsa-miR-199b-3p"	6.60051011087611	10.2006955884418	67.5452132704837	2.05910553699654e-16	5.12608904736508e-15
"hsa-miR-199b-5p"	5.10810489738985	9.52357230970037	16.9913694449038	3.75501180678904e-05	9.15526074541863e-05
"hsa-miR-19a-3p"	-1.04074397757941	8.08794450327627	1.33581209322554	0.247773866441589	0.295952118249675
"hsa-miR-19b-3p"	-2.6544066997256	10.5028246692978	9.03833027830107	0.00264376996110785	0.0049427003620712
"hsa-miR-200a-3p"	3.75981266411467	5.37979028718126	3.64546702966721	0.056222033595284	0.0791458984838373
"hsa-miR-200a-5p"	3.92006944994689	2.64231674330539	2.59080701224985	0.107485557550266	0.139672166816692
"hsa-miR-200b-3p"	5.85135263233622	8.90657969746538	5.49374293976361	0.0190846435313794	0.030190757158336
"hsa-miR-200b-5p"	5.20794755678689	2.06723505240371	4.61174258335	0.0317537502429549	0.0482942889547192
"hsa-miR-200c-3p"	3.93393052561426	7.7654756782186	3.35014307125102	0.0671991725576932	0.0923988622668282
"hsa-miR-200c-5p"	3.75070682452564	2.13247190371298	2.81427105003575	0.0934293298679793	0.124484712753674
"hsa-miR-203a-3p"	4.58157802761486	5.14584373937661	3.55933746175375	0.0592113678116626	0.0826164512534407
"hsa-miR-204-5p"	11.3326349421601	8.82631220946947	32.4393455681779	1.22971309685183e-08	6.05889890428037e-08
"hsa-miR-205-3p"	6.85550007797049	3.17207080963607	5.76233700502886	0.0163732800737759	0.0262777065612733
"hsa-miR-205-5p"	11.1695288274827	12.2430085684221	10.3606038707971	0.00128733087325147	0.00253711459603311
"hsa-miR-20a-3p"	-0.21938251877537	3.40475460194537	0.0678852977243256	0.794441039372795	0.813356302215004
"hsa-miR-20a-5p"	-1.22473647720233	9.13587041609686	2.32356107800004	0.127428005946609	0.162462120789073
"hsa-miR-20b-5p"	-7.75611736641916	4.08999625727007	40.1158922236163	2.3933396632666e-10	1.5507529598974e-09
"hsa-miR-21-3p"	1.97130790237539	11.391792733672	6.86977403473543	0.00876657356481562	0.0148092474862778
"hsa-miR-21-5p"	1.30250763698736	16.0702058227954	4.75734703946318	0.0291734810507894	0.0446571408965158
"hsa-miR-210-3p"	3.59767403364572	7.77778125806726	28.9397011685043	7.46667430482238e-08	3.24012563869815e-07
"hsa-miR-210-5p"	5.08950340474526	4.70185699577406	22.2287165907599	2.42026731208671e-06	7.29163336698734e-06
"hsa-miR-2110"	-2.48565224973295	2.74171432559084	5.77771481385219	0.0162306300093334	0.0262016655099478
"hsa-miR-2110-3p"	-1.42993126803671	4.3612240483535	3.57283573032468	0.0587319349440083	0.0824338434080591
"hsa-miR-2116-3p"	5.69467885185018	2.3436176027469	14.5680485867634	0.000135187474301659	0.00029741244346365
"hsa-miR-212-3p"	1.01231630093822	3.28187895270707	1.94815766641287	0.162785518115853	0.201037989735766
"hsa-miR-212-5p"	0.97857350233724	3.30620163453344	2.02681321624664	0.154544366721214	0.191359909578885
"hsa-miR-214-3p"	7.96683340192812	6.03349894697626	54.1262932096962	1.88008556343547e-13	2.34021176711836e-12
"hsa-miR-214-5p"	9.36363965829881	5.37540112348823	54.561165545145	1.5068407716217e-13	1.92631266210018e-12
"hsa-miR-215-5p"	-0.618617295537549	4.19115055814734	1.09532672767289	0.295293984562422	0.344874209130927
"hsa-miR-218-1-3p"	9.02482310602094	5.05642151400207	26.0728808499952	3.28769485523803e-07	1.19621512809814e-06
"hsa-miR-218-5p"	10.3984562496191	6.37230524230013	57.5448028245219	3.30367691799816e-14	4.99240645746544e-13
"hsa-miR-22-3p"	2.99185399499047	15.9258403325805	25.6855749933592	4.01819344794514e-07	1.43985265218034e-06
"hsa-miR-22-5p"	1.84185601936023	6.30092289310164	11.1711246606439	0.000830802496787104	0.00165809949780717
"hsa-miR-221-3p"	1.78363663292971	12.4225690474015	8.79394292828107	0.00302232315758317	0.00556248581142739
"hsa-miR-221-5p"	3.12665117314542	8.9463105234846	25.3214456943018	4.85283162128772e-07	1.68778629181551e-06
"hsa-miR-222-3p"	3.69861246952178	12.8839962791293	33.5081420670072	7.09662905665103e-09	3.57096334446377e-08
"hsa-miR-222-5p"	3.79945888792649	5.46047480812072	25.1949932634168	5.18165418740872e-07	1.76315860386289e-06
"hsa-miR-223-3p"	-8.44088076216011	5.74273575295849	57.5013193227693	3.37752656741848e-14	4.99240645746544e-13
"hsa-miR-224-5p"	13.3758017180724	9.31673394689911	90.7238637429318	1.65188896510667e-21	1.56268696099091e-19
"hsa-miR-2355-3p"	1.54787868056745	2.09232127134164	1.08790286514566	0.296936333646926	0.345938142401467
"hsa-miR-2355-5p"	1.44547941441885	4.28426197671757	3.89409802200452	0.0484560519548394	0.0698771724836555
"hsa-miR-23a-3p"	0.426571977390205	10.9253730288052	0.547848521289914	0.459198122086664	0.514693629732209
"hsa-miR-23a-5p"	1.29363014928485	5.06761845658571	2.04090011250322	0.153119017512231	0.190592882324435
"hsa-miR-23b-3p"	3.05044920528856	9.47460430005515	20.1037233306918	7.33537338033082e-06	2.0409597699391e-05
"hsa-miR-24-2-5p"	2.55647070206292	6.64026264736644	15.2406819846867	9.46425367493948e-05	0.000216260482523979
"hsa-miR-24-3p"	0.0810843964204689	8.98161376829004	0.0188257988753779	0.890867068512883	0.898465081890392
"hsa-miR-2467-5p"	1.65245116861806	2.73065574591725	3.69667878775901	0.0545208904390087	0.0772107220887759
"hsa-miR-25-3p"	-1.80832086270549	11.4433094619988	8.70320444242658	0.00317651150380114	0.00582360442363543
"hsa-miR-25-5p"	-0.672111467134198	4.31638915683909	1.04468301730381	0.306734821637668	0.356475603524858
"hsa-miR-2682-3p"	6.40117748637568	2.8213425218837	23.7490135297093	1.09751613112921e-06	3.55565157550766e-06
"hsa-miR-2682-5p"	7.34971878232522	3.56194850544606	28.6313211055364	8.75544790217805e-08	3.69761326583055e-07
"hsa-miR-26a-2-3p"	0.461476256119617	4.8485255650457	0.229295544937076	0.632046663922273	0.677909460397358
"hsa-miR-26a-5p"	-2.47361809411557	15.7625348923882	22.0363750436381	2.67531989263502e-06	7.95865603280733e-06
"hsa-miR-26b-3p"	-1.93791959073853	6.6514885172688	11.0180132521969	0.000902307283019426	0.00179324094482432
"hsa-miR-26b-5p"	-2.48290399579022	12.4272673128845	19.2510386224321	1.1460801204839e-05	3.04548256735329e-05
"hsa-miR-27a-3p"	0.0931247707040256	12.4624448347711	0.0232843442065302	0.878719967666811	0.888108001509405
"hsa-miR-27a-5p"	1.21359673685939	6.42400423706999	3.32033213170241	0.0684280037104824	0.0938157847972701
"hsa-miR-27b-3p"	3.17401514637265	13.8673019337992	23.2146102581146	1.44892348862171e-06	4.56893873412045e-06
"hsa-miR-27b-5p"	4.02070229418307	6.37988526101206	33.7931980282497	6.1292792952708e-09	3.11736463082052e-08
"hsa-miR-28-3p"	-1.24497272573683	12.1665892734271	4.622222638094	0.0315603173869102	0.0481549358838985
"hsa-miR-28-5p"	-0.986579996335698	9.71997823079375	2.27802876694494	0.131218557280615	0.166845101058417
"hsa-miR-296-3p"	3.52537100961779	4.132091771045	14.6920590902849	0.000126578531885621	0.000283882876033925
"hsa-miR-296-5p"	-0.114173706742305	3.90280191701566	0.0304509093692795	0.861471046100832	0.872539196586068
"hsa-miR-299-3p"	9.35884274032587	5.370787914559	48.6749252764346	3.02104313475484e-12	2.74798731295969e-11
"hsa-miR-299-5p"	6.92513309922491	3.21867007284863	30.3816901327606	3.54861940811634e-08	1.61393940388368e-07
"hsa-miR-29a-3p"	-1.35827453251831	14.1042692359218	6.67189262934698	0.00979451235399978	0.0164868481973021
"hsa-miR-29a-5p"	0.52517175207277	6.15119933717606	0.584777453265036	0.444445780940767	0.499341696876444
"hsa-miR-29b-1-5p"	0.859579956964344	4.3406698742737	2.15513134162366	0.142094292258771	0.179228267302397
"hsa-miR-29b-2-5p"	-2.57127199605962	2.99549465494084	8.26917658521544	0.00403237902587337	0.00714350291849477
"hsa-miR-29b-3p"	-1.5438182553405	9.50478315310245	3.66654693178656	0.0555150865559323	0.0783839878834507
"hsa-miR-29c-3p"	-5.01074221932197	11.7671447674803	41.4153257303611	1.23088591249614e-10	8.68968711359217e-10
"hsa-miR-29c-5p"	-3.16894876250026	6.09164238892789	24.932050402597	5.93868745558354e-07	1.97816842710635e-06
"hsa-miR-301a-3p"	2.0477141519433	7.56835802485868	9.78010772730284	0.00176409978111929	0.00339194795312774
"hsa-miR-301b-3p"	3.5130284528302	5.30581488044759	20.0399333558445	7.58417159732711e-06	2.09784395645364e-05
"hsa-miR-30a-3p"	9.7651738789136	6.70367045636025	61.8033737184483	3.79523527080187e-15	7.80498383951863e-14
"hsa-miR-30a-5p"	10.8856765660574	12.1584312174066	105.634701584961	8.86613850571518e-25	1.18769527288502e-22
"hsa-miR-30b-5p"	-2.82323548160566	11.0429340196064	19.5173432423614	9.96904524469426e-06	2.70330428937564e-05
"hsa-miR-30c-1-3p"	0.261457975638223	3.82354033641796	0.176917372568289	0.674035896296565	0.714840759973711
"hsa-miR-30c-2-3p"	7.15093685761158	3.3991670261439	28.3121007119993	1.03248542804796e-07	4.28390883742707e-07
"hsa-miR-30c-5p"	-1.10590825261618	11.3322146502974	3.81745501293214	0.0507212238987265	0.0729213948452816
"hsa-miR-30d-3p"	-0.240555228096435	5.40398766273739	0.120515235756418	0.728476345330704	0.757295189761369
"hsa-miR-30d-5p"	-1.35603882196238	12.4402270312281	5.52268481501922	0.0187714278988379	0.029794917436746
"hsa-miR-30e-3p"	-1.89576513249292	7.94838725663755	10.2741053367069	0.00134910276630184	0.00264782410149697
"hsa-miR-30e-5p"	-1.62923831356847	12.5319067753492	6.2675423476486	0.0122969591486186	0.0204086374641986
"hsa-miR-31-3p"	5.42185847050661	8.49772788529398	26.5366951449697	2.585794329765e-07	9.6305568344791e-07
"hsa-miR-31-5p"	5.35343510643024	13.0460561532137	55.1110236191627	1.13910246418041e-13	1.52537461906292e-12
"hsa-miR-3117-3p"	5.90100515825891	2.47596420769679	16.420860031626	5.07239391592851e-05	0.000119962116111709
"hsa-miR-3129-3p"	5.81855480599553	2.42212902153765	15.6884044968057	7.4680604284369e-05	0.000173156499149542
"hsa-miR-3152-5p"	6.40447649823219	2.82390982400036	19.9651858921464	7.88650845707098e-06	2.16878982569452e-05
"hsa-miR-3158-3p"	1.53394713908148	3.06625164508943	4.31220424012611	0.0378399012528927	0.056107439788772
"hsa-miR-3176"	2.61743442287629	3.57128851535976	8.69277789755632	0.00319473353731887	0.00583412137854799
"hsa-miR-32-3p"	-1.01936932186674	2.90714991882271	0.953473385182964	0.328836750075563	0.381224957808189
"hsa-miR-32-5p"	-3.89928819038041	7.14786552686197	11.9765037072691	0.000538755736113729	0.00110197913917292
"hsa-miR-3202"	-6.26235929565511	2.64759545646783	19.1812764570322	1.18873666174493e-05	3.12373578336307e-05
"hsa-miR-320a"	0.199293685734163	10.4068799170939	0.126905889558213	0.721661940087447	0.75290282595346
"hsa-miR-320b"	-2.94201870317151	4.04412646191399	20.918417014696	4.79264550081278e-06	1.35743791729608e-05
"hsa-miR-320d"	-3.35893133877018	3.12980749650687	16.7947181430642	4.16490675696537e-05	9.94949947497283e-05
"hsa-miR-323a-3p"	8.61145179110198	6.08825847868134	47.9919632885399	4.2796977749055e-12	3.8194283915666e-11
"hsa-miR-323b-3p"	8.71722908481285	4.76730508825563	27.6377846091133	1.46292990792579e-07	5.91423800383675e-07
"hsa-miR-324-3p"	-0.368385755400334	4.83911754200409	0.339447065497296	0.560148560179661	0.61473380270297
"hsa-miR-324-5p"	-0.723354581718599	4.43940044082874	1.27501918821957	0.258827191175341	0.308375973365079
"hsa-miR-326"	-1.41521620058476	4.06746264565589	4.06455345036658	0.0437922622840602	0.063931296482594
"hsa-miR-328-3p"	-0.949660051657411	6.36947841651554	2.33214594427051	0.126727067932571	0.162005143600286
"hsa-miR-329-3p"	9.07127767738223	5.09908604086282	46.689537961575	8.31718534507973e-12	7.02505119325484e-11
"hsa-miR-330-3p"	-1.12716821640993	5.51700654876208	3.44338603211163	0.0635054177269253	0.0878305923533207
"hsa-miR-330-5p"	1.15472829407155	6.11030292886261	4.26171020715804	0.0389806589693872	0.0576182865391254
"hsa-miR-331-3p"	0.952269361330784	8.56817489652891	2.91405281169772	0.0878109570288823	0.117661707293658
"hsa-miR-331-5p"	-0.214631875932775	3.93719389435357	0.150676448406659	0.697889756388629	0.730313837990755
"hsa-miR-335-3p"	2.79907583743453	7.56289732403723	9.49917161242556	0.00205564683615316	0.00390490342771264
"hsa-miR-335-5p"	0.528205668922983	6.83303244536381	0.387579104225529	0.533574680061233	0.586932148067356
"hsa-miR-337-3p"	9.3076965633827	5.32159015982299	37.4604151426797	9.32872101492636e-10	5.38107931714655e-09
"hsa-miR-337-5p"	7.25628999657704	3.48462551215243	27.4044011635041	1.65055164169894e-07	6.56059602120673e-07
"hsa-miR-338-3p"	-5.88792281715718	4.72694602571614	29.7656600278764	4.8755197571078e-08	2.15525312627289e-07
"hsa-miR-339-3p"	-2.84604115786275	9.05732010121586	22.9152962665735	1.69299239963228e-06	5.28032691411295e-06
"hsa-miR-339-5p"	-0.172190440904697	6.78973484230735	0.085978233457439	0.769353652370934	0.791096255590113
"hsa-miR-33a-3p"	-1.36035639963113	3.96011073922853	3.73431360580279	0.0533055639126572	0.0759381800133067
"hsa-miR-33a-5p"	0.505720104624439	4.21285390603365	0.188758257979902	0.663952124172505	0.708572581028273
"hsa-miR-33b-5p"	0.341317511560861	4.7075473131681	0.101902767083233	0.749558078264357	0.775800811857858
"hsa-miR-340-3p"	1.08994280265434	3.49467477903598	2.60092164566385	0.10680159004971	0.139500617284959
"hsa-miR-340-5p"	0.357546273125824	7.79368066667774	0.306077053794499	0.58009749844475	0.633686181903849
"hsa-miR-342-3p"	-5.89670205108731	13.0334915909296	52.119900973196	5.2213073269747e-13	5.48817414590896e-12
"hsa-miR-342-5p"	-6.68959226860511	7.96434438588269	72.2586034844945	1.88765930602282e-17	5.58039282342995e-16
"hsa-miR-345-3p"	6.22993639734177	2.70370313480454	5.27715607932382	0.0216070126700119	0.0339538770528759
"hsa-miR-345-5p"	2.18631227415458	7.02856990965185	13.6251065499975	0.000223180818109839	0.000477667542832371
"hsa-miR-34a-3p"	4.03424856342844	3.06946515109643	18.9178922112749	1.36466740859068e-05	3.52725510526444e-05
"hsa-miR-34a-5p"	2.78281582872517	7.15884901844848	16.8443627029914	4.05736664974727e-05	9.74179911335259e-05
"hsa-miR-34b-5p"	5.41804168076303	3.23743823987975	7.71794856371262	0.0054674488128823	0.00943833316968368
"hsa-miR-34c-5p"	6.3344748964008	6.6044847143942	26.3729737263089	2.81451197698422e-07	1.03198772489421e-06
"hsa-miR-3605-3p"	0.387259336555529	3.59082131799271	0.272369340500922	0.601746808950243	0.655820830952684
"hsa-miR-3607-3p"	-4.38349095282696	9.03661210672487	38.4887282626809	5.50708297472936e-10	3.29727879373036e-09
"hsa-miR-3607-5p"	-5.38508793848162	2.99919616516515	21.1474659667523	4.25263197116933e-06	1.21908783173521e-05
"hsa-miR-3609"	-4.9331020396798	3.14773130202139	22.8479288751916	1.75338168460668e-06	5.42058520796705e-06
"hsa-miR-361-3p"	-4.04028125353747	10.6467087813971	23.4890355633541	1.25627677975348e-06	4.01499268123917e-06
"hsa-miR-361-5p"	-0.753946779816559	7.90422114163332	1.88837515673251	0.169385301742106	0.208101942140302
"hsa-miR-3613-5p"	-0.971649408745456	3.89418439752125	2.12405172888073	0.14500249814255	0.182410057503793
"hsa-miR-3614-5p"	4.35903810993584	2.48960391468713	3.28566448720747	0.0698873336046612	0.0955396207948114
"hsa-miR-3615"	-2.40848923204265	4.38557249441065	12.4959525362938	0.000407834634274825	0.000849805207101288
"hsa-miR-362-3p"	-1.74178290188883	3.12149091513758	2.59711242542673	0.107058613265201	0.139500617284959
"hsa-miR-362-5p"	1.10044420249783	3.40375919162636	2.93245001191883	0.0868156527887119	0.116943615669769
"hsa-miR-363-3p"	-10.4303195934188	8.7917765343274	75.0659296963184	4.55254966763329e-18	1.43557066186036e-16
"hsa-miR-3651"	-0.256230073858332	3.51336898182173	0.0899815158193507	0.764200655741622	0.789229061497352
"hsa-miR-3653-3p"	-3.17160570716354	3.72159426299069	16.4729516576506	4.93491074031326e-05	0.000117297124631566
"hsa-miR-3653-5p"	-6.87648931495036	3.11948644420537	31.3405754574062	2.16507133503559e-08	1.02407874147183e-07
"hsa-miR-365a-3p"	4.30252286978919	5.70229308366841	29.833280000231	4.70839906230387e-08	2.11491905720216e-07
"hsa-miR-365b-3p"	4.21829284992	5.70632528615599	31.183425814879	2.34761934420483e-08	1.08865093118518e-07
"hsa-miR-365b-5p"	6.95923151284134	3.24554436669056	27.5587758063343	1.52392354511143e-07	6.10860878676023e-07
"hsa-miR-3661"	1.45732082748454	2.58896925886857	2.77945260411462	0.0954807972855087	0.126860722236083
"hsa-miR-369-3p"	9.09538842822748	6.55904652582352	52.0340770391474	5.45457561873547e-13	5.60872666883017e-12
"hsa-miR-369-5p"	9.52243033575889	5.52611723075324	45.1682030647021	1.8081717319998e-11	1.44960208345069e-10
"hsa-miR-370-3p"	10.0226542628987	6.0070822791199	52.9105108518843	3.49096416515798e-13	4.02738061004811e-12
"hsa-miR-370-5p"	5.49944763511495	2.2210824623871	10.231810552473	0.00138039097244993	0.00269803690069758
"hsa-miR-374a-3p"	-0.00454651878289027	7.28691563727979	3.43054541271925e-05	0.995326748384574	0.995326748384574
"hsa-miR-374a-5p"	-1.80459393174403	6.45111706112142	7.00194259559876	0.00814213119709598	0.0138497263663833
"hsa-miR-374b-3p"	0.849539977256974	3.63061427792986	1.78156385911435	0.181957410751648	0.221248985309844
"hsa-miR-374b-5p"	-1.43724126660117	6.40523721448107	6.59529141546128	0.0102248818593567	0.0171502451045239
"hsa-miR-375"	8.70036783713092	4.75733363380456	9.94364545604337	0.00161405592968879	0.00312888710960163
"hsa-miR-376a-3p"	6.21676870034977	4.40394293307859	22.9109222333946	1.69684924089888e-06	5.28032691411295e-06
"hsa-miR-376a-5p"	10.0981715674788	6.08026726776728	55.0736630534925	1.16096165510074e-13	1.52537461906292e-12
"hsa-miR-376b-3p"	7.20074002727223	3.44642232542882	27.9852400317465	1.22244320054868e-07	4.98461753327176e-07
"hsa-miR-376c-3p"	8.41347987549257	6.5997741538702	51.0171063605435	9.15645077928138e-13	9.21489620978743e-12
"hsa-miR-377-3p"	8.40693877344127	4.48471538244965	39.0244151190899	4.18538361457589e-10	2.53805955089025e-09
"hsa-miR-377-5p"	9.11056222034562	5.1356901134409	40.8136127361669	1.67462501795233e-10	1.11563046970627e-09
"hsa-miR-378a-3p"	0.618561821885108	10.3351966965056	0.493984566108715	0.482155244357623	0.536610424896837
"hsa-miR-378a-5p"	0.42687840149505	3.46211711072505	0.159829430894879	0.68931360412449	0.722938657984221
"hsa-miR-378c"	-2.50822766888467	2.84610947099155	5.99874118047821	0.0143160895683446	0.0235121887702327
"hsa-miR-379-3p"	8.64357520691313	4.69984896609646	30.4359566919779	3.45072346820832e-08	1.58465262180829e-07
"hsa-miR-379-5p"	6.87561739577783	3.17953565342294	25.2180114016368	5.12017839593117e-07	1.75495969657641e-06
"hsa-miR-380-3p"	8.38954809182491	4.4686278910903	36.7342931459102	1.35376949574513e-09	7.53332907632287e-09
"hsa-miR-381-3p"	9.78796120377421	9.53776951323665	58.7703247272468	1.77193671793942e-14	2.89008988822534e-13
"hsa-miR-382-3p"	7.88182724795489	4.01645246636133	34.5748249686167	4.10176923706827e-09	2.1557076101481e-08
"hsa-miR-382-5p"	7.14936505460572	5.46275991146526	44.5263008386793	2.50963057684483e-11	1.91460526265743e-10
"hsa-miR-3909"	0.943990979792583	3.53722921495532	1.47788745882573	0.22410534168567	0.269724749662397
"hsa-miR-3912-3p"	-2.57833563405148	4.0469603753595	9.50289479137099	0.00205147991301206	0.00390490342771264
"hsa-miR-3929"	5.09153182767971	2.00442982336496	4.52809814279462	0.0333426528642938	0.0500669041422571
"hsa-miR-409-3p"	10.3881179963087	10.2805177923087	66.0343066576313	4.43142204988885e-16	9.9812506171306e-15
"hsa-miR-409-5p"	11.1061331999787	8.54305212793379	78.8952296634658	6.54927091291998e-19	3.87225642726394e-17
"hsa-miR-410-3p"	8.59546954785296	8.81158280782971	45.087352215205	1.88438510817078e-11	1.48552359360796e-10
"hsa-miR-411-3p"	8.6611655883439	4.71600558185659	29.5099921883451	5.56291647817659e-08	2.43635138349771e-07
"hsa-miR-411-5p"	10.5450406106603	9.77926431912163	78.4196419350153	8.33195705986948e-19	3.94101568931826e-17
"hsa-miR-412-3p"	4.9484204636783	1.91382618104125	5.92854883578307	0.0148975049380333	0.02424432808832
"hsa-miR-412-5p"	6.93971925254659	3.22730574194646	17.8688299524976	2.36665820259551e-05	5.8917333148825e-05
"hsa-miR-421"	1.59208900630213	6.84156594416235	4.94445498015144	0.0261744900225288	0.0407254400679478
"hsa-miR-423-3p"	-0.0546627122947419	11.8489264864772	0.00914285747289512	0.923823738064943	0.927746556485601
"hsa-miR-423-5p"	-1.19231201276831	11.4120481684163	4.03005493275893	0.0446964855318392	0.0650505774047998
"hsa-miR-424-3p"	4.49070192083589	4.85846992696245	17.4972706078053	2.87720440527071e-05	7.08811293590129e-05
"hsa-miR-424-5p"	4.91694968524493	6.70072915169653	13.7219860391948	0.000211958622822794	0.000455711039069007
"hsa-miR-425-3p"	-1.31955481904963	4.29515652329602	4.93813088720874	0.026270430120688	0.0407406998265096
"hsa-miR-425-5p"	-1.24296351752	8.48063390628175	4.0713294805754	0.0436169323240872	0.0638724736510627
"hsa-miR-429"	6.07865101010761	5.88053791300534	5.92640462302898	0.0149156437076133	0.02424432808832
"hsa-miR-431-3p"	8.87702328258226	4.91732144594541	38.2342427370233	6.27416802339045e-10	3.7096018438296e-09
"hsa-miR-431-5p"	8.49278407207812	6.67768917522802	50.0581178192355	1.49259021398757e-12	1.41199034243224e-11
"hsa-miR-432-5p"	10.0636495819854	6.04671812356434	52.1393524491276	5.16984167421359e-13	5.48817414590896e-12
"hsa-miR-4326"	2.31246411959787	3.82784571906505	6.12080476475075	0.0133599964770344	0.0220183914064017
"hsa-miR-433-3p"	6.23638885713954	2.7005459177598	14.3186052249965	0.000154331985185697	0.00033795846755942
"hsa-miR-4443"	-4.24307185623994	3.53448317750562	16.9456931840208	3.84644826063652e-05	9.28250013918915e-05
"hsa-miR-449a"	6.28374851969171	2.7414698952088	7.26170174262687	0.00704405126335709	0.0120718704622026
"hsa-miR-449b-5p"	3.54556003132866	2.01311186397283	4.53090125692995	0.0332880824283313	0.0500669041422571
"hsa-miR-450a-5p"	4.41084810190826	5.56314636596942	26.5652200151265	2.54789509523712e-07	9.56471730196158e-07
"hsa-miR-450b-5p"	7.0327216510043	6.61596720505179	44.3370566181614	2.76433672321414e-11	2.0754464604449e-10
"hsa-miR-451a"	-3.80614313173974	4.28788157672612	14.712266266677	0.000125228968929418	0.000283412929682368
"hsa-miR-452-3p"	8.1668058672512	4.2687615347818	44.0256661050869	3.24098087131342e-11	2.39528742520507e-10
"hsa-miR-452-5p"	10.6152527571734	6.58366733423168	59.8186053943641	1.04015392818652e-14	1.89228003089317e-13
"hsa-miR-4521"	4.17477021417979	3.43638755159708	14.5832955995193	0.000134098005581949	0.000296394189907766
"hsa-miR-454-3p"	-0.42188374121388	7.15049296090288	0.526360401919099	0.468141054233966	0.522242260973269
"hsa-miR-454-5p"	0.790102709754219	3.86329878251179	1.79402277124599	0.180436795663784	0.219965475126211
"hsa-miR-455-3p"	5.42825941869284	6.94406187140812	28.7890038390092	8.0708043340346e-08	3.47044586363488e-07
"hsa-miR-455-5p"	4.09742225497705	5.90329340189982	25.7627425686056	3.8606960513681e-07	1.3939765132039e-06
"hsa-miR-4662a-5p"	2.00658424326071	2.79031607384996	3.45403217439101	0.0630976645786846	0.0875225669962399
"hsa-miR-4677-3p"	1.14362876180289	4.03181744277675	2.10642845080278	0.146681310090888	0.183545660510556
"hsa-miR-4772-5p"	-6.21015916116849	2.61117427081995	18.7549228834852	1.48639159710502e-05	3.80034175908473e-05
"hsa-miR-4775"	5.87907928249707	4.25846669607778	33.2659802845815	8.03765201241378e-09	4.00190463354918e-08
"hsa-miR-484"	-0.722711355536774	9.81881225501818	1.42975792073896	0.231803950003843	0.278282406984309
"hsa-miR-485-3p"	9.39890493909795	5.40862524825313	47.9304878419682	4.41601057836911e-12	3.86809815475665e-11
"hsa-miR-485-5p"	8.84936493586461	4.89049036257212	31.4054038164107	2.09397302405653e-08	1.00045377816034e-07
"hsa-miR-486-3p"	-3.52151866593592	2.96128043021785	13.5582916700852	0.000231267491740547	0.000492745601771525
"hsa-miR-486-5p"	-2.84344146941573	8.41453276367529	20.2757500532818	6.7044986247597e-06	1.8764661831428e-05
"hsa-miR-487a-3p"	8.00711535128463	4.12573140850613	31.6409536778704	1.85476580682851e-08	9.04437347041118e-08
"hsa-miR-487b-3p"	9.31234945204726	7.48243351142842	60.0060109875459	9.45681196488966e-15	1.78922882375712e-13
"hsa-miR-493-3p"	8.79132289931972	6.26219493287743	53.1860425541107	3.03406982512655e-13	3.58778756821215e-12
"hsa-miR-493-5p"	9.81973550120355	5.81154159370843	60.3697067068324	7.86135563198066e-15	1.54934217246952e-13
"hsa-miR-494-3p"	8.70612938063862	6.25359585051805	43.4281864425246	4.3980714709513e-11	3.15195122084843e-10
"hsa-miR-495-3p"	7.70125891757621	5.29312797827415	40.1464750292381	2.35616260216937e-10	1.54786793170294e-09
"hsa-miR-496"	6.79006491221106	3.1089863105071	14.6911889942805	0.000126636970070102	0.000283882876033925
"hsa-miR-497-5p"	4.89961063529856	5.57953303307491	25.3740746935787	4.72221971438413e-07	1.65452587029903e-06
"hsa-miR-500a-3p"	1.94711286824361	8.37615312661656	9.7810206386313	0.00176322412379252	0.00339194795312774
"hsa-miR-501-3p"	1.71946323002473	7.35964594214516	8.59793224288588	0.00336544898804713	0.00609907038829996
"hsa-miR-501-5p"	1.9855667299336	3.29795215629418	8.20789475483503	0.00417085146918253	0.0073275028436424
"hsa-miR-502-3p"	0.879564321476863	4.40788891928258	1.86253814000942	0.172332148123684	0.210628181040059
"hsa-miR-503-5p"	7.00475884813466	3.28279573583119	22.4781648234721	2.12545972092978e-06	6.4445028717935e-06
"hsa-miR-505-3p"	0.801770963437184	6.39593359443869	2.37257300049095	0.123483375563241	0.158286278161011
"hsa-miR-514a-3p"	-5.9418214135587	2.43158261448892	15.1764026011639	9.79194607441776e-05	0.000222672619865365
"hsa-miR-532-3p"	0.366625263581195	5.09826944866266	0.42485090262711	0.514526409233191	0.567496128382367
"hsa-miR-532-5p"	0.448521469876902	8.74009955368845	0.53059510467039	0.466356772558095	0.521481686572055
"hsa-miR-539-3p"	10.017927926143	6.00248712615638	50.6733439960032	1.09091163334194e-12	1.05306367871579e-11
"hsa-miR-539-5p"	6.78159248590863	3.10589505767875	22.7204644333718	1.87361842324684e-06	5.75468515711531e-06
"hsa-miR-541-5p"	6.22756195470096	2.699095864845	12.7118245072607	0.000363350755035042	0.000760464190847675
"hsa-miR-542-3p"	4.94647184748364	3.50977956843108	27.0909328028296	1.94106242680563e-07	7.46441079576474e-07
"hsa-miR-543"	9.20579323879263	5.22567554044675	39.6534444230037	3.03269375127129e-10	1.8874528215149e-09
"hsa-miR-548e-3p"	-0.890000144851586	5.04530771000747	1.63282696217677	0.201312485437811	0.244155911825858
"hsa-miR-548e-5p"	-0.622244224212063	3.22764954221401	0.611158205378333	0.434352058349772	0.490330605249266
"hsa-miR-548h-5p"	3.19324682309346	2.24839474141548	4.0125814672027	0.0451619527143074	0.0655263915149307
"hsa-miR-548k"	0.434444979102763	5.2404807799358	0.233166736288832	0.629185618202148	0.67637453956731
"hsa-miR-548o-3p"	0.0076436760141516	4.03628410109398	7.59593687522653e-05	0.993046151305147	0.995150062642658
"hsa-miR-548w"	-1.63187233010827	3.17211470068495	4.81929157218813	0.0281429097367015	0.0433602485519863
"hsa-miR-550a-5p"	1.78982706613426	2.20677237233913	1.58858678554777	0.207528158976184	0.251050688480141
"hsa-miR-561-5p"	7.31036972751654	3.53218129366071	17.3051197732538	3.18328031210501e-05	7.80151081671331e-05
"hsa-miR-5690"	-4.62476288730528	3.32253846782245	24.162117917328	8.85571775154735e-07	2.88879620447027e-06
"hsa-miR-574-3p"	7.1817603305385	8.10377033552426	68.68758551601	1.15364881370956e-16	3.03153271602568e-15
"hsa-miR-574-5p"	6.2139123347364	2.68756432033511	21.5589857142857	3.43111314895094e-06	1.00180032065049e-05
"hsa-miR-576-5p"	-1.85702084595757	5.63790638801526	8.97916415857193	0.00273075534570594	0.00508522550597997
"hsa-miR-582-3p"	2.09379731415868	4.73604505589806	3.12711449867772	0.0769999167828462	0.104657932868639
"hsa-miR-582-5p"	0.980889228631219	4.49323939762348	0.910593912782639	0.339956885287153	0.392194162782496
"hsa-miR-584-5p"	6.9765351082926	6.33359650764835	55.3660543962052	1.00049380383316e-13	1.43404111882752e-12
"hsa-miR-589-3p"	0.455986449041611	4.60563011508937	0.424488568373327	0.514705790858426	0.567496128382367
"hsa-miR-589-5p"	-0.498841623221512	6.5313417317784	0.697218831967392	0.403719787942006	0.457936354188414
"hsa-miR-590-3p"	-0.940498085147786	6.10761999919702	1.11903977963033	0.290125308188581	0.339676412804947
"hsa-miR-598-3p"	-2.45049378856634	4.34366203937736	5.40557595397857	0.0200725242025532	0.0316476798260256
"hsa-miR-615-3p"	7.00954549187625	4.58798642387013	15.324286197985	9.0544949938931e-05	0.000207901753985992
"hsa-miR-616-5p"	-2.1674904064815	3.25378013293946	8.91831363516243	0.00282325085040627	0.00521639707907097
"hsa-miR-625-3p"	-0.204581990047504	6.45908984410219	0.0882091347330629	0.766466335965902	0.789844394143511
"hsa-miR-625-5p"	1.05043498294534	5.72868838985558	3.48454868617719	0.0619442499023348	0.0861753829523658
"hsa-miR-628-5p"	0.334748504202291	3.82877696267336	0.241067616582133	0.623436087018371	0.673254039177373
"hsa-miR-629-3p"	-2.80932753382021	3.15560735265431	11.9704611753717	0.000540505624287775	0.00110197913917292
"hsa-miR-629-5p"	-1.11791673832404	3.65472214853633	3.42253887512597	0.0643120352691276	0.0886868591320622
"hsa-miR-641"	1.10657107292534	3.67492586332149	2.40052378391967	0.121294631971994	0.155903154681394
"hsa-miR-642a-5p"	-5.57394489471258	3.14780895628887	24.8451468346217	6.21252563961615e-07	2.05491232694996e-06
"hsa-miR-6511b-3p"	0.357692581410028	2.85794672099107	0.17286401825163	0.677578907003293	0.716649275468345
"hsa-miR-6516-3p"	-4.73101996414504	2.99360476644777	15.886673915194	6.72505756594539e-05	0.000156697154122767
"hsa-miR-652-3p"	-2.21176316689335	6.9107184807198	9.6451016318679	0.00189857192557323	0.00363572680484267
"hsa-miR-652-5p"	-0.806649149130045	3.51598989727524	0.703661953224595	0.401555953880521	0.456576841792035
"hsa-miR-654-3p"	9.75932933059529	9.99006444686019	49.0726931683058	2.46650097377787e-12	2.2875587462685e-11
"hsa-miR-654-5p"	7.75313953196817	3.90203148943988	21.6289359571114	3.30823109870239e-06	9.71921310364119e-06
"hsa-miR-655-3p"	7.40720720793147	3.61058900209824	38.1447926396963	6.56848042583611e-10	3.83566819928454e-09
"hsa-miR-656-3p"	8.84222712545844	4.88427133673775	35.5276394023899	2.51457085722156e-09	1.35158183575659e-08
"hsa-miR-659-5p"	-1.71885586481664	3.43546610369238	5.96100594988529	0.0146256939967957	0.0239375545345479
"hsa-miR-660-5p"	1.3361510361791	8.21238938623252	2.9285094657474	0.0870278070100606	0.116943615669769
"hsa-miR-664a-3p"	-2.6144093742555	6.37584622176377	13.9581411248247	0.000186926402532083	0.000407447872800346
"hsa-miR-664a-5p"	-5.72013914679415	3.2655740046015	26.6375178933082	2.45431245918542e-07	9.28711834555763e-07
"hsa-miR-664b-3p"	-2.20706914130127	3.36640780062988	8.28225293022892	0.0040034425226977	0.0071189034332181
"hsa-miR-665"	8.5924672302821	4.65452283761072	45.8724906503205	1.26205828985197e-11	1.04728696684208e-10
"hsa-miR-668-3p"	6.13880824640247	2.6358132609437	17.9287905081856	2.29325675762403e-05	5.73920871087919e-05
"hsa-miR-671-3p"	1.70713404284419	6.24497840367383	8.44361298572397	0.00366327724797185	0.00658832752201781
"hsa-miR-671-5p"	0.131537208800551	4.34548626187201	0.0340483154778575	0.853604082632155	0.866426461555814
"hsa-miR-6731-3p"	-6.31252071624417	2.68549009253989	20.5499505692506	5.80952913946079e-06	1.63565909700295e-05
"hsa-miR-6769b-3p"	-3.95015805910407	3.29366670960542	17.9884565596027	2.22248608268616e-05	5.59168041016253e-05
"hsa-miR-6803-3p"	-2.98739880553682	3.49595585491702	13.7395220925249	0.000209988918747367	0.000453537710353902
"hsa-miR-6842-3p"	-4.26470010190415	3.32203137700949	19.4601874509282	1.02718501683648e-05	2.74635887619814e-05
"hsa-miR-7-1-3p"	-3.24228560715193	5.97700977848997	25.1812721968283	5.2186512587908e-07	1.76315860386289e-06
"hsa-miR-7-5p"	-0.635675337860146	4.13827022040497	0.668992215773336	0.413403187235513	0.467798343450712
"hsa-miR-708-3p"	6.96961739705045	5.25142117227042	31.2883509550764	2.22410174063466e-08	1.04158428051504e-07
"hsa-miR-708-5p"	7.36755591341752	5.66210777930152	36.0213391095634	1.95168435058286e-09	1.06108815842034e-08
"hsa-miR-744-3p"	2.74796436206616	2.69563189317481	7.2418944080443	0.00712217943727975	0.0121616999055355
"hsa-miR-744-5p"	2.02932788706741	7.04409884371661	8.20273967812757	0.00418271832512357	0.0073275028436424
"hsa-miR-758-3p"	10.4633611464543	6.43494757489028	39.7601877673359	2.87138905342257e-10	1.81088936302517e-09
"hsa-miR-766-3p"	-4.96590671569456	6.2575475985076	40.9370142972136	1.57215165250321e-10	1.06232533090574e-09
"hsa-miR-769-5p"	-0.257629368550803	9.43076276034614	0.187352336078153	0.665129441810894	0.708572581028273
"hsa-miR-770-5p"	3.8647332248896	2.21265629859584	6.40523370244294	0.0113784448452374	0.0189507197598496
"hsa-miR-7706"	1.12111563816105	4.59646038805383	2.06008127526019	0.151202105522993	0.188703419293867
"hsa-miR-7974"	5.07631095973842	4.45164624609992	15.9947601255348	6.35180412985338e-05	0.00014873283927825
"hsa-miR-7976"	0.41195998150133	2.94280345401935	0.25445241083007	0.613957300813443	0.666059181845776
"hsa-miR-874-3p"	-3.93756992551065	7.37645998639279	27.9961614671616	1.21556333355448e-07	4.98461753327176e-07
"hsa-miR-874-5p"	-4.0499394780579	4.25179847876186	20.9586062366722	4.69314740106602e-06	1.33726428958086e-05
"hsa-miR-877-5p"	1.39692094498297	5.43443792236013	3.79728197024182	0.051335852326694	0.0735813883349281
"hsa-miR-887-3p"	8.21211833329931	4.30936426165858	39.2027438301321	3.82003019070302e-10	2.34658997428900e-09
"hsa-miR-889-3p"	9.58266841592211	7.11357479348095	57.6174647588396	3.18386022820346e-14	4.99240645746544e-13
"hsa-miR-9-3p"	2.65515787844066	2.83495016918934	1.9235026660694	0.165471042283943	0.203822403646628
"hsa-miR-9-5p"	3.21804735803334	5.70705839771619	2.76422618727953	0.0963932884902474	0.127714357019291
"hsa-miR-92a-1-5p"	-0.390252053777055	4.08670393686769	0.244853503360711	0.620722426747973	0.671857455038423
"hsa-miR-92a-3p"	-2.28316673619675	15.8045820816148	16.3376213322549	5.30012224949369e-05	0.000124724269851269
"hsa-miR-92b-3p"	2.37302276812441	10.9323983112596	12.3454781497838	0.000442055909382231	0.000917072127797348
"hsa-miR-93-3p"	0.75143636456421	4.20483191211612	1.15114387781203	0.283309823928394	0.332519967042507
"hsa-miR-93-5p"	-0.582595397062681	9.49967600788654	0.923625232383196	0.336524901566108	0.389184054867407
"hsa-miR-935"	9.59038151301248	5.59099388470565	36.963112731419	1.20385342294468e-09	6.8605140849739e-09
"hsa-miR-940"	1.94106406402733	2.7908295780074	3.72942599095026	0.0534617630960489	0.0759381800133067
"hsa-miR-941"	-0.279414720545686	6.79945780329281	0.235876697616438	0.627200172513323	0.675776040088387
"hsa-miR-941-3-5p"	-0.260853695697711	4.56386420349596	0.181007713623967	0.670508653907474	0.712697962467944
"hsa-miR-942-5p"	-1.03800149365575	3.97916645802171	3.19158777806998	0.0740180869420726	0.100894971537753
"hsa-miR-944"	5.39398017465883	5.25470949706613	3.73847683195062	0.0531728960022309	0.0759381800133067
"hsa-miR-95-3p"	-7.36016925885609	3.51920628973633	41.2885432369501	1.31336413939534e-10	9.13560644020579e-10
"hsa-miR-96-5p"	6.13345860057204	5.46300180766427	8.4197527249834	0.00371166269369826	0.00665006232620938
"hsa-miR-98-3p"	4.04840632515692	3.84442537799273	27.2677044977131	1.77145620372697e-07	6.98248986969049e-07
"hsa-miR-98-5p"	1.33108607504116	9.76550709224175	4.38469529693177	0.0362629732085304	0.0539383217850154
"hsa-miR-99a-3p"	1.7119477911979	3.121072531684	4.21844759360631	0.0399867291762374	0.0589212551413093
"hsa-miR-99a-5p"	1.42954579190284	8.44394547747963	2.11029916333769	0.146310712149351	0.183545660510556
"hsa-miR-99b-3p"	2.91030088362261	5.4327055461289	18.2671900819775	1.91985536318888e-05	4.85610474218363e-05
"hsa-miR-99b-5p"	2.45962145247638	13.4055558223907	19.2346386118662	1.15596773813527e-05	3.05459631362e-05
