"logFC"	"logCPM"	"LR"	"PValue"	"FDR2"
"hsa-let-7a-2-3p"	6.5630903277803	2.92281568753117	14.968208557129	0.000109337817946146	0.00047821525956211
"hsa-let-7a-3p"	0.37151150045267	5.48305696296175	0.143203364860925	0.705116975681401	0.746877889958659
"hsa-let-7a-5p"	0.988239971312058	15.0010778219078	2.33132974227215	0.126793524426751	0.179753014812315
"hsa-let-7b-3p"	1.63262481526045	6.41444942276506	4.86582953766039	0.0273936259024014	0.0465417410571785
"hsa-let-7b-5p"	1.4498196252365	12.1751491999666	4.225085640967	0.0398306091354111	0.0659118620924062
"hsa-let-7c-5p"	5.10784544369027	9.05530704240557	19.9632220958917	7.89461262997226e-06	5.76241774018748e-05
"hsa-let-7d-3p"	0.0147403080351387	7.06293024270267	0.000478820518972078	0.982542108866868	0.984659656515288
"hsa-let-7d-5p"	-0.0975118608766675	10.0007267017995	0.0197501988252569	0.888236984374174	0.907758676338442
"hsa-let-7e-3p"	3.19606854388648	2.98612473827161	8.83979928430131	0.00294731557589296	0.00695686163852906
"hsa-let-7e-5p"	4.03859244653298	10.535693308974	26.9173520615671	2.1234387007813e-07	2.82113998818088e-06
"hsa-let-7f-1-3p"	0.70256389161515	3.86455149508543	0.670855709387524	0.412753426825825	0.495944039984518
"hsa-let-7f-2-3p"	-0.835405792230644	3.70987901537973	0.579137471866741	0.446650603137414	0.528479721269459
"hsa-let-7f-5p"	-0.463315103478855	14.6604883938977	0.55055150913546	0.458092435343736	0.539273373252752
"hsa-let-7g-3p"	-3.45504634253281	4.94053415876028	9.45924722606738	0.00210087271945443	0.00522409526495352
"hsa-let-7g-5p"	-3.36501817223146	14.3116564239773	24.4345893872222	7.68759799474449e-07	8.93683266889047e-06
"hsa-let-7i-3p"	-2.11614188460678	6.99087100680199	8.60095352952373	0.00335987043465996	0.00765852819665137
"hsa-let-7i-5p"	0.946877480488862	13.6241693582933	2.39259302260587	0.121911263267322	0.173360053270045
"hsa-miR-100-3p"	9.81882566753024	5.80192271708615	33.6303854352776	6.66435092163792e-09	1.23956927142465e-07
"hsa-miR-100-5p"	10.0577249290112	16.9615370977603	41.9076029020056	9.56898447553337e-11	2.47198765617945e-09
"hsa-miR-101-3p"	-3.02930831852585	13.1177600820795	6.59343498728708	0.0102355491476247	0.019667480800188
"hsa-miR-101-5p"	-5.25669504274006	5.00849090051891	11.6345247583645	0.000647388808674261	0.0020300325000634
"hsa-miR-103a-3p"	-0.678291128941262	11.7211473903413	1.13147980370402	0.287459914099362	0.368233774259513
"hsa-miR-106a-5p"	-6.71727949839887	3.50332882637085	21.1615606880174	4.2214702221567e-06	3.44383097070679e-05
"hsa-miR-106b-3p"	-1.56869459906492	8.33240307587	5.14476238467345	0.0233166012063403	0.0404560431378666
"hsa-miR-106b-5p"	-1.56915061933328	7.96492627389098	2.80762706431224	0.0938170540195341	0.13804078009249
"hsa-miR-107"	4.08425947223024	6.72602224175184	11.8755599360493	0.000568753680979048	0.001849443787799
"hsa-miR-10a-3p"	3.50922788579682	3.74825986805767	4.19073018418274	0.0406455871033952	0.0668694070220852
"hsa-miR-10a-5p"	2.83797939361187	14.0193909742601	8.77139806922355	0.00305990815641291	0.00715003664689448
"hsa-miR-10b-5p"	10.6588136190951	12.4394941724383	24.14656639119	8.9275199774881e-07	9.9355722354688e-06
"hsa-miR-1180-3p"	5.43571956301492	3.26468966434185	6.90761055852202	0.00858296153071389	0.0173525091816607
"hsa-miR-1185-1-3p"	7.64504839989533	3.8013519878558	9.47229959684703	0.00208597719511077	0.00521494298777693
"hsa-miR-1185-2-3p"	5.00965443259705	1.94556550378562	4.93958186359717	0.0262483857253035	0.044927285500596
"hsa-miR-1185-5p"	6.86407105859719	3.16296628459529	7.54423312426705	0.00602024389429541	0.0127246064129426
"hsa-miR-1197"	6.71044090707681	3.04588713459316	6.87334146494872	0.0087490912787197	0.0174606328094621
"hsa-miR-122-5p"	4.97203543583516	1.92249837111365	5.38219726580764	0.020343241089247	0.0359680878574139
"hsa-miR-1226-3p"	1.57258191172359	3.15319877801899	0.997190477307178	0.31799128643619	0.395363497841786
"hsa-miR-1233-3p"	1.89255235933183	2.07517621582503	1.00796255888428	0.315391442077889	0.3951128284483
"hsa-miR-1248"	-3.65421352391796	3.17727148110396	6.5207989091751	0.0106620097807766	0.020324178953072
"hsa-miR-1249-3p"	1.5360645889002	3.42853500549305	2.06080457830089	0.151130354091223	0.209777954186324
"hsa-miR-1257"	6.03110159753162	2.52555487163891	8.45329634654261	0.00364382411914377	0.00818540200677224
"hsa-miR-125a-3p"	1.96492194586849	4.08385505353792	3.42787517483168	0.0641045282232414	0.0993620187460243
"hsa-miR-125a-5p"	0.0038039691182245	13.3508097073608	2.77259312042588e-05	0.995798724850239	0.995798724850239
"hsa-miR-125b-1-3p"	12.1313403532051	9.56129828157967	78.0572298429149	1.00098013955542e-18	1.55151921631089e-16
"hsa-miR-125b-2-3p"	4.29649387827137	6.37307840401669	10.5816157474401	0.00114217790688671	0.0032188650103171
"hsa-miR-125b-5p"	7.2051075172031	14.3124000579294	45.8097502204518	1.30313311553509e-11	4.32826356231298e-10
"hsa-miR-126-3p"	6.59534940143436	8.05658647968399	14.4544207522631	0.000143592428122951	0.000596164991760467
"hsa-miR-126-5p"	5.23194095626526	9.2707791760329	9.42814419727588	0.00213680416900752	0.0052851805244069
"hsa-miR-1260a"	-0.270520351033212	4.80183183553913	0.0967126803064842	0.755810790310426	0.79158689681342
"hsa-miR-1260b"	1.12853729380724	3.80758582481645	1.45362794229167	0.22794670945104	0.301122783791857
"hsa-miR-1269b"	4.75111019426405	1.82274240219226	3.66492755659755	0.0555690590109674	0.0881898035498289
"hsa-miR-127-3p"	10.9152000261375	12.8684982348619	38.6402531861225	5.09570878684943e-10	1.24710767678157e-08
"hsa-miR-127-5p"	8.30726515182576	4.38316046489657	14.9057515024707	0.000113017890755771	0.000486604807420682
"hsa-miR-1271-3p"	4.47624143429635	2.55358541134559	2.84848974732054	0.0914598161660398	0.13501210957844
"hsa-miR-1271-5p"	1.16684854357485	7.40404055471746	1.075438715582	0.299720192058724	0.380792047287722
"hsa-miR-1273h-3p"	-6.62545733193005	2.92748598051864	17.2791449065586	3.22709338619962e-05	0.000180794990913593
"hsa-miR-128-1-5p"	-0.0200410818907726	3.25194156426551	0.000537281878326468	0.981507217172793	0.984659656515288
"hsa-miR-128-3p"	0.0460721831769129	9.29948897022928	0.00466995498189249	0.945517316393665	0.959968454417149
"hsa-miR-1285-3p"	0.793625849926644	3.09246797679076	0.197918580404558	0.656406179444074	0.709834589398824
"hsa-miR-1296-5p"	3.37144159277563	4.2588994713441	11.463692644721	0.000709691398720632	0.00217109539740193
"hsa-miR-1301-3p"	0.871329497674354	5.3313592471685	0.823532639673971	0.364149325517857	0.446779515477054
"hsa-miR-1304-3p"	2.63833952783699	4.96083682489357	6.52034514044069	0.0106647304613969	0.020324178953072
"hsa-miR-1306-3p"	5.00727188243332	1.94080013429841	6.11461969034788	0.013406825638834	0.024447740870815
"hsa-miR-1306-5p"	1.96220622517767	3.83477118671217	2.40933274707185	0.120613766856642	0.172570466425657
"hsa-miR-1307-3p"	0.500263017717821	7.17930650963536	0.473053531088009	0.491585745383828	0.568625302496218
"hsa-miR-1307-5p"	1.33600128665287	8.66450282325445	1.28883671695879	0.256262439609258	0.333787211255757
"hsa-miR-130a-3p"	5.90424737710194	8.8523923951867	43.6133473208764	4.00100882068839e-11	1.0943935891883e-09
"hsa-miR-130b-3p"	2.39190141226091	8.52368058296659	9.31390025045303	0.00227421843440184	0.00556585037893082
"hsa-miR-130b-5p"	3.49805948891275	7.1448463086368	18.0046880093838	2.20361626092878e-05	0.000133075527445699
"hsa-miR-132-3p"	0.688626817439627	6.17036782016686	0.389928265890436	0.532337110638681	0.600048155313539
"hsa-miR-132-5p"	0.93482737349741	3.98619638160141	1.02498423146388	0.311339645879591	0.392389715262416
"hsa-miR-133a-3p"	2.45793862899336	2.30625059912285	2.31766512229879	0.127911898073754	0.180787333143756
"hsa-miR-134-5p"	8.09008866352711	5.5858263605747	20.1610534740786	7.11876796797514e-06	5.33907597598136e-05
"hsa-miR-1343-3p"	6.25746705100238	4.4420722321341	11.2736176242409	0.000786163749818714	0.00235849124945614
"hsa-miR-136-3p"	8.86547140952758	7.52718075738461	16.5910477802732	4.63693816093004e-05	0.000242883583449958
"hsa-miR-136-5p"	7.52919972014766	5.120811680036	18.6181455456245	1.59693298151912e-05	0.000101722443343341
"hsa-miR-137"	6.39615876143853	2.80673755074348	7.43226085198127	0.00640648029867719	0.013479698365995
"hsa-miR-138-5p"	7.55815320770791	7.29176388003052	13.4925718223102	0.000239509700464867	0.00089358910345963
"hsa-miR-140-3p"	-1.53841403166895	12.0654965181016	2.908632985881	0.0881065260467793	0.130640398895677
"hsa-miR-140-5p"	-1.97188409092461	6.25881894743333	4.86387989744425	0.0274245958057353	0.0465417410571785
"hsa-miR-141-3p"	-7.98323983558266	7.60710225201971	36.2890773874316	1.70114595016645e-09	3.59560394012455e-08
"hsa-miR-142-3p"	-15.9571348310069	11.8877088658174	76.028083416561	2.79659046772348e-18	3.25103641872855e-16
"hsa-miR-142-5p"	-13.8424039362855	14.9992360285188	81.6410437681624	1.63189665459441e-19	3.794159721932e-17
"hsa-miR-143-3p"	9.3122980868769	11.9117090286881	67.827712307875	1.78424059040138e-16	1.38278645756107e-14
"hsa-miR-143-5p"	6.88840623877254	3.17204121669672	14.6676516660145	0.00012822815272567	0.000537171991148078
"hsa-miR-145-3p"	8.24192834798875	4.32114307651031	22.8461498339408	1.75500539875538e-06	1.8135055787139e-05
"hsa-miR-145-5p"	9.29322092468128	5.2979484377317	35.4578339028194	2.60632030575128e-09	5.26929974858412e-08
"hsa-miR-1468-5p"	-0.892886914776859	4.32860209585228	0.943066362121709	0.331490497449268	0.411048216837093
"hsa-miR-146a-5p"	-3.35580067160236	10.1460737332956	7.69528155591303	0.00553653723500024	0.0118095863040143
"hsa-miR-146b-3p"	-4.48106226538038	8.525787568582	7.99857235316764	0.00468142460686015	0.0101249415915812
"hsa-miR-146b-5p"	-1.50790541435961	11.8228832206919	1.12348265239194	0.289169782815926	0.369406453322543
"hsa-miR-147b"	1.94146227621156	2.20337939427258	1.26370968645303	0.260950063901588	0.338943518754856
"hsa-miR-148a-3p"	0.813497253789492	11.9854448215134	0.536447051668176	0.463908924837005	0.543453611178924
"hsa-miR-148a-5p"	0.575224497049102	5.32185656067318	0.296539581745539	0.586059969122972	0.644250320667097
"hsa-miR-148b-3p"	1.43028092783075	9.93140083003359	4.00515017912385	0.0453614558247333	0.0731581616816913
"hsa-miR-148b-5p"	0.562394954546975	6.05595608977334	0.467666842826375	0.494062492602923	0.570072106849526
"hsa-miR-149-5p"	7.22157818891516	7.77482281916184	37.9223941274756	7.36153734611995e-10	1.63005469806942e-08
"hsa-miR-150-3p"	-11.5205559623664	7.46429775974714	61.4883605467965	4.4536818929948e-15	2.30106897804731e-13
"hsa-miR-150-5p"	-17.4683590179272	17.7649269639797	141.156424762053	1.48709099722125e-32	6.91497313707882e-30
"hsa-miR-151a-3p"	2.21672319345119	11.3994795951137	10.6269981026071	0.00111448482540182	0.00317935855099292
"hsa-miR-151a-5p"	2.48980108121731	12.2302385332616	13.5996880088205	0.00022622311972234	0.000855233745291773
"hsa-miR-151b"	-1.35030585491039	4.58579004045754	2.91911214424147	0.087536016629885	0.130462332477233
"hsa-miR-152-3p"	3.66127262290795	7.51910718271762	19.9544128364268	7.93106957789244e-06	5.76241774018748e-05
"hsa-miR-152-5p"	7.23729004670067	4.77942756007096	27.2236950286035	1.81224004439339e-07	2.47850476659684e-06
"hsa-miR-153-3p"	-4.43009042512692	3.74051402688499	6.84338136993829	0.00889702742898807	0.0176288846756957
"hsa-miR-154-5p"	6.32943258644391	2.74778070533437	8.07445474291596	0.00448936137940955	0.0098007185043448
"hsa-miR-155-5p"	-1.43373997320361	10.1795706216226	3.99536681711625	0.0456255201885817	0.0731581616816913
"hsa-miR-15a-5p"	-2.7923218609441	10.4301059781848	12.0409337089139	0.000520448953044464	0.00170428706454701
"hsa-miR-15b-3p"	-0.429811822697226	5.77073626258921	0.35125467105931	0.553403749116094	0.612697007949961
"hsa-miR-15b-5p"	-1.02558141610092	8.60947682282779	1.8072183008322	0.17884228142705	0.241749014138309
"hsa-miR-16-1-3p"	2.21305714221781	2.41930175374388	1.01552161399166	0.313583655349925	0.3940983776695
"hsa-miR-16-2-3p"	-2.51336340732253	7.20893185191861	8.58789987945845	0.00338404053821182	0.00767599439155364
"hsa-miR-16-5p"	-3.00235903613117	13.0326376638549	18.3777633771986	1.81159865906219e-05	0.000112608642046208
"hsa-miR-17-3p"	-0.292771569354188	6.94703718631184	0.0830449242457867	0.773212660203798	0.804348740480461
"hsa-miR-17-5p"	-1.97268128733232	7.90362819263853	5.95627920005469	0.0146649581616087	0.0264310292447599
"hsa-miR-181a-2-3p"	-0.430351589050228	6.24171788870019	0.356667613316332	0.550362807821446	0.610784500326903
"hsa-miR-181a-3p"	-0.281045183232145	8.09466497624375	0.1523800555942	0.696271189383549	0.739192016126371
"hsa-miR-181a-5p"	-1.98151669059932	14.0270456432009	6.21749491361516	0.0126493966345716	0.0233411485518882
"hsa-miR-181b-3p"	1.3282940213153	2.4515897114226	0.916261884629176	0.338458397346327	0.417461948981544
"hsa-miR-181b-5p"	-0.152000809185486	9.88997533757959	0.0460513900326021	0.830082409442869	0.855849934347969
"hsa-miR-181c-3p"	0.081709977568812	5.4775219465575	0.00894447060483472	0.924652240026285	0.942901955289962
"hsa-miR-181c-5p"	-2.4898533326869	9.43454160348836	10.6570312431959	0.00109653254101975	0.00314745451589001
"hsa-miR-181d-5p"	-0.357793061212245	5.62021592802251	0.16291270910819	0.686488892033993	0.730474450333654
"hsa-miR-182-5p"	0.663254752575974	4.33183029655842	0.728140062262299	0.393486731814663	0.474018990398492
"hsa-miR-184"	13.9841254930737	9.91722212788342	8.71786781730681	0.00315106348909595	0.00725368575460206
"hsa-miR-185-5p"	0.533483515524602	6.20954862881742	0.28136596060573	0.595807312368537	0.653420755309835
"hsa-miR-186-5p"	-1.29069152106727	13.1270518941213	3.20029804027661	0.0736248518544311	0.111880902327812
"hsa-miR-188-5p"	3.521321783173	2.78257397687684	6.46672204797162	0.0109913080759015	0.0208610541032417
"hsa-miR-18a-3p"	-0.552376588008251	3.5436896937863	0.479869817918655	0.488481289669478	0.567859499240768
"hsa-miR-18a-5p"	-0.414392911784926	4.75419584140651	0.128881526246281	0.719594540974372	0.760480594438825
"hsa-miR-190a-5p"	3.31279348430357	3.44009908935403	9.40565423239066	0.00216317319271802	0.00532209277573481
"hsa-miR-191-3p"	1.42304927893942	3.44947608146933	1.88207425024469	0.170098582844315	0.231952612969521
"hsa-miR-191-5p"	0.295307720958037	13.0052593123184	0.169861502287176	0.680234924302418	0.728823133181162
"hsa-miR-1910-5p"	5.96683169940173	2.50306510898414	10.152038912386	0.00144141732525612	0.00394270033084763
"hsa-miR-192-5p"	-3.68644786475809	11.6861020654688	13.4870767872571	0.000240212124585922	0.00089358910345963
"hsa-miR-193a-3p"	6.65093315836384	7.72094052371885	14.88292878464	0.000114393530230289	0.000488009096853984
"hsa-miR-193a-5p"	5.70306034958436	6.98609310744565	34.0263156245363	5.43717171676841e-09	1.05345202012388e-07
"hsa-miR-193b-3p"	4.31523847831259	8.24294212402132	21.2531614721872	4.02446044196193e-06	3.44383097070679e-05
"hsa-miR-193b-5p"	4.01073621589649	3.09051746929738	10.6071396927506	0.00112651819254126	0.00319409121665661
"hsa-miR-194-5p"	-4.04202126600651	6.73764031222088	10.3747742365361	0.00127748767619363	0.00353590338946452
"hsa-miR-195-5p"	3.13025983750385	5.39334508428747	13.2491904752534	0.000272697610201532	0.000998459753887498
"hsa-miR-197-3p"	-1.01773414900819	9.5421404078883	1.99394336272013	0.157929176145041	0.215991373257189
"hsa-miR-1976"	-6.49359329216511	2.82905165743042	19.7999666859418	8.59841752638458e-06	6.15117561502897e-05
"hsa-miR-199a-3p"	7.16419367296348	12.0498744013664	59.6988754732225	1.1053968663531e-14	5.14009542854194e-13
"hsa-miR-199a-5p"	8.7942092008855	10.2154894403721	66.7723766303298	3.04738557851951e-16	2.02433470573081e-14
"hsa-miR-199b-3p"	7.32800399202437	10.9184694461672	56.686895613982	5.11029692950314e-14	2.16026188383542e-12
"hsa-miR-199b-5p"	5.41629500004876	9.83354631343145	6.84093465518315	0.00890922128771718	0.0176288846756957
"hsa-miR-19a-3p"	-2.22493372243599	7.82739782191409	3.18352255413721	0.0743842119526465	0.112666640254009
"hsa-miR-19b-3p"	-3.56906931564485	10.4442060491531	8.94852948583618	0.00277693033925024	0.00658812554975183
"hsa-miR-200b-3p"	-2.61583040586633	3.47645476513629	3.01037688664831	0.0827330526319608	0.124099578947941
"hsa-miR-200c-3p"	-5.57632500723986	3.92638756053613	22.0185212989913	2.7003210018358e-06	2.51129853170729e-05
"hsa-miR-204-5p"	11.331014469734	8.84377782142107	44.8377992645244	2.14050455765736e-11	6.63556412873783e-10
"hsa-miR-205-5p"	1.72181010804689	3.39435250368457	1.72573847220477	0.188956050266727	0.253211998196046
"hsa-miR-20a-3p"	-1.92663524664773	2.94197074557651	4.61457722608731	0.0317013088457768	0.0530255705513893
"hsa-miR-20a-5p"	-3.32972872978282	8.76335072601017	14.422535475369	0.000146044138503106	0.000600978092070305
"hsa-miR-20b-5p"	-8.02865968004271	4.11287062737879	28.1703947810707	1.11090866012026e-07	1.66636299018038e-06
"hsa-miR-21-3p"	0.580013326664337	10.4216159588599	0.580334478253206	0.446181245999341	0.528479721269459
"hsa-miR-21-5p"	0.144384358875997	15.3540123483734	0.0391811445956591	0.843090227120836	0.867338397369887
"hsa-miR-210-3p"	3.25176120096881	7.45655266018814	10.5543162328518	0.00115917085495439	0.00324707498526379
"hsa-miR-210-5p"	4.53495118365848	4.20239060365157	13.0172988026236	0.000308626671744003	0.00107189163719376
"hsa-miR-2110"	-2.44837814977247	2.73193419234532	4.75568357750424	0.0292016917813918	0.0490208905355495
"hsa-miR-2110-3p"	-1.38405546747317	4.34657054657133	1.62567452608261	0.202302367743262	0.268773145716048
"hsa-miR-212-3p"	2.0972253216202	3.96237088787245	3.52692736543215	0.0603795856621425	0.0945336947235564
"hsa-miR-212-5p"	2.33209667913643	4.17765807076008	2.41467432814654	0.120202966029446	0.172513516060778
"hsa-miR-214-3p"	9.27039396495966	7.30305116068746	45.839663654876	1.28338516423977e-11	4.32826356231298e-10
"hsa-miR-214-5p"	9.46415915842117	5.46094073556365	38.5311565798941	5.38865337116662e-10	1.25286190879624e-08
"hsa-miR-215-5p"	-0.22358634363455	4.35081594426048	0.0492873945895753	0.824307931719049	0.851784862776351
"hsa-miR-216a-5p"	5.5993747385995	2.2733028342061	5.9281075615824	0.0149012359992344	0.0267531843229498
"hsa-miR-217"	5.00727188243332	1.94080013429841	6.11461969034788	0.013406825638834	0.024447740870815
"hsa-miR-218-1-3p"	9.35186083730271	5.35254972307086	18.8389024653287	1.42236235573011e-05	9.3588069476677e-05
"hsa-miR-218-5p"	10.1018416830243	6.07570780425378	13.0967845671989	0.000295803073240301	0.001058064838898
"hsa-miR-22-3p"	2.25556878775149	15.2702010828173	9.59222997217353	0.00195402486049269	0.0049924261545555
"hsa-miR-22-5p"	1.49268182509358	6.03566394841135	2.98544824253128	0.0840160224081949	0.125618811639263
"hsa-miR-221-3p"	2.97095373212305	13.3922853095773	13.9404837822948	0.000188690432377098	0.000743568229282631
"hsa-miR-221-5p"	3.91172827754211	9.65178441020505	21.1654419750627	4.21292946800739e-06	3.44383097070679e-05
"hsa-miR-222-3p"	3.82523650863482	12.9780509082416	26.4833567250089	2.65818457417552e-07	3.34069142430167e-06
"hsa-miR-222-5p"	3.33078254271865	5.03836792438225	13.9525647202023	0.000187481702580979	0.000743568229282631
"hsa-miR-223-3p"	-3.63415807639108	5.83461620267804	8.14302510273373	0.00432271081290173	0.00961751448803495
"hsa-miR-224-3p"	6.34201932942773	2.75494464633673	8.10837454394868	0.00440612187263829	0.00975641271798479
"hsa-miR-224-5p"	13.3336903105377	9.26812612893091	31.1656571960329	2.36920670491289e-08	3.79890040615343e-07
"hsa-miR-2355-5p"	-0.187410992673567	3.40858161651293	0.0589419290371205	0.808176147881186	0.836975297917041
"hsa-miR-23a-3p"	0.69021937580351	11.0667178891453	0.81467688194553	0.366741131787858	0.447597444308015
"hsa-miR-23a-5p"	-0.474688712302178	4.11149980458385	0.388838115489707	0.532910770599185	0.600048155313539
"hsa-miR-23b-3p"	4.39131271194236	10.7005385331705	15.1380537156182	9.99286010302401e-05	0.000442540947419635
"hsa-miR-23b-5p"	6.21759466707942	2.66936262663689	11.4015715620805	0.000733820011952403	0.00223023729122789
"hsa-miR-24-1-5p"	3.42246969847601	2.92466677292177	4.31608090298629	0.0377537787174976	0.0629229645291627
"hsa-miR-24-2-5p"	2.66542430553071	6.71521339364557	6.65329962095499	0.00989723726179094	0.0194186300706025
"hsa-miR-24-3p"	1.69884582384399	10.0082803597546	3.08818480785548	0.0788627365795661	0.118676933687697
"hsa-miR-25-3p"	-1.55862045990837	11.495070351006	4.77800862485756	0.0288254362366725	0.0485645936596113
"hsa-miR-25-5p"	-0.893686643478968	4.23199096017679	1.43502381526535	0.23094629582259	0.30418598539803
"hsa-miR-2682-3p"	5.45056989178339	2.17873218045778	6.61586970590388	0.0101073967310656	0.0196650187445419
"hsa-miR-2682-5p"	6.10467032776981	2.60229385941888	6.88274652867849	0.00870317236574128	0.0174606328094621
"hsa-miR-26a-2-3p"	-0.469354100432027	4.44487355429726	0.182813709460904	0.668966251196279	0.720067839829328
"hsa-miR-26a-5p"	-2.37917526207855	15.7723390180555	13.8323390575249	0.000199866417495745	0.000771841752941154
"hsa-miR-26b-3p"	-3.63818381890296	6.4253280804191	20.7288120358668	5.29138144575586e-06	4.17032605470589e-05
"hsa-miR-26b-5p"	-2.89238665449706	12.3685649508559	15.4500021207369	8.4716848047835e-05	0.000386209160218071
"hsa-miR-27a-3p"	-0.467000213984223	12.1931676050331	0.369662365740737	0.543188365262363	0.60622360970388
"hsa-miR-27a-5p"	0.554939511246178	5.99371117878206	0.345390760010239	0.556733978277196	0.61491995225391
"hsa-miR-27b-3p"	3.61433951635475	14.2623071074314	17.3745354123391	3.06910457752791e-05	0.000174603545354979
"hsa-miR-27b-5p"	3.73582224642004	6.11099541879606	17.6077521251426	2.71479443124524e-05	0.00015779742631613
"hsa-miR-28-3p"	-0.58407684242353	12.3755267532837	0.567603387909571	0.451212840899336	0.532522769081703
"hsa-miR-28-5p"	-1.1409229811259	9.65545338726132	1.73013370488363	0.188393823106824	0.253188230475933
"hsa-miR-296-3p"	5.90539561791807	6.27953432205762	7.00175911853913	0.00814296574796656	0.0166073643544055
"hsa-miR-296-5p"	-0.737136809070295	3.65343387611814	0.480962392280806	0.487986715581796	0.567859499240768
"hsa-miR-299-3p"	8.05494456921707	4.15873323919412	13.8076988529737	0.000202504717975959	0.000771841752941154
"hsa-miR-299-5p"	7.68056620751794	3.82027196641034	15.8629802896276	6.80978324704834e-05	0.000323117266314028
"hsa-miR-29a-3p"	-1.12960057206384	14.1697578288932	2.90660520400253	0.0882173876413817	0.130640398895677
"hsa-miR-29a-5p"	-0.611623196255385	5.60742556421248	0.438176782653695	0.508003759919556	0.580397416124309
"hsa-miR-29b-1-5p"	-0.413699846492349	3.71759020048538	0.2475507452184	0.618804977508015	0.673874272930274
"hsa-miR-29b-2-5p"	-3.34299808277161	2.91597330953085	7.14519675487574	0.00751650273447526	0.0155341056512489
"hsa-miR-29b-3p"	-0.969420664219923	9.69269128625827	0.792609014068262	0.373312381083586	0.453238269461795
"hsa-miR-29c-3p"	-4.88447679607602	11.7832686757215	20.5665996931545	5.75922117150072e-06	4.46339640791306e-05
"hsa-miR-29c-5p"	-3.75897223399355	6.04264679517474	9.98499599424945	0.00157820898451819	0.00421079141378589
"hsa-miR-301a-3p"	1.11864054305085	6.87874844377132	1.18473425101986	0.276394299342872	0.357009303317877
"hsa-miR-301b-3p"	3.01826471749206	4.88270373686976	7.67355804570787	0.00560358538014949	0.0118980237523722
"hsa-miR-30a-3p"	8.69249306447767	5.65819556464506	32.7188800914874	1.06497746024832e-08	1.90467122698257e-07
"hsa-miR-30a-5p"	9.41915200034435	10.6907341197297	70.0509510974763	5.77922598356193e-17	5.3746801647126e-15
"hsa-miR-30b-5p"	-3.27304261136826	10.9945940809857	16.5626952761275	4.70678269132669e-05	0.000242883583449958
"hsa-miR-30c-1-3p"	0.243498242032428	3.8043659954892	0.0891382190587253	0.765275603546261	0.797877030603165
"hsa-miR-30c-2-3p"	7.342346633765	3.53993738923543	21.7053387387436	3.17905314894465e-06	2.84280714280627e-05
"hsa-miR-30c-5p"	-1.33280726166147	11.2479238052422	4.18859280135354	0.0406968649188175	0.0668694070220852
"hsa-miR-30d-3p"	-1.65511220899444	4.95345327863766	3.15783021462588	0.0755635542947811	0.1140813400879
"hsa-miR-30d-5p"	-1.19564610696973	12.466553329894	2.79765843276073	0.0944020818697028	0.13804078009249
"hsa-miR-30e-3p"	-2.84359501174236	7.79188697881042	14.3724563766098	0.000149980179896299	0.000611761260103323
"hsa-miR-30e-5p"	-2.3119076284401	12.4035918956394	6.66461310441446	0.00983460038164948	0.0193774965146907
"hsa-miR-31-3p"	3.19601602108745	6.43267149375149	6.42448676200429	0.0112557434948172	0.0212483388471318
"hsa-miR-31-5p"	4.76423880909007	12.4818825899697	15.450762984639	8.46827492170641e-05	0.000386209160218071
"hsa-miR-3129-3p"	5.75285038141528	2.32811645271157	4.12630190535451	0.0422215216894931	0.0691303084000504
"hsa-miR-3152-5p"	7.36709328572205	3.56068773485544	9.65287613422723	0.00189055346888884	0.00485694675709012
"hsa-miR-3158-3p"	0.780685981336331	2.6618704984805	0.666396550874281	0.414310761479	0.496532227030245
"hsa-miR-3168"	1.76865973102817	2.94566603255358	3.44140577749328	0.0635815719430154	0.0988810399782682
"hsa-miR-32-3p"	-2.32966759811541	2.6721228959569	4.08496697952186	0.0432662966806573	0.0705923787947567
"hsa-miR-32-5p"	-4.31629931144568	7.14464908349261	8.76042398104881	0.00307837477073242	0.00715722134195288
"hsa-miR-3200-3p"	4.32453832232598	3.78154166170822	9.84150719058646	0.00170617644652583	0.00448232795273734
"hsa-miR-3202"	-6.24189938832004	2.64368714400122	15.5800255762143	7.90856535804346e-05	0.000371462918332344
"hsa-miR-320a"	0.443552167530156	10.5331714452422	0.408521235275835	0.522721023709377	0.595748225551128
"hsa-miR-320b"	-2.76891106536311	4.06638970490285	11.5612050463767	0.000673421944495855	0.00208760802793715
"hsa-miR-320d"	-3.6930174705954	3.11682894393049	12.5587012276992	0.00039436573634653	0.00130985762429383
"hsa-miR-323a-3p"	7.57912643431987	5.10424603445204	13.8172339961896	0.000201479625204433	0.000771841752941154
"hsa-miR-323b-3p"	8.36021421913063	4.43190532804	10.659830368697	0.00109487434067058	0.00314745451589001
"hsa-miR-324-3p"	0.337928616175448	5.15895209083192	0.21231486142492	0.644959058085543	0.699081496526288
"hsa-miR-324-5p"	-1.24875827414231	4.2636726928024	2.01319596352985	0.155936520619671	0.214528053515228
"hsa-miR-326"	-0.842004495688317	4.23525541084799	1.14574952130977	0.284440694536467	0.365372715357616
"hsa-miR-328-3p"	-0.71862108545857	6.44445378688721	1.05435209187092	0.304506885893058	0.385819351335891
"hsa-miR-329-3p"	8.80504252871166	4.83835556404016	16.043594593959	6.19006745088096e-05	0.000302513251762878
"hsa-miR-330-3p"	-1.82241145383075	5.32416992669482	4.26414354709142	0.0389248664283388	0.0646430817470626
"hsa-miR-330-5p"	-0.350567265504468	5.27586430845677	0.125439479703162	0.723208215005782	0.762566485210178
"hsa-miR-331-3p"	0.812220595885097	8.46611168248567	0.788539474299419	0.374542122047724	0.453547100917165
"hsa-miR-331-5p"	0.275413655062544	4.14907379958881	0.0983840095460558	0.753777571934162	0.79158689681342
"hsa-miR-335-3p"	-0.0649154539346874	5.58346940824754	0.00303330846446226	0.95607833085002	0.968576086808844
"hsa-miR-335-5p"	-2.95136119117156	5.76918966788331	4.80328649565845	0.0284055012879529	0.0480311203596294
"hsa-miR-337-3p"	8.75417956357456	4.7923590690775	17.3683987163587	3.07903026217382e-05	0.000174603545354979
"hsa-miR-337-5p"	5.54752398757267	2.2405054495691	6.41960094932025	0.0112867520327775	0.0212483388471318
"hsa-miR-338-3p"	-2.15671022542002	4.97273456137508	1.99556082595092	0.157760658594956	0.215991373257189
"hsa-miR-339-3p"	-3.51203056302412	8.98481794358621	8.72461941082987	0.00313941597035536	0.00725368575460206
"hsa-miR-339-5p"	1.19782429897083	7.58320019233683	1.42524665210055	0.232541756581286	0.304245198943481
"hsa-miR-33a-3p"	-2.22411637663089	3.78932497571301	4.01025030099507	0.0452244363957741	0.0731581616816913
"hsa-miR-33a-5p"	0.817037387726786	4.40349078499334	0.259490719027259	0.610470253653896	0.667926277527203
"hsa-miR-33b-3p"	0.495225030843628	2.63871692347921	0.164864876840032	0.684716471709838	0.730259539782281
"hsa-miR-33b-5p"	1.20252862710764	5.25947425229513	0.639352414692555	0.423945394489821	0.505473354968633
"hsa-miR-340-3p"	0.990673819786141	3.42869913061431	1.42289488000381	0.232927507148127	0.304245198943481
"hsa-miR-340-5p"	0.294654158921504	7.76423878743154	0.0966905746116815	0.755837811150878	0.79158689681342
"hsa-miR-342-3p"	-5.96951374810661	13.0287775440684	32.0307922384846	1.51748082721502e-08	2.61343920242587e-07
"hsa-miR-342-5p"	-6.81079995132829	7.95134124867597	43.6887311597692	3.84982155512453e-11	1.0943935891883e-09
"hsa-miR-345-3p"	8.47281802110953	4.53812435636975	6.06879945933279	0.0137590449816749	0.0249920152987454
"hsa-miR-345-5p"	2.54092930071904	7.32293021587578	11.3005330591	0.000774848414690924	0.00233963969370961
"hsa-miR-34a-3p"	3.52788123965297	2.7126697920253	3.22945454588787	0.0723247743515918	0.110628355504902
"hsa-miR-34a-5p"	3.57468110414573	7.83657264385673	12.9778643088296	0.000315195294630033	0.00107768979413945
"hsa-miR-34c-5p"	6.12627650119776	6.41284379321147	17.0478944757241	3.64487665072471e-05	0.000199396193245528
"hsa-miR-3605-3p"	0.628727881225249	3.68966460733176	0.373751694393192	0.540966341683401	0.6061430093561
"hsa-miR-3607-3p"	-5.05034982460051	8.99759723607566	22.7733311239229	1.82277686671319e-06	1.8312115673373e-05
"hsa-miR-3607-5p"	-6.69609119870962	2.9832023276307	19.5320094581027	9.89280088987795e-06	6.86589912506455e-05
"hsa-miR-3609"	-6.86728313077027	3.1180652844304	22.3971155352064	2.21706733376922e-06	2.14778397958894e-05
"hsa-miR-361-3p"	-3.28165553494409	10.6837464637386	17.6717669031851	2.62493996077334e-05	0.000156486805353795
"hsa-miR-361-5p"	-0.507337857017804	7.99119784638778	0.364219796648499	0.546171957410252	0.607583636831979
"hsa-miR-3613-5p"	-1.13562569935138	3.84654781161743	1.43116841640395	0.231573846948178	0.30418598539803
"hsa-miR-3615"	-2.39657792560966	4.37136840436977	5.28759947714991	0.021477806238419	0.0378302268972153
"hsa-miR-362-3p"	-2.4737124809605	3.03015669150683	2.57202001328396	0.108768760704082	0.157072899774529
"hsa-miR-362-5p"	1.19294056470307	3.45545384492374	1.84373096247841	0.174514284471032	0.23658642063857
"hsa-miR-363-3p"	-12.8858015369636	8.82116568360278	62.8915104083164	2.18411619622675e-15	1.2695175390568e-13
"hsa-miR-3651"	0.0357595468632004	3.61339466256166	0.00087243531647907	0.9764362972813	0.982776792718192
"hsa-miR-3653-3p"	-5.11550373045045	3.62465741164374	18.8033738167623	1.44910559189693e-05	9.3588069476677e-05
"hsa-miR-3653-5p"	-4.53966340400367	3.15882201394714	14.9561136284767	0.000110040930694937	0.00047821525956211
"hsa-miR-365a-3p"	5.29122233008699	6.6355036873515	20.8955804729743	4.85012329106635e-06	3.8884609143894e-05
"hsa-miR-365b-3p"	5.22851284148992	6.65684705976195	21.5373240957162	3.47008722909288e-06	3.04451049344942e-05
"hsa-miR-365b-5p"	7.01569793072916	3.27280806509168	18.3728582546512	1.81626842010013e-05	0.000112608642046208
"hsa-miR-3661"	1.65521598687153	2.6853358792844	2.25639807625653	0.133063234272926	0.186620417371045
"hsa-miR-3677-3p"	2.29757123796709	2.28289550719778	1.15404416261918	0.282704162228752	0.364148020599362
"hsa-miR-369-3p"	7.90846052920101	5.42025357142644	11.8279992468602	0.000583466549763557	0.00188411073361149
"hsa-miR-369-5p"	8.73636090725333	4.77781253321076	10.8944823394032	0.000964511406058254	0.00282074090450999
"hsa-miR-370-3p"	9.68660461786631	5.67190534430918	12.7458543216573	0.000356799129875385	0.00120225793762358
"hsa-miR-370-5p"	5.60642450426869	2.2668193479703	7.03970346042233	0.00797222300611386	0.0163307651887354
"hsa-miR-374a-3p"	-1.17569636201986	6.83360497712278	1.08046162928047	0.298594309338395	0.380400969431106
"hsa-miR-374a-5p"	-1.78472552335152	6.46918790408614	3.5684044045151	0.0588888706591633	0.092824830022071
"hsa-miR-374b-5p"	-1.44364355521536	6.39984044527991	2.6165828665437	0.105751954922626	0.15319208423371
"hsa-miR-376a-3p"	5.21813350987381	3.54793770739614	6.31728155423668	0.0119566794426745	0.0221508204814489
"hsa-miR-376a-5p"	8.87074224117502	4.90456804257935	13.2624939121337	0.000270769190175586	0.000998459753887498
"hsa-miR-376b-3p"	6.89999870344074	3.19343122763264	13.0714695939002	0.000299827800543741	0.00106427425383847
"hsa-miR-376c-3p"	6.60490943773688	4.87941980181721	11.0742398813654	0.000875352959161924	0.00259260589815474
"hsa-miR-377-3p"	6.74126069652664	3.06422816054323	8.01388527321244	0.00464200384984172	0.010086597150357
"hsa-miR-377-5p"	8.12292082089732	4.21289236814034	15.2792507673301	9.27295264358398e-05	0.000418633298957918
"hsa-miR-378a-3p"	1.49468315743086	10.9249667510461	1.00485374727529	0.316138886497865	0.3951128284483
"hsa-miR-378a-5p"	1.29254626224411	3.9429418269611	0.455754129499671	0.499615000536802	0.575051918934686
"hsa-miR-378c"	-3.88948065320666	2.75760877097919	10.3362166216356	0.00130445114347758	0.00358917030601818
"hsa-miR-379-3p"	6.55163663711505	2.91618093419687	8.16214530855901	0.00427737455127721	0.00956239983819183
"hsa-miR-379-5p"	7.00332237631543	3.25986030828267	9.16776215053821	0.00246315582675272	0.00599668826931944
"hsa-miR-380-3p"	6.59018895575626	2.94693781162399	11.2054586722305	0.0008155706531389	0.0024310279083948
"hsa-miR-381-3p"	8.52454562837392	8.28313201582942	16.3434346220782	5.28388925631546e-05	0.000261383883424116
"hsa-miR-382-3p"	7.39181849370596	3.58631247278698	9.15580695644102	0.00247930020160308	0.00600455517575746
"hsa-miR-382-5p"	6.54369352067491	4.85713605186959	8.08309863446329	0.0044679983448886	0.00980009070930754
"hsa-miR-3909"	0.731870243416274	3.40445438270371	0.447200323614228	0.503667483214435	0.576860541119981
"hsa-miR-3912-3p"	-4.08712221179368	3.93912381297265	10.49918478389	0.00119427223676661	0.0033253688029729
"hsa-miR-3928-3p"	2.28363196454907	2.41729616792586	3.63630473078317	0.0565322775574115	0.0894132961367223
"hsa-miR-409-3p"	9.59143423434856	9.48166335590556	27.5862013196523	1.50246794365572e-07	2.11711392060579e-06
"hsa-miR-409-5p"	10.9262027286989	8.36816909398775	24.1365520908906	8.97406524493956e-07	9.9355722354688e-06
"hsa-miR-410-3p"	7.82748663515058	8.04536133849705	17.6141747619073	2.70564150513606e-05	0.00015779742631613
"hsa-miR-411-3p"	6.98591417776795	3.25401413393373	8.61288486953074	0.00333793190652087	0.00764600165779412
"hsa-miR-411-5p"	9.46515057751682	8.71141784135039	21.7075660551559	3.17536421113409e-06	2.84280714280627e-05
"hsa-miR-412-5p"	6.14373591469582	2.60995770826166	7.73284418622669	0.00542252659975831	0.011619699856625
"hsa-miR-421"	1.35654105545947	6.64342846059548	2.61704699169273	0.105721021745861	0.15319208423371
"hsa-miR-423-3p"	-0.128605030199926	11.7904132854342	0.034879519988877	0.85184834357791	0.872778286055688
"hsa-miR-423-5p"	-0.698345510816217	11.5593601496514	1.02481232435382	0.311380225659853	0.392389715262416
"hsa-miR-424-3p"	3.65323560238365	4.13113490500591	4.9374983224486	0.0262800465723916	0.044927285500596
"hsa-miR-424-5p"	2.68222845292952	4.7396072107225	6.8770649253799	0.00873088242026894	0.0174606328094621
"hsa-miR-425-3p"	-0.719721270389496	4.47917210003552	0.842683940324959	0.358630289095001	0.441172181029565
"hsa-miR-425-5p"	-1.83574964044492	8.3085593934903	6.59376852263979	0.0102336317677952	0.019667480800188
"hsa-miR-431-3p"	8.49993020066681	4.55899204903379	10.8679277330007	0.000978439498572792	0.00284358979272718
"hsa-miR-431-5p"	7.48557024425264	5.71004164554494	13.0212469277509	0.000307976678997615	0.00107189163719376
"hsa-miR-432-5p"	9.38400367238408	5.3836286770536	20.1796292436583	7.04997120422444e-06	5.33907597598136e-05
"hsa-miR-4326"	1.79239485577296	3.45384576999734	2.03492058031146	0.15372221366838	0.212740563558918
"hsa-miR-433-3p"	6.99503930788085	3.25430057239821	9.13006576753087	0.00251442680642068	0.00602684775765782
"hsa-miR-433-5p"	4.7918786559007	1.83277703060205	5.19528994896836	0.0226481765604058	0.0395917372202583
"hsa-miR-4443"	-4.92503901013491	3.5002983492805	16.4320151289877	5.04263228164952e-05	0.000254569211229216
"hsa-miR-449a"	7.47150547744352	3.65519938415111	8.08813036696759	0.00445561031161619	0.00980009070930754
"hsa-miR-449b-5p"	3.32558487589488	1.8935725046059	3.20422108989215	0.0734484740610618	0.111880902327812
"hsa-miR-450a-5p"	4.07016663304133	5.25882828083048	12.9497374073281	0.000319966371227585	0.0010860172454075
"hsa-miR-450b-5p"	6.33189018579163	5.94020939622659	26.8255458656619	2.22674258170262e-07	2.87620916803256e-06
"hsa-miR-451a"	-8.14152739247529	4.21108638443812	30.5288219906796	3.2894310405393e-08	5.09861811283592e-07
"hsa-miR-452-3p"	7.5134128075029	3.6855608509101	9.76111480605872	0.00178241793504752	0.00463030357428546
"hsa-miR-452-5p"	9.82718721225003	5.80908126904223	22.7439055739241	1.85090201429791e-06	1.8312115673373e-05
"hsa-miR-4521"	3.94484514003094	3.23970924272135	6.18968579698809	0.0128496999199937	0.0236170374023599
"hsa-miR-454-3p"	-1.85350839917968	6.68643924851604	5.70361822431105	0.016929977435781	0.0302786134909161
"hsa-miR-454-5p"	0.733127283729849	3.822002069127	0.92896476928245	0.335132073682571	0.414458548570201
"hsa-miR-455-3p"	4.13561288933279	5.71808967677199	16.4137765270688	5.09138422458431e-05	0.000254569211229216
"hsa-miR-455-5p"	3.37919965197153	5.27147693817296	11.62565432655	0.000650483532278379	0.0020300325000634
"hsa-miR-4662a-5p"	1.76436995318836	2.63339841645627	1.2506138359386	0.26343527033139	0.341218386362385
"hsa-miR-4677-3p"	1.19773104667304	4.06719727205977	1.73325423583675	0.187995834573645	0.253188230475933
"hsa-miR-4772-5p"	-6.19662526398614	2.611659878653	15.2136893186417	9.60049487049907e-05	0.000429252895652122
"hsa-miR-4775"	4.64769101647121	3.22368133965457	9.77261194318294	0.00177130636251904	0.00462728909309748
"hsa-miR-484"	-0.401189952684305	9.92956894534458	0.339747190221061	0.559975184862342	0.617034267680069
"hsa-miR-485-3p"	8.48038601040795	4.53850064582173	18.8224438395468	1.43468895733059e-05	9.3588069476677e-05
"hsa-miR-485-5p"	8.91747463122725	4.9392203430137	11.5400089594527	0.000681143118537674	0.00209755993456966
"hsa-miR-486-3p"	-0.752824559984812	3.43639420989427	0.388771244215046	0.53294599600966	0.600048155313539
"hsa-miR-486-5p"	-0.50060505264586	8.97998338926451	0.18553132650171	0.66666217568946	0.719252695349417
"hsa-miR-487a-3p"	7.17061717201816	3.40429856023573	11.7592845928461	0.000605404906835813	0.00194147090812864
"hsa-miR-487b-3p"	8.94215753398188	7.12568740679058	16.9114483028301	3.91646617022467e-05	0.000211762415017962
"hsa-miR-493-3p"	8.12585563324856	5.62289652320589	16.026734065114	6.24543487510457e-05	0.000302513251762878
"hsa-miR-493-5p"	9.21489721803524	5.22414359033811	16.5713168194362	4.68543289231047e-05	0.000242883583449958
"hsa-miR-494-3p"	7.16495178122814	4.77784876798478	14.0934818491493	0.000173945519471187	0.000700851774040688
"hsa-miR-495-3p"	7.07483298922971	4.70016577832463	19.433286634415	1.04175471313925e-05	7.02052089289495e-05
"hsa-miR-496"	6.52347230184677	2.88460806903882	11.7143890605517	0.00062018668886155	0.0019752521254837
"hsa-miR-497-5p"	4.39966763517428	5.11880907353599	13.2174285709323	0.000277357879824065	0.00100758917279836
"hsa-miR-500a-3p"	2.74519551075608	9.03086730698457	11.689360487768	0.000628585000521339	0.00198838112409811
"hsa-miR-500a-5p"	0.708350061182484	2.38582834135126	0.368824547315513	0.54364568870219	0.60622360970388
"hsa-miR-500b-5p"	1.07442191309233	2.47466055855673	0.798438503294282	0.371560641788418	0.452292404271242
"hsa-miR-501-3p"	1.60560357235036	7.27072337384103	2.25906931981087	0.132833869545095	0.186620417371045
"hsa-miR-501-5p"	1.17460554088464	2.81029491525119	0.753481668807477	0.385376147664938	0.465454308218692
"hsa-miR-502-3p"	1.58623662465127	4.86566292620265	1.64365819986874	0.19982428659383	0.266241527983183
"hsa-miR-505-3p"	-0.0374801684886932	5.93141968898849	0.0015251609535869	0.968847886466903	0.979378841754587
"hsa-miR-514a-3p"	-3.64479245907044	2.50897402022366	6.32445841600847	0.0119083850103659	0.0221495961192807
"hsa-miR-532-3p"	1.52803139496481	5.829192545098	3.34590907149123	0.0673722545981639	0.103735425126312
"hsa-miR-532-5p"	1.01078230527711	9.09104812119596	2.02728429564224	0.15449645916303	0.213177606856999
"hsa-miR-539-3p"	9.26007249169657	5.2706680550091	13.0017840215871	0.00031119434628206	0.00107189163719376
"hsa-miR-539-5p"	6.99503930788085	3.25430057239821	9.13006576753087	0.00251442680642068	0.00602684775765782
"hsa-miR-541-5p"	5.37762109745112	2.15174629548862	4.06068122505618	0.0438927890460593	0.071364150022439
"hsa-miR-542-3p"	5.22657782721407	3.72223526179675	14.0838759998744	0.000174836141481118	0.000700851774040688
"hsa-miR-542-5p"	2.94982724326836	2.61323248612218	3.24301278447616	0.0717286240411064	0.110078581449223
"hsa-miR-543"	8.73833983529	4.77779057199057	19.4899470264131	1.01130523081193e-05	6.91554312246392e-05
"hsa-miR-545-5p"	3.64389533968099	2.85522461799352	3.7766581501917	0.0519723641622133	0.0830486231458047
"hsa-miR-548e-3p"	-1.60540321513787	4.85555478731726	3.3915299741261	0.0655321146341502	0.101237319949767
"hsa-miR-548e-5p"	-1.67898191818651	2.94784665822223	2.12342697216033	0.145061641538735	0.201957075794945
"hsa-miR-548k"	-0.407529018318211	4.82547291092727	0.255386617710745	0.613307475336322	0.669455342796689
"hsa-miR-548o-3p"	-2.29919106423196	3.38818227095894	7.12409353266384	0.0076054856925831	0.0156484550754475
"hsa-miR-548w"	-3.36823483237318	2.96370238123513	9.47591666761907	0.00208186833329559	0.00521494298777693
"hsa-miR-549a-5p"	5.09795840157865	2.95929436838153	6.03985135207675	0.0139864618396853	0.0253062441846446
"hsa-miR-561-5p"	6.34196759235952	2.76382437962038	12.6393758701802	0.00037770605744495	0.00126354904109282
"hsa-miR-5690"	-7.08600219202734	3.29498146368037	24.5884633488851	7.09753812025052e-07	8.46244929722178e-06
"hsa-miR-574-3p"	7.80315943894951	8.71218538740888	55.9242713078058	7.53169673987151e-14	2.91853248670021e-12
"hsa-miR-574-5p"	6.37399922009368	2.78526848958644	13.9135518521632	0.000191413376873588	0.000747959834001837
"hsa-miR-576-5p"	-2.51217892408159	5.52668219862665	7.88149812964151	0.00499430904577557	0.0107516375291002
"hsa-miR-582-3p"	0.390586397946832	3.65801045959522	0.165466848068949	0.68417239448548	0.730259539782281
"hsa-miR-582-5p"	-2.78403779251348	3.28792430856881	6.37375731619816	0.0115820114534521	0.0217162714752227
"hsa-miR-584-5p"	6.3858186489455	5.76231518929895	16.7373589253136	4.29273177555642e-05	0.000229439112141809
"hsa-miR-589-3p"	-1.20337045107482	3.9266270812354	1.00153251608	0.316939967766056	0.3951128284483
"hsa-miR-589-5p"	0.47139008065637	6.9864139359483	0.219362164772335	0.639526347114813	0.694812503290626
"hsa-miR-590-3p"	-2.15454587256994	5.82219531354909	2.7273540317722	0.0986425878297962	0.14378935216569
"hsa-miR-598-3p"	-2.62281843393093	4.33124112904689	6.33124337165588	0.0118629119810161	0.0221495961192807
"hsa-miR-615-3p"	7.04848271062793	4.60444319155709	19.6857207509803	9.12809000366814e-06	6.43115432076619e-05
"hsa-miR-616-5p"	-1.30517510488622	3.43125191592569	2.22865283727541	0.135471920864374	0.18917250210791
"hsa-miR-625-3p"	-0.845494468611567	6.17239562475558	0.619337315883026	0.431293650130777	0.512919558339671
"hsa-miR-625-5p"	-0.681468779859501	4.84124792844637	0.536274460832358	0.463980825028028	0.543453611178924
"hsa-miR-628-5p"	0.0301368563652405	3.67339768021515	0.000941185889251628	0.975525735788481	0.982776792718192
"hsa-miR-629-3p"	-2.64447140421172	3.19529689178715	5.22424483988551	0.0222741160306467	0.0390847696386819
"hsa-miR-629-5p"	0.0698226423102719	4.09402491515792	0.00647525045972497	0.935864297627913	0.952247042444156
"hsa-miR-641"	0.292775790064418	3.23308026457755	0.0950346319347686	0.757871660480644	0.791933308142695
"hsa-miR-642a-5p"	-6.91328741287385	3.15537225167145	21.2089115114197	4.11845140773922e-06	3.44383097070679e-05
"hsa-miR-6516-3p"	-2.95965126605834	3.08524924954218	6.64557618616124	0.00994023259880685	0.0194210426825428
"hsa-miR-652-3p"	-2.43663437611787	6.85994597538809	10.0837023497405	0.00149586468986988	0.00402267299724797
"hsa-miR-652-5p"	-2.65253083352627	3.14940744970146	4.99649063256699	0.0253987674512264	0.0439049325829751
"hsa-miR-654-3p"	8.68542599330059	8.92355231768786	23.742704458839	1.10111970941238e-06	1.16368332926535e-05
"hsa-miR-654-5p"	7.70597006794021	3.84015854086843	10.1233002036013	0.00146406615985609	0.00398123253995954
"hsa-miR-655-3p"	6.41469851445628	2.81626117311782	11.0248928155815	0.000898964765781335	0.00264568744359697
"hsa-miR-656-3p"	7.5245500933269	3.69714511643736	9.52008419412444	0.00203235257430806	0.00516002092067596
"hsa-miR-659-5p"	-2.82026820277919	3.27669447208662	7.37350383886953	0.00661918376572783	0.0138645065363218
"hsa-miR-660-5p"	2.2687370765398	8.94686553607172	4.00072523121692	0.0454806903655087	0.0731581616816913
"hsa-miR-664a-3p"	-3.71460407527473	6.26914278067342	8.47534959004245	0.00359991195323963	0.00812601484590499
"hsa-miR-664a-5p"	-2.95549965512616	3.38801179571163	10.0827877257508	0.00149660737316967	0.00402267299724797
"hsa-miR-664b-3p"	-1.02323108479903	3.6366708760079	0.473995820526563	0.491154624977989	0.568625302496218
"hsa-miR-665"	8.77323356163381	4.8090468486889	15.9388162035324	6.54231786669719e-05	0.000313626578145793
"hsa-miR-668-3p"	5.73049063522378	2.34198569751013	7.23406758189868	0.00715329515336827	0.0148494743139118
"hsa-miR-671-3p"	1.90968317110412	6.3810693113028	5.65792679443204	0.0173766514491085	0.0309584020070323
"hsa-miR-671-5p"	-0.402850809293571	4.11062102245534	0.170709506389024	0.679482015231612	0.728823133181162
"hsa-miR-6731-3p"	-6.29697089267065	2.68376436483173	16.5440835385121	4.75320561160132e-05	0.000242883583449958
"hsa-miR-6769b-3p"	-3.32220105817162	3.33232747211462	9.04954245622221	0.00262760568785626	0.00626582894796494
"hsa-miR-6803-3p"	-4.94444788386356	3.40838297623502	14.6718823313377	0.000127940672622121	0.000537171991148078
"hsa-miR-6842-3p"	-7.05404844571811	3.26880585984076	24.0315487852954	9.47700671557007e-07	1.02483909831165e-05
"hsa-miR-7-1-3p"	-3.62248758244578	5.95634868553364	18.23373378633	1.95387417945055e-05	0.000119546249137435
"hsa-miR-7-5p"	0.194050946813847	4.49530773897302	0.0347445675062779	0.852131917998456	0.872778286055688
"hsa-miR-708-3p"	6.22290811783446	4.55587509341749	12.5370530598543	0.000398961013185047	0.00131572249029111
"hsa-miR-708-5p"	7.10691241087536	5.38501326739371	8.80054547966017	0.00301140494680482	0.00707223889022344
"hsa-miR-744-5p"	1.55589365136428	6.66365260050991	3.55272312002799	0.0594478139135136	0.0933893022627833
"hsa-miR-758-3p"	8.69364825543415	4.73807501294011	17.2176719766789	3.33321269453448e-05	0.000184517131304587
"hsa-miR-760"	2.45219598822713	2.84270641199238	2.4261869676394	0.119322829159487	0.171780543526816
"hsa-miR-766-3p"	-5.40631649802139	6.2366700878131	31.6844798592559	1.81365802000961e-08	3.01196778323025e-07
"hsa-miR-769-5p"	-0.547398326384394	9.29178897775473	0.642315651018846	0.422873508282256	0.505473354968633
"hsa-miR-7706"	0.886691892446634	4.42625017882093	0.818454339742394	0.365632468446767	0.44741867849407
"hsa-miR-7974"	3.35873278911646	3.03037286959692	9.51156031427729	0.00204181472990189	0.00516002092067596
"hsa-miR-7976"	0.291708863520626	2.88486977566527	0.0593579960209958	0.807513546203541	0.836975297917041
"hsa-miR-7977"	1.36661295274906	2.54970388374528	1.64384189046064	0.19979915943969	0.266241527983183
"hsa-miR-874-3p"	-3.34184305304091	7.40061269042688	6.93202323196249	0.00846658575098325	0.0171919754332193
"hsa-miR-874-5p"	-4.38374130055699	4.22554868160872	9.74594247681409	0.00179718964924101	0.00464273992720596
"hsa-miR-877-3p"	3.13102338289546	2.19699120267721	2.80232110281086	0.0941279517970256	0.13804078009249
"hsa-miR-877-5p"	1.55136405154557	5.52497540545418	3.47792618693225	0.0621926343604562	0.097045553616148
"hsa-miR-887-3p"	8.43085058896387	4.49486033364436	25.7089384290448	3.96984108862264e-07	4.85783185844612e-06
"hsa-miR-887-5p"	5.81249007799706	2.39901863428613	13.007724890464	0.000310208605800468	0.00107189163719376
"hsa-miR-889-3p"	8.62810015046377	6.15379602015054	9.96693957416778	0.00159376191145444	0.00421079141378589
"hsa-miR-9-3p"	2.42431153017521	2.67454478762925	1.47142740972046	0.225120615592893	0.298236712964944
"hsa-miR-9-5p"	1.55980678826989	4.38823955940395	0.532194494003498	0.465685707115657	0.544080034695428
"hsa-miR-92a-1-5p"	-1.9554215538197	3.63681886582379	5.17566538822786	0.0229053973494828	0.0398914223502229
"hsa-miR-92a-3p"	-2.49742176189823	15.7581317673014	13.1051169780472	0.000294490285877261	0.001058064838898
"hsa-miR-92b-3p"	2.73069395405019	11.2070788449775	7.29088025527147	0.00693055101807174	0.0144515974143648
"hsa-miR-92b-5p"	1.18284689364079	2.18997227105327	0.400182483354406	0.526995029924261	0.598048459050482
"hsa-miR-93-3p"	0.569718796415131	4.08772629617803	0.399569740317172	0.527311544539135	0.598048459050482
"hsa-miR-93-5p"	-1.17427042934561	9.27829304270148	2.39326445184528	0.121858924008907	0.173360053270045
"hsa-miR-935"	9.45142653025471	5.44704061905977	22.0816014461905	2.61302233380326e-06	2.47970486779289e-05
"hsa-miR-940"	1.87762933648635	2.74521924650628	3.66933848370584	0.0554221768838993	0.0881898035498289
"hsa-miR-941"	0.569672769107021	7.22888490622931	0.449158895072141	0.502734652518581	0.576860541119981
"hsa-miR-941-3-5p"	0.560779075637555	4.96179731737347	0.381094298531483	0.537018167428599	0.603172579358209
"hsa-miR-942-5p"	-2.28265280995008	3.7003096881057	6.59877970245706	0.0102048685058003	0.019667480800188
"hsa-miR-95-3p"	-7.36147584559793	3.52492971130253	27.967877108237	1.23346125043548e-07	1.79237337953906e-06
"hsa-miR-98-3p"	2.24714780182898	2.55849612340595	4.94504653489435	0.0261655344403806	0.044927285500596
"hsa-miR-98-5p"	1.72647118545598	10.0459839621586	5.58278629746951	0.0181378436591968	0.0321912110745286
"hsa-miR-99a-3p"	1.70104467333113	3.11115057253002	1.85729573600173	0.172937235806325	0.23513396096474
"hsa-miR-99a-5p"	1.58096305942679	8.59613564852953	2.25430847977787	0.133242964660617	0.186620417371045
"hsa-miR-99b-3p"	2.6425223712464	5.20846358791836	9.97214301535227	0.00158926406223489	0.00421079141378589
"hsa-miR-99b-5p"	3.04867034562495	13.9073166568263	15.4966757283264	8.2650479353419e-05	0.000384324728993398
