"logFC"	"logCPM"	"LR"	"PValue"	"FDR2"
"hsa-let-7a-3p"	-0.0143790007485367	4.97695137192915	0.000475895471827137	0.982595505968987	0.984983922646647
"hsa-let-7a-5p"	1.38791720038479	15.4340823917448	7.53891242958207	0.00603804782475031	0.0192774370918634
"hsa-let-7b-3p"	0.0114259238426145	4.42134345720586	0.000688124439788496	0.979072191770404	0.984731568601447
"hsa-let-7b-5p"	0.300965992750987	10.7842446128264	0.478265554671036	0.489209001184628	0.616828740624096
"hsa-let-7c-5p"	-0.551488656134167	3.54113741601807	1.07994900644848	0.298708963878829	0.418438417210539
"hsa-let-7d-3p"	0.878342598822794	7.25236849586183	5.00863608819465	0.0252211703956376	0.0597072605284483
"hsa-let-7d-5p"	0.870114049235821	10.5015679289388	2.45995478156385	0.116782143986858	0.197282456832167
"hsa-let-7e-5p"	1.19244059530616	7.03730741112374	0.695685887855038	0.404237106524532	0.538982808699377
"hsa-let-7f-1-3p"	0.0584396731892805	3.28734461890925	0.0156571402155206	0.900421824973598	0.935363567435261
"hsa-let-7f-2-3p"	-0.192265190779168	3.66883628190895	0.0585855047108774	0.808745738614011	0.863323671894711
"hsa-let-7f-5p"	0.330327604502813	15.3908014984517	0.505999823737056	0.476875648024828	0.605666881432993
"hsa-let-7g-3p"	-0.489035949880913	5.20055289268204	1.01186319500288	0.31445688859233	0.434249989008456
"hsa-let-7g-5p"	-0.66783755238456	15.0633185017797	2.32324425377169	0.127453956446758	0.210208421059107
"hsa-let-7i-3p"	1.09384762762507	7.94803009317431	7.93465204686842	0.00484969519525344	0.0163853779412446
"hsa-let-7i-5p"	0.667165567783725	13.4455042054362	1.92424063651265	0.165389927956375	0.258383899635152
"hsa-miR-100-5p"	-1.28037855528593	6.09154009449344	1.73380745344701	0.187925380057002	0.288779477922347
"hsa-miR-101-3p"	-0.787538071627285	14.1020211096757	1.25524987353856	0.262552143595537	0.382293497787644
"hsa-miR-101-5p"	-1.3479682173081	5.37264297950297	5.45610555286485	0.019500061395395	0.0494239388425893
"hsa-miR-103a-3p"	-0.0209624645774704	12.2562227451494	0.00186207996043208	0.965580507741335	0.973976859982563
"hsa-miR-106a-5p"	1.18468470178711	4.41023458471262	3.93611096720883	0.0472599147402555	0.095066186876352
"hsa-miR-106b-3p"	1.12625702649366	9.43830878321677	4.46425458462505	0.0346111881902093	0.0762186793340484
"hsa-miR-106b-5p"	-0.25000612463134	8.47983504492533	0.147560901678069	0.700877230604701	0.797076066177895
"hsa-miR-107"	-0.906214599014094	3.76226546778413	2.19465524946185	0.138490191400208	0.224160867940802
"hsa-miR-10a-5p"	1.05280220227533	11.2684125879358	2.58987465345626	0.107548846709311	0.185282171558615
"hsa-miR-10b-5p"	1.55870914675992	6.62825618161282	2.85018288258035	0.0913635431958436	0.163889242433781
"hsa-miR-122-5p"	6.75900190960121	4.56259480310491	17.1968719461182	3.36990783895623e-05	0.000217171838510512
"hsa-miR-1248"	0.987314139779453	3.89205495929455	1.12834081549589	0.288129522797396	0.409261526259158
"hsa-miR-1249-3p"	-1.78122695470037	3.09664143454127	8.2704767278608	0.00402949245095003	0.0140226337293061
"hsa-miR-125a-5p"	-3.88424304145452	11.1516255023855	24.9688330795199	5.82645942675433e-07	5.33581021186976e-06
"hsa-miR-125b-5p"	-2.51230418965703	5.37221590417059	12.9305067081577	0.000323270265284541	0.00160711503312886
"hsa-miR-126-3p"	-0.167244287113242	4.14091315252161	0.0638572972930431	0.800500036731315	0.862458243908662
"hsa-miR-126-5p"	1.84545797801184	7.30986264992695	2.68322606663835	0.101410101103785	0.177340277307122
"hsa-miR-1260a"	-1.97609985184437	4.50956771436482	18.6388680825262	1.57966914656922e-05	0.000109944972601218
"hsa-miR-1260b"	-0.736803413787932	3.14005877610342	1.88506870630862	0.169759172771727	0.262560853886938
"hsa-miR-127-3p"	1.54213661613495	4.34113471382264	5.50389072614535	0.0189742116341948	0.0489113011014798
"hsa-miR-1271-5p"	-0.51934476136791	6.98927341851938	0.453478669343847	0.500687602337452	0.629022691745246
"hsa-miR-1273h-3p"	1.36733149133522	5.6926051986326	10.2812014435797	0.00134392408206422	0.00556768548283747
"hsa-miR-128-1-5p"	2.77536912708394	5.19848973824707	5.68966941165301	0.0170650691016186	0.0449897276315399
"hsa-miR-128-3p"	-0.824540467125429	9.05332653772287	5.24322568843024	0.0220323857408322	0.053617274390277
"hsa-miR-1285-3p"	-3.13963245007181	2.81685165326577	13.1914486821324	0.000281229417900466	0.00145179295844743
"hsa-miR-1287-5p"	-2.15883389385748	2.63634250871051	7.93974547796932	0.00483606361470881	0.0163853779412446
"hsa-miR-1299"	5.13785909280488	2.99925237668419	4.46213208692097	0.0346542174979208	0.0762186793340484
"hsa-miR-1301-3p"	-0.63770882301104	4.46530647273045	1.36074950424477	0.243407628207085	0.360450445174747
"hsa-miR-1304-3p"	1.74182887217508	4.64169191728024	5.20635683118658	0.022504443828785	0.0543857392528972
"hsa-miR-1306-5p"	-3.21023822481225	2.41687928869773	13.8894559111862	0.000193883126316875	0.00103802043012727
"hsa-miR-1307-3p"	-0.169209899720196	7.10353990989085	0.0912260431345207	0.762624243846257	0.831953720559553
"hsa-miR-1307-5p"	-1.55001730897704	8.23294383921054	10.1977452580704	0.00140612473786425	0.00568990010205533
"hsa-miR-130a-3p"	0.970301596817996	4.45639617037417	4.1718768672619	0.0411002464415322	0.0877477654089153
"hsa-miR-130b-3p"	0.173307011177762	6.66907828233084	0.203736205458241	0.651721840933269	0.758525754664809
"hsa-miR-130b-5p"	-0.901860249894454	4.1640487964692	4.37204970270929	0.036533022233075	0.0784783440562352
"hsa-miR-132-3p"	0.0447847732946292	5.81455828368136	0.00253801777904084	0.959820575242248	0.973812128817208
"hsa-miR-132-5p"	-1.82087795359764	3.13873612843103	5.84512944178459	0.015620224876273	0.0418141404380231
"hsa-miR-138-5p"	5.95159235499842	4.72049449192265	51.9745322680331	5.6225176688213e-13	1.7787601352271e-11
"hsa-miR-140-3p"	-0.195415835347769	12.5662059409223	0.226214294108138	0.634345191865235	0.747975621269282
"hsa-miR-140-5p"	-0.760663314711697	6.57792675987204	2.11981641572008	0.145403972427055	0.233182407394539
"hsa-miR-141-3p"	1.43095223313784	9.87333567476778	4.70838347477883	0.0300158634280132	0.068271375640187
"hsa-miR-142-3p"	-1.29418620151459	12.2856485737344	2.87505377227978	0.0899619700439949	0.162970501962345
"hsa-miR-142-5p"	0.18209029652495	16.3929359112502	0.151580672539239	0.697029364563866	0.795365488878636
"hsa-miR-143-3p"	2.71186557471085	6.81925482323557	19.1438357445794	1.21228381003699e-05	8.7890576227682e-05
"hsa-miR-144-5p"	1.22717183528418	2.6817351988633	1.21626898255343	0.270094110397125	0.39001141252365
"hsa-miR-1468-5p"	0.375467403355326	5.41652665835657	0.795987774109876	0.372295672955632	0.506089430424062
"hsa-miR-146a-3p"	-3.98489586320679	2.41280371099602	11.2977187168836	0.000776023827932094	0.003323650154275
"hsa-miR-146a-5p"	1.9698914122343	13.1291956513268	6.65814146540879	0.00987038059242923	0.0281548561161096
"hsa-miR-146b-3p"	-1.94404095475271	8.42663279328303	4.45378152503433	0.0348240517646945	0.0762186793340484
"hsa-miR-146b-5p"	0.722798281741629	14.5624317471091	0.287764127731862	0.591656905200142	0.711777045590556
"hsa-miR-148a-3p"	-0.785621420083671	11.517608347166	2.49350250777081	0.114317064978611	0.194060188353935
"hsa-miR-148a-5p"	1.32857216923718	5.56475226229715	2.38796521484049	0.122272688759108	0.202623312800807
"hsa-miR-148b-3p"	0.754265666451441	10.2028538422416	3.9409338409991	0.0471246108734801	0.095066186876352
"hsa-miR-148b-5p"	-0.412580722213341	5.61116121605828	1.16506975868206	0.28041659308175	0.403243695836567
"hsa-miR-150-3p"	-0.409811192464293	7.63755337439614	0.802495494918324	0.370348303365103	0.505416508121788
"hsa-miR-150-5p"	-3.30921810992798	16.6489303675404	42.3281110844778	7.71752628773293e-11	1.27890435625288e-09
"hsa-miR-151a-3p"	5.37033438381185	12.5323464813393	46.4163848078776	9.56126433979476e-12	2.07957499390536e-10
"hsa-miR-151a-5p"	4.29679194165175	11.7756741855143	51.7278684016208	6.37514023348261e-13	1.84879066770996e-11
"hsa-miR-151b"	6.05579763734241	7.64724042500582	51.4618187827769	7.30031666035222e-13	1.95423861369429e-11
"hsa-miR-152-3p"	-1.90082981256328	5.82018480580889	14.0534962413973	0.000177683197874797	0.000966152388444206
"hsa-miR-153-3p"	-1.26792047751677	3.29031234487964	4.86780723674412	0.0273622474478266	0.0639064571264676
"hsa-miR-155-5p"	4.08633002448524	13.5944098470765	9.55980230616802	0.00198884525961139	0.0078649789811905
"hsa-miR-15a-5p"	1.10483929320282	11.7814133607384	4.04020483182447	0.0444284289395511	0.0914857589997858
"hsa-miR-15b-3p"	-0.129369498663947	5.45210395669721	0.0981828190583416	0.754021316801999	0.825155403292753
"hsa-miR-15b-5p"	-0.131596477816218	8.52261116093719	0.126273594047948	0.722327431817024	0.808263492837056
"hsa-miR-16-2-3p"	-0.661535499598669	7.38435031856315	3.01538329468453	0.0824779546564052	0.15186417047846
"hsa-miR-16-5p"	2.07206964368481	14.7217225758932	14.5773312135229	0.00013452313164887	0.00075506531957753
"hsa-miR-17-3p"	-0.182508580682541	7.5502612328139	0.119685431246947	0.729375915398991	0.811010763789204
"hsa-miR-17-5p"	1.05929687275085	8.87220134991039	6.3691239592594	0.0116122907919307	0.0320720412348561
"hsa-miR-181a-2-3p"	0.265401040899465	8.55816106342194	0.222066265079022	0.637470018124944	0.747975621269282
"hsa-miR-181a-3p"	1.94488651538225	8.90852403200395	17.3412691968003	3.1232984121754e-05	0.000205076952346611
"hsa-miR-181a-5p"	2.99903996360959	16.4445353987731	29.1069984335372	6.84891315753528e-08	7.94473926274092e-07
"hsa-miR-181b-5p"	1.43097004836772	10.8589898135939	7.39343417788385	0.00654623852152013	0.0205233423917928
"hsa-miR-181c-3p"	-3.16230440076323	5.93867414198732	28.8509443297325	7.81677803473769e-08	8.77496372931844e-07
"hsa-miR-181c-5p"	-3.08817986283842	10.4706739265898	42.7923342586093	6.08702226419815e-11	1.05914187397048e-09
"hsa-miR-181d-5p"	-3.15312426892274	5.8392303293072	21.7898210555402	3.04209783009722e-06	2.5205953449377e-05
"hsa-miR-182-5p"	4.29336238397945	7.62190607126431	13.1554938152242	0.000286677473601918	0.00145179295844743
"hsa-miR-183-5p"	4.68522063203208	5.36095270049881	24.7792384298154	6.4286185173846e-07	5.73630575397395e-06
"hsa-miR-185-5p"	-0.902248593781794	6.15816420369641	4.78545101869334	0.0287011305068866	0.0657104830026088
"hsa-miR-186-5p"	-0.254091407042866	13.9524863487696	0.285455565305483	0.59314753799213	0.711777045590556
"hsa-miR-188-5p"	1.19992314502596	2.49320858494992	0.710284196629225	0.39934948164965	0.534513921592608
"hsa-miR-18a-3p"	0.0612248703135328	3.69915022706959	0.00561799041102518	0.940251904450183	0.959553263192563
"hsa-miR-18a-5p"	0.541132346210636	5.00897210796097	1.31083535552763	0.252243465391734	0.370382809942292
"hsa-miR-191-5p"	1.90620171876968	14.6467535208642	11.8113166920939	0.000588717834319713	0.00273165075124347
"hsa-miR-192-5p"	-0.28498390585289	12.7064010699022	0.428956410940955	0.512501466238029	0.639011666848218
"hsa-miR-193a-3p"	-2.02802474548524	2.40927677572361	5.92600015681098	0.0149190678008598	0.0402467875558078
"hsa-miR-193a-5p"	3.98778904069884	5.64866129038522	28.0526812503165	1.18057429681505e-07	1.28387454778637e-06
"hsa-miR-193b-3p"	-0.16301332347621	4.57753777467764	0.0588668291124277	0.808296010807343	0.863323671894711
"hsa-miR-194-5p"	-0.835237745576386	6.91297599103541	4.00034432328299	0.0454909697230303	0.0925985921373832
"hsa-miR-195-5p"	2.70277241882876	6.07638479409556	16.9442120172779	3.84945049191082e-05	0.000239215851997316
"hsa-miR-196a-5p"	-5.30580074606363	3.89091265546107	56.6326324282568	5.25327859289793e-14	2.0312677225872e-12
"hsa-miR-197-3p"	-0.822304592663629	9.95502537259186	5.37264488922244	0.0204549384566629	0.0501290041050612
"hsa-miR-1976"	-0.254965357909963	3.90164362985301	0.22959386335214	0.631825136317315	0.747975621269282
"hsa-miR-199a-3p"	-0.668525726723129	5.77009559288875	2.68634423372886	0.101211783581394	0.177340277307122
"hsa-miR-199a-5p"	-0.41012718896265	3.22986504870744	0.605052791538711	0.436656625502859	0.573420776132056
"hsa-miR-199b-3p"	-0.609277433104399	4.6203553295085	2.06856833866171	0.150362612808851	0.238932371038722
"hsa-miR-199b-5p"	-1.69100904415893	4.93331297133964	8.88494182879284	0.00287532204314872	0.0105327586422711
"hsa-miR-19a-3p"	-0.807375631393011	7.97208991566753	1.15011249995255	0.283525600681011	0.404372578020458
"hsa-miR-19b-3p"	-0.122245208214554	10.6009463119312	0.0447466575024009	0.832470559346302	0.877878044401555
"hsa-miR-200a-3p"	2.81989508813336	4.63872871130954	24.068561465122	9.29657777961302e-07	7.89075382269593e-06
"hsa-miR-200b-3p"	1.0532752075866	5.20077966315493	4.65834180163942	0.0309030223709086	0.0693822695811368
"hsa-miR-200c-3p"	0.885009847136461	5.39678201106065	5.45131113537524	0.0195536462915117	0.0494239388425893
"hsa-miR-20a-3p"	-0.547907194666758	2.99377561482622	0.584765451638368	0.444450454799589	0.577122232351706
"hsa-miR-20a-5p"	1.42222890703987	10.1584680642031	12.5214779292537	0.000402300539093256	0.00191781626855415
"hsa-miR-20b-5p"	3.03678138778267	5.86485455813582	32.5980767560588	1.13326835143697e-08	1.35992202172436e-07
"hsa-miR-21-3p"	2.74559029618609	11.595738255972	4.62908384638327	0.0314343446315555	0.0701227687934699
"hsa-miR-21-5p"	0.753270856698258	14.9023497322641	0.879028928087564	0.348467786142179	0.477428305423143
"hsa-miR-210-3p"	1.29149206145675	5.69348443946675	5.53957948697361	0.0185910494654483	0.0482812329401194
"hsa-miR-210-5p"	3.69655455076412	3.56649712502468	6.32777041718	0.011886165534824	0.0325699654025099
"hsa-miR-2110"	0.0276620738576969	3.71593579631755	0.00195039094877991	0.964774291065607	0.973976859982563
"hsa-miR-2110-3p"	-1.59062780311931	4.60516519145868	13.1478099478968	0.000287855500381817	0.00145179295844743
"hsa-miR-212-3p"	-0.0854322998887082	3.21043055834574	0.00630806438243425	0.936695917433936	0.958735821373558
"hsa-miR-212-5p"	-1.82589556557558	2.67043184627047	6.57204422705987	0.0103592896987649	0.0288402625213615
"hsa-miR-215-5p"	-0.894280461155553	4.37465693081008	3.71622528597934	0.0538860610223209	0.106919716200698
"hsa-miR-22-3p"	-2.29260366975482	13.5018223655354	15.9912212766198	6.36368842705675e-05	0.000388519925020307
"hsa-miR-22-5p"	-2.96536433520036	5.02988839743944	38.974177934672	4.29448477142697e-10	6.2270029185691e-09
"hsa-miR-221-3p"	1.0061142856886	11.4940122991826	6.57334800797392	0.0103517039214211	0.0288402625213615
"hsa-miR-221-5p"	-0.166308816178639	6.72071618401158	0.137516581496901	0.710762455298771	0.805685128481995
"hsa-miR-222-3p"	0.702096930754941	9.85584810202116	2.91638439385852	0.0876841353202241	0.160600416270726
"hsa-miR-222-5p"	0.428628761052204	2.97751725191232	0.132118161875656	0.716245886625681	0.808263492837056
"hsa-miR-223-3p"	4.38430334479677	9.44290169825002	73.7798644891024	8.73329319240224e-18	5.0653100515933e-16
"hsa-miR-223-5p"	5.04290111140868	5.19841508174893	68.4339633478187	1.31198349187314e-16	5.70712818964815e-15
"hsa-miR-2277-5p"	-1.71504956132562	3.22661735447714	11.2807266966756	0.000783158944398131	0.003323650154275
"hsa-miR-2355-5p"	1.36654414862193	4.08863034896231	6.73016923570611	0.00947956054648049	0.0274907255847934
"hsa-miR-23a-3p"	-2.91151718504549	10.2268985334246	47.1196354470383	6.6783284026713e-12	1.66004163152115e-10
"hsa-miR-23a-5p"	0.303918387202244	4.78548153036618	0.15486340598504	0.693930374108593	0.795365488878636
"hsa-miR-23b-3p"	-1.48596488113971	7.13044829762799	13.5388090482741	0.000233680632862303	0.00123213424600123
"hsa-miR-24-2-5p"	-2.32133802497287	4.99449440631668	27.9818228173027	1.22460385071325e-07	1.29140042438852e-06
"hsa-miR-24-3p"	-1.02060357090427	8.99260260793598	7.20094797983966	0.00728650804863101	0.0226402214368178
"hsa-miR-25-3p"	1.15832673283888	12.9499786643	6.79207198886933	0.00915635738282585	0.026776574531289
"hsa-miR-25-5p"	-0.504225236835323	4.43496653942104	1.06009558972726	0.303193384169221	0.422045190763556
"hsa-miR-26a-2-3p"	-0.851689630444018	4.20110273120232	2.78872004178685	0.0949300244077557	0.168549227009689
"hsa-miR-26a-5p"	0.22743868037949	16.1000296599706	0.302525749044889	0.582303318609477	0.706068135456787
"hsa-miR-26b-3p"	-2.01074822779113	6.71083253527489	12.7783387613096	0.000350656193887319	0.00171870923201108
"hsa-miR-26b-5p"	0.13987423673952	13.6818247511185	0.109730334276676	0.740451355442697	0.818022449822408
"hsa-miR-27a-3p"	-2.95459914107509	11.7729149756518	36.2280095778405	1.75529519359806e-09	2.4433709094885e-08
"hsa-miR-27a-5p"	-0.227017800273128	5.96593817058066	0.22089541246747	0.638358504359128	0.747975621269282
"hsa-miR-27b-3p"	1.04340860580845	12.4300308610129	3.99997153449087	0.0455010323433693	0.0925985921373832
"hsa-miR-27b-5p"	1.29777735341581	3.92397148802249	3.05289972006979	0.0805931307399033	0.149183029241949
"hsa-miR-28-3p"	1.45576275869554	13.9280775567825	7.17236716725574	0.00740350195348486	0.0228001653080773
"hsa-miR-28-5p"	-0.292406864820505	10.2076775814281	0.4442245363865	0.505090467711695	0.632271520732626
"hsa-miR-296-5p"	-1.14639239865814	3.16529585530642	2.80942477456195	0.093711972361109	0.167239827598287
"hsa-miR-29a-3p"	-1.03986102983359	14.0763856098165	5.63337761768707	0.0176216458094318	0.0461077649750545
"hsa-miR-29a-5p"	-2.28500449709375	5.02711784134024	25.3554196450725	4.76810865377488e-07	4.48459949057745e-06
"hsa-miR-29b-1-5p"	0.0807742223290324	3.61865015312193	0.0122328208189639	0.911931895430554	0.941698218426803
"hsa-miR-29b-3p"	-1.01330890863297	10.0764310445839	4.04804852861047	0.0442224380545969	0.0914857589997858
"hsa-miR-29c-3p"	-0.731934085737148	12.2893915411279	1.53356487293939	0.215578208366181	0.32060348936509
"hsa-miR-29c-5p"	-0.163471084230101	6.50995912552234	0.183383883969045	0.668481168405024	0.770302803327644
"hsa-miR-301a-3p"	-0.106006720109139	6.19527473839362	0.0202505663861707	0.886839504243556	0.924012417595082
"hsa-miR-301b-3p"	1.32143335326971	3.07856963285176	3.18931580279777	0.0741210282813121	0.138877186330808
"hsa-miR-30a-5p"	8.40953051427608	9.81829403617581	109.402812325447	1.32441519759655e-25	2.30448244381799e-23
"hsa-miR-30b-3p"	1.56646684120085	3.49276658770353	3.7104028267203	0.0540743392279391	0.106919716200698
"hsa-miR-30b-5p"	-0.17801574191195	11.5473660962098	0.102948873034094	0.748319164589396	0.821498641252713
"hsa-miR-30c-1-3p"	1.34171209484931	4.19791367285918	3.26874761258422	0.0706115102539381	0.133547856349839
"hsa-miR-30c-5p"	-0.113109974733811	11.4553651686902	0.0844682754394981	0.771331051776819	0.836209364543094
"hsa-miR-30d-3p"	1.31828717680695	6.47737564309994	8.51623811757963	0.00351991360551965	0.0126281436569159
"hsa-miR-30d-5p"	1.13078921310794	13.6549115180158	8.44496100330133	0.00366056286878704	0.0129987334524275
"hsa-miR-30e-3p"	1.53637864547039	9.47191153777782	1.73031619540909	0.188370521518312	0.288779477922347
"hsa-miR-30e-5p"	0.53230965774345	13.6549600481034	0.687073010283484	0.407161746281827	0.540810258420136
"hsa-miR-31-3p"	-6.87955771793482	3.68887571307005	46.4382293804269	9.45526394468003e-12	2.07957499390536e-10
"hsa-miR-31-5p"	-8.35096899385685	8.48905846111594	132.458538692943	1.18761271220941e-30	4.13289223848873e-28
"hsa-miR-3150b-3p"	9.20421313073482	5.38379929383602	87.4355461549903	8.70714978797334e-21	1.01002937540491e-18
"hsa-miR-3158-3p"	0.288975355048651	3.07539384885488	0.200238424957446	0.654528465064467	0.759253019474782
"hsa-miR-3176"	1.00327387906637	3.14730665844857	0.652534356733655	0.419208035630908	0.554693522431772
"hsa-miR-3194-5p"	-2.6309148762145	3.1008253070259	20.3518680172714	6.443015935351e-06	5.15131976313783e-05
"hsa-miR-32-3p"	-0.341925656791025	3.4083077453345	0.326418571923074	0.567775611864234	0.69572504552378
"hsa-miR-32-5p"	0.0954976294031428	7.96916072837434	0.0128530542488789	0.909736183232351	0.941698218426803
"hsa-miR-320a"	-0.161489593875902	10.2006382160998	0.12771573595078	0.720812299052117	0.808263492837056
"hsa-miR-320b"	-1.05533023277374	4.39684992797968	4.8111577930568	0.0282760415571767	0.0651659765688576
"hsa-miR-320d"	-1.66093174414053	3.77803877680939	8.59399710440626	0.00337272901273057	0.0122261426711483
"hsa-miR-324-3p"	-0.426753992033036	4.70810894788835	0.589901656843378	0.442457149924632	0.576685723497274
"hsa-miR-324-5p"	-0.0941656787516866	4.56100572591357	0.0598722669118072	0.806697941830798	0.863323671894711
"hsa-miR-326"	-3.72828049106487	3.69431588256375	44.5480128854608	2.48195280746001e-11	5.08070339409461e-10
"hsa-miR-328-3p"	-0.3576162689971	6.15165852635507	0.292480188360443	0.588635533547708	0.711267936370147
"hsa-miR-330-3p"	-1.97107097511398	5.30306243799728	19.6427018704956	9.33592130675869e-06	6.91255449947239e-05
"hsa-miR-330-5p"	-0.761055673674686	5.37590449147631	1.89390236539117	0.168762429375769	0.262184488494498
"hsa-miR-331-3p"	-2.45478532836904	7.09798693630536	33.7347763801488	6.31613946433671e-09	7.85005904853277e-08
"hsa-miR-335-3p"	0.636173698809184	6.58460523210638	1.248822728559	0.263777448908566	0.38247730091742
"hsa-miR-335-5p"	-2.00206671862012	6.62290474064689	7.03737645308378	0.00798258795177294	0.0237430821129657
"hsa-miR-338-3p"	0.125567729593685	4.31852916494993	0.0413469937749076	0.838869604045484	0.881953541413379
"hsa-miR-339-3p"	-0.888667782735731	9.04250792050603	4.10107859986247	0.0428558653020092	0.0893044378748454
"hsa-miR-339-5p"	-1.04279805808483	6.81688471057454	4.15289681831233	0.0415633605910408	0.0877723818289306
"hsa-miR-33a-3p"	-1.01185784519176	4.01964879243253	2.1206573325616	0.145324160582951	0.233182407394539
"hsa-miR-33a-5p"	-0.988859479480369	4.05721672492942	2.51182632833231	0.112994912408614	0.192756027049989
"hsa-miR-33b-3p"	-0.361034770493214	3.17468945581947	0.499986840198461	0.479505904546192	0.606792926480272
"hsa-miR-33b-5p"	-2.40171223606561	4.26962353055367	20.3311479720944	6.51316291890989e-06	5.15131976313783e-05
"hsa-miR-340-3p"	0.298306690654021	3.40529545113994	0.207345342642202	0.648856101716414	0.757724575158765
"hsa-miR-340-5p"	0.314156792265489	8.86026615130893	0.407675485565079	0.523151701169479	0.647888939526614
"hsa-miR-342-3p"	-1.07817536415446	12.8105485827824	7.91249523941042	0.00490945063306303	0.0164277771183263
"hsa-miR-342-5p"	-1.71690720326813	7.70704378456284	18.3326504544228	1.85500559613791e-05	0.000126576852442352
"hsa-miR-345-5p"	0.490337674312559	7.12365518521396	0.717904843117296	0.396832019666519	0.533195146115631
"hsa-miR-34a-5p"	0.650019795276683	4.01318704647226	1.57989331022433	0.208776061964008	0.313540041609617
"hsa-miR-3607-3p"	-1.17897473730845	8.75962375731127	1.29056385635536	0.25594406512227	0.37423754059895
"hsa-miR-3607-5p"	-0.933647683482035	2.64339996146079	1.57815469993566	0.209026694406411	0.313540041609617
"hsa-miR-3609"	2.45692110899626	5.43356207323647	11.6415092158005	0.000644962532507878	0.00291489560146418
"hsa-miR-361-3p"	-0.118551434101398	11.5305009772677	0.0725654528083055	0.787637463137567	0.851235519167308
"hsa-miR-361-5p"	0.99558000774576	8.73157230233961	7.13488813339718	0.00755983589731436	0.02295041143889
"hsa-miR-3613-3p"	-0.852126107678508	2.68459397142711	1.15503273840913	0.282498094009265	0.404372578020458
"hsa-miR-3613-5p"	-0.11035137879638	4.22076426575334	0.0309185030504615	0.860422330249085	0.900290314018195
"hsa-miR-3614-5p"	3.49216151941266	2.62879636408135	7.67492279040343	0.00559934891480245	0.0180423465032523
"hsa-miR-3615"	1.3901306458269	6.16816926380273	4.41490585847601	0.0356262444629127	0.077487081706835
"hsa-miR-362-3p"	-0.787298095810579	3.51405217930375	1.65458426014328	0.198336135485317	0.301401638204762
"hsa-miR-362-5p"	3.65425135508391	5.57413336415371	9.33314040230448	0.00225046349225553	0.00870179217005472
"hsa-miR-363-3p"	1.87770969834767	9.80354775342386	9.57247472957485	0.00197516350727382	0.0078649789811905
"hsa-miR-3651"	1.08529034596873	4.18048571248854	2.86753748980924	0.0903830657434844	0.162970501962345
"hsa-miR-3653-3p"	0.463575756952395	3.9890311294396	0.517274645349268	0.472006561703556	0.603890748061902
"hsa-miR-3653-5p"	1.03100772214952	4.02098896468138	4.14051478652472	0.041868435010352	0.0877723818289306
"hsa-miR-3681-5p"	6.18961279270529	2.73586726283695	24.6498097555907	6.87515403596843e-07	5.98138401129253e-06
"hsa-miR-374a-3p"	-0.613503515550596	7.27031324934608	0.591999630589344	0.441646914053684	0.576685723497274
"hsa-miR-374a-5p"	-0.254955197144249	7.40811272796497	0.129871549563982	0.718565257888433	0.808263492837056
"hsa-miR-374b-3p"	-0.395601217150771	3.34296548523712	0.272464238188974	0.601683510334803	0.719539043286981
"hsa-miR-374b-5p"	-1.06483691504395	6.58091225697949	5.37449790146887	0.0204332214150251	0.0501290041050612
"hsa-miR-378a-3p"	2.05853370767246	11.3401969897299	14.8606666678209	0.000115751616998644	0.000671359378592138
"hsa-miR-378a-5p"	1.70161923889374	3.81900251497252	11.6813085304071	0.000631311171933892	0.00289074062938151
"hsa-miR-378c"	1.22201330603774	4.58225300655796	3.5160945984922	0.0607754984313038	0.117499296967187
"hsa-miR-378d"	0.174584777018967	3.4748746378551	0.0548258821065897	0.814869094524931	0.864893393293767
"hsa-miR-3912-3p"	-0.117235691699367	4.70188788018994	0.0504831116187621	0.822224745908627	0.869708849775691
"hsa-miR-409-3p"	1.15895278014582	2.59030507364162	1.61947684109577	0.203164750045941	0.307397100069511
"hsa-miR-410-3p"	2.07691185987546	2.48834183253744	4.82838537562563	0.0279948364855396	0.0649480206464519
"hsa-miR-421"	-0.0500122591853357	6.07031135826362	0.00791884385106378	0.929091537511535	0.953757684525115
"hsa-miR-423-3p"	-0.608279860569644	11.4615538143542	2.07739899909001	0.149494725044789	0.238642955576085
"hsa-miR-423-5p"	-0.377974299747644	11.5866954481486	0.758840639053744	0.383691585364556	0.519551251777687
"hsa-miR-424-3p"	-2.54961475497008	2.27363123410418	7.75255155193025	0.00536367079476177	0.017444462024085
"hsa-miR-424-5p"	-3.17730929647548	3.50783373793645	18.9568689140694	1.3370703417253e-05	9.49592814123277e-05
"hsa-miR-425-3p"	0.0903206363593181	5.38474344225944	0.0546343610019648	0.815186876437804	0.864893393293767
"hsa-miR-425-5p"	0.762048249567079	9.19850658517689	2.73659740597589	0.0980733915950668	0.173246397335448
"hsa-miR-429"	1.60195862419685	2.62044538170291	4.14806283985074	0.0416821836024001	0.0877723818289306
"hsa-miR-4424"	6.16861174925075	4.40482945917632	25.7347019111643	3.91719758986512e-07	3.89481360363732e-06
"hsa-miR-4433b-5p"	-0.346046220310349	2.37820250955468	0.104680642472936	0.746283381263329	0.821498641252713
"hsa-miR-4443"	-0.594902574159245	3.4802101317293	0.946900083080759	0.33050961165019	0.454614011281684
"hsa-miR-4464"	7.43163180287332	3.76729095814704	19.9265090577345	8.04766817156135e-06	6.08823592109424e-05
"hsa-miR-4482-3p"	4.0547156549218	3.17232493903635	5.41611148982866	0.0199517469479199	0.0495943424134009
"hsa-miR-4485-3p"	2.76635376746588	2.43401714850168	3.43877193345053	0.0636830120141924	0.121767517477687
"hsa-miR-450a-5p"	-2.41675640952623	2.66067545284407	8.12163377975778	0.00437401230555072	0.0150708542805114
"hsa-miR-451a"	1.77857749467557	6.29908396870463	2.25386930651723	0.133280773317905	0.217754502885591
"hsa-miR-454-3p"	-0.0451673899765067	6.93684823778601	0.00876501472163937	0.925409705111286	0.952788690469608
"hsa-miR-454-5p"	-0.0393202377457157	3.65205551446002	0.00416196573181526	0.948561518199451	0.965202948343301
"hsa-miR-4645-3p"	0.240165444840623	3.25570019382767	0.22450607199995	0.635627759802685	0.747975621269282
"hsa-miR-4661-5p"	2.4301193400496	3.07801343221633	6.96302257117934	0.00832113433677556	0.0245402944847279
"hsa-miR-4662a-5p"	1.9337569046765	4.23981050254679	5.73564859570677	0.0166239276931583	0.044161273566558
"hsa-miR-4677-3p"	1.56749249455551	5.00753742589885	6.58372053064299	0.0102915560877444	0.0288402625213615
"hsa-miR-4772-3p"	-5.13116481606928	2.91208562799942	26.0517112718021	3.32394105194363e-07	3.40215142963642e-06
"hsa-miR-4772-5p"	-6.50883962265236	4.98456576411977	43.1823017110366	4.9869743203639e-11	9.5810907426359e-10
"hsa-miR-484"	-0.633690227592956	9.74514893049263	2.90494832364727	0.0883080837616643	0.160896403921776
"hsa-miR-486-3p"	4.95660643647429	6.88861341533546	43.0888112719704	5.2310552905196e-11	9.5810907426359e-10
"hsa-miR-486-5p"	7.64088700673882	15.0283852789517	39.076670168753	4.07484342346951e-10	6.16541526681474e-09
"hsa-miR-497-5p"	1.47367160206331	4.12253433984016	2.57344671998339	0.108670724735235	0.186292670974688
"hsa-miR-5000-3p"	0.816703992148316	3.44016622128892	3.09733620750206	0.0784205141426831	0.145937641292266
"hsa-miR-500a-3p"	2.14055953805664	8.91770170771169	4.66766107946011	0.030735758451905	0.0693822695811368
"hsa-miR-501-3p"	1.23208927405739	7.59029962882579	9.3000950701363	0.00229141966669709	0.00876279169242404
"hsa-miR-502-3p"	-2.25164863311446	3.5501737663901	15.4358453700917	8.53538219468291e-05	0.000512122931680974
"hsa-miR-505-3p"	-1.7125888786943	5.69642127875198	10.7707871126129	0.00103114649453873	0.00432336120601779
"hsa-miR-5196-3p"	7.65313992134814	3.93439953306489	74.5367798459108	5.95190067267573e-18	4.14252286818231e-16
"hsa-miR-532-3p"	0.572145119460912	4.87909091117065	0.536022996148895	0.464085615359171	0.598154793129599
"hsa-miR-532-5p"	1.70238682202028	9.81367904378371	4.97734636675659	0.0256813462509262	0.0603858682116374
"hsa-miR-548au-5p"	-3.19316869894034	2.89686628577003	19.9311867063514	8.02800279163811e-06	6.08823592109424e-05
"hsa-miR-548e-3p"	-0.767778006811684	5.94775540132596	1.53795878912199	0.214921891194809	0.32060348936509
"hsa-miR-548e-5p"	0.702865188276628	4.17730751238264	2.02262471629398	0.15497106833343	0.244026840633636
"hsa-miR-548j-3p"	-3.75923924058905	2.49231855690414	14.1155418821155	0.000171917444978182	0.00094963921987948
"hsa-miR-548j-5p"	-3.2303818414724	2.96762968519193	11.8275625637293	0.000583603402931928	0.00273165075124347
"hsa-miR-548k"	-0.553505192029954	5.41764457360495	1.70855544385594	0.191172901583845	0.291790218206921
"hsa-miR-548o-3p"	-0.417277829322634	4.00254628170996	1.10789988450003	0.292538923027111	0.413835549648108
"hsa-miR-548w"	-1.41309096991143	3.59018362732843	7.76651668623392	0.00532235871228909	0.017444462024085
"hsa-miR-550a-3p"	-0.256768991525131	3.04860879553349	0.189880082548207	0.663016442498754	0.766543926875636
"hsa-miR-5690"	-2.01705811701709	3.42634159147379	11.4965212224114	0.000697265681792548	0.00311087765722829
"hsa-miR-5696-3p"	-1.58531874614643	2.991565249439	6.70244216085044	0.00962809472075388	0.0276907187010112
"hsa-miR-574-3p"	3.87164480443715	3.12271837077218	25.6478454469509	4.0975272390921e-07	3.96094299778903e-06
"hsa-miR-576-5p"	-0.148730134171047	6.38803415890253	0.116621701211072	0.732727809652934	0.812067763564398
"hsa-miR-577"	5.41507113739113	7.49546006429586	75.3856092989311	3.87201832565018e-18	3.36865594331565e-16
"hsa-miR-582-3p"	10.0945129657646	6.25142043841425	70.5247667191868	4.54524267456315e-17	2.25963492963997e-15
"hsa-miR-582-5p"	7.77434455308474	5.50149598784264	53.9537995250225	2.05259710440581e-13	7.14303792333222e-12
"hsa-miR-584-5p"	0.361321105093311	3.20191226045822	0.119623135603899	0.729443589270175	0.811010763789204
"hsa-miR-589-3p"	-3.11174714738583	4.1353761955288	34.7322426075761	3.78313730869301e-09	5.06358378240448e-08
"hsa-miR-589-5p"	-0.459422993389063	7.80199755081858	0.750000126700609	0.386476190657075	0.521293466467683
"hsa-miR-590-3p"	-1.16948014558133	6.2624946624282	2.4195411136754	0.119830028362849	0.200484855145535
"hsa-miR-590-5p"	-1.76292858059971	2.39673672179657	3.18697031540468	0.0742274616595698	0.138877186330808
"hsa-miR-598-3p"	0.934293562746439	6.34060202658664	5.99501838977173	0.0143463315471436	0.0390040888937966
"hsa-miR-616-5p"	-0.269514340150355	4.18117916276514	0.55095358199211	0.457928322647865	0.592412848629952
"hsa-miR-625-3p"	-0.32281463001349	6.02842425826321	0.641006952749205	0.423346400075308	0.558047527371997
"hsa-miR-625-5p"	-0.562301454806782	4.60409170707698	1.3309524757901	0.248635842037149	0.36663251283444
"hsa-miR-627-5p"	0.268698395433625	2.91972337639902	0.151519404388218	0.697087569275816	0.795365488878636
"hsa-miR-628-3p"	-0.262506044331563	3.35953761897522	0.263668441022318	0.607611014095018	0.724139153784474
"hsa-miR-628-5p"	-0.810344254551474	3.66256716449627	2.4056888709833	0.1208948956668	0.201298677952375
"hsa-miR-629-3p"	-1.28738029533463	3.33190226771238	7.12912150958724	0.00758418768813894	0.02295041143889
"hsa-miR-629-5p"	1.34599927611035	5.86892880603604	5.06421144957984	0.024424815091864	0.0582180524107442
"hsa-miR-641"	-0.129902411590528	3.75878439553333	0.0855522702207465	0.769909560682706	0.836209364543094
"hsa-miR-642a-3p"	-5.07699793195806	2.76932345110912	34.0128040296882	5.47505954019924e-09	7.05674340736791e-08
"hsa-miR-642a-5p"	-5.19564624371727	3.49586189958614	40.6456973665233	1.82488625857294e-10	2.88663826356084e-09
"hsa-miR-650-3p"	5.60540603744728	2.35577071504324	12.6991275828439	0.00036582620936722	0.00176816001194156
"hsa-miR-651-5p"	1.09693211908593	4.15679951473486	2.63287399894839	0.104672090452374	0.182129437387131
"hsa-miR-6511b-3p"	-1.55632369688331	2.43856114879835	3.48370306148656	0.0619759071014458	0.119158097631509
"hsa-miR-6516-3p"	2.11721380378422	4.4778023869399	5.10362381790401	0.0238759125201538	0.057302190048369
"hsa-miR-652-3p"	0.617895621867602	7.45778851343718	2.26694699917415	0.132160024527816	0.216941927055094
"hsa-miR-652-5p"	-0.867178606236938	3.43174790595085	3.34898766017317	0.0672463575075668	0.127878319194717
"hsa-miR-659-5p"	1.44713584007999	4.78237390066055	7.83503592396542	0.0051243134962813	0.0169834390162466
"hsa-miR-660-5p"	0.556856505783574	8.38176103874438	1.08199976523244	0.298250625269961	0.418438417210539
"hsa-miR-664a-3p"	0.399026728035243	7.54299199294471	1.07686515589356	0.29939990196961	0.418438417210539
"hsa-miR-664a-5p"	0.991761645059573	5.04242993096461	5.4295375614987	0.0197989213629797	0.0495685225490428
"hsa-miR-664b-3p"	-0.26953340664158	4.12830028136202	0.333522518443568	0.563592226512214	0.693039204333041
"hsa-miR-671-3p"	0.762957573584356	5.65086175902028	1.03332080764843	0.309379979669974	0.428941167032475
"hsa-miR-671-5p"	-2.02261637583468	3.68802042149359	15.0124297678694	0.000106805379180933	0.000629970711101097
"hsa-miR-6731-3p"	-1.85141318167936	3.07000180983723	11.3751556868951	0.000744329860341737	0.00323783489248655
"hsa-miR-6769b-3p"	-1.02822243934117	3.35444198022097	1.92257028086204	0.165573590858157	0.258383899635152
"hsa-miR-6803-3p"	-2.19104955405105	3.62169269599749	14.7230882515561	0.000124512173957626	0.000710331746512356
"hsa-miR-6842-3p"	2.4032842311887	6.15174043659052	17.5248662106659	2.83574554959971e-05	0.000189776817550135
"hsa-miR-7-1-3p"	-0.872970929668479	6.59313007881309	3.56615123231368	0.0589688377853552	0.114643327091082
"hsa-miR-7-5p"	-0.55527169029725	5.94982877870703	0.511383141307316	0.474540717043333	0.604909045901392
"hsa-miR-708-3p"	4.84566453757662	3.51223444215037	10.2374479157487	0.00137617858115813	0.00563423701462387
"hsa-miR-708-5p"	2.94049911917317	3.85394073172906	3.85844190156131	0.0494962731200315	0.098992546240063
"hsa-miR-744-5p"	-0.428320364841103	6.13182158979571	0.527284546449756	0.467750735110212	0.60065408051053
"hsa-miR-766-3p"	-0.630410230512523	6.86330227179895	2.60611337876589	0.106452372711888	0.184305600516105
"hsa-miR-769-5p"	-0.00756878001072594	9.39917734045206	0.000354229029589703	0.984983922646647	0.984983922646647
"hsa-miR-7706"	2.77754496662953	6.47093818029237	8.97078010379334	0.00274331441866717	0.0101561001882572
"hsa-miR-7974"	2.85391227539774	2.83182402606438	3.68489742707938	0.0549073487161504	0.107953431374126
"hsa-miR-873-5p"	-1.94518336127261	3.35343393728219	11.4160761552289	0.000728113093106233	0.00320738425824012
"hsa-miR-874-3p"	-1.94867409897432	6.61334744230641	9.01683604565543	0.00267504041002877	0.0100098286310754
"hsa-miR-874-5p"	-2.64780636217049	3.18435535995748	17.1455301812246	3.46223192625306e-05	0.000219064856424739
"hsa-miR-877-5p"	0.560750752224592	4.82336417836221	0.40118203783519	0.526479433920437	0.649698024837985
"hsa-miR-9-5p"	0.129814766571601	5.20009705467333	0.0304448469986447	0.861484697034652	0.900290314018195
"hsa-miR-92a-1-5p"	0.696843260334677	4.36650300020041	2.02856240693314	0.154366563387047	0.244026840633636
"hsa-miR-92a-3p"	1.26651375190211	16.9219278499965	7.4374501334587	0.00638803342250996	0.020209414827577
"hsa-miR-92b-3p"	-1.05568231362855	8.58180285534626	2.19739529571508	0.138244161126417	0.224160867940802
"hsa-miR-93-3p"	-0.688211659596728	3.52660344133147	2.42378649920705	0.119505753822555	0.200484855145535
"hsa-miR-93-5p"	1.15088899399273	10.2408698999533	7.1030312926246	0.00769536987853242	0.0230861096355973
"hsa-miR-941"	0.392098936024321	8.27975548554833	0.425617356309033	0.514147318153739	0.639011666848218
"hsa-miR-941-3-5p"	0.330839309519786	5.94919021247232	0.317669032305744	0.573011849980792	0.699677627344967
"hsa-miR-942-5p"	-0.257262034289801	4.02504767724119	0.310806785457496	0.577185531061383	0.702309667165599
"hsa-miR-944"	2.19441541338621	2.70546113718771	8.27964156675262	0.00400920424834018	0.0140226337293061
"hsa-miR-95-3p"	-0.887557880499519	4.25945661151942	3.66993628908668	0.0554023019048809	0.108314612712913
"hsa-miR-96-5p"	2.35363648798195	3.16709607432525	9.16104758145205	0.00247221004800736	0.0093514032250713
"hsa-miR-98-5p"	1.84071107361381	10.9818435179648	5.44725058435225	0.0195991481617164	0.0494239388425893
"hsa-miR-99a-5p"	-2.13947331969919	4.80543618824166	4.40411727404308	0.0358522748681204	0.0774943581000367
"hsa-miR-99b-5p"	-2.2686457954118	9.97401003112243	9.38272306031952	0.00219039942222295	0.00856470785318638
