"logFC"	"logCPM"	"LR"	"PValue"	"FDR2"
"hsa-let-7a-2-3p"	6.94554274405368	3.67267242593606	34.6737280696784	3.89857545088562e-09	1.32498881878072e-08
"hsa-let-7a-3p"	1.9251666566908	6.85503210480803	12.6705281935027	0.000371464578582121	0.000667309582238596
"hsa-let-7a-5p"	0.611404109113736	15.2941883681899	4.07233988164512	0.0435908515104576	0.0586261986891984
"hsa-let-7b-3p"	2.57763446624522	6.86524483142026	37.2062598584371	1.06272092790433e-09	3.82613526275583e-09
"hsa-let-7b-5p"	1.47545384308409	12.1507810107039	12.9220065814186	0.000324741556008513	0.000589693150441451
"hsa-let-7c-3p"	6.37589549902913	3.20053630178485	26.7723037530179	2.2889450920813e-07	6.36099105699942e-07
"hsa-let-7c-5p"	6.94551079251822	10.4427484524941	101.928055767991	5.75752833966362e-24	7.42573526884821e-23
"hsa-let-7d-3p"	0.717583483144242	7.57009439009103	5.10136595733308	0.0239070098603105	0.0334034054437116
"hsa-let-7d-5p"	0.18455304270973	10.4072322120335	0.379815065152085	0.537702226958709	0.584155983067453
"hsa-let-7e-3p"	6.26065852054562	4.64578639004692	58.2266787547472	2.33589719078265e-14	1.29116075490514e-13
"hsa-let-7e-5p"	5.41134713112099	11.5558839787887	152.438211920371	5.08220636679389e-35	1.16197718295333e-33
"hsa-let-7f-1-3p"	2.00092335859375	5.05606777296198	25.6771095084243	4.03585873849497e-07	1.08558125425827e-06
"hsa-let-7f-2-3p"	1.41739428559745	5.09484053209583	4.38623722861391	0.0362301881903574	0.0491207133685978
"hsa-let-7f-5p"	-0.760320736617409	14.9815761170529	8.97249205625843	0.00274074520668848	0.0043216139152486
"hsa-let-7g-3p"	-2.31798777308828	4.48187472652264	28.857067959894	7.79210353725904e-08	2.27873725537285e-07
"hsa-let-7g-5p"	-3.36142291195246	14.1053098754014	124.71110106835	5.88709145894378e-29	9.55228065757653e-28
"hsa-let-7i-3p"	-1.74295836634924	6.47890596009572	24.531268885297	7.31136385413255e-07	1.92545341289459e-06
"hsa-let-7i-5p"	0.721454988161797	13.9178819527232	5.71111062985424	0.0168578707610376	0.024021271934283
"hsa-miR-100-3p"	9.32323736243455	7.58943984105246	163.61126207621	1.83943427356551e-37	4.86966020843921e-36
"hsa-miR-100-5p"	10.1969432852131	16.7097837046764	62.7258128884967	2.37581392522549e-15	1.55199273297198e-14
"hsa-miR-101-3p"	-3.82157998592028	13.112402873634	128.652284702627	8.08034929240275e-30	1.40152265313055e-28
"hsa-miR-101-5p"	-3.0693249979292	4.77082354563426	58.4055513379001	2.13288323538941e-14	1.20807061505442e-13
"hsa-miR-103a-3p"	-0.216974892739945	12.4254084551831	0.759116028907968	0.383605300769638	0.438530605198018
"hsa-miR-106a-5p"	-6.00645156682551	2.41996132395976	44.766216505418	2.22020516107098e-11	9.88286014175842e-11
"hsa-miR-106b-3p"	-1.13683118319655	8.25390598956046	15.0643690218009	0.0001039062202929	0.000200248386234976
"hsa-miR-106b-5p"	-0.561403542240875	8.5244514168856	2.78321308298868	0.0952568900548326	0.122542751144708
"hsa-miR-107"	1.13655448327818	5.30945331076234	4.76868931957582	0.0289818817314718	0.0400491387662921
"hsa-miR-10a-3p"	5.25498071431247	4.42612828528095	16.9075366755696	3.92454507857835e-05	8.12364680874449e-05
"hsa-miR-10a-5p"	3.66512900040202	14.2095073402463	19.8593494805885	8.33540573053218e-06	1.9144790330857e-05
"hsa-miR-10b-3p"	5.11983300899762	2.28099034006003	5.70227021832606	0.0169429843337411	0.0240743534459654
"hsa-miR-10b-5p"	8.06226678195067	13.4698289081951	8.96490515626382	0.00275214985458025	0.00432603555266834
"hsa-miR-1180-3p"	5.19808470441706	5.04175395354045	72.2601988906921	1.88613383285645e-17	1.43746260291938e-16
"hsa-miR-1185-1-3p"	7.60689744637276	4.255142476388	29.2980495649362	6.2058124755556e-08	1.82545244164004e-07
"hsa-miR-1185-5p"	6.11134090992815	2.98954577541141	13.839922260052	0.000199061450457302	0.000372222712193394
"hsa-miR-1197"	6.49448026577389	3.29486685636369	17.8706388756119	2.3644096263566e-05	5.03939848329395e-05
"hsa-miR-1226-3p"	1.51421213471872	3.25567846639979	5.44685747302278	0.019603559110672	0.0276982871704158
"hsa-miR-1248"	-3.31894634575305	2.34478034325113	13.7178432744358	0.000212426662973437	0.000395743005465329
"hsa-miR-1249-3p"	0.234362213344376	4.10854980040873	0.301333573245601	0.583047595518482	0.629341074132611
"hsa-miR-1254"	1.27549884044953	2.62562099289938	2.01583484244623	0.155665627573149	0.19211425166904
"hsa-miR-1255a"	0.840348684631935	2.81062338892533	0.846653713125024	0.357500712932272	0.411493955617695
"hsa-miR-1257"	5.45594956997709	2.50674111834979	4.79363069953777	0.0285651538470399	0.0395820175896999
"hsa-miR-125a-3p"	4.26921927541992	5.56163251821142	74.8895009128952	4.97810303403438e-18	3.97458067637983e-17
"hsa-miR-125a-5p"	0.650478031425336	13.0775570166746	3.61645987211642	0.0572104896703108	0.0757286218530693
"hsa-miR-125b-1-3p"	10.0072443383888	9.03165793766473	184.27658205508	5.64583286229035e-42	1.8932359531547e-40
"hsa-miR-125b-2-3p"	6.50115636168997	8.00245682508127	131.821049535468	1.63732977350641e-30	3.05028472619897e-29
"hsa-miR-125b-5p"	6.18215839826232	12.3351780482691	61.5934476679052	4.2222134914967e-15	2.60451801890489e-14
"hsa-miR-126-3p"	9.97534562934748	13.9399890608721	299.651080762093	3.92454456495914e-67	3.94809183234889e-65
"hsa-miR-126-5p"	9.74688648613949	15.6031299849824	97.6710140654723	4.94001121077377e-23	6.21206409754802e-22
"hsa-miR-1260a"	-1.03799738453231	4.87909224829512	7.73728111621689	0.00540921858336057	0.00822005120069598
"hsa-miR-1260b"	-0.184148120440535	3.59150519710014	0.11607763492111	0.733328173623683	0.768466815276484
"hsa-miR-1262"	6.11037699771829	2.99176819930322	27.6520149794025	1.45220716173994e-07	4.15034205883631e-07
"hsa-miR-127-3p"	8.29492270467481	11.3479573008261	92.9970459332579	5.23724523788807e-22	5.98712353331296e-21
"hsa-miR-127-5p"	7.40568573133584	4.07510257560874	42.1435792747145	8.4811950949902e-11	3.55503427731673e-10
"hsa-miR-1271-3p"	0.629624637099787	1.65680743590876	0.0780611994696248	0.779942211152815	0.810559777293112
"hsa-miR-1271-5p"	-0.226629177347941	7.40440418555307	0.107275100930226	0.743267979897567	0.777263604757746
"hsa-miR-1273h-3p"	-8.11649469903424	3.29192749332576	143.932307640463	3.67612926214047e-33	7.39637207542662e-32
"hsa-miR-1277-5p"	1.64097920100151	3.33919775270885	2.27069768951892	0.131840537907248	0.166204988890591
"hsa-miR-128-1-5p"	1.22991367404261	4.47912895134765	8.83603621722034	0.00295339899410964	0.00462791181943037
"hsa-miR-128-3p"	0.0119390046420203	9.78672820320374	0.00188764849916723	0.965345151094326	0.976741454787993
"hsa-miR-1285-3p"	2.41881604667143	5.80039810608581	16.4835828935157	4.9073158703142e-05	0.000100750199296655
"hsa-miR-1287-5p"	-1.37405487388924	2.7733156975353	5.87339078221258	0.0153714168258889	0.0220279847960744
"hsa-miR-1294"	0.590322264548184	2.55755410197877	0.41486675534372	0.51950961117942	0.566840204822664
"hsa-miR-1296-5p"	5.82213941025608	6.30951155060955	66.495496562314	3.50693892881205e-16	2.44998650165619e-15
"hsa-miR-1301-3p"	1.1738412675292	5.97230170356422	6.77239290751702	0.009257862484596	0.0136560258937003
"hsa-miR-1304-3p"	3.95711403559277	7.23573137640963	74.7072862055624	5.45942630411293e-18	4.29076786088876e-17
"hsa-miR-1304-5p"	3.91442354222137	3.26858956233854	20.5975491466218	5.66686145530959e-06	1.34454307170789e-05
"hsa-miR-1306-5p"	0.247171929187807	3.5354541297747	0.341636806210939	0.558885946683404	0.605861274098604
"hsa-miR-1307-3p"	0.973238849945742	8.2805893543347	11.9206590997283	0.000555148357821509	0.000959586336715529
"hsa-miR-1307-5p"	0.877693310912595	9.91229370140635	5.2315153296161	0.0221811998086489	0.0310783941608646
"hsa-miR-130a-3p"	6.51928563520784	10.1381371512129	207.217306055951	5.55890977278171e-47	2.54193783246291e-45
"hsa-miR-130b-3p"	3.23731506564779	9.73125460318685	96.0234408817158	1.13531269274959e-22	1.35967210584058e-21
"hsa-miR-130b-5p"	3.62587590195492	8.01618558380329	65.92176159583	4.69182615512163e-16	3.2328610356523e-15
"hsa-miR-132-3p"	-0.355652100317065	5.851618540585	1.17011650486272	0.279377303193009	0.326048221591841
"hsa-miR-132-5p"	-1.73130055732543	3.10618057344011	6.70156854394999	0.00963281325097862	0.0141262538345255
"hsa-miR-133a-3p"	1.97199833774521	2.31230440111875	1.55148320106593	0.212916613750652	0.255601567342668
"hsa-miR-134-5p"	6.59491231853541	4.94035293836608	43.0356727518734	5.37508017920963e-11	2.31082506849782e-10
"hsa-miR-1343-3p"	2.77641454505675	2.80508270514106	6.81949100059498	0.0090168263499723	0.0133789488319648
"hsa-miR-136-3p"	8.16401614427898	7.70183958264048	42.3964935936968	7.45235259537674e-11	3.17672318260551e-10
"hsa-miR-136-5p"	7.71340007286291	4.35137630035147	35.1134336642186	3.1104759960851e-09	1.07901339726263e-08
"hsa-miR-137"	9.17514495863119	5.72647161969385	60.9777220066941	5.7724340355237e-15	3.4982341203234e-14
"hsa-miR-138-1-3p"	4.31924777358419	1.86772372150139	3.12554190675123	0.0770742418485125	0.100176598578299
"hsa-miR-138-5p"	8.1545999828088	7.48984674980133	20.5471538817216	5.81802293915798e-06	1.37392748281524e-05
"hsa-miR-139-5p"	5.7355440922187	5.15811276942803	15.1209573079951	0.00010083762157416	0.000195835226454835
"hsa-miR-140-3p"	-2.85176491496998	11.5005852615256	131.01621089688	2.45592446145553e-30	4.41189287182904e-29
"hsa-miR-140-5p"	-1.86659873908903	6.13497686087687	14.6147332883478	0.00013187946004601	0.000252225735373168
"hsa-miR-141-3p"	-8.88467449012151	7.24812250771449	221.195082173442	4.96259499181879e-50	2.77353920098317e-48
"hsa-miR-142-3p"	-15.3360997045727	11.1858984680088	629.004077178086	8.23049015567318e-139	4.13993654830361e-136
"hsa-miR-142-5p"	-15.3724207134301	14.5983249433242	195.476973122241	2.0272760085991e-44	7.84399871019499e-43
"hsa-miR-143-3p"	2.06031364278023	6.84682445195678	6.06362476661485	0.0137994164721299	0.0198885572649895
"hsa-miR-145-5p"	5.24831540898263	2.37676720430158	12.5941208459592	0.000386962027895556	0.000685358802927693
"hsa-miR-1468-5p"	-3.51333456667261	3.94511863551115	38.1180689457751	6.65906065617529e-10	2.53750568943649e-09
"hsa-miR-146a-3p"	-0.345580425808996	3.21313359379799	0.0584102648571339	0.809026456664313	0.837325736012654
"hsa-miR-146a-5p"	-4.35980853238913	10.2578134184957	25.1770086122035	5.23020130506588e-07	1.39195304573976e-06
"hsa-miR-146b-3p"	-9.17425767766238	7.56570409966871	188.748705918785	5.96301828549628e-43	2.1424272840033e-41
"hsa-miR-146b-5p"	-9.50111319115073	12.4722686176242	61.9083762047979	3.5981572846134e-15	2.29097862551967e-14
"hsa-miR-148a-3p"	-3.29517197510145	10.6288156196462	15.4136609044683	8.63617043985657e-05	0.000172380703620947
"hsa-miR-148a-5p"	-1.63353439345258	4.08451008932545	2.949151755598	0.0859226458573261	0.111103061352789
"hsa-miR-148b-3p"	0.826021623875677	10.6985255836777	10.0959063287576	0.00148599058355415	0.00248323343364697
"hsa-miR-148b-5p"	1.54815461036165	7.38876013294585	18.8635094828606	1.40413115963991e-05	3.09744869236649e-05
"hsa-miR-149-5p"	6.86517216411586	8.01824276831229	60.4032379180954	7.72857373050384e-15	4.57349716052169e-14
"hsa-miR-150-3p"	-11.250568116488	6.19416979585861	317.743265604993	4.4923357614149e-71	5.64911221997924e-69
"hsa-miR-150-5p"	-12.9378193556975	15.9890134329502	349.083890875632	6.70866463010711e-78	1.12481943631463e-75
"hsa-miR-151a-3p"	5.13802062436989	13.0218916491783	81.6934246235979	1.58921346468351e-19	1.6313762708894e-18
"hsa-miR-151a-5p"	5.06466502830311	13.2310188985055	96.157783166322	1.06083016576043e-22	1.30145749604267e-21
"hsa-miR-151b"	0.546120672306088	3.39879105600675	0.947010639613955	0.330481382293562	0.381266365352436
"hsa-miR-152-3p"	-0.0952544955875236	6.80590753225345	0.0802053838458434	0.777019273762835	0.809193984891731
"hsa-miR-152-5p"	4.67163087529465	4.36047544119275	55.2205638306101	1.07735699351394e-13	5.76500603976074e-13
"hsa-miR-153-3p"	-4.86458880866047	2.51752409198458	48.3224719059861	3.61584703992283e-12	1.76579714668076e-11
"hsa-miR-155-5p"	0.290121227212521	10.7789832191481	0.592684773367914	0.441382807386202	0.494607178134481
"hsa-miR-15a-5p"	-2.64731583095006	9.91688068208545	63.0357531679733	2.02988314121978e-15	1.34346213162309e-14
"hsa-miR-15b-3p"	1.59006933346895	7.11285618406765	13.4835631942773	0.000240662350951626	0.000441799863243313
"hsa-miR-15b-5p"	-0.383748049345697	8.63182146774039	1.33899591794772	0.247211117731493	0.293964993425393
"hsa-miR-16-2-3p"	-1.72026269949494	6.9806952008184	31.4929746982831	2.00163142566141e-08	6.17681354053798e-08
"hsa-miR-16-5p"	-1.24984236443378	12.6973379885984	8.64304734490912	0.00328311821751384	0.00508125681049065
"hsa-miR-17-3p"	-0.712505865088542	7.49007790440842	2.1716251302643	0.140577605815265	0.175460386414586
"hsa-miR-17-5p"	1.06875812120727	9.3498336468806	6.43884553294551	0.0111651184324482	0.0162313715939926
"hsa-miR-181a-2-3p"	0.246733939011219	8.91016957479672	0.487157461429156	0.485198043203311	0.537565232888249
"hsa-miR-181a-3p"	2.09055293402891	9.62162347149328	39.2411174270671	3.74568530720966e-10	1.43822878589806e-09
"hsa-miR-181a-5p"	-0.241176751062603	14.263803819877	0.431989525929339	0.511014329543553	0.560000452637053
"hsa-miR-181b-2-3p"	0.879950093385902	2.45859265921783	0.748174505775401	0.387054809191599	0.440471875618494
"hsa-miR-181b-3p"	4.4298438537866	5.26858990833276	33.0458368173949	9.0011579145524e-09	2.93998859157134e-08
"hsa-miR-181b-5p"	2.15090074127154	12.0423663784227	37.3628990951183	9.80700955084512e-10	3.60067576939788e-09
"hsa-miR-181c-3p"	-0.29138985744397	7.01712760185707	0.50827538630627	0.475886382676686	0.528412473479852
"hsa-miR-181c-5p"	-3.22834193589801	10.1889005538448	70.9490255613855	3.66574720009722e-17	2.71157476713074e-16
"hsa-miR-181d-5p"	-0.579341076706531	6.717683339576	2.01514304740401	0.155736591794731	0.19211425166904
"hsa-miR-182-5p"	1.32528875952292	5.53326678810645	3.84285048401615	0.0499585195404407	0.0664791939916446
"hsa-miR-183-5p"	1.62128803516095	3.35080840976592	3.41103950355778	0.0647616389286975	0.0848310009925387
"hsa-miR-185-3p"	0.517962090519394	3.46938606763216	1.3718788667569	0.241489330572434	0.288525257192243
"hsa-miR-185-5p"	0.0597351616567044	6.95031606057895	0.0089253029734131	0.924732776732753	0.941580135013309
"hsa-miR-186-5p"	-1.69672482017155	13.3574093819516	47.3283323235666	6.00381198822104e-12	2.8489787076181e-11
"hsa-miR-187-3p"	5.21748424367569	2.35635259130377	11.9266673769656	0.00055336078065418	0.000959586336715529
"hsa-miR-188-5p"	3.34321789901151	4.6332194149665	31.3133417378358	2.1956556574486e-08	6.73423655912588e-08
"hsa-miR-18a-3p"	1.92695931068225	5.45226348412925	17.6242228215212	2.69138413913097e-05	5.71209376364083e-05
"hsa-miR-18a-5p"	2.25692794608415	6.86433378857957	18.8695133819841	1.39971863718223e-05	3.09744869236649e-05
"hsa-miR-1908-3p"	5.39646027056854	2.47595692387559	15.1697576007279	9.82646648498644e-05	0.000192323449103042
"hsa-miR-1908-5p"	4.63280382749998	3.21605992814998	23.6890857486173	1.1322282510614e-06	2.93562273342209e-06
"hsa-miR-190a-5p"	0.153015895832906	2.8700264377848	0.0481203826678396	0.8263668337232	0.853516462757227
"hsa-miR-191-3p"	1.35423750341818	4.20011817351819	7.12543523930941	0.00759979638432563	0.0114110375561666
"hsa-miR-191-5p"	0.423513301520891	13.9295881784283	1.82764843561094	0.176405553232341	0.214847441345926
"hsa-miR-1910-5p"	8.56368925377203	5.14195516645614	76.5015044491427	2.20045285384258e-18	1.81447177948003e-17
"hsa-miR-192-5p"	-4.64264681842702	11.3551306033721	170.505161890977	5.73898417846793e-39	1.80419315110585e-37
"hsa-miR-193a-3p"	7.55962354973588	10.0451800886595	88.5563049015023	4.94083303218413e-21	5.52275336708581e-20
"hsa-miR-193a-5p"	4.73813171263461	7.03655217321873	61.7709255463	3.85829427016205e-15	2.42590252236439e-14
"hsa-miR-193b-3p"	3.6216918509897	8.15009300780423	29.8156245279455	4.75147226397889e-08	1.4141955909949e-07
"hsa-miR-193b-5p"	5.32582174066686	2.42886377314606	14.3432103963893	0.000152328040734209	0.000288048889057546
"hsa-miR-194-5p"	-4.03936780681092	5.89446248303312	162.21043575189	3.7214723589872e-37	9.3595029828528e-36
"hsa-miR-195-3p"	4.9934233344693	4.66109894592255	58.3275519078863	2.21914380436418e-14	1.24025481510576e-13
"hsa-miR-195-5p"	3.92960693629602	7.86479727482849	76.8346347305509	1.85888860521409e-18	1.64038766389945e-17
"hsa-miR-196a-5p"	-8.19508732571999	3.39676245402778	142.500077414019	7.56028018651307e-33	1.46262343608311e-31
"hsa-miR-196b-5p"	1.99870523807448	4.57004746101905	1.59480252659312	0.206641326481028	0.249258002925556
"hsa-miR-197-3p"	-1.12878155010683	9.92828044940011	12.3958132110803	0.000430297557715452	0.000759437443967974
"hsa-miR-1976"	-4.35577763519674	2.74581407124205	31.6007927630502	1.8935227161634e-08	5.95276203893868e-08
"hsa-miR-199a-3p"	2.232001324185	8.3124638008238	3.14177587981601	0.0763106769398795	0.0994411152869414
"hsa-miR-199a-5p"	2.20115953120056	5.4219938903695	4.48350889665655	0.034223388530781	0.0467781642146273
"hsa-miR-199b-3p"	2.12423338333992	6.98874128581401	2.78878452583372	0.0949262041952904	0.122430463359567
"hsa-miR-199b-5p"	-0.604238220648892	5.52654103162502	0.21773912231447	0.640768019727512	0.685131211651439
"hsa-miR-19a-3p"	-0.495903314032524	8.33127679681791	2.4602739076891	0.1167584199966	0.148306780955278
"hsa-miR-19a-5p"	0.547026724057222	3.08612485828335	0.464976633233078	0.495307275172696	0.545163149697738
"hsa-miR-19b-3p"	-1.64756729110899	9.94898115502842	41.2169154225436	1.36238415465726e-10	5.48223383834081e-10
"hsa-miR-200b-3p"	-1.7034046519	3.87185197360978	19.7889193248381	8.64825877346428e-06	1.96835934979753e-05
"hsa-miR-200c-3p"	-4.87936242379548	3.4469230247982	62.077424600394	3.30215408539105e-15	2.12946603198936e-14
"hsa-miR-204-5p"	9.42156888326415	8.95147651964988	72.6242313890713	1.56841464735983e-17	1.21371164249537e-16
"hsa-miR-205-5p"	1.3806110539007	2.64053513786428	1.11100107027753	0.29186444158239	0.339832903046162
"hsa-miR-20a-3p"	-0.106589843800586	3.37904224231538	0.0267069846229955	0.870185617276186	0.896933126003938
"hsa-miR-20a-5p"	0.0462181880107118	9.53423510657217	0.0114408107592681	0.9148193439931	0.933375517299248
"hsa-miR-20b-5p"	-5.0205229923906	2.4339136409559	38.0148099786065	7.02096623733836e-10	2.65529775742947e-09
"hsa-miR-21-3p"	2.85763605549925	12.3190374890412	55.5773848216784	8.98513825368479e-14	4.85970380817575e-13
"hsa-miR-21-5p"	1.80897003407411	16.2493686452116	15.0675525886895	0.000103731117182891	0.000200248386234976
"hsa-miR-210-3p"	1.82739835629588	6.66229159241562	9.45157797793621	0.00210967522252722	0.00341211137276911
"hsa-miR-210-5p"	2.69363388587381	3.39514568336556	9.021362143419	0.00266842464534535	0.00422081005222866
"hsa-miR-2110"	-0.440366913686517	3.68009609348811	1.21686385945189	0.269977000062268	0.318029112485529
"hsa-miR-2110-3p"	-1.49762473695836	4.62879702401463	10.2900995266822	0.00133745875565278	0.00224997242171689
"hsa-miR-2116-3p"	6.94622388659425	3.67284168497079	37.1588410619085	1.08887946802039e-09	3.88444235754792e-09
"hsa-miR-212-5p"	-0.531697536195102	3.13946298858789	0.802763088123898	0.37026853349003	0.424248456367848
"hsa-miR-214-3p"	6.77371833688893	3.53258476842299	10.7650564741215	0.00103434408473566	0.00174588951215449
"hsa-miR-214-5p"	5.19186343521718	2.3471877805407	7.02403448528101	0.00804228231039526	0.0120037626175929
"hsa-miR-215-5p"	-1.63723312306525	4.1305398497769	12.644087922946	0.000376755234093533	0.000672437593328815
"hsa-miR-216a-3p"	10.7182968555444	7.23456184542021	60.1395889650112	8.8363049545639e-15	5.16821092109958e-14
"hsa-miR-216a-5p"	10.2708019193244	6.79399845967596	77.304670482889	1.46519145259608e-18	1.31605589402827e-17
"hsa-miR-217"	10.3412403566818	6.86291698475759	48.8752815620192	2.7276674854256e-12	1.37201674516908e-11
"hsa-miR-218-1-3p"	7.45722763402747	4.1198582357282	33.0554478323682	8.95677313989018e-09	2.93998859157134e-08
"hsa-miR-218-5p"	7.89423422066935	6.20463115523872	35.5976899001567	2.42575037344862e-09	8.47328081836567e-09
"hsa-miR-219a-1-3p"	0.912377276857923	2.64303715612026	1.84391789233069	0.174492439696844	0.213033245552215
"hsa-miR-22-3p"	2.22528635522978	16.5834264849654	27.4454637774197	1.61587446994777e-07	4.54069753286998e-07
"hsa-miR-22-5p"	0.475387737796214	6.62937109400835	1.84649034669595	0.174192140173748	0.213033245552215
"hsa-miR-221-3p"	2.41734595302069	13.2465875785769	32.6068979252115	1.1281365357631e-08	3.66098501605702e-08
"hsa-miR-221-5p"	2.68039672554693	9.44254900662531	24.1499243303974	8.91196693684874e-07	2.33474967147652e-06
"hsa-miR-222-3p"	4.62543458333772	13.9524878184566	127.492303781705	1.4496193551141e-29	2.43052845207463e-28
"hsa-miR-222-5p"	4.49788116089019	6.82400917066893	44.7142013582592	2.27997619514114e-11	1.00598949662806e-10
"hsa-miR-223-3p"	-8.04455148303557	4.25741500653779	200.495638498357	1.6280702371889e-45	6.82432774421681e-44
"hsa-miR-224-5p"	10.2052382206898	8.4631028215992	81.5723456636167	1.68961916470171e-19	1.69975687968992e-18
"hsa-miR-2277-5p"	-0.242926993029622	3.92900360466321	0.47892452207402	0.488909868171492	0.540487172945628
"hsa-miR-2355-3p"	2.07124391649505	2.99684140756122	8.70932500517674	0.00316586408497262	0.00493012270817718
"hsa-miR-2355-5p"	1.82189935291529	4.94754534058241	15.0037634712605	0.000107296982065999	0.000205993824348083
"hsa-miR-23a-3p"	-0.210149491769516	11.3708397353906	0.649653355010493	0.420236641432514	0.475009057619224
"hsa-miR-23a-5p"	0.803661744946439	5.52593138486097	4.21160414547677	0.040148352499914	0.0541410758913049
"hsa-miR-23b-3p"	0.964828503557992	8.87009660758448	8.16082924282287	0.00428047952951334	0.00654431976700671
"hsa-miR-24-2-5p"	1.69710287274475	7.52532968139955	27.7099725531513	1.40934299813517e-07	4.05085444606852e-07
"hsa-miR-24-3p"	0.146413293776525	9.90885276679236	0.188348274910267	0.664294903963632	0.704937419185035
"hsa-miR-2467-5p"	2.13726826021288	3.85063691667987	13.4131366155473	0.000249868250392688	0.000457031745263717
"hsa-miR-25-3p"	-1.22040345286777	11.6905347067832	20.8162010667255	5.0553509244783e-06	1.20513815877374e-05
"hsa-miR-25-5p"	0.163836181128271	5.08000807548808	0.165375216644649	0.68425513884973	0.723067930339105
"hsa-miR-2682-3p"	7.37090902405449	4.04368726883755	29.9820290165526	4.36069044644658e-08	1.30561148485871e-07
"hsa-miR-2682-5p"	9.03584274025703	5.59227250138837	58.4012601868335	2.13754045208436e-14	1.20807061505442e-13
"hsa-miR-26a-1-3p"	6.12907480417175	3.01068962515723	15.3687957656067	8.84367616251629e-05	0.000175824865997854
"hsa-miR-26a-2-3p"	0.208914409168024	5.03691050189166	0.215252907682736	0.642681016750823	0.685131211651439
"hsa-miR-26a-5p"	-2.18903888239443	15.0102978022662	76.7390750132713	1.95104600492662e-18	1.6920278284105e-17
"hsa-miR-26b-3p"	-2.48015006873095	6.43525011922408	39.9468866242082	2.60963191777557e-10	1.01755415088458e-09
"hsa-miR-26b-5p"	-3.06724357587832	12.3468663605169	109.44296699535	1.29785563741976e-25	1.9782466230974e-24
"hsa-miR-27a-3p"	-0.294660978543165	12.8520380698915	0.6103592487149	0.434652578717428	0.489105698198807
"hsa-miR-27a-5p"	0.686636418454275	6.91799459516997	5.24182883838578	0.0220500823143743	0.0309809815757829
"hsa-miR-27b-3p"	1.37140184114721	13.1768405378463	9.81065602963866	0.00173503603931334	0.00286138730417905
"hsa-miR-27b-5p"	2.88543365729192	5.77232239032053	23.4404595349889	1.28840085089377e-06	3.30645728571208e-06
"hsa-miR-28-3p"	-0.88644082132975	12.6420678813692	11.2190271058762	0.000809629278673502	0.00138518206521351
"hsa-miR-28-5p"	-1.14019222341481	9.90915592927048	10.7999955972878	0.00101500336106603	0.00171901242631721
"hsa-miR-296-5p"	-1.78199411608389	2.93302387268606	5.78724025865034	0.0161429117712884	0.0230678540368127
"hsa-miR-299-3p"	7.66104864764853	4.30528151517637	23.2012440056061	1.4590291580695e-06	3.68789782165306e-06
"hsa-miR-29a-3p"	-2.51044184421344	13.5039863525274	108.300217940362	2.30999152921708e-25	3.31978782627483e-24
"hsa-miR-29a-5p"	-0.430685705979257	5.8499571559997	1.51563899990276	0.218280637295318	0.261417048951298
"hsa-miR-29b-1-5p"	0.0355744742685505	3.86630798730076	0.00428076225252028	0.947833601792677	0.963152124649932
"hsa-miR-29b-3p"	-2.61377583026179	9.47001149000855	47.1830236962998	6.46580356155732e-12	3.01138814024382e-11
"hsa-miR-29c-3p"	-4.55615453440983	11.1546194318184	230.684973716836	4.22631813932476e-52	2.65729753010045e-50
"hsa-miR-29c-5p"	-2.23786925109712	5.64567358752496	48.5977486601908	3.14229741397018e-12	1.54958392081079e-11
"hsa-miR-301a-3p"	2.01535320522606	8.23345107691548	9.90582556488111	0.00164756403780685	0.00273506505286087
"hsa-miR-301b-3p"	5.49752615030106	7.26117193858024	50.0268100909539	1.51659588874357e-12	7.70553264684866e-12
"hsa-miR-30a-3p"	9.36738400942646	8.53704374288553	166.162697995011	5.09713820275483e-38	1.42436695332538e-36
"hsa-miR-30a-5p"	12.0630710405664	14.1690335093937	259.369659325724	2.35459373562659e-58	1.97393441503362e-56
"hsa-miR-30b-5p"	-2.75270731035481	10.4862108763576	79.9365273188471	3.86632488987563e-19	3.73992580693739e-18
"hsa-miR-30c-1-3p"	0.648197110044092	4.13194371452535	2.25208039185799	0.133434905838403	0.167375954206276
"hsa-miR-30c-2-3p"	8.87498146490528	5.43756937985843	87.6739055179697	7.71860055311356e-21	8.44012190916548e-20
"hsa-miR-30c-5p"	-0.280919751620847	11.6261278049333	0.73015733256365	0.392832195640902	0.446037459158857
"hsa-miR-30d-3p"	0.0211001960772026	5.92497802704794	0.0021369009745893	0.96312962047505	0.976722175602722
"hsa-miR-30d-5p"	-1.12490094643259	12.4735911082772	18.7741043849737	1.47151637352179e-05	3.19630372482643e-05
"hsa-miR-30e-3p"	-1.85963513148751	7.59526956149272	25.7513191704017	3.88361474889547e-07	1.05592336145644e-06
"hsa-miR-30e-5p"	-1.60554112554162	12.6226392171248	20.4943646321484	5.9807075646025e-06	1.40574574999769e-05
"hsa-miR-31-3p"	2.80391831642909	7.42211660161061	39.8977142661414	2.67616190418643e-10	1.03546879831213e-09
"hsa-miR-31-5p"	2.77571802692419	12.4467378424982	53.2494087435944	2.93775878471145e-13	1.55546596706301e-12
"hsa-miR-3117-3p"	6.44586758025516	3.25740030076943	13.9289751688516	0.000189849200216715	0.000356321446675401
"hsa-miR-3129-3p"	5.50046104964966	2.54533242764389	15.2445887122564	9.44469690930002e-05	0.00018630127628933
"hsa-miR-3152-5p"	7.58147027780075	4.23248404084961	35.0558663881688	3.20380316718754e-09	1.10377602266804e-08
"hsa-miR-3158-3p"	1.31694942497828	4.09500856774529	8.17214576506896	0.0042538553695508	0.00652344283806113
"hsa-miR-3168"	0.466621158056637	3.12150116992509	0.425314621417211	0.514296993876374	0.562372582434383
"hsa-miR-3174"	5.68295176466807	2.6749092219443	18.4678863843367	1.72791453171365e-05	3.71427781817079e-05
"hsa-miR-3176"	2.54866444510558	4.84864624825711	25.7368472119413	3.91284570680562e-07	1.05815128522754e-06
"hsa-miR-3194-5p"	-2.40778491772986	2.96658085304815	18.7169648720897	1.51627461666675e-05	3.27333103941363e-05
"hsa-miR-32-3p"	-1.02303797013342	3.22766290065127	2.59519888130453	0.107187983743053	0.137189709472661
"hsa-miR-32-5p"	-4.35249867559015	6.4201014246241	42.1163167539356	8.60025956104601e-11	3.57514922248442e-10
"hsa-miR-3200-3p"	3.88461830817226	4.71396316910652	27.4827215642314	1.58504263981172e-07	4.47908116755784e-07
"hsa-miR-320a"	0.353846396104432	10.8889214297811	0.585726350620376	0.444076487067088	0.496378828877212
"hsa-miR-320b"	-3.08445568136575	3.71467322785494	41.8979248542919	9.61646411036986e-11	3.93258654269597e-10
"hsa-miR-320d"	-4.2434422100956	3.10190223913609	33.5406566998236	6.97898156639524e-09	2.3247865747661e-08
"hsa-miR-323a-3p"	7.76360184465068	4.39789927834833	37.2022135434046	1.06492830374914e-09	3.82613526275583e-09
"hsa-miR-323b-3p"	4.50326933773226	3.76427958908865	13.4984684521248	0.000238758243115574	0.000439909876509647
"hsa-miR-324-3p"	0.701882434991312	5.73706076886741	3.41847708030347	0.0644704622007807	0.0846700848224352
"hsa-miR-324-5p"	0.238943893592378	5.06429481843723	0.442759971396463	0.505793334102224	0.555489185706154
"hsa-miR-326"	2.55583498780483	7.09461120644703	19.9701601731807	7.86601799875846e-06	1.81495736393372e-05
"hsa-miR-328-3p"	-1.44120963647226	5.74915713798199	10.1745737893975	0.00142390609604324	0.00238741588769916
"hsa-miR-329-3p"	7.07393019878508	3.7855833655967	23.5151475609186	1.23934175132885e-06	3.19686615855595e-06
"hsa-miR-330-3p"	-1.39458120179583	5.48510000472543	18.7705784226097	1.47423949137124e-05	3.19630372482643e-05
"hsa-miR-330-5p"	0.690618449461044	6.5631928421447	1.75310930771652	0.185486326081515	0.224818366310848
"hsa-miR-331-3p"	1.13102790104067	9.22400804662466	8.653021789661	0.00326519385111982	0.00506911267627552
"hsa-miR-331-5p"	1.22116431351039	4.36080014707583	8.74528047012572	0.00310404356367098	0.00484886308238044
"hsa-miR-335-3p"	-0.0146497968257252	6.49963611509476	0.000240072714113637	0.987637847809203	0.991580513868322
"hsa-miR-335-5p"	-3.66086892276034	6.06521446263983	23.0970512184788	1.54026736208926e-06	3.85449991607411e-06
"hsa-miR-337-3p"	7.51063888561506	4.1691169966077	31.5490572412501	1.94464765483608e-08	6.06674049836055e-08
"hsa-miR-337-5p"	3.37042994387154	2.64634592325458	9.26629011273506	0.00233410007678884	0.00375096593809835
"hsa-miR-338-3p"	1.23527608224986	5.50194789661029	1.77836621171519	0.182350074265482	0.221550935641395
"hsa-miR-338-5p"	3.29237873407627	3.49721559408731	14.3794780823515	0.000149421924677479	0.000283619728727441
"hsa-miR-339-3p"	-2.26060417471467	8.48858482867943	72.0138762850083	2.13689409791288e-17	1.60426527052266e-16
"hsa-miR-339-5p"	-0.421866043467125	7.33428265025107	1.04424799964726	0.306835553554993	0.356439453667809
"hsa-miR-33a-3p"	-1.69929524401354	3.75862322850301	9.09227574409161	0.00256691270716069	0.00408594016361338
"hsa-miR-33a-5p"	0.638811075036724	5.26680459484168	1.17148929866837	0.279095440950053	0.326048221591841
"hsa-miR-33b-3p"	-0.019656964673773	3.56525816402265	0.00170822300015061	0.967032295197655	0.976741454787993
"hsa-miR-33b-5p"	-1.14666508795432	4.6749341196749	6.78201494836238	0.00920808861329652	0.0136225546249651
"hsa-miR-340-3p"	1.50990145936114	4.62367296681275	9.13469336689673	0.00250807491688007	0.00400495772441485
"hsa-miR-340-5p"	0.155254197741105	9.0977672492796	0.122273456479142	0.726581704579053	0.762986633409737
"hsa-miR-342-3p"	-5.52675192190734	11.7310064239506	363.036428298213	6.14353070881231e-81	1.5450979732663e-78
"hsa-miR-342-5p"	-5.8837951509353	6.83553001743517	251.176892211661	1.43836440760599e-56	1.03356756717973e-54
"hsa-miR-345-5p"	3.21533335121007	9.98469922202088	50.3463283611522	1.28870987519368e-12	6.6590668789515e-12
"hsa-miR-34a-3p"	7.78115349571898	4.41316326039315	59.1548586301852	1.45739062339101e-14	8.42606302949057e-14
"hsa-miR-34a-5p"	5.95734418855342	9.31108136269677	152.061673521382	6.14252279428336e-35	1.34334302848893e-33
"hsa-miR-34c-5p"	4.86226048567564	3.81797520127907	9.59771584890463	0.00194819561281352	0.0031816311469
"hsa-miR-3605-3p"	0.123394138914299	3.4579609111592	0.0889444345967751	0.765523401773816	0.79887608110421
"hsa-miR-3605-5p"	2.54340875107873	3.13786865149835	9.61487185902153	0.00193007929747201	0.00316231233429453
"hsa-miR-3607-3p"	-3.80352382776799	7.89689664626397	122.994303457851	1.39849832393105e-28	2.19826455292911e-27
"hsa-miR-3607-5p"	-3.85210141517242	1.9767443794807	23.0399858311464	1.58666799713333e-06	3.9509604087033e-06
"hsa-miR-3609"	-5.99472827198291	2.43042828983924	60.5788907658698	7.06879817079189e-15	4.23286366655753e-14
"hsa-miR-361-3p"	-4.39464008662626	10.118927881457	159.206209384431	1.68688175425268e-36	4.04048343994809e-35
"hsa-miR-361-5p"	-0.333079531836563	8.15438334735832	1.27211573631605	0.259370144169628	0.306972194158407
"hsa-miR-3613-3p"	-0.599950228241182	2.88036781521323	0.474701868858784	0.490832004394221	0.541422145198011
"hsa-miR-3613-5p"	-0.200199860071652	4.41968301171486	0.156146213404833	0.69272967772551	0.730488528083714
"hsa-miR-3615"	-1.88561465767249	4.46596094082057	22.2865108984617	2.3485055695274e-06	5.73445777413729e-06
"hsa-miR-362-3p"	-2.23652536544795	3.01982424692836	8.04553410507741	0.00456159675052103	0.00695297928943054
"hsa-miR-362-5p"	1.38612975637619	4.22799178235898	4.59014598102634	0.0321562753551811	0.0441929139444155
"hsa-miR-363-3p"	-9.11333976707051	6.81926370688381	166.80138663435	3.6966947649323e-38	1.0937867451535e-36
"hsa-miR-3651"	-0.696926792438434	3.39938678325009	1.24155312320774	0.265171938937356	0.313102078134953
"hsa-miR-3653-3p"	-3.84402593059984	2.57351600165785	30.8416875997471	2.79958725546992e-08	8.43228975749322e-08
"hsa-miR-3653-5p"	-4.58949375827357	2.27119369084863	44.4823996326766	2.56654175079983e-11	1.11290560401061e-10
"hsa-miR-365a-3p"	4.2364935759497	6.10940638911746	69.5198994570342	7.56474413076018e-17	5.35924830672165e-16
"hsa-miR-365b-3p"	4.2364935759497	6.10940638911746	69.5198994570342	7.56474413076018e-17	5.35924830672165e-16
"hsa-miR-365b-5p"	6.54560705722846	3.33832759474116	28.3175468115114	1.02958472685706e-07	2.99353247172891e-07
"hsa-miR-3661"	1.75680330559626	4.03756195614603	12.1550068542369	0.000489562633346535	0.000858013953217099
"hsa-miR-3677-3p"	3.21584994163562	3.91220346620736	12.598695271272	0.000386016121630088	0.000685358802927693
"hsa-miR-3688-3p"	0.851724906885549	2.29455162358543	0.675240787217643	0.411230375201556	0.465875852987349
"hsa-miR-369-3p"	7.8899245570653	4.51274000257598	31.5398396573784	1.95390051835867e-08	6.06674049836055e-08
"hsa-miR-369-5p"	4.75359137193074	3.96382206130854	18.0968115738302	2.09952706313819e-05	4.49388133088727e-05
"hsa-miR-370-3p"	7.97047515057093	4.58798150286966	26.2214420377723	3.04423514388999e-07	8.3674878545173e-07
"hsa-miR-374a-3p"	0.454153972083366	8.2261530023633	0.54928921653374	0.458608265368491	0.511485493304547
"hsa-miR-374a-5p"	-1.65528720093941	6.82853425229143	19.6497609912198	9.30149453129613e-06	2.10750078794683e-05
"hsa-miR-374b-3p"	0.993239739417958	4.48458676482282	2.18060587543285	0.139759433233338	0.17487312168251
"hsa-miR-374b-5p"	-1.29594957523588	6.54055925940476	9.25970722440557	0.00234250466412089	0.00375248358615544
"hsa-miR-376a-3p"	3.65454845507436	3.31984784027694	12.8537959673135	0.000336795340326808	0.000609381497066131
"hsa-miR-376a-5p"	4.51782757644251	3.77587774914722	15.1401898897644	9.98156011787863e-05	0.000194601734081122
"hsa-miR-376b-3p"	6.38942596438435	3.22197503736333	22.6796272367581	1.91386310989564e-06	4.71898600136032e-06
"hsa-miR-376c-3p"	5.97738004779639	5.08320068700931	34.7944036384285	3.66425247406401e-09	1.25382244520694e-08
"hsa-miR-377-3p"	5.67356562495887	2.6694437819542	16.2853594077067	5.44832884229965e-05	0.000110951797881649
"hsa-miR-377-5p"	6.50320737540223	3.30518682950865	31.1823536629215	2.34891631370415e-08	7.160635792686e-08
"hsa-miR-378a-3p"	0.420006592060853	10.5036345338876	1.34406916425609	0.246317635742822	0.293596613219525
"hsa-miR-378a-5p"	0.757638478476545	3.59916916804133	1.21025505000012	0.271281615776707	0.318819282092719
"hsa-miR-378c"	-3.27792260068563	2.78046777433739	13.5840630238205	0.000228113951958998	0.000421843080277118
"hsa-miR-378d"	-3.32640619955235	2.38447206933611	12.1223457817547	0.000498211923964371	0.000870140964423884
"hsa-miR-379-3p"	6.87089122995239	3.61260155733264	16.2398168855507	5.58087489814281e-05	0.000112738155572925
"hsa-miR-380-3p"	6.43961370773305	3.25236624264004	16.2686492169894	5.49659015033726e-05	0.000111483259904018
"hsa-miR-381-3p"	7.91347184930637	8.54933365233364	32.0783551972089	1.4807794310659e-08	4.74415320908373e-08
"hsa-miR-382-3p"	4.14945366395538	2.86228265397766	16.9476107091163	3.8425650542565e-05	7.98681910037611e-05
"hsa-miR-382-5p"	7.64372471575244	4.28926687761622	37.7664213248573	7.97426214504829e-10	2.97115100663651e-09
"hsa-miR-3909"	2.08334604177917	4.56079355905651	19.3892171034635	1.0660729282621e-05	2.39390483444571e-05
"hsa-miR-3912-3p"	-2.92801094337457	3.65009451194273	30.900235499653	2.71638813337987e-08	8.23098331981972e-08
"hsa-miR-3940-3p"	2.12183740124936	3.01720446687593	6.25748836991273	0.0123669411389172	0.0179267187114564
"hsa-miR-409-3p"	7.82622369752773	9.03337317274991	74.9537950084109	4.81860050864932e-18	3.90928396104937e-17
"hsa-miR-409-5p"	7.70999443342307	6.74728962350984	23.1557759583556	1.4939379107248e-06	3.75725384547286e-06
"hsa-miR-410-3p"	7.43893461752806	7.77893488494825	31.6667425346258	1.83029849118378e-08	5.79018956644931e-08
"hsa-miR-411-3p"	7.44335194415144	4.10716467235814	20.2404609068173	6.82931349374592e-06	1.59034476266398e-05
"hsa-miR-411-5p"	8.57102023052026	8.63254857733989	40.6549820654835	1.81623584044635e-10	7.25052879162311e-10
"hsa-miR-421"	1.9230756546769	7.995772553072	14.1532079440321	0.000168509528941497	0.000317454281114505
"hsa-miR-423-3p"	-0.00164665825315821	12.0893479008262	4.40641125649677e-05	0.994703616962035	0.996685098270724
"hsa-miR-423-5p"	-1.07816687985231	11.389486272818	12.3848441584708	0.000432832760633413	0.000761240834260863
"hsa-miR-424-3p"	2.30014983193709	4.88478378973233	17.2046508345455	3.35613713306977e-05	7.03390407472538e-05
"hsa-miR-424-5p"	2.49349732808949	6.77331911517032	19.2744495164122	1.13211257752298e-05	2.53090056219582e-05
"hsa-miR-425-3p"	-1.09701853705756	4.93710800732427	6.14562253676447	0.0131737781998475	0.0190414092946072
"hsa-miR-425-5p"	-0.806099429825754	8.46043939317568	7.53769285126477	0.00604213629992285	0.00912671038697055
"hsa-miR-431-3p"	6.65394276384345	3.42808391789083	19.1130823119007	1.23197519810649e-05	2.74196249844056e-05
"hsa-miR-431-5p"	5.57402524585628	5.68958606557616	17.3939053401315	3.03798548837439e-05	6.42061638929546e-05
"hsa-miR-432-5p"	7.95735533112339	4.57614727228395	34.4991684729975	4.26433456041841e-09	1.43957066032917e-08
"hsa-miR-4326"	5.80038523551446	4.65598228934872	48.7593168255007	2.89380614808759e-12	1.44117276483966e-11
"hsa-miR-433-3p"	3.54704907034895	2.42774520746551	6.93365488241546	0.00845886544033847	0.012588193244054
"hsa-miR-4433b-5p"	-5.31355368460172	1.5678385368356	21.1538437610356	4.23850293561105e-06	1.01522236981541e-05
"hsa-miR-4443"	-5.11372428107582	2.47344314687139	42.0360576560311	8.96057988898299e-11	3.694403019802e-10
"hsa-miR-450a-5p"	3.12479788060065	6.17476712918907	22.806100787677	1.79195961076619e-06	4.44017578431227e-06
"hsa-miR-450b-5p"	5.3126917209403	7.06992327158174	41.4037791166391	1.23817788479877e-10	5.02260867785306e-10
"hsa-miR-451a"	-4.47123712626342	3.7060754265709	42.1922046241938	8.27291312126167e-11	3.49686999999548e-10
"hsa-miR-452-3p"	7.91220155013128	4.53350980241166	45.2246397882471	1.75680798621057e-11	7.88995015235639e-11
"hsa-miR-452-5p"	10.0786271033003	6.60557775534139	70.1551915176515	5.48175831613295e-17	3.99612236668822e-16
"hsa-miR-4521"	3.45213595699074	4.55083307032255	15.2137232083505	9.60032258606168e-05	0.000188631338312071
"hsa-miR-454-3p"	0.146955544612734	7.36994705420059	0.134399987768129	0.713912903009632	0.751251443962018
"hsa-miR-454-5p"	1.15681135813367	4.78584202463482	7.14711263500497	0.00750847719123284	0.0113076767281141
"hsa-miR-455-3p"	8.39947304099628	7.98640282361868	79.609543893554	4.56216440862702e-19	4.32975225950829e-18
"hsa-miR-455-5p"	5.91071475987607	7.52326132307419	85.5755097018329	2.23020540217263e-20	2.33706941102674e-19
"hsa-miR-4645-3p"	0.906093057958693	4.02114109956026	4.47214725678921	0.0344516698099018	0.0469625742937144
"hsa-miR-4661-5p"	0.868462966440823	2.52099459949746	0.282637061641353	0.594977979447451	0.640843519618989
"hsa-miR-4662a-5p"	-0.69498347442119	2.90461740843631	0.804379766530904	0.369787108934242	0.424248456367848
"hsa-miR-4677-3p"	1.39597817059789	5.38237745640115	11.5190442901702	0.000688867964451825	0.00118259585706235
"hsa-miR-4746-5p"	2.0660486414713	2.90281541872385	4.50400999567212	0.033815465840179	0.0463465376501636
"hsa-miR-4772-3p"	-7.0181794345159	2.46237113845046	64.3238067461396	1.0556248059502e-15	7.1753956404453e-15
"hsa-miR-4772-5p"	-7.63446640236518	4.49852242824375	81.0780136561009	2.16980625076502e-19	2.14002459634275e-18
"hsa-miR-4775"	6.36494638024409	4.74620112046497	27.903190375711	1.27539300880264e-07	3.68691197372258e-07
"hsa-miR-483-5p"	4.40193347453045	1.86467086279711	4.84816605834413	0.027675542644307	0.0384552429560399
"hsa-miR-484"	-0.0402147627558794	10.3593775143351	0.0216770845327048	0.882949378687062	0.906374566284883
"hsa-miR-485-3p"	5.21134113287339	4.38902602321643	27.1255590493672	1.90660444711456e-07	5.32790020499236e-07
"hsa-miR-485-5p"	6.26544998782373	3.11480887126781	25.4989977788111	4.42612776928794e-07	1.18422461061268e-06
"hsa-miR-486-3p"	-1.66528673641514	2.49101910064739	2.9511383366111	0.0858170908498949	0.111103061352789
"hsa-miR-486-5p"	-1.15010265134648	7.75917555264282	3.86128708444903	0.049412409160636	0.0659269013469493
"hsa-miR-487a-3p"	6.11927339199972	2.99998417454644	15.7549527172089	7.20989341601854e-05	0.000144485115070013
"hsa-miR-487b-3p"	6.51868111554255	5.6102751672938	31.783643872879	1.72337942893558e-08	5.4864547642696e-08
"hsa-miR-493-3p"	5.10555696879348	3.60856670175387	13.5880700757481	0.000227627532001586	0.000421843080277118
"hsa-miR-493-5p"	6.67651526544664	3.44899162474147	19.8096549213871	8.55494550361031e-06	1.95597163105272e-05
"hsa-miR-494-3p"	8.31449212639914	4.9063449861037	36.6283222099621	1.42939762518961e-09	5.02788115713547e-09
"hsa-miR-495-3p"	5.58376659233245	4.03463776297857	40.4624696472659	2.00429195846875e-10	7.93825870165181e-10
"hsa-miR-496"	4.73003842029462	2.06252352729301	9.86463653815495	0.00168485958623181	0.00278777753906119
"hsa-miR-497-5p"	5.72366973148484	8.57226100229807	47.2796657081881	6.15474025694501e-12	2.89330313013396e-11
"hsa-miR-500a-3p"	1.70713930717206	9.11172537709793	18.8553227271488	1.41017047823444e-05	3.09744869236649e-05
"hsa-miR-500b-3p"	3.03846573146015	2.61575603115346	8.3746513914684	0.0038049053578244	0.00585280548925282
"hsa-miR-501-3p"	1.33042717946374	8.17737008030173	4.34198612106783	0.0371835237383482	0.0502777216139493
"hsa-miR-501-5p"	2.99734272918413	4.20208392227625	21.8124255678416	3.00646793587721e-06	7.30557184418471e-06
"hsa-miR-502-3p"	0.984629043804653	5.34088873826918	3.44059131043776	0.063612921976507	0.0837625648015262
"hsa-miR-502-5p"	0.734743742191455	2.69043447687761	0.9728662635465	0.323966379893995	0.374609400199264
"hsa-miR-503-5p"	7.25919164253463	3.94536811667753	37.4375509409644	9.43872419664886e-10	3.4909399050841e-09
"hsa-miR-505-3p"	1.17220802040189	7.63571142744949	7.09344408726455	0.00773664274712528	0.0115819383982262
"hsa-miR-505-5p"	1.08875903053165	3.37489652941931	4.65065042184031	0.0310417833700094	0.0427781288633281
"hsa-miR-515-5p"	3.85900038540049	1.6257444150119	2.33769157506285	0.126276558073725	0.159590725404733
"hsa-miR-532-3p"	1.21864771961833	5.81531207903874	4.45248400179458	0.0348505188982239	0.0473778675832611
"hsa-miR-532-5p"	0.162602030114445	9.07584008935925	0.195148140130627	0.658665964467111	0.700441818450226
"hsa-miR-539-3p"	6.63098927024631	4.99601663871125	21.4649569533998	3.60354179805569e-06	8.6726388728326e-06
"hsa-miR-542-3p"	4.57261798793952	4.64327428648278	29.4218329484536	5.82180572134011e-08	1.72256957519651e-07
"hsa-miR-542-5p"	2.69902316549573	2.78558750776463	9.02362928516948	0.00266511702711635	0.00422081005222866
"hsa-miR-543"	4.11112274402379	3.44983616946422	16.3999499618404	5.1286583521571e-05	0.000104866469558334
"hsa-miR-548ar-3p"	2.87656873752733	2.03523945879936	2.25408357116735	0.133262325664032	0.167375954206276
"hsa-miR-548au-5p"	-3.83633235457902	2.54539520642434	20.201182096211	6.97098454576251e-06	1.6158549430961e-05
"hsa-miR-548e-3p"	-1.13199202108513	5.90376123380307	11.1734018412683	0.000829783410744245	0.00141485103594697
"hsa-miR-548e-5p"	0.0424887727851837	4.09985064638879	0.0132139632803083	0.908483164829215	0.9288863628144
"hsa-miR-548h-5p"	2.95494935076085	2.38574523400195	3.46276583696661	0.0627652441119394	0.0828633012816418
"hsa-miR-548j-3p"	-2.19893120756623	2.50507860413288	5.46463322004812	0.0194051265532889	0.0274951511445192
"hsa-miR-548j-5p"	-3.60092479413722	2.62865114544998	23.2760239177136	1.40338595967008e-06	3.56516736219216e-06
"hsa-miR-548k"	0.711717727713354	6.55039277169367	3.99367849116694	0.0456712536808187	0.0612603749372048
"hsa-miR-548n"	1.17604741945881	3.02128013975704	1.90023069275501	0.16805249945135	0.20667581228369
"hsa-miR-548o-3p"	0.76463347900034	5.05042201037774	2.03380329450702	0.153835220362258	0.191059545289422
"hsa-miR-548s"	-0.0241351297872952	2.59681163357678	0.000905043057331412	0.976000114108602	0.983823762317889
"hsa-miR-548w"	-2.59473352209053	3.17354217617549	26.2874636050962	2.94192145953092e-07	8.13069502276953e-07
"hsa-miR-550a-3p"	0.652398065758234	3.85110002198622	0.754012792270055	0.385208723335582	0.439365051786389
"hsa-miR-550a-5p"	2.6413014461671	3.79316300449102	13.258391067888	0.000271362453739592	0.000494548239967444
"hsa-miR-551a"	5.87628623326875	2.80589274503985	8.46101244445856	0.00362839829885945	0.00559841823412977
"hsa-miR-556-5p"	5.50666260651872	2.55734234838061	11.6005818922772	0.000659311870974714	0.00113573243527494
"hsa-miR-561-5p"	10.287871545223	6.81087112123622	76.6625659003052	2.02811485374633e-18	1.72905384988882e-17
"hsa-miR-5690"	-2.15669297828753	3.28421631763003	12.6429092541247	0.000376992845564067	0.000672437593328815
"hsa-miR-5696-3p"	-2.9418846638078	2.53796120566502	9.74420914901174	0.00179888508699206	0.00295699084561113
"hsa-miR-574-3p"	9.37097767035261	8.90990999287733	219.663096409526	1.07120133447683e-49	5.38814271241843e-48
"hsa-miR-574-5p"	6.9391902588481	3.66835581022477	40.0674333977407	2.45345331723228e-10	9.64130483256122e-10
"hsa-miR-576-3p"	1.75329914604765	3.0695798349415	7.5408135867143	0.00603168007593777	0.00912671038697055
"hsa-miR-576-5p"	-1.24803407174385	5.96882177726951	10.0492202327295	0.00152412441182242	0.00253852509651218
"hsa-miR-577"	-6.25850076885684	1.99894416190779	44.5718420876932	2.45192769046001e-11	1.07245185069686e-10
"hsa-miR-582-3p"	10.8472142592253	7.36250469509064	63.0922732540711	1.97246349306295e-15	1.32286551601422e-14
"hsa-miR-582-5p"	8.13344191143631	6.43765126339912	47.1584953219586	6.54722615977568e-12	3.02133464070382e-11
"hsa-miR-584-5p"	4.75739444646553	7.3263780383631	33.236259494515	8.16144116279262e-09	2.70079270058203e-08
"hsa-miR-589-3p"	0.65539292289516	5.83506064280678	2.3448645475938	0.125696486981002	0.159257765620766
"hsa-miR-589-5p"	-0.652707185199075	7.92038420506093	2.14296573946125	0.143224770817706	0.178321930003233
"hsa-miR-590-3p"	-1.022068951621	6.41362715013866	5.06306892068566	0.0244409211904291	0.0340548015478832
"hsa-miR-590-5p"	-0.0852566831556397	3.10420589908272	0.0258812762626999	0.872190602912528	0.897161295020453
"hsa-miR-598-3p"	-1.04273980714252	5.37330905929821	6.65315423963448	0.00989804481776732	0.0144730132073749
"hsa-miR-616-5p"	-1.6470817068195	3.65680171155638	15.2488365730863	9.42347860138597e-05	0.00018630127628933
"hsa-miR-624-5p"	0.389686803531573	3.24025243204917	0.61208574549295	0.434003569208836	0.489105698198807
"hsa-miR-625-3p"	-1.05942117868037	5.80463648795831	6.73161728514469	0.00947186814016169	0.0139308470014659
"hsa-miR-625-5p"	-0.175080597979301	5.05159414260301	0.214961099574268	0.642906425247473	0.685131211651439
"hsa-miR-627-5p"	-0.651368135614283	2.67683903699213	0.978282767818419	0.322623131156382	0.373915748782627
"hsa-miR-628-3p"	-0.688797144455046	3.33748910599864	1.85650281530343	0.173028968701642	0.212277003065673
"hsa-miR-628-5p"	-0.368534588851767	4.04409478796399	0.592359410823191	0.44150819678406	0.494607178134481
"hsa-miR-629-3p"	-1.04536895723872	3.46885221355643	5.91659391955772	0.0149989269770333	0.0215556007698508
"hsa-miR-629-5p"	-0.296316843299666	5.10879453627899	0.243412869295032	0.621751954474457	0.666825656931028
"hsa-miR-641"	0.51304404849338	4.45849051123341	1.55615684012027	0.212228821154503	0.255385399618935
"hsa-miR-642a-3p"	-6.83968719206451	2.34469721121475	77.4630755900434	1.3522701214034e-18	1.25961457604799e-17
"hsa-miR-642a-5p"	-7.76952832064608	3.01233697268775	103.570555523151	2.51284100944847e-24	3.41610548041238e-23
"hsa-miR-651-5p"	-3.35610570313179	2.47165600779548	12.7909072466643	0.000348308160468094	0.00062795342191918
"hsa-miR-6511a-3p"	0.0757245016659378	2.91216162887266	0.0131879934469392	0.908572744542116	0.9288863628144
"hsa-miR-6511b-3p"	-0.814346873248488	2.72238487934964	1.32974773004291	0.248850101823323	0.295216040606442
"hsa-miR-6516-3p"	-1.0494659894031	2.81495396128828	3.66714791749133	0.055495070339445	0.0736517688146196
"hsa-miR-652-3p"	-1.26225522328495	6.57340854135186	17.0080901940287	3.72208862601333e-05	7.76850862607761e-05
"hsa-miR-652-5p"	-0.73221536634963	3.62356207985933	2.48165941616368	0.115180672969084	0.146673110135315
"hsa-miR-654-3p"	7.68144254611764	8.91547645453961	47.883174439034	4.52387293047894e-12	2.18798854233741e-11
"hsa-miR-655-3p"	5.04703601777392	2.25628368610894	9.53255343428985	0.00201859079696047	0.003285926119324
"hsa-miR-656-3p"	3.48410132822042	3.16984915837963	9.50805663286436	0.00204571702570551	0.00331934085138668
"hsa-miR-659-5p"	-1.42832085660005	3.35955890359781	11.9670372320236	0.000541499727434555	0.000942471843943187
"hsa-miR-660-5p"	-0.143575420303381	8.26047281782874	0.184431556162812	0.667592170068168	0.706944971672186
"hsa-miR-664a-3p"	-3.07574919161502	6.07883960912363	58.0215519040597	2.59261747038218e-14	1.41748542130678e-13
"hsa-miR-664a-5p"	-3.57718601055031	3.23807708521637	50.3331505355114	1.29739275176391e-12	6.6590668789515e-12
"hsa-miR-664b-3p"	-2.97711778091986	3.19135699705758	25.0078759183222	5.70966076415841e-07	1.51155756019562e-06
"hsa-miR-665"	7.03311644661167	3.74738623869771	20.4598593163312	6.0895051615258e-06	1.42466097499883e-05
"hsa-miR-671-3p"	1.92532781369267	7.086257822917	37.2276975959047	1.05110225822044e-09	3.82613526275583e-09
"hsa-miR-671-5p"	1.0523957672652	5.47793691241488	6.57340262423103	0.0103513862724363	0.0150920211450303
"hsa-miR-6716-3p"	5.87693799855992	2.81545408635132	16.8704941174573	4.00188661281232e-05	8.24979084526474e-05
"hsa-miR-6731-3p"	-6.85471257208394	2.35462658726212	76.6281609072231	2.06375708628967e-18	1.73011635733951e-17
"hsa-miR-6769b-3p"	-2.26995297485464	2.92990711252874	21.5447107702115	3.45674729481831e-06	8.35934562160388e-06
"hsa-miR-6803-3p"	-4.63359909756893	3.02593319453399	46.9044882584011	7.45318287435233e-12	3.40813725981747e-11
"hsa-miR-6842-3p"	-4.95142402037399	3.07912543358186	95.3867955164732	1.56594700201468e-22	1.83179381863578e-21
"hsa-miR-7-1-3p"	-3.31707927639148	5.73906018958438	103.22839563934	2.98654717402799e-24	3.95324533825284e-23
"hsa-miR-7-5p"	-1.06146354633637	5.87010236304484	2.52106651287283	0.112334586487799	0.143411921328332
"hsa-miR-708-5p"	-1.49097664039896	1.76389821961312	0.529082272715755	0.466992946787145	0.519684628836137
"hsa-miR-744-3p"	2.72317556902303	3.75310487474564	19.4006335241118	1.05971900292616e-05	2.39030788552402e-05
"hsa-miR-744-5p"	1.77591536485917	8.13941604432042	32.4892463474037	1.19853898473551e-08	3.86451993155103e-08
"hsa-miR-758-3p"	6.53647981914818	5.60857679151174	18.7996491527913	1.45193831749429e-05	3.17532597260707e-05
"hsa-miR-760"	1.3435909704673	2.66364242338544	3.94053693455273	0.0471357304888687	0.0630565756273962
"hsa-miR-766-3p"	-2.54434958049921	6.11270263670195	52.4866203555967	4.3318954219966e-13	2.26973270548364e-12
"hsa-miR-769-3p"	1.26238964955082	2.92341533047006	3.37232659092633	0.0663000635189357	0.0866206024675965
"hsa-miR-769-5p"	0.586034157371182	10.1741887026288	5.36263931692423	0.0205726156280192	0.028986066277013
"hsa-miR-7705"	0.561785750762021	3.36733310950891	1.19651932845115	0.274018463816751	0.321285051980946
"hsa-miR-7706"	1.17147602845803	5.67011667766254	9.35671185997092	0.00222170363135164	0.0035817850210573
"hsa-miR-7974"	6.15143513100904	6.40264337398792	61.5824167978729	4.24593394732011e-15	2.60451801890489e-14
"hsa-miR-7976"	1.14471943120093	3.82951793274562	2.59983727667143	0.106874687727291	0.137137673282723
"hsa-miR-873-5p"	-6.05720917559239	2.63090119032522	77.3481275847932	1.43330534561217e-18	1.31082288880531e-17
"hsa-miR-874-3p"	0.384929317547973	8.02724495641028	0.403169362585999	0.52545698860756	0.572088452964508
"hsa-miR-874-5p"	0.134325421993398	4.33875489465702	0.0714769917055449	0.789198297365416	0.81848813108207
"hsa-miR-877-5p"	1.89220742113718	6.35438805660537	25.8449628715072	3.69968913701319e-07	1.0113824108248e-06
"hsa-miR-887-3p"	10.4841991903094	7.00466380217736	144.657419672254	2.55186743570191e-33	5.34828883399192e-32
"hsa-miR-887-5p"	7.81493892598145	4.44459712419919	46.0932534594263	1.12756070406957e-11	5.10957688420715e-11
"hsa-miR-889-3p"	9.35059872618756	5.8959301077961	37.1123617465889	1.115145319944e-09	3.95012743613965e-09
"hsa-miR-9-5p"	-4.20721252388025	3.74809584459806	47.4215944592696	5.7248535845525e-12	2.7424774790761e-11
"hsa-miR-92a-1-5p"	0.228490376674758	4.40510816398007	0.310672804250726	0.577267618976905	0.624442177086846
"hsa-miR-92a-3p"	-1.20690425056455	15.5976762516309	15.7768280196709	7.12700616198451e-05	0.000143395363979128
"hsa-miR-92b-3p"	2.36695378648553	11.4494389799023	37.890047379155	7.48460932765773e-10	2.80952126254615e-09
"hsa-miR-92b-5p"	1.46002912043404	2.51630978315369	1.69453891213569	0.193003719744895	0.233367478441543
"hsa-miR-93-3p"	1.51630992872572	5.25870410494827	17.3697628323112	3.07682111333145e-05	6.47548543935447e-05
"hsa-miR-93-5p"	0.423267026627159	10.1098305258805	2.01423058841003	0.155830247874689	0.19211425166904
"hsa-miR-935"	10.2327513840281	6.75661321447634	109.240854527504	1.43717253933979e-25	2.12616996261151e-24
"hsa-miR-937-3p"	2.65360843626238	2.72685092511702	10.846946255887	0.000989588151318914	0.00168163121659937
"hsa-miR-940"	3.03448817759564	4.84066123315878	27.6266925485599	1.47134290025604e-07	4.18127389168806e-07
"hsa-miR-941"	0.00117025934612408	8.37220329273444	8.9414680459754e-06	0.997614146193454	0.997614146193454
"hsa-miR-941-3-5p"	0.00750713577335344	6.08082982868348	0.000342604897298315	0.98523232769488	0.991143721661049
"hsa-miR-942-5p"	-0.173359466108916	4.30899585680397	0.257376342886504	0.611928399085609	0.657692275085601
"hsa-miR-95-3p"	-5.89216056377275	3.18633735336344	105.337897880844	1.02987502827321e-24	1.43896427561507e-23
"hsa-miR-98-3p"	3.14267109108225	4.88725134434281	14.5322158211209	0.000137783102903268	0.000262518563486151
"hsa-miR-98-5p"	1.70317400851243	11.4229935604144	23.3627434315466	1.3415180181226e-06	3.42529727469882e-06
"hsa-miR-99a-3p"	5.62757120648927	4.49858785097929	34.4210467730541	4.43897122335772e-09	1.48853501689929e-08
"hsa-miR-99a-5p"	3.93176963437716	9.43314585297993	22.4888637524507	2.11365418396028e-06	5.18618563186351e-06
"hsa-miR-99b-3p"	4.29223927236683	6.69496965567737	85.6955542704079	2.09884247342537e-20	2.24620800879354e-19
"hsa-miR-99b-5p"	3.71086874306689	14.4893635578755	23.948123137221	9.89667253631185e-07	2.57928823096625e-06
