"logFC"	"logCPM"	"LR"	"PValue"	"FDR2"
"hsa-let-7a-3p"	-0.34804367509656	5.00474710612313	0.292808979064789	0.588426068093348	0.887507122713406
"hsa-let-7a-5p"	0.557131747886824	14.9724527398603	1.7700107746341	0.183380745597902	0.554891219169346
"hsa-let-7b-3p"	0.316137038289759	4.74416017091548	0.515431711973923	0.47279691606312	0.827394603110461
"hsa-let-7b-5p"	0.448831227529823	11.0228484403083	1.03639567145601	0.308661227525719	0.70268037739774
"hsa-let-7c-5p"	0.813238058962561	4.35379706414884	2.44058587012466	0.118232059740716	0.466133293000752
"hsa-let-7d-3p"	-0.163980938316081	6.79537759366039	0.183374069213256	0.668489510873085	0.903327043405021
"hsa-let-7d-5p"	0.0649783576062361	10.1537027796483	0.0308670968613853	0.860537221932032	0.959637426266987
"hsa-let-7e-5p"	-0.306819372199445	6.3054056674726	0.567644634551955	0.451196396792106	0.805821918834401
"hsa-let-7f-1-3p"	0.0156137970121263	3.41906948487482	0.000998141375310735	0.974796326341737	0.995579538743581
"hsa-let-7f-2-3p"	0.186372449579964	4.00717838107164	0.0440288351154221	0.833799974108554	0.951180157617892
"hsa-let-7f-5p"	0.462144056578441	15.6213518619241	1.59929490467448	0.206003161638943	0.574865632413378
"hsa-let-7g-3p"	-0.297699953003248	5.49055374461464	0.391162204743611	0.531689129461638	0.872947358555465
"hsa-let-7g-5p"	0.0101945499027907	15.5868872186123	0.000473271448754531	0.982643547714294	0.995579538743581
"hsa-let-7i-3p"	-0.74735284094274	7.09237507858757	4.00426010957248	0.0453854131357241	0.299369167414488
"hsa-let-7i-5p"	-0.0518441886279835	13.1811082066677	0.0218371859728848	0.882521046518041	0.96236049712458
"hsa-miR-1-3p"	5.86598624503159	2.43243090269948	15.9388610813224	6.54216275721246e-05	0.00143692246085464
"hsa-miR-100-5p"	-0.150605808050273	6.77561770669352	0.0185424436594133	0.891686383490206	0.966590607884628
"hsa-miR-101-3p"	0.214600435867862	14.7824842817937	0.133645546175103	0.71468175757282	0.932075448089267
"hsa-miR-101-5p"	-0.259134478150872	6.01662752606322	0.421082230661295	0.51639752563397	0.864021225816838
"hsa-miR-103a-3p"	0.484484556411661	12.7097424037672	1.63657091995771	0.200796601548644	0.574865632413378
"hsa-miR-106a-5p"	1.98245746910494	5.0627106518699	8.88220055036021	0.00287964246835214	0.0395086946657914
"hsa-miR-106b-3p"	0.157422866045931	8.95616525929573	0.203964881409789	0.651539363543277	0.903327043405021
"hsa-miR-106b-5p"	-0.0971429774648762	8.75089313845678	0.0643638501091459	0.799727090260197	0.950857259421499
"hsa-miR-107"	0.473091533029265	4.53432794030123	0.748370497633289	0.386992631743288	0.771993083184516
"hsa-miR-10a-5p"	2.43171663031868	12.4236444739083	8.39920272038808	0.00375385614369822	0.04768787619587
"hsa-miR-10b-5p"	0.450498545626108	5.98996384994159	0.2193607333747	0.639527439702934	0.903327043405021
"hsa-miR-1248"	0.448145866125914	3.69371386571673	0.398318851082264	0.527958751700154	0.872947358555465
"hsa-miR-1249-3p"	-0.135173265749331	3.7904261757082	0.0591890162410365	0.807782355035593	0.950857259421499
"hsa-miR-1255a"	0.50905264146217	2.46271579880168	0.110719732350828	0.739326213994688	0.936449504335919
"hsa-miR-125a-5p"	-0.165824016529325	12.3483833962672	0.215835565511526	0.642231494986911	0.903327043405021
"hsa-miR-125b-5p"	0.824469140052651	6.8821719352091	1.6047417900228	0.205232522341237	0.574865632413378
"hsa-miR-126-3p"	-0.535822306197242	4.1719851253225	0.744229061256174	0.388309517706493	0.771993083184516
"hsa-miR-126-5p"	-1.50923719946037	5.65387888961658	4.22045950928525	0.0399393432833093	0.273983894923502
"hsa-miR-1260a"	0.0537660004043553	5.4442645561389	0.0216202196946064	0.88310190247834	0.96236049712458
"hsa-miR-1260b"	0.723733313538184	3.95827495455681	1.63314792539665	0.201268198546646	0.574865632413378
"hsa-miR-127-3p"	-0.823331249896856	3.27740659373817	2.02246254330413	0.154987616499526	0.516123810284829
"hsa-miR-1271-5p"	-0.0722757139750787	7.40005678851034	0.0357225975125317	0.850089504481421	0.956002295203696
"hsa-miR-1273h-3p"	-0.340950510670762	4.83280792633383	0.82273014901605	0.364383141815707	0.771502578041897
"hsa-miR-128-1-5p"	-0.703713888808034	3.23079501052081	1.40541681925157	0.235818719841111	0.627021867484504
"hsa-miR-128-3p"	0.263326335750387	9.78192368172575	0.638648129932506	0.424200753222724	0.805821918834401
"hsa-miR-1285-3p"	0.792783274958868	4.15799744488821	0.327114069094629	0.567363390532344	0.887507122713406
"hsa-miR-1287-5p"	-0.455987640835348	3.2327940458934	0.500485197220536	0.479287008298964	0.828545899125694
"hsa-miR-1291"	0.27947560163672	3.17336093073489	0.198674929268886	0.65579253747561	0.903327043405021
"hsa-miR-1294"	1.43260286424394	2.77506085625269	3.13596493805499	0.0765830556402394	0.406797547563804
"hsa-miR-1301-3p"	0.153510458042368	4.99843145864043	0.188873214019546	0.663856090849686	0.903327043405021
"hsa-miR-1304-3p"	0.510372112918338	3.96655073915902	1.04381055232417	0.306936891342625	0.70268037739774
"hsa-miR-1306-5p"	-0.660174613749353	3.05244259880711	1.15191540899795	0.283148546155167	0.698076080748149
"hsa-miR-1307-3p"	-0.00515766058955737	7.37270766605541	0.000194022792133097	0.988886460616007	0.995579538743581
"hsa-miR-1307-5p"	-0.117210921573358	9.03677651378648	0.0676220262955383	0.794831102684129	0.950857259421499
"hsa-miR-130a-3p"	1.60962478943184	4.99888665742224	15.2402134783814	9.46660171481709e-05	0.00180391354899015
"hsa-miR-130b-3p"	1.0922894505818	7.38318113880297	8.24889339157172	0.00407768520970263	0.0499516438188573
"hsa-miR-130b-5p"	1.3516752304565	5.50884590260916	12.4132482438747	0.00042629871184025	0.00731102290806028
"hsa-miR-132-3p"	-0.267676993860596	5.84935283965825	0.438766624142883	0.50771835483225	0.862115820333969
"hsa-miR-132-5p"	-0.0333599741402556	3.88002384766902	0.00331653269835641	0.954075736763648	0.991660538514943
"hsa-miR-133a-3p"	3.9097232023511	3.16737673029101	27.0701655853073	1.96202744318597e-07	1.12162568835465e-05
"hsa-miR-140-3p"	0.195334731653969	12.9524906682416	0.229386528851364	0.631979081613212	0.903327043405021
"hsa-miR-140-5p"	-0.375428427002868	6.96589485156801	0.423868960214207	0.515012794497248	0.864021225816838
"hsa-miR-141-3p"	-0.0655101983148525	9.03948729719199	0.0151690493783292	0.901978265882211	0.966807953742495
"hsa-miR-142-3p"	0.0641901926773489	13.0979069611919	0.0179835394592374	0.893321348977922	0.966590607884628
"hsa-miR-142-5p"	-0.173340109261129	16.3834417853476	0.252674651364032	0.615198038126537	0.903327043405021
"hsa-miR-143-3p"	0.41256361264656	5.2037260293559	0.313708657874994	0.57541327145741	0.887507122713406
"hsa-miR-1468-5p"	0.125526481994581	5.4365979434161	0.0900177272729357	0.764154620278614	0.94317898965659
"hsa-miR-146a-3p"	0.0941015142253945	3.38232197984198	0.00676356907983067	0.934455133421965	0.982114958130238
"hsa-miR-146a-5p"	1.62180050197727	12.910120376524	2.6198037662507	0.105537491584675	0.462496992964447
"hsa-miR-146b-3p"	0.283935099517049	9.53684861501064	0.267551384325838	0.604979074011986	0.902207923417875
"hsa-miR-146b-5p"	1.18855005208806	14.9836543377434	1.03347768624712	0.309343256522037	0.70268037739774
"hsa-miR-148a-3p"	0.303441621381913	12.2474101380661	0.270167097262629	0.603219704079493	0.902207923417875
"hsa-miR-148a-5p"	0.167017601760924	4.97392117539266	0.0894239999744464	0.764910701330023	0.94317898965659
"hsa-miR-148b-3p"	0.633633498513267	10.2569285707028	2.76787024722844	0.0961740453095762	0.434048651857693
"hsa-miR-148b-5p"	0.369128025260456	6.1898967452618	0.886611826412488	0.34639712532404	0.747259207460036
"hsa-miR-150-3p"	-0.185490712982649	7.944566335754	0.196607390786902	0.657473311926929	0.903327043405021
"hsa-miR-150-5p"	-1.07435478472086	17.436062437064	2.3313369070238	0.126792940892406	0.481972717397134
"hsa-miR-151a-3p"	1.19402184325125	8.83649594141344	3.24780949184928	0.0715189780544477	0.406797547563804
"hsa-miR-151a-5p"	1.14442983307587	9.09205452691759	5.0322819806635	0.024879097178	0.203179293620333
"hsa-miR-151b"	0.721427669840014	3.2559504472193	1.06591807027406	0.301869280669631	0.70268037739774
"hsa-miR-152-3p"	1.31982879022297	7.55412659226236	8.73229723265675	0.00312622371588163	0.0412421051749
"hsa-miR-152-5p"	2.96358235791328	2.53338395343955	7.22191366148206	0.00720188889433621	0.0748559966896158
"hsa-miR-153-3p"	-0.459079986622628	3.75184062748334	0.734820166776094	0.391325232719603	0.771993083184516
"hsa-miR-155-5p"	-0.417400080907363	10.246220774298	0.992305352585774	0.319179578209143	0.720253916616685
"hsa-miR-15a-5p"	0.202951474366084	11.3428564409261	0.190494031826745	0.662505756858559	0.903327043405021
"hsa-miR-15b-3p"	0.390176721065096	5.89543573033814	0.955957358104374	0.328207524546149	0.728074473542441
"hsa-miR-15b-5p"	0.33010670365937	8.94873723283235	1.05458862684174	0.30445264673887	0.70268037739774
"hsa-miR-16-2-3p"	-0.0452534371935477	7.87613427143859	0.0156226131869097	0.900531108957534	0.966807953742495
"hsa-miR-16-5p"	-0.081253933704829	13.3656726623451	0.0271040722527687	0.869232741669389	0.96236049712458
"hsa-miR-17-3p"	0.366708071834933	8.01499539509589	0.341527909890686	0.558948608342488	0.887507122713406
"hsa-miR-17-5p"	-0.430944559258372	8.16424716791733	0.873320213648725	0.350037770163271	0.750393469787512
"hsa-miR-181a-2-3p"	2.59400133097759	10.388654070897	46.2189869168026	1.05747219221488e-11	1.20904320643235e-09
"hsa-miR-181a-3p"	1.55356633839124	8.66879540217945	15.4986642128825	8.25635787425825e-05	0.00166584161815916
"hsa-miR-181a-5p"	1.86626903000617	15.5188742513608	25.8532679952104	3.68380478259712e-07	1.57943130053852e-05
"hsa-miR-181b-2-3p"	2.62994966850841	3.21560842082568	15.9039435994157	6.66397193380785e-05	0.00143692246085464
"hsa-miR-181b-5p"	1.73785352497571	11.1751777392562	23.2182975487539	1.44614805624e-06	5.51143092544798e-05
"hsa-miR-181c-3p"	-0.188004438716515	7.01993274737263	0.150438806298965	0.698116371540642	0.917447951871419
"hsa-miR-181c-5p"	-0.62463738034183	11.3882129162315	1.75283162615077	0.185521153165752	0.554891219169346
"hsa-miR-181d-5p"	-0.749032675204145	6.68519917898827	1.49038454676842	0.222156804831792	0.600303659970516
"hsa-miR-182-5p"	0.107128583845379	4.42902047517119	0.0428526733179768	0.836002929284412	0.951180157617892
"hsa-miR-185-3p"	0.960458460876724	3.48221565641006	2.08361390759618	0.148887311461809	0.504248181619064
"hsa-miR-185-5p"	1.03970509691044	7.366624564432	3.46569214898991	0.062654280724961	0.390734877975666
"hsa-miR-186-5p"	0.0605213420482285	14.3014288874513	0.0303425569941282	0.861715239913213	0.959637426266987
"hsa-miR-18a-3p"	-0.598554278898059	3.60633581759692	0.575927627483972	0.447913002707913	0.805821918834401
"hsa-miR-18a-5p"	-0.162943923502429	4.80096964279575	0.101725098378759	0.749769188273485	0.938579677291261
"hsa-miR-190b"	0.855037598231774	3.34480382603416	1.20856394718134	0.271616715073701	0.685033332869703
"hsa-miR-191-3p"	0.521656575954752	3.36623014679006	1.05174293311897	0.305106014970121	0.70268037739774
"hsa-miR-191-5p"	0.827780093051625	13.9369707759646	5.2865288154228	0.0214910156560123	0.184285459250305
"hsa-miR-192-5p"	0.11814367296935	13.0976472578424	0.0598855513026137	0.806676922822086	0.950857259421499
"hsa-miR-193a-3p"	-0.0442102287132612	3.10464200021493	0.00187229949774981	0.965486244574351	0.995579538743581
"hsa-miR-193a-5p"	0.530687806454566	3.15963940183	0.771110336159229	0.379873779993181	0.771993083184516
"hsa-miR-193b-3p"	-0.995073624600835	4.44074220673445	1.67050470489777	0.196190947044842	0.574865632413378
"hsa-miR-194-5p"	-0.622252464270984	7.23130793224447	2.52416605087243	0.112114038872404	0.46331464256909
"hsa-miR-195-5p"	-0.137281753676064	4.24637298895306	0.102548316074541	0.748792724630885	0.938579677291261
"hsa-miR-196a-5p"	-0.871402091176702	4.76094776689799	2.58919705133507	0.107594868477173	0.462496992964447
"hsa-miR-196b-5p"	2.74928234611144	4.70302042162175	27.69091063776	1.42329898526875e-07	9.76383103894365e-06
"hsa-miR-197-3p"	-0.0404817415749111	10.5254989342931	0.0167899684215298	0.896901804905703	0.966807953742495
"hsa-miR-1976"	-0.122547320608487	4.12260690730571	0.0606442713052457	0.805480526085451	0.950857259421499
"hsa-miR-199a-3p"	-0.247957873023335	6.16251909749195	0.355953857189947	0.550761992292085	0.886907809183968
"hsa-miR-199a-5p"	-0.885846454731428	3.26074221468618	2.80737440154475	0.0938318331995121	0.430877699737848
"hsa-miR-199b-3p"	-0.181718328053985	4.99965700330094	0.161591693248653	0.687695291637477	0.909327375391334
"hsa-miR-199b-5p"	0.227698224159433	5.90119231289927	0.119724726728403	0.729333237526139	0.933787684293429
"hsa-miR-19a-3p"	-0.163912055744671	8.47528580443011	0.223879870585063	0.636099421220644	0.903327043405021
"hsa-miR-19b-3p"	-0.233816863319599	10.7395498517137	0.427923625934383	0.513009556081839	0.864021225816838
"hsa-miR-200a-3p"	1.02880310963932	3.43683268349861	3.02124312485311	0.0821804492471164	0.406797547563804
"hsa-miR-200b-3p"	0.782785179979041	5.14660770686223	2.91161114699729	0.0879439794967637	0.42250115241314
"hsa-miR-200c-3p"	-0.196766304169202	4.93807779584	0.162469343822381	0.686893153323919	0.909327375391334
"hsa-miR-203a-3p"	2.34070168481927	2.62715977480352	2.89802257327152	0.0886882885531956	0.42250115241314
"hsa-miR-20a-3p"	-0.602864817155712	3.14173501741361	0.666313427421143	0.414339874258323	0.805821918834401
"hsa-miR-20a-5p"	-0.475054451720914	9.15473018022717	1.42828576530762	0.232044406317751	0.621806495054598
"hsa-miR-20b-5p"	2.46786732268841	5.41737221682367	15.8929352818114	6.70284529844732e-05	0.00143692246085464
"hsa-miR-21-3p"	0.178227862231841	9.78210411279376	0.25083160261342	0.616490128288812	0.903327043405021
"hsa-miR-21-5p"	0.150253059626621	14.6877176200205	0.109066837573778	0.74120903909528	0.936449504335919
"hsa-miR-210-3p"	0.23692312600564	5.1532178544481	0.294864834838113	0.587119763428343	0.887507122713406
"hsa-miR-2110"	0.0127444080570151	3.85775549142795	0.000823569227780041	0.977105534524702	0.995579538743581
"hsa-miR-2110-3p"	0.130468774496997	5.47547335744558	0.119473058882285	0.729606703762796	0.933787684293429
"hsa-miR-212-5p"	0.409373780825657	3.53815410908702	0.545463314530181	0.460177329345575	0.809440122900165
"hsa-miR-215-5p"	0.407929739695103	5.15856622830645	0.767231879393199	0.381074757145539	0.771993083184516
"hsa-miR-22-3p"	0.131306530769067	14.6300022883964	0.058907592394462	0.808230940699133	0.950857259421499
"hsa-miR-22-5p"	0.31739676480114	6.30989217021985	0.599079030488728	0.438929633564424	0.805821918834401
"hsa-miR-221-3p"	0.735153252501694	11.4295642952054	2.8008348110471	0.0942152404674594	0.430877699737848
"hsa-miR-221-5p"	0.757711837221063	7.41483701987122	4.01257782545786	0.0451620502552948	0.299369167414488
"hsa-miR-222-3p"	0.491179307930728	9.86134010366444	1.96463556131136	0.16101842000349	0.521031302464123
"hsa-miR-223-3p"	3.37559030533928	8.50761474614908	36.2263119043427	1.75682493879089e-09	1.50647738501318e-07
"hsa-miR-2277-5p"	0.529942769591529	4.23117539186449	1.52957664159985	0.216175994405813	0.595724826735234
"hsa-miR-2355-5p"	1.29981873071304	4.14585341361173	4.71964055198235	0.0298199760021292	0.226454995328136
"hsa-miR-23a-3p"	0.517742547116629	11.6743269365489	1.92215616921868	0.165619160321517	0.525413811546646
"hsa-miR-23a-5p"	0.582786456399929	5.09459303029362	2.44253438319037	0.118085301779119	0.466133293000752
"hsa-miR-23b-3p"	0.207340257409379	8.06960101617327	0.318142451521402	0.572726107741344	0.887507122713406
"hsa-miR-23c"	7.15506633787842	3.59134658800467	9.23374133253246	0.00237595669647198	0.033956381120412
"hsa-miR-24-2-5p"	0.659649526401634	6.35625776683614	2.28355252367201	0.130752075334087	0.48747784608252
"hsa-miR-24-3p"	0.533609188040371	9.95421779086098	1.52343188632774	0.21710088437873	0.595724826735234
"hsa-miR-2467-5p"	1.17357603012334	2.8198250398417	2.16594702901073	0.141097672818606	0.504130226841477
"hsa-miR-25-3p"	0.0354837448877863	12.3795879053844	0.0123981735975889	0.911341118159166	0.973800634045464
"hsa-miR-25-5p"	0.155983702483019	4.90767171016281	0.170874286133472	0.679335968014599	0.906662400891079
"hsa-miR-26a-2-3p"	-0.305855935366478	4.62571095509159	0.56911349416059	0.450611405357658	0.805821918834401
"hsa-miR-26a-5p"	-0.113789539005873	16.0904939811254	0.120390272224995	0.728611592760666	0.933787684293429
"hsa-miR-26b-3p"	-0.355443259840022	7.52721453452893	0.248764738484724	0.617946209127319	0.903327043405021
"hsa-miR-26b-5p"	0.251325269479702	13.914747610192	0.452651927592569	0.501078279224796	0.859349248870525
"hsa-miR-27a-3p"	-0.0360858770569732	12.9324123662612	0.00709023638250983	0.932894602568954	0.982114958130238
"hsa-miR-27a-5p"	0.791890411584873	6.70334853688627	3.47122486905872	0.062445055247	0.390734877975666
"hsa-miR-27b-3p"	-0.0348468046625487	11.9149564280205	0.00487459969031079	0.944338254776704	0.987524455452468
"hsa-miR-27b-5p"	0.0306114267919971	3.36463714143327	0.00166759456844101	0.967426486452649	0.995579538743581
"hsa-miR-28-3p"	0.600405482158017	13.4409895459759	2.41121055102815	0.120469175105241	0.469555989330655
"hsa-miR-28-5p"	0.122054698972878	10.6138522341457	0.0813757530019075	0.775441618318246	0.94317898965659
"hsa-miR-296-5p"	0.304956847731452	3.90347462565989	0.197898332386326	0.656422626385214	0.903327043405021
"hsa-miR-29a-3p"	-0.21738175082025	14.6527654084588	0.393676116484301	0.530373380660173	0.872947358555465
"hsa-miR-29a-5p"	-0.454877917754261	5.83118646751499	1.10986568414925	0.292111147679312	0.700244587037294
"hsa-miR-29b-1-5p"	-0.509193052115909	3.53859077643486	0.811078179155825	0.367801678599343	0.771993083184516
"hsa-miR-29b-3p"	-0.100624252341137	10.6927430724364	0.0474877915700915	0.827493830193077	0.951180157617892
"hsa-miR-29c-3p"	-0.340212869807425	12.6801696300829	1.06011184552753	0.303189676972398	0.70268037739774
"hsa-miR-29c-5p"	-0.615243646448969	6.50842617179373	2.56572563076906	0.109202439961077	0.462496992964447
"hsa-miR-301a-3p"	0.0217941047251373	6.44599487084698	0.000867769812820995	0.976499369023256	0.995579538743581
"hsa-miR-301b-3p"	1.72928960543104	3.41772579340487	2.54608697114033	0.110567794236398	0.462496992964447
"hsa-miR-30a-5p"	0.788172035395711	3.16135270898718	2.14348528487217	0.143176286181622	0.504248181619064
"hsa-miR-30b-5p"	-0.643227898379538	11.5433836052702	1.94487135436918	0.163140584799498	0.52296467837596
"hsa-miR-30c-1-3p"	-0.504904934716961	3.38732845997882	0.733895806326447	0.391623313335585	0.771993083184516
"hsa-miR-30c-5p"	0.0628559480204286	11.7318654507141	0.0326145425614612	0.856685505687679	0.959637426266987
"hsa-miR-30d-3p"	-0.203585909031539	5.69811678893209	0.15985933441597	0.68928605714795	0.909327375391334
"hsa-miR-30d-5p"	0.0201889884252982	13.0956520296233	0.00351763827256946	0.952705450285359	0.991660538514943
"hsa-miR-30e-3p"	0.00215009472796078	8.59823182232415	2.46561970982384e-05	0.996038119943949	0.996907052549924
"hsa-miR-30e-5p"	-0.0015530276416637	13.510184924209	1.50268217566918e-05	0.996907052549924	0.996907052549924
"hsa-miR-31-3p"	-1.48190822427429	4.39655259402478	5.17711756780368	0.022886260179249	0.19146310345079
"hsa-miR-31-5p"	-1.56417352254113	9.30139947210652	9.82303553357806	0.00172339673015854	0.0257010903671469
"hsa-miR-3158-3p"	-0.643385723135478	2.86580080338138	0.64604302351726	0.421530964635124	0.805821918834401
"hsa-miR-3194-5p"	0.283131940428611	4.15106587311767	0.50034577878109	0.479348229390792	0.828545899125694
"hsa-miR-32-3p"	-0.665408888299432	3.47452829873497	0.888986983593489	0.345751973417392	0.747259207460036
"hsa-miR-32-5p"	-0.558014137877019	7.84881014036579	0.652000420319297	0.419398383808956	0.805821918834401
"hsa-miR-3202"	0.69034344024424	3.07680262239919	0.943867469344521	0.331285208223598	0.728074473542441
"hsa-miR-320a"	-0.419691181250776	10.2726717444422	1.14342859309858	0.284929012550265	0.698076080748149
"hsa-miR-320b"	-0.900377499874413	4.67273315654131	3.33512591765898	0.0678152159302416	0.406797547563804
"hsa-miR-320d"	-1.48096544210659	4.05898068285461	6.65615578615265	0.00988138568261478	0.0996857437981432
"hsa-miR-324-3p"	-0.42810851985553	4.89701583688522	1.1596505280827	0.281538029616729	0.698076080748149
"hsa-miR-324-5p"	-0.164294320525981	4.70115189785689	0.172780338533265	0.677652562079386	0.906662400891079
"hsa-miR-326"	0.686080538494287	5.17542726673293	2.61653194963289	0.105755349054848	0.462496992964447
"hsa-miR-328-3p"	-0.224665176824984	6.40835769638253	0.312034695888843	0.576434290385074	0.887507122713406
"hsa-miR-330-3p"	-0.00721184135475507	6.2360561523019	0.000330835989437173	0.985488159746342	0.995579538743581
"hsa-miR-330-5p"	-0.125177400903792	5.86129527104622	0.0498939735527486	0.823247870419214	0.951180157617892
"hsa-miR-331-3p"	-0.908621718032834	7.79461660345083	4.47501421991422	0.0343939162342063	0.245773193090266
"hsa-miR-331-5p"	0.0994122033016486	3.41751689175171	0.0407824740431195	0.839958384281224	0.951180157617892
"hsa-miR-335-3p"	-1.36665523375197	5.86106451820665	4.73156056328215	0.029614004039792	0.226454995328136
"hsa-miR-335-5p"	-1.83659061663562	6.95851055653446	7.68503097220481	0.00556807242760322	0.0616080271828356
"hsa-miR-338-3p"	4.92803086355009	8.27418605156983	57.3657998621545	3.61844826193205e-14	1.24112775384269e-11
"hsa-miR-338-5p"	3.90677257442867	3.46440619127659	19.9731876160975	7.85357328366389e-06	0.000244888694208792
"hsa-miR-339-3p"	-0.621359390722044	9.38725079418692	2.1050436661492	0.146814152146805	0.504248181619064
"hsa-miR-339-5p"	0.618761609327446	7.82369457564254	1.21914563712323	0.269528386250452	0.685033332869703
"hsa-miR-33a-3p"	0.012328621097382	4.63626151650407	0.000164255676029512	0.989774410237788	0.995579538743581
"hsa-miR-33a-5p"	1.17333754159507	5.3192985273099	7.41960409550532	0.006451700990596	0.0691541699929508
"hsa-miR-33b-3p"	-0.981822675291471	3.14617333813698	3.24086928655231	0.071822521116505	0.406797547563804
"hsa-miR-33b-5p"	-0.7688496494094	4.94904150125653	2.48557492211348	0.114894357264213	0.466133293000752
"hsa-miR-340-3p"	0.928872087048751	3.86594418583924	2.07274564335149	0.149951354300713	0.504248181619064
"hsa-miR-340-5p"	0.80657840486851	9.31221993736688	4.68407647928708	0.0304434238139375	0.226454995328136
"hsa-miR-342-3p"	-0.401605365715029	13.3213095099771	1.12002771518837	0.289912486224696	0.700244587037294
"hsa-miR-342-5p"	-0.197779187536304	8.51327875771944	0.318079781295697	0.572763917591056	0.887507122713406
"hsa-miR-345-5p"	0.67450919192712	7.37241397617387	1.38670481248759	0.238962367034406	0.630493014560011
"hsa-miR-34a-5p"	0.710247942386725	4.17699393583162	2.31817084010331	0.127870312778832	0.481972717397134
"hsa-miR-3605-3p"	0.405172692028464	3.45833483831889	0.601956437814934	0.437832528557955	0.805821918834401
"hsa-miR-3607-3p"	-1.19860894511445	9.01999160378978	3.05131996048149	0.0806715537987465	0.406797547563804
"hsa-miR-3607-5p"	-2.16912574031694	2.59624965866587	5.46607666212821	0.0193891046720089	0.170524689807668
"hsa-miR-3609"	-0.572666800923492	3.68418850853393	0.9596153225449	0.327283816026346	0.728074473542441
"hsa-miR-361-3p"	0.235087040284893	11.8947206309863	0.243460244018706	0.6217180386576	0.903327043405021
"hsa-miR-361-5p"	-0.152819948237437	8.19336910270609	0.184072346719953	0.667896638323155	0.903327043405021
"hsa-miR-3613-3p"	0.208553933112372	3.22761580541486	0.058130119555039	0.809476150877778	0.950857259421499
"hsa-miR-3613-5p"	0.591712416982239	4.74701159080546	2.10199164836196	0.147107410978756	0.504248181619064
"hsa-miR-3615"	0.155264280209314	5.51247347831249	0.129387709688306	0.719067728971814	0.933787684293429
"hsa-miR-362-3p"	0.530388634112506	4.27795419805906	1.63958470604733	0.200382457632886	0.574865632413378
"hsa-miR-362-5p"	0.700452271615783	3.45782086458807	1.90995517940101	0.166968237488584	0.525413811546646
"hsa-miR-363-3p"	1.94773335699236	9.92219884146281	8.13040234887447	0.00435290863733981	0.0514844021588811
"hsa-miR-3651"	-0.706842021973189	3.45614697154856	1.15259883129371	0.283005783352712	0.698076080748149
"hsa-miR-3653-3p"	-1.40775481698863	3.44709084164598	2.37036709642838	0.12365796973361	0.476569478860991
"hsa-miR-3653-5p"	-0.447255226140563	3.43591353299954	0.615230700814587	0.432825128806279	0.805821918834401
"hsa-miR-374a-3p"	-0.161956867410967	7.6902111437311	0.0711690351961209	0.789642209771052	0.950857259421499
"hsa-miR-374a-5p"	0.181992788422575	7.8189915536088	0.20941303178439	0.647227853096112	0.903327043405021
"hsa-miR-374b-3p"	-0.223202617686042	3.58494392470866	0.0589431586463602	0.808174186041411	0.950857259421499
"hsa-miR-374b-5p"	-0.2898979684611	7.12890545702946	0.298784433527262	0.584645477113918	0.887507122713406
"hsa-miR-378a-3p"	0.0713424819413294	10.0646084935162	0.0230776386603395	0.879255349462189	0.96236049712458
"hsa-miR-378c"	-0.775534045199138	3.71393832545054	0.950784431371066	0.329519707415381	0.728074473542441
"hsa-miR-378d"	-0.138305064314506	3.48472757372467	0.0406291977108131	0.840255357895689	0.951180157617892
"hsa-miR-3912-3p"	0.034294502846711	4.95522221899321	0.00703996226085746	0.933132375244853	0.982114958130238
"hsa-miR-421"	0.174336486524037	6.3650018946403	0.0963752962353928	0.756223560132905	0.939799569295603
"hsa-miR-423-3p"	-0.110411075564465	11.9035468148375	0.120170700328231	0.728849424989072	0.933787684293429
"hsa-miR-423-5p"	0.115302434740311	12.0261428462551	0.0826730118485557	0.773707185661822	0.94317898965659
"hsa-miR-424-3p"	-1.57146811425917	2.59926493472264	3.02730761977074	0.0818737721711307	0.406797547563804
"hsa-miR-424-5p"	-0.763441763587124	4.24745172467689	1.10130342538844	0.293980234791167	0.700244587037294
"hsa-miR-425-3p"	0.123176889839531	5.57236698412315	0.0972330520593889	0.755175690927628	0.939799569295603
"hsa-miR-425-5p"	0.103286050292564	8.95404337558237	0.0548763025253978	0.814785531698183	0.951180157617892
"hsa-miR-429"	1.69254556559044	2.75076296636259	4.6512868807279	0.031030276327762	0.226454995328136
"hsa-miR-4433b-5p"	-3.3572507978219	2.07646686837867	5.81175260697586	0.0159194212589191	0.147577337616466
"hsa-miR-4443"	-0.305995947501189	3.77705086429273	0.38182927612099	0.536625861081873	0.876488906433726
"hsa-miR-450a-5p"	-0.525016134287252	3.28236590614264	0.356058961527597	0.550703176223871	0.886907809183968
"hsa-miR-450b-5p"	1.28977885488999	3.12616768239293	1.74868409504178	0.186042245494095	0.554891219169346
"hsa-miR-451a"	-0.529184170391801	5.02388596752172	0.656592382533729	0.417765544290221	0.805821918834401
"hsa-miR-454-3p"	-0.0129967405293461	7.13862512207846	0.000681222793343039	0.979177381583079	0.995579538743581
"hsa-miR-454-5p"	0.837701870555881	4.24446672507304	3.04114760176044	0.0811785092340239	0.406797547563804
"hsa-miR-4645-3p"	-0.0547727674910782	3.26494333537613	0.0101215474131413	0.919863311773732	0.979854397324192
"hsa-miR-4662a-5p"	0.694129759534531	3.52943906396231	1.2271948982674	0.267953257942416	0.685033332869703
"hsa-miR-4677-3p"	0.362984466065076	4.35493833979879	0.734938428111751	0.391287120185344	0.771993083184516
"hsa-miR-4772-3p"	1.14065628875693	4.60677831082043	4.91635816013354	0.0266035392712385	0.212209627210112
"hsa-miR-4772-5p"	1.02357682081778	6.89572213184464	2.25954345972663	0.132793203974331	0.489764182399953
"hsa-miR-484"	0.247887758273191	10.379800204065	0.606309436231559	0.436180766097349	0.805821918834401
"hsa-miR-486-3p"	0.619996780578619	3.46631788456053	1.28772131176814	0.256468308892199	0.671516259160489
"hsa-miR-486-5p"	0.223400303023545	8.49070433778166	0.221573117292248	0.637843887291803	0.903327043405021
"hsa-miR-497-5p"	-0.587272931159096	3.18949662902426	0.594947048733393	0.440512476434801	0.805821918834401
"hsa-miR-499a-5p"	0.37838290530338	3.2167238980595	0.339130556670065	0.560331511483664	0.887507122713406
"hsa-miR-500a-3p"	0.969308317754732	8.10773103437137	6.24707373685296	0.0124398650407215	0.119541936665742
"hsa-miR-501-3p"	0.280107641212165	7.09768385896111	0.497271283279849	0.480701556635607	0.828545899125694
"hsa-miR-502-3p"	-0.0660355017691526	4.42842468198735	0.0213607553504263	0.883800456542982	0.96236049712458
"hsa-miR-505-3p"	-0.354782083816541	6.41811746279535	0.29042794176236	0.589946425593751	0.887507122713406
"hsa-miR-532-3p"	0.218261873286161	4.834740477209	0.292228045696709	0.588796271309925	0.887507122713406
"hsa-miR-532-5p"	0.528462575779245	9.08566712649296	1.25873734620027	0.261890229094644	0.680517792268658
"hsa-miR-548au-5p"	0.405199969435491	4.05404040075579	0.56764300699111	0.451197045646205	0.805821918834401
"hsa-miR-548e-3p"	0.728730514445506	6.90040685637432	2.19328843716625	0.138613101764784	0.504130226841477
"hsa-miR-548e-5p"	0.696966426228479	4.30960039804009	3.23334665362237	0.0721530982177758	0.406797547563804
"hsa-miR-548j-3p"	0.419841810668967	3.61173734415026	0.390736480108099	0.531912530431756	0.872947358555465
"hsa-miR-548j-5p"	-1.35604728040972	3.48810979795055	3.00578763154861	0.0829676433572358	0.406797547563804
"hsa-miR-548k"	0.593828748171067	6.1926675352112	1.97585315506587	0.159827950736511	0.521031302464123
"hsa-miR-548o-3p"	0.112693974638819	4.41245819204184	0.0818853987721646	0.774758451499718	0.94317898965659
"hsa-miR-548w"	-0.227918082844552	4.2064037711237	0.344929277917113	0.556997674653935	0.887507122713406
"hsa-miR-550a-3p"	0.71514918197995	3.65034952618408	1.10283509053455	0.293644761299388	0.700244587037294
"hsa-miR-5690"	-0.943271041656068	3.91715420930595	3.48313779370393	0.0619970783377686	0.390734877975666
"hsa-miR-5696-3p"	-0.0675416262437953	3.63995127903228	0.0229058016238221	0.87970228952851	0.96236049712458
"hsa-miR-574-3p"	3.98912474744743	3.22863463016734	18.4976731465061	1.70111855624274e-05	0.000486236387326051
"hsa-miR-576-5p"	-0.377657021427802	6.47726843229289	0.863914847304802	0.352645463394346	0.751288161144476
"hsa-miR-577"	-2.9082891690034	2.68771659202405	10.6527267076924	0.0010990875041011	0.0171357733593944
"hsa-miR-580-3p"	0.136218467934546	3.15286178689028	0.0468198851974146	0.828692309700088	0.951180157617892
"hsa-miR-582-3p"	5.99944549548431	2.52081295347848	16.2494386083828	5.55260446869345e-05	0.00143692246085464
"hsa-miR-582-5p"	4.09432997147145	2.39458436238709	11.0385814502345	0.000892351164834837	0.0145750690256357
"hsa-miR-584-5p"	-1.9064626463849	2.67333223080892	2.82789694651627	0.0926396005019678	0.430877699737848
"hsa-miR-589-3p"	-0.868125849600353	4.87125956810193	3.43486505311843	0.0638337998645073	0.390982024170107
"hsa-miR-589-5p"	0.77616403787183	8.65246757805518	1.21452650000052	0.270437509447406	0.685033332869703
"hsa-miR-590-3p"	0.0393359611399262	7.00125820296384	0.00638697880925054	0.936302015476932	0.982114958130238
"hsa-miR-590-5p"	0.366405760369567	3.19386452808351	0.210789539496615	0.646149273704293	0.903327043405021
"hsa-miR-598-3p"	0.32878548834173	6.09803049412704	0.771535194972746	0.379742546097966	0.771993083184516
"hsa-miR-616-5p"	0.273151157955753	4.604281526354	0.566381243839663	0.451700507666234	0.805821918834401
"hsa-miR-625-3p"	-0.361868474735866	6.21182782282441	0.739399009525869	0.389853464817766	0.771993083184516
"hsa-miR-625-5p"	-0.0800333841644394	5.01657778232939	0.0443109410462519	0.833276170683395	0.951180157617892
"hsa-miR-627-3p"	0.254157238186437	3.24895368410388	0.181059478144989	0.670464318395078	0.903327043405021
"hsa-miR-627-5p"	0.295100601264368	3.0668205110666	0.179771518081406	0.671569667837552	0.903327043405021
"hsa-miR-628-3p"	-0.102370734337208	3.59871812958686	0.0488097151040844	0.825147554319677	0.951180157617892
"hsa-miR-628-5p"	-0.201765747696811	4.09017056024152	0.13981110388327	0.708468872820827	0.927499325868488
"hsa-miR-629-3p"	-1.03448205149438	3.60491327987449	3.19535190035916	0.0738478752695179	0.406797547563804
"hsa-miR-629-5p"	0.659085340512627	5.51321106416655	0.804240082532921	0.369828670445265	0.771993083184516
"hsa-miR-641"	0.23143488495507	4.0925297352341	0.260802707687024	0.609569219512919	0.903327043405021
"hsa-miR-642a-3p"	-0.844183819012813	3.50940247699277	3.05814067698426	0.0803335451737779	0.406797547563804
"hsa-miR-642a-5p"	-0.714433307419506	4.37978640123582	1.78230525657794	0.181866508818033	0.554891219169346
"hsa-miR-6503-3p"	6.99183869259833	3.25513903659429	21.2543021372417	4.02206623665201e-06	0.000137956871917164
"hsa-miR-651-5p"	0.385575775012809	3.86456214107617	0.554092949544378	0.456650123018254	0.807376248429181
"hsa-miR-6511b-3p"	-1.57336102685881	2.61831849432823	3.00476710312456	0.0830199076660824	0.406797547563804
"hsa-miR-6516-3p"	0.205589162069794	3.37585598020127	0.116981302374752	0.732331856362607	0.93379117744377
"hsa-miR-652-3p"	-0.12922469909646	7.19302730763374	0.107848346121399	0.742607187111866	0.936449504335919
"hsa-miR-652-5p"	-0.231532698360571	3.86428594293306	0.302399902707249	0.582381794396375	0.887507122713406
"hsa-miR-659-5p"	-0.149259649320999	3.98108080048284	0.0750708862980769	0.784091792997695	0.950330335682719
"hsa-miR-660-5p"	0.619867171670854	8.55544245634492	1.59827985360635	0.206147150982057	0.574865632413378
"hsa-miR-664a-3p"	-0.49877721489574	7.25781322020471	1.75107360167984	0.185741822594793	0.554891219169346
"hsa-miR-664a-5p"	-0.0415660829685502	4.59457453350031	0.0088405980955244	0.925089730687462	0.982114958130238
"hsa-miR-664b-3p"	-1.01189646712494	4.05424112808014	6.23193225415983	0.0125466755684161	0.119541936665742
"hsa-miR-671-3p"	0.876565223351506	5.85413213631396	5.61754198833232	0.0177815702908598	0.160502068678024
"hsa-miR-671-5p"	-0.17682969713287	4.47377837505405	0.181905463594553	0.669740803404793	0.903327043405021
"hsa-miR-6731-3p"	-0.148592087862827	3.76994263317993	0.0869221311772179	0.768127113425421	0.94317898965659
"hsa-miR-6769b-3p"	-0.357822096734513	3.76504124350057	0.372680144762193	0.541546971874849	0.880334650962432
"hsa-miR-6803-3p"	-0.360121524362375	4.36122166514659	0.562084301520279	0.453421662784371	0.805821918834401
"hsa-miR-6842-3p"	0.65547997837002	4.96410793317542	3.18795464411819	0.074182774885472	0.406797547563804
"hsa-miR-7-1-3p"	-0.359493282829113	7.03050431840862	0.936193981118977	0.333258578268697	0.728074473542441
"hsa-miR-7-5p"	1.62249158004619	7.40603388217919	2.47074794553043	0.115982721433026	0.466133293000752
"hsa-miR-744-5p"	0.564964802192435	6.83419212080018	1.97579590487593	0.159834000911919	0.521031302464123
"hsa-miR-766-3p"	-0.159750583403501	7.2823856221139	0.184401742916263	0.667617426599618	0.903327043405021
"hsa-miR-769-5p"	-0.252785594410244	9.46313952310837	0.605282553171558	0.436569561380346	0.805821918834401
"hsa-miR-7706"	0.412637448275087	4.82919041193697	0.666394212839284	0.414311580300364	0.805821918834401
"hsa-miR-873-3p"	5.87229668087553	5.87997349687763	26.6850931379385	2.39461820810625e-07	1.17336292197206e-05
"hsa-miR-873-5p"	5.10845479922112	8.16066160432181	46.3000268952278	1.01462566504734e-11	1.20904320643235e-09
"hsa-miR-874-3p"	-0.129446292037038	7.49774686465657	0.0386721915112247	0.844099511992434	0.952388594123043
"hsa-miR-874-5p"	0.0211433436686657	4.13345235664695	0.00205569674805028	0.963836470522667	0.995579538743581
"hsa-miR-876-5p"	9.44801193837889	5.46220687945992	13.9953554813325	0.000183262765553823	0.00330837518868218
"hsa-miR-877-5p"	-0.303445302023517	4.55549416498161	0.628787504477992	0.427800414269328	0.805821918834401
"hsa-miR-9-3p"	0.908493968665142	3.08949794505745	2.11037344932559	0.146303610038815	0.504248181619064
"hsa-miR-9-5p"	0.493843130632312	5.566355721666	0.440824268595012	0.506724884114821	0.862115820333969
"hsa-miR-92a-1-5p"	-1.32346586215183	3.67832916490284	7.98791467557455	0.00470906225052919	0.0538402783977171
"hsa-miR-92a-3p"	-0.0609700875671854	16.2182718484571	0.0251307680368882	0.87404165034591	0.96236049712458
"hsa-miR-92b-3p"	-0.763938347704472	8.93177938593293	2.17859206576925	0.139942431229091	0.504130226841477
"hsa-miR-93-3p"	0.537485273611554	4.23597962203326	1.84991979168054	0.173792723350156	0.541917310082761
"hsa-miR-93-5p"	0.24012018801145	9.78782455613064	0.312693033592517	0.576032314940916	0.887507122713406
"hsa-miR-941"	0.634163123045724	8.56928466708525	1.60786908208723	0.204791602338642	0.574865632413378
"hsa-miR-941-3-5p"	0.638851587972745	6.2737282193324	1.48965582463985	0.222269868268966	0.600303659970516
"hsa-miR-942-5p"	-0.190920946716251	4.21499271283962	0.21015497194508	0.646645965711858	0.903327043405021
"hsa-miR-95-3p"	-0.660121646561478	4.54260830781836	2.56110192911594	0.109522220844787	0.462496992964447
"hsa-miR-98-5p"	0.914997635852904	10.3821879099572	4.33363146319836	0.0373664435872876	0.261565105111013
"hsa-miR-99a-5p"	0.822414718125905	6.21316954691428	0.788528032273721	0.374545587619609	0.771993083184516
"hsa-miR-99b-5p"	-0.079669977088525	10.9832698343332	0.046546850169277	0.829184814716507	0.951180157617892
