"logFC"	"logCPM"	"LR"	"PValue"	"FDR2"
"hsa-let-7a-2-3p"	6.88780349180336	3.14778969918386	19.3832456332198	1.069411634186e-05	6.24897159735194e-05
"hsa-let-7a-3p"	0.976305584076287	5.58984516590149	1.15482555813054	0.282541264912014	0.346917755651461
"hsa-let-7a-5p"	1.22097274412233	15.2557206714739	3.77415178008778	0.0520502852082335	0.0838683997541304
"hsa-let-7b-3p"	2.96080304772222	6.51035603863121	14.2627880142122	0.000158976949999782	0.000579727975563116
"hsa-let-7b-5p"	2.42718057094428	12.3043913536569	12.5246258104619	0.000401623323105952	0.00127311968435547
"hsa-let-7c-5p"	6.75993545566545	9.37209340779206	32.8340074107296	1.00373438370183e-08	1.57035863256577e-07
"hsa-let-7d-3p"	0.673432380630389	7.10866472660594	1.07827269091741	0.299084288392737	0.359061487005208
"hsa-let-7d-5p"	0.317010035168512	10.1412251582395	0.224946849349777	0.635296244515965	0.698681810862229
"hsa-let-7e-3p"	5.27629914864495	3.13979747011653	17.9057371406246	2.32120322297647e-05	0.000116060161148823
"hsa-let-7e-5p"	5.49937751150427	10.8193210219245	47.4243484701136	5.71681621467523e-12	1.73290991507343e-10
"hsa-let-7f-1-3p"	1.31972906517029	3.98261108292759	2.92865648970889	0.0870198813451638	0.130664527716423
"hsa-let-7f-2-3p"	-0.276793276335808	3.720423854031	0.048098530175511	0.826405635265144	0.852780283199138
"hsa-let-7f-5p"	-0.483404909855487	15.0096047516116	0.669171621590408	0.413340566574377	0.480743824433029
"hsa-let-7g-3p"	-2.83026262307322	4.7457426401823	6.67662084350187	0.00976856402158323	0.0188755121532584
"hsa-let-7g-5p"	-3.2781413252461	14.5686222329484	22.105952691751	2.58008439097386e-06	1.86767302928705e-05
"hsa-let-7i-3p"	-1.37463527769921	6.76258320838553	4.1788717341272	0.0409309409020605	0.0688227452532749
"hsa-let-7i-5p"	1.28976862419871	13.850924325369	4.75369253870969	0.0292354952610366	0.0506400542914385
"hsa-miR-100-3p"	8.59024616664643	6.1255723229747	34.0423977597476	5.39241795038786e-09	9.14416770508119e-08
"hsa-miR-100-5p"	11.5723760420821	17.2793893321071	48.2154883439414	3.81860186094885e-12	1.23468126837346e-10
"hsa-miR-101-3p"	-3.22991957310518	13.6528188120996	8.39133375340998	0.00377014165972608	0.0086659654263846
"hsa-miR-101-5p"	-4.97418622880804	5.07800927993939	13.8753103638666	0.000195347924059843	0.000686548863543653
"hsa-miR-103a-3p"	-0.628260703247384	12.0277919005861	1.07492855317969	0.299834849973421	0.359061487005208
"hsa-miR-106a-5p"	-5.83454231755089	2.93902010564177	13.7745893305921	0.000206105192159972	0.000719144015809973
"hsa-miR-106b-3p"	-1.06100205209711	8.30701741168602	2.74634784018337	0.0974768513275312	0.142398412330881
"hsa-miR-106b-5p"	-1.34688354745887	8.15352147322583	2.15258057687901	0.142330485975554	0.197794514894395
"hsa-miR-107"	3.96841380188089	7.07037779860187	10.4801003360374	0.00120667202838621	0.00328784232453547
"hsa-miR-10a-3p"	5.47323489124014	3.94809129440817	6.87708997324426	0.00873076006000162	0.0171433952595173
"hsa-miR-10a-5p"	4.57909657988167	14.2077099171841	16.563361493043	4.70512943598377e-05	0.000211295164486308
"hsa-miR-10b-5p"	8.22246442183959	12.8039655897308	15.323596760685	9.05779996745006e-05	0.000369162435648175
"hsa-miR-1180-3p"	4.32722008611066	3.53368189610797	6.89941184977981	0.00862241112196557	0.0170688546700135
"hsa-miR-1185-1-3p"	7.97375541731127	4.0760431210626	10.2382422570213	0.00137558607467466	0.00366571014405061
"hsa-miR-1185-2-3p"	5.33421865919025	2.08988933160013	5.86360278039977	0.0154571232559677	0.028183100673475
"hsa-miR-1185-5p"	7.19563093005437	3.40905856505209	8.36848523723713	0.0038178371374467	0.00873420288519646
"hsa-miR-1197"	7.04314755121293	3.28587056867259	7.602673863959	0.00582818050141004	0.0123435263894492
"hsa-miR-122-5p"	3.69699157293022	2.10567898370651	3.81466725507527	0.0508056954299586	0.0826871217568118
"hsa-miR-1226-3p"	2.2660020634843	3.26590119186186	3.8049516051964	0.0511012525517087	0.0828899915972533
"hsa-miR-1233-3p"	2.94110227895375	2.14768966338479	2.38935605229227	0.122163941537264	0.174777320488416
"hsa-miR-1248"	-2.62277315771145	2.74337794224563	3.54247414548182	0.0598161742340427	0.094191053582827
"hsa-miR-1249-3p"	0.542170966045726	4.00147670273228	0.297281080294286	0.58559198129094	0.65290140442783
"hsa-miR-1257"	6.32700868173403	2.69973537755639	10.1442449153064	0.00144752444391458	0.00381548562662268
"hsa-miR-125a-3p"	3.53872861264704	4.1939592100186	11.4020952671867	0.000733613172746339	0.0021695267608657
"hsa-miR-125a-5p"	1.3964905820507	13.1547893062987	3.65985415347461	0.0557385119980469	0.0892184102939035
"hsa-miR-125b-1-3p"	11.6601298351418	9.89106878084424	83.3449515883537	6.89145758093641e-20	8.3558923168854e-18
"hsa-miR-125b-2-3p"	6.01915405006368	6.66563812139956	15.0673082496829	0.000103744545832095	0.000415835576269143
"hsa-miR-125b-5p"	9.4086357224448	14.6277772471096	57.0238249263763	4.30564045661015e-14	1.71271264333956e-12
"hsa-miR-126-3p"	5.24677105508943	8.43482731645636	10.9272617866488	0.00094759445591019	0.00267199599486304
"hsa-miR-126-5p"	4.52915246241384	9.65047748495028	8.87767990295777	0.00288678169674804	0.00700044561461399
"hsa-miR-1260a"	-0.305355170751767	5.14369582659323	0.133105737159674	0.715233390306584	0.769153424165617
"hsa-miR-1260b"	1.15462971038486	4.08901584837102	1.86279626134275	0.172302418234566	0.232776247475668
"hsa-miR-1269b"	5.07573097138592	1.95454355152788	4.15066146976389	0.0416182629299148	0.0693637715498579
"hsa-miR-127-3p"	11.0054260111258	13.1865232775062	39.0623222970597	4.10490047063948e-10	8.29531970108396e-09
"hsa-miR-127-5p"	8.63238437202441	4.67407342519088	16.4694432207656	4.94405158082402e-05	0.000219987616210977
"hsa-miR-1271-3p"	3.62504247071068	2.80981510613901	1.61532874177401	0.203744359990125	0.267794077493795
"hsa-miR-1271-5p"	0.884581345104015	7.80107143036993	0.636232625183903	0.425078319773637	0.491761633192184
"hsa-miR-1273h-3p"	-7.8283810838796	3.95976192826577	33.3878099604034	7.54956892841886e-09	1.22051364342772e-07
"hsa-miR-128-1-5p"	0.158040791696545	3.45024462057892	0.0371401338586059	0.847180016076074	0.870513363976475
"hsa-miR-128-3p"	0.144318534378051	9.58305765279195	0.0520596339995762	0.819517344946472	0.851104737257043
"hsa-miR-1285-3p"	-0.0234393739176875	3.65847222127193	0.000162256766603974	0.989836817466251	0.989836817466251
"hsa-miR-1287-5p"	-0.735314361180315	3.04568270269471	0.392602140010855	0.530934768181124	0.596072598536678
"hsa-miR-1296-5p"	4.65860265674084	4.47549575095271	18.8391046276591	1.4222116104598e-05	8.02061198922098e-05
"hsa-miR-1301-3p"	1.25390453118512	5.51227364137452	1.83267922692658	0.175811416094271	0.236200932979838
"hsa-miR-1304-3p"	2.61900071653043	5.27206566951454	7.08578728279733	0.00776976776689357	0.0155716420121627
"hsa-miR-1306-3p"	2.15179637936501	2.25206612109522	1.92776272792775	0.165003421665519	0.226064009908974
"hsa-miR-1306-5p"	1.78100174257074	4.17272904157679	2.04246054058543	0.152962048208732	0.211961695374958
"hsa-miR-1307-3p"	0.502604247341523	7.51620890283685	0.538058082730291	0.463238635987156	0.531136497526644
"hsa-miR-1307-5p"	0.556091965743329	9.27714913154541	0.460122289962229	0.497566826352564	0.56251727454777
"hsa-miR-130a-3p"	6.39519359420792	9.17827726602647	56.6344524383847	5.24841866822881e-14	1.81820218149355e-12
"hsa-miR-130b-3p"	3.02675443150366	8.78162905498428	15.8375240698452	6.90200867875782e-05	0.0002936380885261
"hsa-miR-130b-5p"	3.85363338369946	7.446695439159	24.0402442224571	9.43430521991534e-07	7.81268626358326e-06
"hsa-miR-132-3p"	0.970596735867141	6.38952939932076	0.802645345784625	0.370303629678053	0.432764482876761
"hsa-miR-132-5p"	0.981933296535543	4.25393817158473	1.12932935639259	0.287918433577239	0.352627374456972
"hsa-miR-133a-3p"	2.96619639104473	2.46531776037375	2.85542974633094	0.0910659006938646	0.135067161579585
"hsa-miR-134-5p"	8.35141049595189	5.89676663952	21.5206504662289	3.50038911132297e-06	2.32283417476064e-05
"hsa-miR-1343-3p"	5.89712666918168	4.75987891717321	11.4426987882723	0.000717754673979867	0.00213565041030819
"hsa-miR-136-3p"	9.10432224089551	7.86286513080506	18.6010472355221	1.61132009744007e-05	8.78078929503858e-05
"hsa-miR-136-5p"	9.42606229727452	5.42423271435918	23.9013256440074	1.01401911033725e-06	7.95749430078128e-06
"hsa-miR-137"	6.72311077546041	3.02645853056594	8.45464629698587	0.00364112052828445	0.00846983408214759
"hsa-miR-138-5p"	9.13332191598141	7.62468134850242	14.6472635437082	0.00012962270133761	0.000499507808738364
"hsa-miR-140-3p"	-1.2533825107508	12.2089093845991	1.89137193493912	0.169047262136654	0.229371504876288
"hsa-miR-140-5p"	-1.72780271949542	6.41491913333665	3.41599317846577	0.0645675498386437	0.101016973134652
"hsa-miR-141-3p"	-8.00489573501117	7.92397971060583	42.2723944301387	7.94055211970073e-11	1.67442077306733e-09
"hsa-miR-142-3p"	-16.0057214273483	11.943906550394	108.595733056484	1.9900263216709e-25	4.82581383005193e-23
"hsa-miR-142-5p"	-13.8760656210116	15.3358154532368	148.738479646311	3.27118859982366e-34	1.58652647091447e-31
"hsa-miR-143-3p"	8.49177810848433	12.243485695764	56.8977207128764	4.590776157405e-14	1.71271264333956e-12
"hsa-miR-143-5p"	7.21008824119401	3.41011610872417	18.2294803389379	1.95824230965481e-05	0.000101036970232189
"hsa-miR-145-3p"	8.55866403540746	4.60246617852499	27.0506338999553	1.98195221693339e-07	2.1846518754834e-06
"hsa-miR-145-5p"	9.61451548503889	5.60426903432656	42.668100667191	6.48614450511698e-11	1.42990003862806e-09
"hsa-miR-1468-5p"	-1.14073309850964	4.80678599839426	1.50594139084716	0.219759440164193	0.281966477459348
"hsa-miR-146a-3p"	-6.0184873491318	2.53324785489037	10.7663744615815	0.00103360778525516	0.00288103319453305
"hsa-miR-146a-5p"	-3.74105664854905	10.8074500237923	7.87301255981748	0.00501779887045176	0.0110119115482765
"hsa-miR-146b-3p"	-3.94112981858822	8.32135269646024	5.83264753591879	0.015731430912404	0.0285758201966888
"hsa-miR-146b-5p"	-2.89133282077721	13.2545230800531	2.80723061680914	0.0938402448311909	0.137916723464023
"hsa-miR-147b"	1.30255941304695	2.50783329195007	0.853905235708268	0.355449907946508	0.416408708584677
"hsa-miR-148a-3p"	0.758459812556403	12.3595426759378	0.464037931297753	0.49574286238087	0.56251727454777
"hsa-miR-148a-5p"	1.21765717095415	5.43651942112753	1.23376589925607	0.266675908494484	0.331550038595567
"hsa-miR-148b-3p"	1.04418245416176	10.3846023446097	2.40743606193237	0.120760007609383	0.173279892575594
"hsa-miR-148b-5p"	0.787511043307472	6.30955976681013	0.942203476741012	0.331711807360939	0.390485986820523
"hsa-miR-149-5p"	7.75516317876632	8.11426874141867	35.3420408135536	2.76596590797719e-09	4.96849431618125e-08
"hsa-miR-150-3p"	-10.9444788540308	6.90591959129074	58.1931087132738	2.37609949983167e-14	1.04764387038033e-12
"hsa-miR-150-5p"	-16.1449797798469	16.7610341850103	100.549537501538	1.15472516699793e-23	1.86680568664665e-21
"hsa-miR-151a-3p"	4.50956550836768	11.5135820647019	25.7839282885708	3.81854955291915e-07	3.85832611076206e-06
"hsa-miR-151a-5p"	5.08462549728952	12.3675764042923	38.3204994852209	6.00287285816021e-10	1.11976666777219e-08
"hsa-miR-151b"	1.5977423993632	3.6127024783983	3.75198041457583	0.052744983195303	0.0847063471845098
"hsa-miR-152-3p"	2.11631846220117	8.04032047226754	8.1530898386931	0.00429878549028716	0.00978831437929235
"hsa-miR-152-5p"	6.26554309880359	5.09715527073985	28.2911958421152	1.04369603061021e-07	1.20522041629989e-06
"hsa-miR-153-3p"	-3.20899925782096	3.09616940021256	7.43051267472805	0.00641270696344526	0.0132912943473118
"hsa-miR-154-5p"	6.64415600592186	2.95357863468953	9.33653429560655	0.0022462993959705	0.00558999094737756
"hsa-miR-155-5p"	-0.685176886015643	10.0184263150848	0.860952182451655	0.353472367241108	0.415094668551906
"hsa-miR-15a-5p"	-2.33070315330076	10.3828222222542	7.63333933426586	0.00572991173605346	0.0122423224316561
"hsa-miR-15b-3p"	0.31693007141691	5.73070652413365	0.200942485942602	0.653961171652074	0.715990936926296
"hsa-miR-15b-5p"	-0.295088949167987	8.49987328766029	0.170978616504328	0.679243540776163	0.74196648035234
"hsa-miR-16-1-3p"	2.73586918618568	2.58090154187396	1.47801123013398	0.224085943207946	0.286004427515404
"hsa-miR-16-2-3p"	-1.9696422088883	7.09255047229771	5.98347362391115	0.0144405338952414	0.0265290111333033
"hsa-miR-16-5p"	-2.0863270342227	12.5937533302276	7.81151284851791	0.00519144257759823	0.0112908056059872
"hsa-miR-17-3p"	-0.518288473289712	7.42260677995488	0.230296784199602	0.631303854766556	0.695869021731318
"hsa-miR-17-5p"	-1.28869077819953	7.73617436602573	2.60697113481368	0.106394797172205	0.154959389274834
"hsa-miR-181a-2-3p"	-2.12195024903823	7.73763727868013	8.97283761718634	0.00274022690268671	0.00667844245127164
"hsa-miR-181a-3p"	0.730257380276617	7.9564259473719	1.10461146554329	0.293256303156091	0.355692788824047
"hsa-miR-181a-5p"	-1.11797504988653	13.7106198807341	2.28243510875009	0.130846291704702	0.183411709470464
"hsa-miR-181b-3p"	1.78165959316257	2.57955588409682	1.74072704072304	0.187046732242661	0.249910923244326
"hsa-miR-181b-5p"	0.228368577620531	10.0340069265481	0.119448135449431	0.729633803497964	0.78092901066351
"hsa-miR-181c-3p"	-1.16623886748614	6.53324578087018	1.68785835993876	0.193883525203782	0.256922157715395
"hsa-miR-181c-5p"	-3.4998751721195	10.671047782935	19.1810707243504	1.18886478761924e-05	6.78352261170981e-05
"hsa-miR-181d-5p"	-1.14299001577828	6.43874202236295	1.53996702133104	0.214622714035377	0.279067067847609
"hsa-miR-182-5p"	0.730144696231238	4.6191125737741	0.990988391254917	0.319500922975645	0.377946213763873
"hsa-miR-184"	14.3382326444934	10.2778462483535	8.07405073694694	0.00449036240452386	0.0100825266953429
"hsa-miR-185-5p"	0.172453796929278	6.70524026506775	0.0296263349976318	0.863340813250964	0.879983184491066
"hsa-miR-186-5p"	-1.44002068948655	13.5817184311002	4.03961932746952	0.0444438458901037	0.0735674582139942
"hsa-miR-188-5p"	2.19835247601417	3.14915026406209	2.88281123580505	0.089529593250658	0.133972258058321
"hsa-miR-18a-3p"	-0.180258888973276	3.65647194962002	0.0495835990619842	0.823789432689516	0.852780283199138
"hsa-miR-18a-5p"	0.122257075162118	4.82351618003481	0.0111028177589576	0.916082292119739	0.927557226885331
"hsa-miR-190a-5p"	2.25000488099082	3.81830572734508	6.55908023413646	0.0104350288111638	0.0200039089858278
"hsa-miR-191-3p"	1.41455688043781	3.73421918088632	2.33459817405399	0.126527636323699	0.179432466716356
"hsa-miR-191-5p"	0.141415847005102	13.3989526934774	0.0432927599963087	0.835174995712957	0.859999730192748
"hsa-miR-1910-5p"	6.2916478523324	2.69779411407224	12.7017228456331	0.000365318844937339	0.00117337509797755
"hsa-miR-192-5p"	-3.63971661056373	11.9941654683921	13.2255507479144	0.000276158566475712	0.000911135406399459
"hsa-miR-193a-3p"	6.37513498170926	8.07579050668178	16.6869732916578	4.40826652863585e-05	0.000202304220867111
"hsa-miR-193a-5p"	5.86743072490437	7.30571512083628	43.173362827998	5.00981011529515e-11	1.15702757424674e-09
"hsa-miR-193b-3p"	4.95483057239684	8.55912266290594	20.0162368338728	7.67873745211778e-06	4.71416160035079e-05
"hsa-miR-193b-5p"	7.04105121862262	3.27027449108664	24.9964408538125	5.74362414101851e-07	5.43911674629693e-06
"hsa-miR-194-5p"	-3.42618582604957	6.52320711056801	7.30131560893501	0.00689041400678985	0.0141603847173435
"hsa-miR-195-5p"	2.48707034651469	5.78908090633922	11.7597568093193	0.000605251335941027	0.001823272657959
"hsa-miR-196a-5p"	-3.00244215630064	4.22625405522636	7.15197668838804	0.00748814119500361	0.0150694957658786
"hsa-miR-197-3p"	-1.13387396625618	9.95103623274112	2.87345331816503	0.0900514559319847	0.133972258058321
"hsa-miR-1976"	-6.96859583409112	3.23849344189557	22.2108501525154	2.44289369159753e-06	1.82277452373046e-05
"hsa-miR-199a-3p"	7.27181360878508	12.3797561942551	74.3417323165196	6.56998429895564e-18	5.31073730832247e-16
"hsa-miR-199a-5p"	8.34511187609775	10.5438860844601	72.7669450416881	1.45900140909719e-17	1.01087954773163e-15
"hsa-miR-199b-3p"	7.38611671614822	11.2473399188567	68.7204552913406	1.13457962196262e-16	6.1141235183541e-15
"hsa-miR-199b-5p"	5.53602290734764	10.1459375200658	6.84134918735206	0.00890715415237432	0.0174192329189579
"hsa-miR-19a-3p"	-1.74660879000643	7.80375092437757	2.37663800515075	0.12316235228687	0.175687473115093
"hsa-miR-19b-3p"	-2.61038754599272	9.9431745220013	6.45639722934862	0.0110553574126386	0.0209447200981629
"hsa-miR-200b-3p"	-2.80736554381592	3.88856696786649	3.59705587695756	0.0578819931206289	0.0915025838332665
"hsa-miR-200c-3p"	-5.40317640253363	4.02024336295252	24.8294656629192	6.26326967633999e-07	5.73148262834886e-06
"hsa-miR-204-5p"	10.4458413956417	9.18426210548782	44.3004057578456	2.81657835580155e-11	7.18968685559869e-10
"hsa-miR-205-5p"	3.29634000655763	3.42740786412496	6.04645631588501	0.0139342348757162	0.0256962126035071
"hsa-miR-20a-3p"	-1.32988659187533	2.86722163064357	1.8360564985525	0.175413853904404	0.236200932979838
"hsa-miR-20a-5p"	-2.60079931420607	8.46801400357518	9.61833097750162	0.00192644729364782	0.00494352876941373
"hsa-miR-20b-5p"	-6.56574614906918	2.92975537187752	19.7991158222125	8.60224600971912e-06	5.15072754902935e-05
"hsa-miR-21-3p"	1.46109771399377	10.471258721671	4.49613431675598	0.0339715685791359	0.0584262792939039
"hsa-miR-21-5p"	1.27717256159464	15.2685316321777	2.82622629488924	0.0927360366204305	0.137124932197893
"hsa-miR-210-3p"	3.83352553843184	7.75213143849345	14.2742515352862	0.000158011633734848	0.000579727975563116
"hsa-miR-210-5p"	4.79715695342668	4.48889123262367	14.1899501967738	0.000165250753091364	0.00059367863147638
"hsa-miR-2110"	-2.57759707364059	3.10025542545241	7.46282196011028	0.00629861910547759	0.0131108595114019
"hsa-miR-2110-3p"	-1.51413343384361	4.74717617356887	2.32183847370332	0.127569172313442	0.179857699337266
"hsa-miR-212-3p"	1.76431601131888	4.30699633943129	2.94404238589764	0.0861947729818223	0.130231977869732
"hsa-miR-212-5p"	2.13564598157971	4.48951874696304	2.19882456658345	0.1381160206247	0.192489281617758
"hsa-miR-214-3p"	11.6843985941962	7.63449867706364	58.2989806117735	2.25160729890519e-14	1.04764387038033e-12
"hsa-miR-214-5p"	9.78858806292032	5.77260570898252	46.2354797104879	1.04860797365219e-11	2.8254159290073e-10
"hsa-miR-215-5p"	-0.25992051549089	4.69278879215597	0.0678187908457644	0.794539499703908	0.837720994253033
"hsa-miR-216a-5p"	5.93985753752389	2.45778359550112	6.87722364319705	0.00873010710422157	0.0171433952595173
"hsa-miR-217"	5.34467819430249	2.09078753804847	7.62235819783653	0.00576490550490871	0.0122630665345646
"hsa-miR-218-1-3p"	9.66640702284525	5.65330815539392	20.4148559380746	6.234394728065e-06	3.97852821462043e-05
"hsa-miR-218-5p"	8.82203639213226	6.39640559354486	10.8394778650871	0.000993587459290087	0.00278549085407915
"hsa-miR-22-3p"	1.8893929029834	15.6824341559812	5.64906209986293	0.0174647107333707	0.0314884189802408
"hsa-miR-22-5p"	0.92222015562289	6.54330530871497	1.15659081449013	0.282173699208397	0.346917755651461
"hsa-miR-221-3p"	3.69131621821394	13.6698002976666	21.8928122233622	2.88311812963482e-06	1.9421004067679e-05
"hsa-miR-221-5p"	4.04867741191268	9.97585257296129	23.8952078737042	1.01724669412049e-06	7.95749430078128e-06
"hsa-miR-222-3p"	4.75351746881597	13.2650869141036	44.0925422447412	3.13212002598216e-11	7.59539106300674e-10
"hsa-miR-222-5p"	3.67357803280097	5.32322612875888	14.4810877205242	0.000141573811054383	0.000540655892609258
"hsa-miR-223-3p"	-2.50848944654247	5.17096538770271	4.23249855433103	0.0396570207376879	0.0670162197135144
"hsa-miR-224-3p"	6.65457289836902	2.95949411830222	9.38064898655789	0.00219287905064041	0.00553930385187813
"hsa-miR-224-5p"	12.07848319984	9.58303649115648	29.1444038447818	6.7179505092148e-08	8.35437435120302e-07
"hsa-miR-2277-5p"	-1.20308113452294	3.45042207484512	1.32961928410333	0.248872958821843	0.313515285788555
"hsa-miR-2355-5p"	0.300198165978203	3.48294400217906	0.167322859165746	0.682502110191401	0.742345902961898
"hsa-miR-23a-3p"	0.459487389111921	11.5055100236845	0.381548049299383	0.536775908851337	0.601238604602536
"hsa-miR-23a-5p"	-0.536610547460616	4.44563410229	0.634099858364685	0.425855434929314	0.491761633192184
"hsa-miR-23b-3p"	4.16837654091728	11.0642034096453	13.9134287034198	0.000191425918272447	0.000677675696073992
"hsa-miR-23b-5p"	6.54133919557647	2.87550624068499	14.2698423463699	0.000158382220688209	0.000579727975563116
"hsa-miR-24-1-5p"	5.19484668102751	3.1022833209314	7.56324904725833	0.00595705008317502	0.0125616056101734
"hsa-miR-24-2-5p"	2.00566483072267	7.16907309736377	4.17030845954428	0.0411383094290211	0.0688227452532749
"hsa-miR-24-3p"	1.44743585663307	10.4226341782986	2.28537278645321	0.130598759363155	0.183411709470464
"hsa-miR-25-3p"	-1.37108977658894	11.6982732051282	3.89445676170885	0.0484457042393358	0.0791116719059862
"hsa-miR-25-5p"	-0.68614123954782	4.41814219586059	1.02139096499178	0.31218929543249	0.371107373246955
"hsa-miR-2682-3p"	5.76831734520496	2.34065628990864	7.97914952642223	0.00473191667666154	0.010512940677803
"hsa-miR-2682-5p"	6.43195198045821	2.8073089201792	7.85515512888438	0.0050676004075685	0.0110711089985168
"hsa-miR-26a-2-3p"	-0.114285189822346	4.57415403994774	0.0294895328476247	0.863653599624222	0.879983184491066
"hsa-miR-26a-5p"	-1.53477619986695	15.4388815372779	6.39886030352409	0.0114193648005233	0.0215501631449565
"hsa-miR-26b-3p"	-3.58840297145105	6.71078968272253	14.6806382980953	0.000127347750805084	0.000498094025326335
"hsa-miR-26b-5p"	-3.02085227427169	12.8271400656133	16.2493986850151	5.55272147301288e-05	0.00024482453767375
"hsa-miR-27a-3p"	-0.544181074981594	12.5836895841911	0.472825402936451	0.491690214680908	0.559788155211831
"hsa-miR-27a-5p"	0.452091931369641	6.37728898889194	0.232649572799444	0.629566131896362	0.695534337060901
"hsa-miR-27b-3p"	3.68255845177932	14.6066004162732	16.0841036665374	6.05905110743274e-05	0.000264742323162602
"hsa-miR-27b-5p"	4.35163583346464	6.40874252370174	18.785778065349	1.46253673168369e-05	8.15322200996082e-05
"hsa-miR-28-3p"	-0.569681411872915	12.7112453315338	0.571546701881886	0.449644952072457	0.5179995291096
"hsa-miR-28-5p"	-1.10623857189192	9.9829489337665	1.51684188281178	0.218098036789011	0.281633431496017
"hsa-miR-296-3p"	6.80801817047387	6.61668993387412	6.38327027544566	0.0115200973129584	0.0216559968867628
"hsa-miR-296-5p"	-0.118587737330527	3.62093504779611	0.0117310962786146	0.91374964330457	0.927130914231625
"hsa-miR-299-3p"	8.38432838813034	4.44682262809936	15.3277868060761	9.03773275011126e-05	0.000369162435648175
"hsa-miR-299-5p"	7.98667794444271	4.07545654995934	18.5133726531786	1.68716376332416e-05	9.09193805791353e-05
"hsa-miR-29a-3p"	-0.781019625251458	14.281381906755	1.51324676520625	0.218644326493169	0.281633431496017
"hsa-miR-29a-5p"	-0.303672111718253	5.77338502861498	0.118182660486926	0.731013960497389	0.78092901066351
"hsa-miR-29b-1-5p"	0.201493097093645	3.72296622011679	0.0589161093196831	0.808217348209178	0.850293739439157
"hsa-miR-29b-3p"	-1.10707127634001	10.1406779238488	1.12171275709443	0.289549951767481	0.352843534189016
"hsa-miR-29c-3p"	-4.49563545759425	11.7618461348775	19.9325201189833	8.02240581077626e-06	4.86358352278311e-05
"hsa-miR-29c-5p"	-3.12444367849071	5.8226888666609	6.92341190231637	0.00850745069336994	0.0169103015831329
"hsa-miR-301a-3p"	1.36636926149786	7.15443520429947	1.39775703716699	0.237099476953049	0.301029440634106
"hsa-miR-301b-3p"	4.03619680422214	5.12404248403889	10.0611659714507	0.00151427361813276	0.00394850916556122
"hsa-miR-30a-3p"	7.5556421030539	5.97497606519094	34.0154402321513	5.46764666901762e-09	9.14416770508119e-08
"hsa-miR-30a-5p"	9.78400906287663	11.032338576345	81.4460650404688	1.80110465294008e-19	1.74707151335188e-17
"hsa-miR-30b-5p"	-2.77699112381556	10.9004417926946	12.3453650995249	0.000442082679755069	0.0013922733745533
"hsa-miR-30c-1-3p"	0.845583409162763	3.88862700685234	1.12267778448684	0.289342587508232	0.352843534189016
"hsa-miR-30c-2-3p"	7.66684381779457	3.7991190776187	28.7181260121013	8.37164858000389e-08	1.01506239032547e-06
"hsa-miR-30c-5p"	-0.799938711067499	11.2228384437787	1.71449501676708	0.190403202164667	0.253696574312811
"hsa-miR-30d-3p"	-1.47087944593791	5.14445655558883	3.20050291421162	0.073615629613194	0.11298601380506
"hsa-miR-30d-5p"	-0.853437735016672	12.5799897990701	1.58301850908956	0.208326436866382	0.272340490243114
"hsa-miR-30e-3p"	-2.37997588784886	7.73204519340396	10.3623433817992	0.00128611843092463	0.00347035034397024
"hsa-miR-30e-5p"	-2.20969588287316	12.6699434440184	6.53762849518586	0.0105616050721755	0.0200877586666867
"hsa-miR-31-3p"	2.87787392567215	6.78896049186361	5.37624033776745	0.0204128220675137	0.0363978628777358
"hsa-miR-31-5p"	4.0150370555275	12.8419755572286	11.1462887536925	0.000841999560314929	0.00246005895634181
"hsa-miR-3129-3p"	6.0418130596313	2.48151992587871	4.40415772305271	0.0358514246287382	0.0610103191050457
"hsa-miR-3152-5p"	7.68745922642109	3.8178566557771	10.7481181739018	0.0010438540942584	0.00289277073977404
"hsa-miR-3158-3p"	0.21852343186349	3.08390975189463	0.0545317127901681	0.815357437581749	0.851104737257043
"hsa-miR-3168"	1.36761309431232	3.27854385923295	3.28917153801982	0.0697382015461784	0.107374691269513
"hsa-miR-3194-5p"	-4.16121499531877	3.13186936413422	15.2413840325075	9.46073627869856e-05	0.0003823714245974
"hsa-miR-32-3p"	-2.42796369981529	3.00925357904701	5.19501631538907	0.022651742443591	0.0400952375370133
"hsa-miR-32-5p"	-3.88578429212343	7.0932808651111	7.52961103248059	0.00606930100874571	0.0127429047153319
"hsa-miR-3200-3p"	4.04378069963351	4.06251008149539	8.72371009899745	0.00314098211791289	0.00754146696627599
"hsa-miR-320a"	0.756782967762012	10.7450994565849	1.20089659359554	0.273142551747015	0.337944228564546
"hsa-miR-320b"	-2.52816041330317	4.18840130635645	9.39244423456323	0.00217881526272878	0.00553259372996576
"hsa-miR-320d"	-3.99422125428021	3.63084400605316	13.7568649360359	0.000208059054131183	0.000720776008954456
"hsa-miR-323a-3p"	9.40600357626802	5.40476728145136	17.5349435475546	2.82075574052959e-05	0.000135452132094738
"hsa-miR-323b-3p"	6.35745163101731	4.7383909505429	8.56007236734768	0.00343615762007706	0.00812944607676768
"hsa-miR-324-3p"	0.708207666727694	5.33449396145437	1.0779103233778	0.299165501653421	0.359061487005208
"hsa-miR-324-5p"	-0.826360913683667	4.32703296255042	0.963073774577028	0.326413655627945	0.385183997517161
"hsa-miR-326"	-0.616796113223389	4.42468738687056	0.74009546333935	0.38963029952156	0.454256479009511
"hsa-miR-328-3p"	0.0107443626950598	6.37568943342382	0.000249056088304944	0.987408698714608	0.989448799331787
"hsa-miR-329-3p"	9.12402673639246	5.13445264832544	17.5936443118928	2.73500892056084e-05	0.000132647932647201
"hsa-miR-330-3p"	-1.67515049697011	5.53046207023066	3.96153577046736	0.0465512143347725	0.0765333523808972
"hsa-miR-330-5p"	-0.401132325057213	5.63121470895113	0.143359897861881	0.704963405277925	0.759793892355097
"hsa-miR-331-3p"	1.1274763400053	8.71033598037215	1.51144199298815	0.218919182832986	0.281633431496017
"hsa-miR-331-5p"	1.50590952786944	4.06669549871805	3.05449926360623	0.0805138093005625	0.122796218587336
"hsa-miR-335-3p"	-0.393718603460544	6.06292090184888	0.103106919148368	0.748132593527336	0.792241368291026
"hsa-miR-335-5p"	-3.52505451058816	6.59037336251826	6.53893356250342	0.0105538597138832	0.0200877586666867
"hsa-miR-337-3p"	9.07775313185118	5.09178351651483	19.2500324791923	1.14668427467791e-05	6.62073658593791e-05
"hsa-miR-337-5p"	3.9188242198459	2.45686644491269	4.16975521999278	0.0411517445844324	0.0688227452532749
"hsa-miR-338-3p"	-0.355803180707487	4.14437961095337	0.0539096853763059	0.81639464356166	0.851104737257043
"hsa-miR-339-3p"	-2.86082399036814	8.73160354960018	5.76635466968698	0.016335886493705	0.029563078169578
"hsa-miR-339-5p"	1.08558052417897	7.96538671413898	1.09881437510695	0.294526446693599	0.355692788824047
"hsa-miR-33a-3p"	-1.97942297997492	3.92562504753941	2.57890627638041	0.108296467420588	0.156787422982045
"hsa-miR-33a-5p"	0.582216711603699	4.81444778591658	0.149154747331322	0.699344424079195	0.755416582802693
"hsa-miR-33b-3p"	-0.359532681283445	3.22425046861858	0.200909655500545	0.653987598058452	0.715990936926296
"hsa-miR-33b-5p"	0.974981170080501	5.66901369215753	0.566923498015786	0.451484032722412	0.518885677417938
"hsa-miR-340-3p"	0.900851393548585	3.73400914900574	1.53385430447184	0.215534902818122	0.279503817825639
"hsa-miR-340-5p"	-0.475444143163726	8.50865178765781	0.274953195639149	0.600028314114187	0.665935314291489
"hsa-miR-342-3p"	-4.99039709557332	12.4216435741663	23.9996717656009	9.63521253537606e-07	7.81268626358326e-06
"hsa-miR-342-5p"	-6.01370018900896	7.49455381316136	38.6800114195563	4.99296112493785e-10	9.68634458237942e-09
"hsa-miR-345-3p"	6.90079136881189	4.86641669973946	4.04187569263915	0.0443844643494161	0.0735674582139942
"hsa-miR-345-5p"	1.58704226440654	7.83687106097236	4.33993749322823	0.037228290152156	0.0631318906426421
"hsa-miR-34a-3p"	6.51160545985208	2.86480211391889	7.16523784733372	0.00743298344718519	0.015029261353269
"hsa-miR-34a-5p"	5.56349641574299	8.09631607769272	28.4676194603948	9.52787151882027e-08	1.12707748454337e-06
"hsa-miR-34c-5p"	8.79966104281951	6.73168008335004	25.2186546413019	5.11847100386039e-07	4.96491687374458e-06
"hsa-miR-3605-3p"	1.23548445171777	3.78043229708755	1.88904854161451	0.169309275764353	0.229371504876288
"hsa-miR-3607-3p"	-4.12944246275126	8.46602678184608	14.2322303031456	0.00016157925975081	0.000584820455068231
"hsa-miR-3607-5p"	-5.74457233946175	2.35709805797154	11.9381947807985	0.00054994741091263	0.00167751254272092
"hsa-miR-3609"	-6.65548616917317	2.99452424032138	20.0592253197082	7.50804701867626e-06	4.66846513340767e-05
"hsa-miR-361-3p"	-3.03275568841074	10.7859046703104	16.0348957563077	6.21857119302999e-05	0.000269286341841031
"hsa-miR-361-5p"	-0.0782371609386597	8.09940062579505	0.00884048921275138	0.925090190636858	0.932914462348483
"hsa-miR-3613-3p"	-0.810582404499967	2.79186780168022	0.346708297901747	0.555982423571773	0.621316763668916
"hsa-miR-3613-5p"	-0.863718520336805	3.99638921554039	1.1005997345481	0.294134525320205	0.355692788824047
"hsa-miR-3615"	-2.3169965255234	4.62823999884106	5.11216237764618	0.0237586904488211	0.041749872708979
"hsa-miR-362-3p"	-2.35847900746928	3.26806872370926	7.29344059092661	0.00692068126275974	0.0141625755799092
"hsa-miR-362-5p"	1.33227993833294	3.689717871856	2.87440391002807	0.0899982940301409	0.133972258058321
"hsa-miR-363-3p"	-11.551238322531	7.50453762565664	46.8957679189608	7.48641999442734e-12	2.13583158664545e-10
"hsa-miR-3651"	0.360433578922497	3.78036210499375	0.111367567347284	0.738592519462001	0.787290927338617
"hsa-miR-3653-3p"	-4.07876714238568	3.05759627239601	9.86937166844291	0.00168052889967088	0.00435859099647261
"hsa-miR-3653-5p"	-3.70201313793007	2.80001073283734	11.0957675010236	0.000865249671575978	0.00249789339710922
"hsa-miR-365a-3p"	5.99847701610909	6.95664673587066	24.3810645327074	7.90418021886879e-07	6.97004982936612e-06
"hsa-miR-365b-3p"	6.01894478476161	6.97646156229176	24.3080631619206	8.20946940521087e-07	7.10998689558441e-06
"hsa-miR-365b-5p"	7.34608243722431	3.52349707976781	23.803672257223	1.06678740761934e-06	8.2125697253235e-06
"hsa-miR-3661"	0.980876336252998	3.05482537772643	1.270014598952	0.259763941164053	0.324704926455067
"hsa-miR-3677-3p"	2.05578022812311	2.50995932955881	1.23936352553366	0.265593753234925	0.331138741179791
"hsa-miR-369-3p"	9.74927527302639	5.73787836247227	14.7490185153769	0.000122811439267971	0.000484256488170456
"hsa-miR-369-5p"	6.75602162513747	5.09148920624373	7.33540614959868	0.00676094012772792	0.0139534296253108
"hsa-miR-370-3p"	9.99691035852553	5.97277241317239	13.0145451570646	0.000309080832003871	0.0010060684800126
"hsa-miR-370-5p"	5.91862647905888	2.4325629838989	8.47473476705665	0.00360112885971911	0.0084374275215641
"hsa-miR-374a-3p"	-1.18932957827044	7.18535754107412	1.19204221249815	0.274918004577776	0.339275400051454
"hsa-miR-374a-5p"	-1.94368330172742	6.93730454053231	5.14179859087312	0.0233564384093545	0.0411922641037706
"hsa-miR-374b-3p"	-1.77735874426874	3.07525304541825	1.66014584766708	0.197583632952159	0.26040234234184
"hsa-miR-374b-5p"	-1.30552483946698	6.64669746909237	1.91584057970249	0.16631591833236	0.227220339130125
"hsa-miR-376a-3p"	5.08509515522384	3.81031842265363	7.27494881877197	0.00699228853048986	0.0142489913331411
"hsa-miR-376a-5p"	6.87923099691097	5.22628990430793	10.9468649642198	0.000937621241881399	0.00265933510124256
"hsa-miR-376b-3p"	7.23198699832891	3.44144522708614	15.7500489199472	7.22860695172831e-05	0.000304858641007672
"hsa-miR-376c-3p"	6.8583188815286	5.18315657765265	11.3327735815069	0.000761510782755715	0.00223838017961528
"hsa-miR-377-3p"	7.06868118098863	3.3010993762634	9.01927025190454	0.00267148028117198	0.00657699460085488
"hsa-miR-377-5p"	8.43708585987317	4.48881120026286	17.149492814271	3.45501655568458e-05	0.000161123368221829
"hsa-miR-378a-3p"	1.96998018591915	11.1755244760902	1.59716786047539	0.206305028395324	0.270426861545221
"hsa-miR-378a-5p"	2.11401264749177	4.08042075703506	1.09747160434601	0.29482165176756	0.355692788824047
"hsa-miR-378c"	-4.01522203566535	3.10059508047744	9.3261638583475	0.00225904788801237	0.00558999094737756
"hsa-miR-378d"	-4.40553247986139	2.68579959158685	9.40002013308307	0.00216983060009851	0.00553259372996576
"hsa-miR-379-3p"	6.87356678488346	3.1392520754364	9.32862147477557	0.00225602009286594	0.00558999094737756
"hsa-miR-379-5p"	7.31881078277283	3.49796885179675	10.3596946299076	0.00128796507611267	0.00347035034397024
"hsa-miR-380-3p"	6.91734049183525	3.17598653890593	13.4906987118518	0.000239748905216793	0.000818860697395385
"hsa-miR-381-3p"	8.76758110338105	8.62255682307728	14.8484619927649	0.000116503031273546	0.000463147296456311
"hsa-miR-382-3p"	6.11864318357976	3.86360408276409	7.47978986744954	0.00623953531548462	0.0130438561552157
"hsa-miR-382-5p"	9.13144912837989	5.14090214315496	12.1663478616323	0.000486594892532579	0.00151281104409167
"hsa-miR-3909"	1.34915405296957	3.48775312358814	1.98231280350375	0.159146969631328	0.219279205315893
"hsa-miR-3912-3p"	-3.8149060950541	4.00702479484616	14.4427613661863	0.000144484093747919	0.000547459261466724
"hsa-miR-3928-3p"	3.16426010872253	2.52546836034983	5.47505270050933	0.0192897790724196	0.0346501587041611
"hsa-miR-409-3p"	9.41621673262058	9.80702725031304	30.8087972502628	2.84744080821142e-08	3.94573940566439e-07
"hsa-miR-409-5p"	10.4347010543863	8.68206622839869	21.4968421198546	3.5441181223152e-06	2.32283417476064e-05
"hsa-miR-410-3p"	8.86751543517653	8.37858797233158	21.3754594826659	3.77573251077762e-06	2.44164035696953e-05
"hsa-miR-411-3p"	7.31189487824461	3.50064804387717	9.6474812422417	0.00189611399172254	0.00489157067013529
"hsa-miR-411-5p"	9.81599647324633	9.0456712184836	22.0306994613999	2.68324229164401e-06	1.88218570852864e-05
"hsa-miR-412-5p"	6.45003393203427	2.79898086385695	9.0066226689798	0.00269003048389077	0.00658921608427789
"hsa-miR-421"	1.36095047991718	6.98157741428035	2.46247980346613	0.116594578141558	0.168298721424571
"hsa-miR-423-3p"	0.228370543754396	11.9421254284176	0.127670796446097	0.720859367091779	0.773488480175913
"hsa-miR-423-5p"	-0.32092082092251	11.6686325665581	0.247063419064531	0.61915044685635	0.685588965126324
"hsa-miR-424-3p"	2.69340464259362	4.50477073512395	2.98360169953002	0.0841119073813564	0.127881740062564
"hsa-miR-424-5p"	1.48649455082774	5.26954880053516	2.81257780612111	0.0935279770394639	0.137875589252705
"hsa-miR-425-3p"	-1.02526679792447	4.97683493629656	1.90283764068157	0.16776104040054	0.228550855601859
"hsa-miR-425-5p"	-1.3310409879985	8.26871309987552	3.35765064829936	0.066893436938901	0.103984990113356
"hsa-miR-431-3p"	8.8253250518693	4.8548007881479	11.4432139522393	0.000717555707452157	0.00213565041030819
"hsa-miR-431-5p"	6.76216483756867	6.0377282044535	12.271141118505	0.000460016894394932	0.0014394077018164
"hsa-miR-432-5p"	9.70068329768988	5.6868693631677	21.9797911866029	2.75536464547492e-06	1.88218570852864e-05
"hsa-miR-4326"	5.22994458663229	3.42382064689678	13.3526532142531	0.000258057268488637	0.000869151216784645
"hsa-miR-433-3p"	5.74525768006846	3.50879469760366	7.63622806067466	0.00572074222996387	0.0122423224316561
"hsa-miR-433-5p"	3.5162272477857	2.00848410063948	3.64591172508678	0.056207021839087	0.0893783789900236
"hsa-miR-4433b-5p"	-5.07593239727335	1.96946300124867	6.78371451366308	0.00919932544809218	0.0178466913692988
"hsa-miR-4443"	-3.99045219239481	3.03767140879082	12.8808287190395	0.000331965209368059	0.00107335417695673
"hsa-miR-449a"	5.48960497555451	3.96339559026748	6.08306120409587	0.0136484065214669	0.0252651800111124
"hsa-miR-449b-5p"	1.93189829164187	2.16593768018371	1.04765936548169	0.306046772490988	0.365597745463372
"hsa-miR-450a-5p"	3.37576661220666	5.62587682444723	10.1546626554645	0.00143936732174255	0.0038147166723778
"hsa-miR-450b-5p"	5.34925583644013	6.28427324875441	29.1905935962516	6.55968926619952e-08	8.35437435120302e-07
"hsa-miR-451a"	-8.07544689137132	4.17879509812984	26.4596615379743	2.69099171837161e-07	2.77687443278772e-06
"hsa-miR-452-3p"	7.83650496898063	3.95058291461335	10.7376991574801	0.00104974773237161	0.00289277073977404
"hsa-miR-452-5p"	10.1460627663949	6.11971728005375	24.6132727871466	7.00674683175536e-07	6.29309669148398e-06
"hsa-miR-4521"	3.07837301781569	3.52828333517195	5.38253659366006	0.0203392849023901	0.0363978628777358
"hsa-miR-454-3p"	-1.20864418839217	6.55368133476303	2.27116431468539	0.131800850762512	0.184217327434635
"hsa-miR-454-5p"	0.784199431897961	4.09642976909956	1.23059757285128	0.267290855857457	0.331550038595567
"hsa-miR-455-3p"	7.20475201936763	5.95244908957089	25.3378646290149	4.81169988979535e-07	4.76260091132805e-06
"hsa-miR-455-5p"	4.69889695439099	5.52007017540443	18.4492772857926	1.74486992503126e-05	9.1909220442686e-05
"hsa-miR-4645-3p"	-2.41732843915218	2.6206157885506	3.94711411189794	0.0469518226364654	0.0769311958739382
"hsa-miR-4662a-5p"	0.284365003536122	3.24212299474523	0.0487364719356966	0.825276675095406	0.852780283199138
"hsa-miR-4677-3p"	0.817060243411611	4.46931230259495	1.00696713290139	0.315630518034925	0.374280687645326
"hsa-miR-4772-3p"	-6.76598800756187	3.07862772546882	18.4302458628475	1.76238298993192e-05	9.1909220442686e-05
"hsa-miR-4772-5p"	-9.22743472006721	5.24124060951755	27.2725974101931	1.76697911378591e-07	1.99298807020039e-06
"hsa-miR-4775"	5.64972572336555	3.45031688488622	13.1114579347995	0.000293495192956268	0.000961791679620201
"hsa-miR-484"	-0.0584015709298351	10.0822153716944	0.00864913331469808	0.925902991813274	0.932914462348483
"hsa-miR-485-3p"	6.48301042756854	4.84047412220796	16.6812894531561	4.4214943117348e-05	0.000202304220867111
"hsa-miR-485-5p"	9.22386597410825	5.2254487622183	12.0784594890485	0.000510077268008926	0.00157571640117407
"hsa-miR-486-3p"	0.363734919233148	3.21321870124969	0.088158050905788	0.766532003510849	0.809952116999482
"hsa-miR-486-5p"	0.789568906649718	8.67613152678967	0.446251391342471	0.5041205054647	0.56860103523344
"hsa-miR-487a-3p"	7.50115893445858	3.66256154487703	13.6583734301651	0.000219261352335958	0.000754196850233613
"hsa-miR-487b-3p"	9.17770838448083	7.45607208179528	18.6431228973511	1.57614774518134e-05	8.68672336832898e-05
"hsa-miR-493-3p"	8.39070963805028	5.93804922578798	16.6434010439821	4.510696070553e-05	0.000204456784506374
"hsa-miR-493-5p"	9.53684521635314	5.53003642104873	17.823564808233	2.42362987931513e-05	0.000119944948108963
"hsa-miR-494-3p"	9.05867085352745	5.07489323958835	18.4314017068103	1.76131434267649e-05	9.1909220442686e-05
"hsa-miR-495-3p"	7.38737428881697	4.99600038034102	21.9866647784043	2.74551431044214e-06	1.88218570852864e-05
"hsa-miR-496"	6.82909280421513	3.09213789011351	14.4129252152986	0.000146791321316265	0.000551889851460375
"hsa-miR-497-5p"	3.27646939851491	5.50418018138874	7.97335767541343	0.00474708042977086	0.010512940677803
"hsa-miR-500a-3p"	2.76660930425425	9.35737986558904	12.5508466123737	0.000396026838531619	0.00126363826768313
"hsa-miR-500a-5p"	1.68065095856689	2.40183644378005	2.01082148513062	0.156180729406236	0.215805281373289
"hsa-miR-500b-5p"	1.93786296890811	2.53765067146926	2.45642533578203	0.117044880113347	0.168447379391612
"hsa-miR-501-3p"	1.36962845784588	7.64217097005393	1.70401183347679	0.191764151442946	0.254809899862544
"hsa-miR-501-5p"	2.02556444486698	2.87683469854983	1.56589178382888	0.21080463073368	0.27483937071461
"hsa-miR-502-3p"	1.49253764838885	5.17704532885717	1.49379446639711	0.221628659014131	0.283614510875603
"hsa-miR-505-3p"	-0.236288904406914	6.35674064241959	0.0543384834891398	0.815678968906311	0.851104737257043
"hsa-miR-532-3p"	2.21762403093666	6.01199217043907	6.81665436519332	0.00903116001163137	0.0175908136772739
"hsa-miR-532-5p"	1.20420181923627	9.36466943439498	2.80211874090716	0.0941398311664944	0.13793902754003
"hsa-miR-539-3p"	7.99539994927649	5.59454392315689	11.0085487752021	0.000906926253941831	0.00259354925220016
"hsa-miR-539-5p"	7.31193708695856	3.4933067450599	10.314232562563	0.00132008178610493	0.00353723572519829
"hsa-miR-541-5p"	5.7069356027026	2.31958746809857	4.43120599907384	0.0352875658759985	0.0602622163727439
"hsa-miR-542-3p"	4.72815113414939	4.01748248711848	14.6451369212644	0.000129769038971204	0.000499507808738364
"hsa-miR-542-5p"	3.58371944111868	2.79456459256258	3.44115671692406	0.0635911569013768	0.0998113627740056
"hsa-miR-543"	6.72464853922508	5.08873309913994	15.3376529643798	8.99065765256855e-05	0.000369162435648175
"hsa-miR-545-5p"	3.13297643136456	3.13708329836152	3.59595925870609	0.0579201922408511	0.0915025838332665
"hsa-miR-548au-5p"	-6.61103439557978	2.9610696468622	20.1971479924047	6.98570080904023e-06	4.40008427582404e-05
"hsa-miR-548e-3p"	-2.23915555144187	5.64968057474062	8.47672024254525	0.00359720055396648	0.0084374275215641
"hsa-miR-548e-5p"	-1.79030240140301	3.30489298242843	2.93110309637441	0.0868881060308417	0.130664527716423
"hsa-miR-548j-3p"	-6.09652026969418	2.58900512236987	13.3334328645352	0.000260715794267216	0.000872049380824826
"hsa-miR-548j-5p"	-4.10847544645708	3.07508707046158	8.64649140548434	0.00327691786486331	0.00779071159048384
"hsa-miR-548k"	-0.860394236704305	5.3960474668647	1.33150461948113	0.24853772074282	0.313515285788555
"hsa-miR-548o-3p"	-2.21620934215681	3.61434990210609	7.98597245015464	0.00471411673254592	0.010512940677803
"hsa-miR-548w"	-3.58195886450427	3.41122088388187	15.521832812577	8.1557815928882e-05	0.000340996040737136
"hsa-miR-549a-5p"	6.90640650929535	3.14730996830625	9.33659417343238	0.00224622599980348	0.00558999094737756
"hsa-miR-550a-3p"	0.296168558269438	3.33171651425165	0.156204149930104	0.692675584423462	0.749883166172721
"hsa-miR-561-5p"	6.6742754876349	2.9839877616358	15.9600451323905	6.46935649183493e-05	0.000277667070667251
"hsa-miR-5690"	-7.03838327999432	3.2937689327536	23.9936929860598	9.66517888278341e-07	7.81268626358326e-06
"hsa-miR-5696-3p"	-2.39761335824566	2.95520363018114	6.32821500611054	0.0118831861296394	0.0222522983508691
"hsa-miR-574-3p"	10.2964612691312	9.03887053420967	68.8130008043975	1.08256674403943e-16	6.1141235183541e-15
"hsa-miR-574-5p"	6.71202856043023	3.01102070796137	17.9419327964877	2.27747655540602e-05	0.000115060013476241
"hsa-miR-576-5p"	-2.43897488084073	5.78991745693632	7.76184213471855	0.00533615087039154	0.0115537195184817
"hsa-miR-577"	-5.92427011190767	2.47271804189207	14.2806696836313	0.000157473756247495	0.000579727975563116
"hsa-miR-582-3p"	7.02486704264169	3.25761041748291	22.8107983488394	1.78758496550575e-06	1.35465423167233e-05
"hsa-miR-584-5p"	4.28884456376996	6.13722626161418	7.71841118356181	0.00546604795068067	0.0117823700270228
"hsa-miR-589-3p"	-1.6739321733208	4.53722916153354	1.95196671840529	0.162375075643177	0.223093234240626
"hsa-miR-589-5p"	-0.547000585333286	7.80436488198738	0.27907964164099	0.597305087575632	0.664433411638031
"hsa-miR-590-3p"	-2.16718837436384	6.16965531279848	3.30578082058646	0.0690365288121361	0.106632855012376
"hsa-miR-590-5p"	-2.98168663510792	2.33086688798015	4.02017853391662	0.0449589540351927	0.0741669819968314
"hsa-miR-598-3p"	-3.04219831367151	4.99997648312014	10.1279734804301	0.00146035878570006	0.00382850816791638
"hsa-miR-615-3p"	3.98686059021926	4.96393680552162	11.1122515205679	0.000857593181466505	0.00249061492821111
"hsa-miR-616-5p"	-1.48915887738682	3.84604325648178	3.78005468739224	0.0518669654271223	0.083851594107181
"hsa-miR-625-3p"	-0.239580134028689	6.14082868113706	0.05264039486896	0.818530876771952	0.851104737257043
"hsa-miR-625-5p"	-0.151491399033724	4.86307110050134	0.02777437399366	0.867640370134335	0.882191990597804
"hsa-miR-627-5p"	-2.9239635476962	2.30012178339409	4.56978083960415	0.0325407281634782	0.056164601990345
"hsa-miR-628-3p"	-0.975635580460452	3.19387565379819	1.67332125963506	0.195814269047553	0.258773625308073
"hsa-miR-628-5p"	-0.0894635120333998	4.02016943568245	0.00836107152244647	0.927143857426739	0.932914462348483
"hsa-miR-629-3p"	-2.34270030548865	3.24837619016642	5.21107344702658	0.0224434736741318	0.0398721052452524
"hsa-miR-629-5p"	-0.633781418917463	4.74295087275523	0.484412598951937	0.486430359866831	0.555102881259796
"hsa-miR-641"	-0.310756340881866	3.75194456273203	0.16715568793032	0.682652108703106	0.742345902961898
"hsa-miR-642a-3p"	-6.54682127877556	2.91245428369496	22.1766505469273	2.48679828510065e-06	1.82741995193002e-05
"hsa-miR-642a-5p"	-7.50521703504022	3.6807845486937	26.74434626326	2.32230202757942e-07	2.44851409429569e-06
"hsa-miR-651-5p"	-2.98897558357859	2.92713430607836	8.45027261150563	0.00364988726426566	0.00846983408214759
"hsa-miR-6511b-3p"	0.23663224871661	3.00147481924734	0.0340277228533896	0.85364785987135	0.873590681026861
"hsa-miR-6516-3p"	-1.90820098405379	2.69181279224966	3.36250609003195	0.0666964975615969	0.103984990113356
"hsa-miR-652-3p"	-1.59985004720243	6.53956840472359	4.92560248088887	0.0264615738583185	0.0459995101121307
"hsa-miR-652-5p"	-2.31356503951769	3.21935268432944	6.13386639341188	0.0132616545678217	0.0246433044651094
"hsa-miR-654-3p"	8.87398492886049	9.24919270657931	30.2644866984383	3.76965140307592e-08	4.94129981214006e-07
"hsa-miR-654-5p"	8.01182504236719	4.09602145483888	11.0041540953871	0.000909079119327892	0.00259354925220016
"hsa-miR-655-3p"	6.74057818566832	3.03546316359066	13.4451650400321	0.000245638412492739	0.000833109301111737
"hsa-miR-656-3p"	5.3122607401881	3.99169915257068	7.1642301342152	0.00743716025728776	0.015029261353269
"hsa-miR-659-5p"	-2.40761741411405	3.27931959261909	5.9146942805815	0.015015108311957	0.0274804812501855
"hsa-miR-660-5p"	1.97407760530824	9.35554824616598	3.18155048185368	0.0744740307440839	0.113942917699939
"hsa-miR-664a-3p"	-3.59514337696055	6.47698632051629	7.96110476216798	0.00477932334626165	0.0105362355588041
"hsa-miR-664a-5p"	-3.02726310177711	3.73704795260869	14.1263888822664	0.000170928984154766	0.000609562921434278
"hsa-miR-664b-3p"	-0.992644299766578	3.93378184247092	0.462383167642179	0.496512297783654	0.56251727454777
"hsa-miR-665"	9.09317632647625	5.10543820946874	17.4929035262384	2.88382098462589e-05	0.000137122860543486
"hsa-miR-668-3p"	6.04116466311141	2.5130761266169	8.64711808171981	0.00327579093814739	0.00779071159048384
"hsa-miR-671-3p"	2.15866424656632	6.64863164361891	8.11152336715625	0.00439847478088523	0.00992214078478762
"hsa-miR-671-5p"	-0.222009612202433	4.33775816290894	0.0530001228071408	0.817922720975356	0.851104737257043
"hsa-miR-6731-3p"	-6.56136765408198	2.92317262403152	21.9889101610185	2.74230418282779e-06	1.88218570852864e-05
"hsa-miR-6769b-3p"	-2.67108075108736	3.13427053750537	6.24970443086489	0.0124214031590394	0.0231706943543619
"hsa-miR-6803-3p"	-4.83254768982961	3.54972984557032	17.469802249976	2.91907703727911e-05	0.000137451685735958
"hsa-miR-6842-3p"	-7.43702050258937	3.6229276064333	31.3447538491835	2.16041677971138e-08	3.27438168175007e-07
"hsa-miR-7-1-3p"	-3.51664684065777	6.19614288030149	19.6121737364084	9.4862837015675e-06	5.61078975031736e-05
"hsa-miR-7-5p"	-1.36973647467177	5.70482316121164	1.41994509006188	0.233412441190701	0.297126073431732
"hsa-miR-708-3p"	6.50773719020264	4.85364018407343	11.977559637845	0.000538450531245962	0.00165283865603982
"hsa-miR-708-5p"	5.1722610433128	5.72230458198301	4.9744177628348	0.0257248610180481	0.0448797035746522
"hsa-miR-744-5p"	1.17280883428187	7.08849544050604	2.32609960375897	0.127220292035044	0.179857699337266
"hsa-miR-758-3p"	6.72154322458514	5.05264213246598	13.2622439274095	0.000270805300065594	0.000899592948848034
"hsa-miR-760"	2.70613550250812	3.06284481232043	2.96770897849316	0.0849420715100768	0.12874032713246
"hsa-miR-766-3p"	-5.10466372423022	6.27898077958985	31.1981209890653	2.32991489633229e-08	3.4242688627914e-07
"hsa-miR-769-5p"	-0.118413882029032	9.39291389256437	0.0339668799060364	0.853777284137591	0.873590681026861
"hsa-miR-7706"	0.634642568229821	4.80387060984096	0.491472189221247	0.483271328550392	0.552798571572972
"hsa-miR-7974"	3.42541092815772	3.26501651906257	8.13818186375655	0.0043342721540064	0.00982299997520143
"hsa-miR-7976"	0.462074188998931	3.05977428382562	0.156568610616279	0.692335565959163	0.749883166172721
"hsa-miR-7977"	1.39112951263834	2.7742283488851	1.31931166246515	0.250715623109069	0.315018334735488
"hsa-miR-873-5p"	-6.92625862437804	3.20441705728779	24.9671227681083	5.8316303259266e-07	5.43911674629693e-06
"hsa-miR-874-3p"	-2.11436760655603	6.69748049346612	2.59360637321718	0.107295780495598	0.155803753114866
"hsa-miR-874-5p"	-2.83849308500411	3.30170365636364	5.02005453125417	0.0250553799558468	0.0438695280815368
"hsa-miR-877-3p"	2.21214397863321	2.46771430370688	1.81917562796208	0.177411435349059	0.237692116420701
"hsa-miR-877-5p"	1.94365051945786	5.76362553727605	7.00581162998508	0.00812455313894658	0.0162156719028358
"hsa-miR-887-3p"	8.76021334121509	4.79253434934926	30.3012984477988	3.698782154295e-08	4.94129981214006e-07
"hsa-miR-887-5p"	6.13554183386124	2.58283671705539	18.1024225445267	2.09334929469414e-05	0.000106870990308069
"hsa-miR-889-3p"	10.5128875490197	6.48075668272649	11.8271543886963	0.000583731351185494	0.00176943565828103
"hsa-miR-9-3p"	1.18017400992649	3.13419040075217	0.421399716108869	0.51623943822528	0.580919089418238
"hsa-miR-9-5p"	0.064263116689669	5.228963445751	0.000995876054997069	0.974824933438196	0.978861475605642
"hsa-miR-92a-1-5p"	-1.35368604946486	3.54771038128687	3.31595008257584	0.0686106516843288	0.106313629606708
"hsa-miR-92a-3p"	-1.73693884158972	15.4791317495197	6.61087482046037	0.0101357856416981	0.0195073652231094
"hsa-miR-92b-3p"	3.21249467855388	11.4696274902538	10.6121790091743	0.00112345218754024	0.00307838593761027
"hsa-miR-92b-5p"	1.80548636231595	2.27196104451751	1.30261653723235	0.253735835576083	0.317989354662532
"hsa-miR-93-3p"	0.846576121507335	4.28572858116458	1.03332051264634	0.309380048731294	0.36867155684196
"hsa-miR-93-5p"	-0.62134175876485	9.26555662421711	0.642367500343227	0.422854789075102	0.49063294904647
"hsa-miR-935"	9.76290838499934	5.74614852448164	24.2432799194699	8.49027947022086e-07	7.2241851632581e-06
"hsa-miR-940"	1.42567686434374	3.06337072928135	2.35466181848398	0.124908970625197	0.177656453821761
"hsa-miR-941"	-0.272590340150335	7.93879783214376	0.103103007179007	0.748137209643896	0.792241368291026
"hsa-miR-941-3-5p"	-0.287440800960215	5.6491257420351	0.104432209806288	0.746574278331762	0.792241368291026
"hsa-miR-942-5p"	-1.7330853954271	3.61959054273425	4.48236667752916	0.0342462666635479	0.0586905983456563
"hsa-miR-95-3p"	-7.65488293328099	3.80913132193422	30.8788841945925	2.74643838679848e-08	3.91771358116843e-07
"hsa-miR-98-3p"	1.26796386938747	2.95101486331803	1.38235994438032	0.239699571676975	0.303536011131418
"hsa-miR-98-5p"	1.29704893047695	10.4985040798993	3.64882388054906	0.0561088201281702	0.0893783789900236
"hsa-miR-99a-3p"	4.82354926622381	3.10229723505027	8.3926677708345	0.00376737574358017	0.0086659654263846
"hsa-miR-99a-5p"	3.97864612489212	8.61095266581321	8.84826027054194	0.00293368388589907	0.00707878947592562
"hsa-miR-99b-3p"	3.73079201532544	5.42228559771069	17.692708633444	2.59619861521329e-05	0.000127187507917015
"hsa-miR-99b-5p"	4.19228954781516	14.1550698711324	27.0056497698301	2.02861651525549e-07	2.18639779977536e-06
