"logFC"	"logCPM"	"LR"	"PValue"	"FDR2"
"hsa-let-7a-2-3p"	-0.632752716631397	3.94885673159957	0.565133195976133	0.452199361981288	0.596189158822698
"hsa-let-7a-3p"	-1.21573673373479	7.01346150245976	3.76158490565527	0.0524428474378135	0.121077726112187
"hsa-let-7a-5p"	0.0876290321024765	15.4712495797223	0.0291852242698951	0.864352064491541	0.908799215746381
"hsa-let-7b-3p"	-0.176278693708965	7.18861321206025	0.163212798194416	0.68621563314062	0.774134364656114
"hsa-let-7b-5p"	-0.0655811786601158	12.4133750595145	0.0139065290906046	0.906126333573121	0.932175139877072
"hsa-let-7c-3p"	-6.4084023669364	3.30571322334831	18.4066124716676	1.78437685530316e-05	0.000168674114057903
"hsa-let-7c-5p"	-0.136472268483632	10.8486211016735	0.0385518121996711	0.844339238692731	0.894321265507523
"hsa-let-7d-3p"	-0.373664881541253	7.67734643049783	0.713771054157648	0.398194748729639	0.539177213820403
"hsa-let-7d-5p"	-0.257142053653209	10.4369086896235	0.366279101633239	0.545039495516681	0.677237903345414
"hsa-let-7e-3p"	-1.56121227010431	4.87037823192172	3.50655835703862	0.0611263129736595	0.133748706282718
"hsa-let-7e-5p"	-0.260205701144057	11.9433979100699	0.193675755629322	0.659874765154721	0.757758998909607
"hsa-let-7f-1-3p"	-1.00782476239363	5.23168125184787	4.52105470071464	0.0334801859286396	0.083037490842814
"hsa-let-7f-2-3p"	-0.286023704482395	5.30452959891138	0.0885199037003197	0.766067291936111	0.836164952636147
"hsa-let-7f-5p"	0.665596986596278	14.9240086430314	3.10472899629113	0.0780652224863429	0.159635414145542
"hsa-let-7g-3p"	0.314097079547807	3.67653033793118	0.262981727090983	0.608079028912559	0.720207076797145
"hsa-let-7g-5p"	-0.17846132582387	12.3729685919346	0.162431325976826	0.686927847902861	0.774134364656114
"hsa-let-7i-3p"	0.287693787746812	5.8972638570726	0.374218009099007	0.5407140212509	0.673874936932092
"hsa-let-7i-5p"	0.776628349450086	14.2692357721653	3.50633275939009	0.0611346382010826	0.133748706282718
"hsa-miR-100-3p"	-0.347079906069684	7.9723653398312	0.474567756764625	0.490893258129431	0.626267969514192
"hsa-miR-100-5p"	0.453308004661955	17.2623837256089	0.383434371906333	0.535770925598107	0.66937963522357
"hsa-miR-101-3p"	-0.291848958106164	10.9927347725897	0.476010287006948	0.490235072227988	0.626267969514192
"hsa-miR-101-5p"	-1.45260479687927	3.30379620431001	3.0501593663853	0.0807292209051224	0.163086047070429
"hsa-miR-103a-3p"	-0.512989461169929	12.3155643921849	1.3846102200576	0.23931741744356	0.378794239396497
"hsa-miR-106b-3p"	0.392402148641531	7.97931411134228	0.871131927261942	0.350642133854209	0.496247765708923
"hsa-miR-106b-5p"	-0.54553329608099	8.29928221537434	1.12942891750077	0.2878971845847	0.437583411908862
"hsa-miR-107"	1.58076499338685	5.96755570900434	6.0894667098055	0.0135990126653384	0.0407970379960153
"hsa-miR-10a-3p"	-3.9582421936972	4.58015174608035	7.5256971796757	0.00608250105636737	0.0210160898568279
"hsa-miR-10a-5p"	-3.43246504471404	14.3702098256059	12.354880738192	0.000439835086423149	0.00224854467651018
"hsa-miR-10b-3p"	0.257029549554217	2.58975154105801	0.0275857257524539	0.868086508310953	0.908799215746381
"hsa-miR-10b-5p"	-0.118636400333758	13.8874225628212	0.00334673902568738	0.953867308366565	0.961544308836316
"hsa-miR-1180-3p"	-0.612001239445734	5.35433227515955	1.37893615697712	0.24028244162184	0.378794239396497
"hsa-miR-1185-1-3p"	1.09292447425008	4.92417917455678	2.21367591387128	0.136792380574318	0.247411489775211
"hsa-miR-1185-5p"	2.05560499799906	3.90135838819001	5.71323379129942	0.0168374951785501	0.0476586727935232
"hsa-miR-1197"	0.723046878540563	3.81207666047647	0.704701815048306	0.401208311935445	0.540337000751768
"hsa-miR-1226-3p"	-0.474928353872684	3.40411896728635	0.489917929038952	0.483963916702451	0.626267969514192
"hsa-miR-1249-3p"	2.0765857227597	4.79343772076824	10.0519810768101	0.00152184199069956	0.00646170997969459
"hsa-miR-1254"	-0.611488736691627	2.73078882723223	0.358067448547379	0.549581488915939	0.678178142726319
"hsa-miR-1255a"	-1.74249334489513	2.79682115526139	2.4797173154233	0.115322978283622	0.216392554756908
"hsa-miR-1257"	-1.49907700219947	2.67790922392886	0.392391195706489	0.531045158329999	0.665134060808324
"hsa-miR-125a-3p"	-1.22119586849172	5.81325629180847	3.89140373108272	0.0485338423883419	0.113095139704927
"hsa-miR-125a-5p"	-0.139247903837627	13.2235700773071	0.0584345422844308	0.808987539897105	0.869748406627574
"hsa-miR-125b-1-3p"	2.08514378788337	10.142932476053	18.3284640190747	1.85908631598624e-05	0.000169663460875509
"hsa-miR-125b-2-3p"	-2.00195911306136	8.22062394326579	15.3041782104059	9.15138743132431e-05	0.000654977871870497
"hsa-miR-125b-5p"	2.14941853342075	13.4833836770998	15.2739070914131	9.29922326252345e-05	0.000656184627397781
"hsa-miR-126-3p"	-9.58942429680346	14.0902755689267	53.1302823830291	3.12143039913799e-13	2.60639438328022e-11
"hsa-miR-126-5p"	-9.29484328724851	15.7548641375978	56.0654007730946	7.0099941112079e-14	7.02401409943032e-12
"hsa-miR-1260a"	0.97168698833128	4.80609873616939	3.1622728545065	0.0753581981064452	0.156421017483432
"hsa-miR-1260b"	0.816575177889028	3.74135865327628	1.37795580315927	0.240449655496666	0.378794239396497
"hsa-miR-1262"	0.322163900149471	3.37532952625562	0.233382317152415	0.629027153802955	0.736314495456263
"hsa-miR-127-3p"	3.18399238735581	13.1236104241974	29.6716072789998	5.11789635398345e-08	9.15737883337753e-07
"hsa-miR-127-5p"	2.93229878394352	5.55893922066009	30.0481260829534	4.21455607185552e-08	7.82034293333191e-07
"hsa-miR-1271-3p"	2.16325561300109	2.08352483455334	1.30604940313474	0.25311118004194	0.395042682869197
"hsa-miR-1271-5p"	-0.0817329215681417	7.36635765222274	0.00783254253456533	0.929477970812835	0.946480616620387
"hsa-miR-1277-5p"	-1.51331197678033	3.43661225965705	1.11203572691821	0.291639854455555	0.44122753063063
"hsa-miR-128-1-5p"	-0.444995058553798	4.63633908919589	0.796978505728736	0.371998284766642	0.51626354755703
"hsa-miR-128-3p"	-0.0290753445270098	9.80626697615215	0.00494777999230678	0.943922681632507	0.955808955017967
"hsa-miR-1285-3p"	-4.30784508121308	5.86645924565442	21.8444221557794	2.9567485662083e-06	3.2202848514573e-05
"hsa-miR-1294"	-1.34582983254443	2.55251143206949	1.00239238128861	0.316732313260322	0.46398505539012
"hsa-miR-1296-5p"	-1.65825960547331	6.54104003426285	5.47314843988777	0.0193108068926259	0.0525799687674215
"hsa-miR-1301-3p"	-1.06495540806821	6.07200564696493	2.50839060031763	0.113241527467276	0.214901535079944
"hsa-miR-1304-3p"	-1.82541300056248	7.43913232918221	7.72476191319598	0.00544685421798198	0.0193537160511275
"hsa-miR-1304-5p"	-1.58206755563697	3.44761642333977	3.23997639237088	0.0718616736927688	0.151910120337878
"hsa-miR-1306-5p"	-0.676308416696026	3.5093482396167	0.919013495346285	0.337734129550455	0.485624169635765
"hsa-miR-1307-3p"	-1.08178670020709	8.34893407509989	4.80967418316747	0.0283003955359948	0.0712487344901176
"hsa-miR-1307-5p"	-0.706300600428547	10.0081942636898	1.93144178615756	0.164600792532418	0.286919305574306
"hsa-miR-130a-3p"	0.234269496723322	10.616689599521	0.199662567991439	0.654993349362443	0.756109834171852
"hsa-miR-130b-3p"	-0.232246351427611	10.0851820588412	0.31856462012564	0.572471535176957	0.701166626785761
"hsa-miR-130b-5p"	0.29060687295387	8.47644022970042	0.410485088917826	0.521723396036389	0.660059144985431
"hsa-miR-132-3p"	1.27625249353449	6.10645485642044	10.03100014006	0.00153927435582673	0.00646170997969459
"hsa-miR-132-5p"	1.57175272323934	2.97034951071955	4.23970366610386	0.0394890590050809	0.0955749688963552
"hsa-miR-133a-3p"	-0.330006277730188	2.48658099022703	0.0344822035487624	0.852684856455247	0.899358132808587
"hsa-miR-134-3p"	4.44984915183272	1.85541600232122	8.9409371313489	0.00278849622810656	0.0110002882699322
"hsa-miR-134-5p"	2.17615484486131	6.06279243246228	15.2150022881605	9.59382242764473e-05	0.000667570143923612
"hsa-miR-1343-3p"	-0.418798243980673	3.02002713010585	0.192360217435811	0.660959446154687	0.757758998909607
"hsa-miR-136-3p"	1.65131146311653	8.64098279053795	4.63845457778659	0.0312631434410767	0.0779245515620867
"hsa-miR-136-5p"	3.78210203510577	6.43751640101824	36.8037498807419	1.3063873331999e-09	3.44473712596394e-08
"hsa-miR-137"	-0.882843113323793	6.02575149778497	1.85692513766957	0.172980103316073	0.295778265397108
"hsa-miR-138-1-3p"	-4.30906400646119	1.90376071482845	2.18195184049455	0.139637273073397	0.251648466941626
"hsa-miR-138-5p"	-1.58700635545229	7.69022860776129	1.26389038214248	0.260915976963879	0.405304068372318
"hsa-miR-139-5p"	-8.55000206405093	5.23408010030408	14.998856817548	0.000107576325132228	0.000738297793030771
"hsa-miR-140-3p"	0.384537597181814	10.256118320279	1.03643899385941	0.308651116386038	0.458125678078337
"hsa-miR-140-5p"	0.178389242695076	5.48730348289622	0.070180575891813	0.791074043187043	0.85576627503737
"hsa-miR-142-3p"	13.4700752306956	8.89854638786778	61.4130291088892	4.62738221184203e-15	5.79579622033214e-13
"hsa-miR-142-5p"	12.0161447918646	10.8182935019471	43.0864680403207	5.23732412631334e-11	1.87421384805927e-09
"hsa-miR-143-3p"	6.90400793562242	11.6708879513864	73.7351658639925	8.93331136750097e-18	1.49186299837266e-15
"hsa-miR-143-5p"	6.72634967454061	3.34883136358211	43.211916963672	4.91205924635632e-11	1.87421384805927e-09
"hsa-miR-145-3p"	6.40076928673075	4.03670778224927	46.1509499497513	1.09483918036401e-11	5.48514429362368e-10
"hsa-miR-145-5p"	4.47396554437911	4.56528903342162	38.6399599858636	5.09647431774469e-10	1.4900662774889e-08
"hsa-miR-1468-5p"	1.16959468071464	2.71817751550504	1.03241354049619	0.309592469808666	0.458125678078337
"hsa-miR-146a-3p"	-2.07937703182931	2.96216484561889	0.89309593277957	0.344639716224665	0.490550948132216
"hsa-miR-146a-5p"	2.38659354624475	8.5753291804486	6.09383944411557	0.013565399451502	0.0407970379960153
"hsa-miR-146b-3p"	4.87590799712774	3.27032905377263	27.4028570455152	1.65187009292194e-07	2.75862305517963e-06
"hsa-miR-146b-5p"	5.55541828178258	8.22825674691182	24.2891570716933	8.29044360935062e-07	1.08987259221025e-05
"hsa-miR-148a-3p"	5.25388366873656	11.9127915234158	25.8549764063931	3.68054576816355e-07	5.26843837099982e-06
"hsa-miR-148a-5p"	5.57813204089087	6.60587864178213	19.6934198130785	9.09138762559545e-06	9.10957040084664e-05
"hsa-miR-148b-3p"	0.0916986692543176	10.9068677470529	0.0559754103455408	0.812973924133778	0.872162603835167
"hsa-miR-148b-5p"	-0.372430850637894	7.61658103463501	0.685521795708031	0.407691773642834	0.544676209586827
"hsa-miR-149-5p"	-1.36802541690789	8.28904803605069	3.48891979724375	0.0617808853146547	0.133992309708407
"hsa-miR-150-5p"	-0.990240004824399	5.01756754939274	0.893026205534357	0.344658550384311	0.490550948132216
"hsa-miR-151a-3p"	-0.834643303670206	13.3268417892846	3.5091656187513	0.061030184743325	0.133748706282718
"hsa-miR-151a-5p"	-0.623833410771005	13.5674408828454	1.82292536265089	0.176965457064783	0.298517488179988
"hsa-miR-151b"	0.952315457789983	3.71844238955905	3.15124885178196	0.0758688767434608	0.156421017483432
"hsa-miR-152-3p"	1.61298193708388	7.26820055455516	14.9561192029657	0.000110040605587956	0.000740318342190988
"hsa-miR-152-5p"	1.21515815583937	5.04461496090834	6.04523848067048	0.0139438494692964	0.0413365004977366
"hsa-miR-154-3p"	2.6050864081756	2.1238523222569	7.25625382063173	0.00706545237804386	0.0235986109426665
"hsa-miR-154-5p"	3.02728597106225	3.25684191800339	8.56227362035955	0.00343200541948902	0.0133289512803411
"hsa-miR-155-5p"	-0.978909987617851	10.7326053331099	3.17457216063306	0.0747927975296279	0.156421017483432
"hsa-miR-15a-3p"	3.71977918040667	1.72124815252264	4.11409344241306	0.0425273119102385	0.101943460607797
"hsa-miR-15a-5p"	0.0313406353836289	8.74303175666055	0.00487041006701716	0.944362141185416	0.955808955017967
"hsa-miR-15b-3p"	-0.809723782991141	7.26921341252286	2.50072463442291	0.113793928222859	0.215134935998688
"hsa-miR-15b-5p"	0.246468889965784	8.59165079952023	0.30493233246527	0.580806686858465	0.701166626785761
"hsa-miR-16-1-3p"	2.15683451440036	2.65619689079252	5.24326008735902	0.0220319501293996	0.057191746190825
"hsa-miR-16-2-3p"	0.389189983252035	6.44026467537567	0.560077257326897	0.454229116094094	0.596504674520023
"hsa-miR-16-5p"	-0.247870439954959	12.254327160694	0.163979889122771	0.685518451479098	0.774134364656114
"hsa-miR-17-3p"	0.84764846286446	7.50381262268653	2.37747069486203	0.123096707094969	0.225902748185272
"hsa-miR-17-5p"	-0.48567049437289	9.49775737301246	0.394337337110374	0.530028278866437	0.665134060808324
"hsa-miR-181a-2-3p"	-0.500430444063882	8.91765482095837	1.03072165779416	0.309989231274563	0.458125678078337
"hsa-miR-181a-3p"	0.434291788442192	10.0468123911153	1.26183613886398	0.261303820527463	0.405304068372318
"hsa-miR-181a-5p"	0.972226002544658	14.4611657029109	3.51895772913849	0.0606705897256312	0.133748706282718
"hsa-miR-181b-2-3p"	-1.27406829516301	2.47591649871306	0.857185344315383	0.354527553491075	0.497530264142937
"hsa-miR-181b-3p"	-0.158365273873664	5.64327376100109	0.0519433419482098	0.819715570802746	0.877516027718325
"hsa-miR-181b-5p"	0.340683011338339	12.448958710566	0.473756421821115	0.491264095846462	0.626267969514192
"hsa-miR-181c-3p"	-0.455433436225792	6.90352272027848	0.636803630826549	0.424870624344422	0.564615869486884
"hsa-miR-181c-5p"	-0.0812480775833772	8.58625231572282	0.022417768754174	0.880981074507884	0.911924624645558
"hsa-miR-181d-5p"	-1.02231374321148	6.44260206587028	2.52283080980845	0.112208989430789	0.214553566283022
"hsa-miR-182-5p"	5.5907774413223	8.99734606536569	38.5439188616934	5.35353153588828e-10	1.4900662774889e-08
"hsa-miR-183-3p"	5.54718852413174	1.98287336968816	14.1087507097672	0.000172539236637817	0.00102230209227643
"hsa-miR-183-5p"	5.86037688383133	6.89869988847774	26.4751732623585	2.66946940879533e-07	4.17938804314518e-06
"hsa-miR-185-3p"	-0.276513572793953	3.55456581417535	0.205627380748613	0.650216421595387	0.752328931222376
"hsa-miR-185-5p"	-1.44847824320513	6.79808469014296	2.86869935698767	0.0903178332439333	0.180996937820842
"hsa-miR-186-5p"	-0.19735512220968	12.7114513996813	0.227185925856645	0.633618318282311	0.73652616579916
"hsa-miR-187-3p"	0.102876822276747	2.64957964425257	0.00909143055797657	0.924037628715812	0.945462033323214
"hsa-miR-188-5p"	-0.782892614582279	4.89267141703908	1.69029581503199	0.193561978833648	0.322174589354344
"hsa-miR-18a-3p"	0.392119043764156	5.82348465218257	0.429376636247063	0.512294981936023	0.651420776522709
"hsa-miR-18a-5p"	0.0190235468512963	7.19463730252165	0.000677069024241916	0.979240947440006	0.982014710026162
"hsa-miR-1908-3p"	-1.52242194441165	2.64248228828601	2.02387106998381	0.154843957038655	0.274123047619668
"hsa-miR-1908-5p"	-6.42165102544799	3.31427934692791	19.5809869116568	9.64240157025402e-06	9.47224154254366e-05
"hsa-miR-190a-5p"	1.89370219097379	3.37113697567584	7.57739469807179	0.00591048048286457	0.0207073477057003
"hsa-miR-190b"	1.48322657888676	2.45766821162012	2.62712946554702	0.105051483628457	0.20399532285991
"hsa-miR-191-3p"	-0.0375023473560016	4.42488753235898	0.0043048110337649	0.947687484456514	0.957240785711116
"hsa-miR-191-5p"	0.140390759287451	14.0857950145504	0.100106200957857	0.751702225961579	0.827698494959893
"hsa-miR-1910-5p"	-3.73014282083443	5.29528169462012	29.0242056451484	7.14795425475462e-08	1.23487071780416e-06
"hsa-miR-192-5p"	1.16039568810824	8.87762842710999	5.27063434304898	0.0216881080368069	0.0568580832722788
"hsa-miR-193a-3p"	-1.09415262036527	10.328633764985	2.0780251702258	0.149433399560673	0.267379047071061
"hsa-miR-193a-5p"	-0.282168091073528	7.40869883741935	0.157497163073288	0.691471349621985	0.774134364656114
"hsa-miR-193b-3p"	-0.446248860162298	8.46752986139122	0.529707963003293	0.466729663766693	0.610526270357998
"hsa-miR-193b-5p"	1.11204789561333	2.91891540232764	1.83016090847684	0.176108540960826	0.298517488179988
"hsa-miR-194-5p"	1.28808457865899	4.09852457073746	4.94663458479591	0.0261415086025805	0.0668208969892491
"hsa-miR-195-3p"	-4.20772249459083	4.80052777728653	31.1228452897192	2.42203983072064e-08	4.66708444304247e-07
"hsa-miR-195-5p"	-4.34060743497073	8.00014504134111	43.7183351363475	3.79202468069339e-11	1.58317030418949e-09
"hsa-miR-196b-5p"	-1.06614869767828	4.78483888496419	0.287949411878456	0.5915376018039	0.707303910510153
"hsa-miR-197-3p"	-1.03048012686497	9.43333824354316	3.15724279033824	0.0755907523241295	0.156421017483432
"hsa-miR-199a-3p"	5.14441617724835	11.4521094777559	21.0560441033454	4.4604363091725e-06	4.5605685528478e-05
"hsa-miR-199a-5p"	5.95400025609533	9.25324915476087	40.9813507961037	1.53688764363446e-10	4.8123794341304e-09
"hsa-miR-199b-3p"	5.38407317041866	10.3234479807572	22.3843583260952	2.23184295009986e-06	2.60035655348845e-05
"hsa-miR-199b-5p"	5.85018259729307	8.76979773529594	16.9420163389506	3.85390532759623e-05	0.000321801094854286
"hsa-miR-19a-3p"	-0.129185739319705	8.19183463058483	0.0678710748650282	0.794462091321568	0.855968833875496
"hsa-miR-19a-5p"	-1.19607364778132	3.07930056517194	1.01338616369692	0.31409298344819	0.461467990344702
"hsa-miR-19b-3p"	0.366209332720291	9.43104517776845	0.583717139864595	0.444858998091641	0.589614703819873
"hsa-miR-200a-3p"	4.60407276405596	3.01393969216178	15.8959444946117	6.69219635230341e-05	0.000493057407721178
"hsa-miR-200b-3p"	4.69487293222915	5.61715641646176	24.9922259121685	5.75619400003021e-07	7.79419782166253e-06
"hsa-miR-200b-5p"	5.34096756280398	1.44678644197396	14.8937090603661	0.000113741661227669	0.000749797003619237
"hsa-miR-204-5p"	0.402957102428533	9.49452595668697	0.165278921853307	0.684342123088456	0.774134364656114
"hsa-miR-205-5p"	-5.45821257621803	2.59785299640251	5.34999890060989	0.0207222837724666	0.0552226817553497
"hsa-miR-20a-3p"	-0.830801901730873	3.27174792808567	0.694845533987726	0.404521108829312	0.54188522867242
"hsa-miR-20a-5p"	-0.948899253499226	9.4367631583293	1.69652042787826	0.192743658663948	0.321881909968792
"hsa-miR-20b-5p"	4.44408307300856	1.94121340486385	6.91752706608516	0.00853549314796782	0.0274120645328967
"hsa-miR-21-3p"	-0.677956479513753	12.5996753508595	1.8475733997245	0.174065886294074	0.296622479705208
"hsa-miR-21-5p"	-0.865833485518212	16.4394053046773	2.40874190304021	0.120659301857543	0.224722342864791
"hsa-miR-210-3p"	2.54188044034973	7.86747788257059	18.0042719929235	2.2040978838336e-05	0.000193163189778749
"hsa-miR-210-5p"	2.94110685406147	4.72669646054288	22.0408692899922	2.66906314233301e-06	2.97155696513075e-05
"hsa-miR-2110"	-1.59838771642656	3.44444368297105	4.20154521194673	0.0403871624237632	0.0972786941072374
"hsa-miR-2110-3p"	-0.494801334941427	4.08557769182622	0.494553779117171	0.481902969506547	0.626267969514192
"hsa-miR-2116-3p"	-0.745030928498831	3.95416510101905	0.705767038034727	0.400852644434227	0.540337000751768
"hsa-miR-212-3p"	2.22653750971992	3.31712456996988	13.2331904809612	0.000275035261616249	0.00151016224822337
"hsa-miR-212-5p"	1.77350786365307	3.47827397961561	5.98314327174712	0.0144432388350499	0.0424748784826094
"hsa-miR-214-3p"	4.25427927941355	5.79868802427792	16.0622562325865	6.1293608278693e-05	0.000458329817128734
"hsa-miR-214-5p"	5.03237039738812	4.90579123156977	23.0407919656118	1.58600285298302e-06	1.93801812035242e-05
"hsa-miR-215-5p"	-1.04217288253305	3.52426838087234	1.76440357630582	0.184076199787361	0.30843537155006
"hsa-miR-216a-3p"	-5.92451199341796	7.38132869576211	22.9052072681463	1.70190174371226e-06	2.0301256514282e-05
"hsa-miR-216a-5p"	-10.3089695043025	6.94189405564114	50.1679786784371	1.41132132408554e-12	7.85635537074287e-11
"hsa-miR-217"	-10.3741083967202	7.00573750839511	32.8581994782337	9.91320627823399e-09	2.06938181058135e-07
"hsa-miR-218-1-3p"	1.57115584115803	4.94252832394364	5.4349042662785	0.0197381725959793	0.0528814142812066
"hsa-miR-218-5p"	-0.195421563123978	6.6279611140609	0.0452761558215897	0.831497047609174	0.88634046989829
"hsa-miR-219a-1-3p"	0.41276684046474	2.84677587520658	0.306822978814668	0.579636307533558	0.701166626785761
"hsa-miR-22-3p"	-0.64370775440604	16.8336686980532	1.9471765305334	0.162891431619606	0.285344780564415
"hsa-miR-22-5p"	0.415979887224482	6.84126239877661	0.958123819617522	0.327660033176718	0.47581935252619
"hsa-miR-221-3p"	0.131091637503351	13.6253487782765	0.0432276026769216	0.83529729820591	0.888500947773166
"hsa-miR-221-5p"	0.590316880273059	9.94837184344572	0.778076459785837	0.377730073059622	0.518473333158549
"hsa-miR-222-3p"	-0.206294357894878	14.3377789428552	0.0932937536804275	0.760030861225988	0.833206699068315
"hsa-miR-222-5p"	-1.37629090098933	7.06631233469791	3.71516822224835	0.0539201911424398	0.123351670147773
"hsa-miR-223-3p"	4.80765076306929	1.66841993209318	9.9761663594016	0.0015857951037118	0.00651215858163616
"hsa-miR-224-3p"	3.08877675743414	2.71044930676741	7.95828831698422	0.00478676615772214	0.0177642210742133
"hsa-miR-224-5p"	0.829736407709234	9.08940746627116	1.40869789534948	0.23527267031198	0.374481556716547
"hsa-miR-2277-5p"	-0.585293348782271	3.82160984007934	0.57074705367566	0.449962209793773	0.59480492640285
"hsa-miR-2355-3p"	-6.06830069887016	3.03637353526877	16.7135936796167	4.34684145767395e-05	0.000357011077097484
"hsa-miR-2355-5p"	-2.42009304618086	5.03198119618405	12.5460659281097	0.000397041316083831	0.00209387051955789
"hsa-miR-23a-3p"	-0.521439080798864	11.259381985151	1.41881621580674	0.233598346427542	0.37390661840319
"hsa-miR-23a-5p"	-1.75923240671105	5.51476538339131	10.042310091219	0.00152985231375192	0.00646170997969459
"hsa-miR-23b-3p"	0.727046196723595	9.24678803301756	2.73614351478864	0.0981012578801588	0.19426375572316
"hsa-miR-24-2-5p"	-0.473315589985439	7.7487839703764	1.24130313697246	0.265220055287772	0.407592784353295
"hsa-miR-24-3p"	-0.429688970487168	9.9028812972677	0.738875023184338	0.390021486761248	0.529541368204296
"hsa-miR-2467-5p"	-1.22303574775831	3.99830381735843	3.30826411531315	0.0689322709039402	0.146957734990953
"hsa-miR-25-3p"	0.531323105452887	11.410537633821	1.60383065829893	0.205361194323759	0.335133414841053
"hsa-miR-25-5p"	0.409402409242707	5.21320375273241	0.750253842676818	0.386395874580697	0.526044383600351
"hsa-miR-2682-3p"	-0.987715766169011	4.30964142409251	1.48935171785333	0.222317071718977	0.360164108167409
"hsa-miR-2682-5p"	-1.95973390684493	5.815520133613	6.9776859287727	0.00825322582947046	0.0266765557455787
"hsa-miR-26a-1-3p"	-6.15167930093114	3.10306835378993	10.7080890959439	0.00106668141054826	0.00481448096112323
"hsa-miR-26a-2-3p"	0.0619135459516454	5.10376999811115	0.0119872189458974	0.912816899530633	0.93713374316567
"hsa-miR-26a-5p"	0.212495030162754	14.1587177385252	0.251069355126845	0.616323116172742	0.726690579049689
"hsa-miR-26b-3p"	0.254733102430414	5.43663419635538	0.1602715868547	0.688906596440436	0.774134364656114
"hsa-miR-26b-5p"	-0.199058141769384	10.8254729802058	0.195663485019676	0.658244163496432	0.757758998909607
"hsa-miR-27a-3p"	-0.836703880930745	12.6825365878632	2.51692648203624	0.112629916032804	0.214553566283022
"hsa-miR-27a-5p"	-1.36901182146713	6.92241427854729	8.75176912608335	0.00309301853775669	0.0121062678704383
"hsa-miR-27b-3p"	0.970949369662817	13.6825241820407	3.11139964074346	0.0777461233254576	0.159634458139567
"hsa-miR-27b-5p"	-0.21986105704227	6.09235910442469	0.13904791974702	0.709229349254187	0.789608675502995
"hsa-miR-28-3p"	-0.763011041571884	12.2776168446127	1.92838129026725	0.164935648713373	0.286919305574306
"hsa-miR-28-5p"	-1.69298418044159	9.36805492084679	9.61514625323788	0.00192979093583503	0.00786036795815731
"hsa-miR-296-3p"	5.39777843822377	4.85231216554569	36.5689759421781	1.47358438132834e-09	3.69132887522749e-08
"hsa-miR-296-5p"	5.15279357245687	4.86151834102381	41.249726314036	1.33970602714762e-10	4.47461813067304e-09
"hsa-miR-299-3p"	1.17243532834849	4.99905230987537	1.89555167570968	0.168577074332004	0.292239149620532
"hsa-miR-299-5p"	3.59415346532071	3.96440142880168	18.2846679076996	1.90232093015295e-05	0.000170189783215469
"hsa-miR-29a-3p"	1.61340406814543	12.8647816003922	14.9426987694341	0.000110826099130387	0.000740318342190988
"hsa-miR-29a-5p"	-0.0663714655389076	5.74204371612467	0.0215796827477934	0.883210756478836	0.912347606177106
"hsa-miR-29b-1-5p"	-2.87847611310665	3.67099012378052	9.44207951462676	0.00212062910569101	0.00849948145560958
"hsa-miR-29b-3p"	1.17458180876376	8.60381372363378	4.40326662277678	0.0358701604717427	0.0876631726650883
"hsa-miR-29c-3p"	-1.24982547180042	8.29454310628065	6.17808849538008	0.0129341933734003	0.0392729144246881
"hsa-miR-29c-5p"	-2.90690694249307	4.53982624845152	16.1442072873193	5.86978141169971e-05	0.000445569770797205
"hsa-miR-301a-3p"	1.36701910486405	8.93015211503876	3.1588561216931	0.0755160795177719	0.156421017483432
"hsa-miR-301a-5p"	1.41072069310835	3.10341897312155	2.7156109982324	0.0993709149947622	0.194471985985843
"hsa-miR-301b-3p"	-2.64697254740603	7.46168894961478	12.5112011435622	0.000404519454082775	0.00211108590099448
"hsa-miR-3074-3p"	2.66550595755741	1.89418510079621	3.74466225753198	0.052976432654454	0.121748590641658
"hsa-miR-3074-5p"	2.68622470626307	2.48793936873383	7.44947141502144	0.00634550813312475	0.021774654621202
"hsa-miR-30a-3p"	-1.43925383495089	8.79661362079564	6.07182025518453	0.0137355337688357	0.0409613239177779
"hsa-miR-30a-5p"	-1.57032207268102	14.4282701275984	6.30347060974299	0.0120501825987295	0.036864802691398
"hsa-miR-30b-3p"	0.714112880632878	2.64090588114747	1.25547835009629	0.262508715777833	0.40591625495276
"hsa-miR-30b-5p"	0.483922289945314	9.33189119372351	0.882914031613276	0.347404789975906	0.493058922883651
"hsa-miR-30c-1-3p"	0.267674676608627	4.33014989460256	0.290000666000612	0.590220103486088	0.707303910510153
"hsa-miR-30c-2-3p"	-0.599708450693937	5.76765113432168	1.44191254497086	0.229830099702449	0.369054102406818
"hsa-miR-30c-5p"	0.200553111080633	11.6122077973009	0.156001908002935	0.692864461076863	0.774134364656114
"hsa-miR-30d-3p"	0.283919865300804	6.00016366535877	0.182636798356974	0.669116942295544	0.763616373781475
"hsa-miR-30d-5p"	0.240388311473447	12.1767579658288	0.313925313504171	0.575281385870793	0.701166626785761
"hsa-miR-30e-3p"	0.525166860573036	7.01046437072848	0.821132835988427	0.364849159314057	0.50774841337873
"hsa-miR-30e-5p"	0.40300104599986	12.1423808789948	0.492559685237524	0.48278770399285	0.626267969514192
"hsa-miR-31-3p"	0.399450400209541	7.86759991873155	0.923021903626895	0.336682768064633	0.485624169635765
"hsa-miR-31-5p"	1.43244218888393	13.214523721639	11.599978334631	0.000659525876883653	0.0031771390799876
"hsa-miR-3117-3p"	0.211375599957732	3.61266211111997	0.0412178237703102	0.839118046036694	0.890674027678779
"hsa-miR-3129-3p"	-0.132470192190449	2.84027054020713	0.0240529875228503	0.876750163783472	0.911924624645558
"hsa-miR-3152-5p"	-0.752714998291663	4.51376324852782	1.04568909080353	0.306502021233279	0.458125678078337
"hsa-miR-3158-3p"	-1.06251424496319	4.19693694814394	1.88307210172345	0.169985393777352	0.293079545853056
"hsa-miR-3168"	1.55437392656803	3.57569074934274	4.29686856000927	0.0381826165126735	0.0928616061788808
"hsa-miR-3174"	0.164023067795522	2.99701166683325	0.0465092022956943	0.829252843041709	0.885832994379309
"hsa-miR-3176"	-8.22174257990876	4.92128555239167	45.2153153281706	1.76519245663356e-11	8.03964927975832e-10
"hsa-miR-32-3p"	-5.70907515337758	2.76153199167685	10.8396772724317	0.000993480464981782	0.0045663643390447
"hsa-miR-32-5p"	-1.20357615584737	3.88795113963864	0.980171843811403	0.322156384378041	0.469199651503354
"hsa-miR-3200-3p"	-0.745113004969966	4.98821854035444	0.932872464718072	0.334117627614905	0.483794599523316
"hsa-miR-320a"	-0.447811392571461	10.9188213608178	0.488885689754014	0.48442479419157	0.626267969514192
"hsa-miR-320b"	1.18410331524283	2.75182681387955	2.83704849802375	0.0921132693474135	0.183859553557985
"hsa-miR-323a-3p"	1.627833933432	5.25587425908878	6.99772414155063	0.00816134109881545	0.0265508564318607
"hsa-miR-323b-3p"	1.81918883772449	4.65615195143984	4.82304532451611	0.0280816893315764	0.0710551836117161
"hsa-miR-324-3p"	-0.422731846387158	5.83440082390876	0.766116762186074	0.381421050342814	0.522109142682376
"hsa-miR-324-5p"	-0.674452669337341	5.0390529069198	1.67929993153203	0.195017501113273	0.32245468005858
"hsa-miR-326"	-3.12457155964077	7.1843865951233	7.98577452198762	0.00471463213450124	0.0176270947715307
"hsa-miR-328-3p"	1.73786039058578	5.77669332937578	10.1307914328853	0.00145812786140178	0.00629760395312322
"hsa-miR-329-3p"	2.16609831124427	4.82956698808404	7.3598847699649	0.00666950658095051	0.0225771810611906
"hsa-miR-330-3p"	-1.6373177249977	4.87510094755991	7.73846331063782	0.00540567836051003	0.019344606132968
"hsa-miR-330-5p"	-0.91479054234065	6.61149755964141	1.40761647180021	0.235452475779865	0.374481556716547
"hsa-miR-331-3p"	-1.26716352077281	9.29460390455311	4.69145982934888	0.0303128834172744	0.0759337729602723
"hsa-miR-331-5p"	-0.883960837103246	4.46741746439591	1.99219859969986	0.158111186167889	0.278921493908847
"hsa-miR-335-3p"	-0.159369589877183	6.53659614901211	0.0187859723149515	0.890981844856928	0.918481284513006
"hsa-miR-335-5p"	0.632090741891455	4.38684797422738	0.395804140605977	0.5292641681423	0.665134060808324
"hsa-miR-337-3p"	2.38394593065734	5.35398578377331	14.4181243915535	0.00014638661677235	0.000905428333369717
"hsa-miR-337-5p"	1.49781652726644	3.27482389279957	3.8962008100179	0.0483954310264485	0.113095139704927
"hsa-miR-338-3p"	-8.81183524786759	5.48120643584039	17.1094443326376	3.52863989533145e-05	0.000299635353823908
"hsa-miR-338-5p"	-6.73294906008	3.57795351264983	17.9767292612169	2.23622056031286e-05	0.000193163189778749
"hsa-miR-339-3p"	-0.574756919347859	7.47415202360376	1.96236467273874	0.161260646616833	0.283479241947486
"hsa-miR-339-5p"	-0.250335292902362	7.20110224265931	0.218560512054442	0.640138931576256	0.742383344258575
"hsa-miR-33a-3p"	0.56299136544418	3.33506622375375	0.781223653054084	0.376767164284812	0.518473333158549
"hsa-miR-33a-5p"	0.0352209195523425	5.42567307516267	0.00258201879301012	0.959474078359316	0.965254042686781
"hsa-miR-33b-3p"	-0.522744979563834	3.50091776384716	0.364321376404908	0.546115993915264	0.677237903345414
"hsa-miR-33b-5p"	-0.268271443248321	4.30775428935264	0.165267266750442	0.68435265328558	0.774134364656114
"hsa-miR-340-3p"	0.458981476458816	4.97093737847975	0.677070651998393	0.41059726325062	0.547099013001491
"hsa-miR-340-5p"	-1.05528420909955	9.01600884043023	2.60114155549987	0.106786772545101	0.204981505919906
"hsa-miR-342-3p"	-0.726856557422344	8.04714215173665	2.38670458615462	0.122371347917813	0.225902748185272
"hsa-miR-342-5p"	0.660767113251416	3.31656335198792	1.46613831791196	0.225955969871477	0.363999809985884
"hsa-miR-345-3p"	3.68419880070559	2.74260061549624	5.51722705088408	0.0188300841117116	0.0515512138796038
"hsa-miR-345-5p"	-1.25724025706758	10.2208948958319	4.07541456781784	0.0435115875506763	0.103806216013756
"hsa-miR-34a-3p"	-1.91715909481936	4.62112037992763	5.67562453746806	0.0172022149792342	0.0484174702505411
"hsa-miR-34a-5p"	-1.77649125222253	9.54603151789767	7.19815521072785	0.00729785631853158	0.0242134173217505
"hsa-miR-34b-5p"	4.98721240274487	2.53145056316292	26.4145157519822	2.75462576913781e-07	4.18202275860013e-06
"hsa-miR-34c-5p"	3.69263273629094	5.7324619738466	14.7941897451555	0.000119904368018283	0.000770154979194354
"hsa-miR-3605-3p"	1.13934263350754	3.73947374686302	2.88009426452344	0.0896807717104944	0.180442034646416
"hsa-miR-3605-5p"	1.07544402214351	3.655401330327	2.35944429218413	0.124526541767274	0.227692691333592
"hsa-miR-3607-3p"	-0.190386039969653	5.84639449587679	0.109143596037493	0.741121253816658	0.817845260269043
"hsa-miR-361-3p"	1.18346526583094	7.87062581982292	5.46176480482574	0.0194370059457359	0.052637513398993
"hsa-miR-361-5p"	-0.414930722234157	8.02962052630467	0.863477229232704	0.352767439747651	0.497530264142937
"hsa-miR-3613-3p"	-1.45087309433746	2.62268582586521	1.17979772890237	0.277397177772256	0.424034596370726
"hsa-miR-3613-5p"	-1.90928174558141	4.19778801057351	5.78005005657213	0.0162090797836897	0.0461406191569804
"hsa-miR-3615"	-0.91092016205334	3.71446652386001	1.86739238564983	0.171774031840761	0.294721883398017
"hsa-miR-362-3p"	1.93340447200384	2.7738185475725	3.50788465655996	0.0610773929541319	0.133748706282718
"hsa-miR-362-5p"	-1.9453994960264	4.28125355988247	3.59457502205618	0.0579684483722362	0.130820687542749
"hsa-miR-363-3p"	5.80261544983668	3.39435495146399	18.6135004895765	1.6008286806312e-05	0.000154233686345429
"hsa-miR-3651"	-2.14088222845395	3.06357521129004	3.63165533901281	0.0566904046826387	0.128515351791864
"hsa-miR-365a-3p"	0.229603043709617	6.55696824322304	0.248823703842289	0.617904564221891	0.726690579049689
"hsa-miR-365b-3p"	0.229603043709617	6.55696824322304	0.248823703842289	0.617904564221891	0.726690579049689
"hsa-miR-365b-5p"	-0.758815709508189	3.59208663888567	1.1085824517381	0.29239029973926	0.44122753063063
"hsa-miR-3661"	-0.831205309675859	4.19403471424607	2.02420186496348	0.154810240275438	0.274123047619668
"hsa-miR-3677-3p"	-2.30115694925795	4.06303395588084	4.00280591556557	0.0454245832264715	0.10785647486475
"hsa-miR-3688-3p"	-4.94544650139145	2.24039722169373	5.81066324219546	0.0159292854716346	0.0460084002044403
"hsa-miR-369-3p"	1.10927603632394	5.19827060145928	2.2289286893735	0.135447734201923	0.245867082736099
"hsa-miR-369-5p"	2.35270310274714	5.11829359953842	11.2320911927084	0.000803950082592274	0.0037294351053586
"hsa-miR-370-3p"	2.46239616165434	5.85053822827796	9.45610120528141	0.00210447910100425	0.00849948145560958
"hsa-miR-374a-3p"	-2.34288506858502	8.12387472227287	7.75479976315764	0.00535699805608963	0.0193083167345389
"hsa-miR-374a-5p"	-1.25392576861726	6.08516583166094	3.66204045242404	0.0556654219402482	0.126765347236656
"hsa-miR-374b-3p"	-0.158248757234456	4.65729764524716	0.0274927784275931	0.868306897849045	0.908799215746381
"hsa-miR-374b-5p"	0.522623773419262	6.22914438530809	0.828836537122507	0.362609172290486	0.507450266250093
"hsa-miR-375"	10.8684734301247	8.76705690148639	50.6342858475898	1.1128390094317e-12	6.96915429656604e-11
"hsa-miR-376a-2-5p"	3.68997105221553	1.93589287745422	12.1707288811298	0.000485453324988255	0.00243212115819116
"hsa-miR-376a-3p"	2.32337197954324	4.36401900983736	10.7850517873344	0.00102323041561906	0.00466034943841046
"hsa-miR-376a-5p"	2.98361578896379	5.25131361629026	15.3329198692098	9.01321013422656e-05	0.000654437431485146
"hsa-miR-376b-3p"	1.60915767878167	3.98310515033863	4.50489605520425	0.0337979503459606	0.0834126754843659
"hsa-miR-376c-3p"	1.47777680002823	5.90032126272834	5.45080969348308	0.0195592594519306	0.0526838117495551
"hsa-miR-377-3p"	1.64805035987782	3.35847784469516	5.2838875899038	0.0215236380755153	0.0567544351359641
"hsa-miR-377-5p"	2.48024677276191	4.45110485322236	21.2822728992568	3.96380200228986e-06	4.22524426201536e-05
"hsa-miR-378a-3p"	0.82251099529309	10.8087348414798	1.06594727621622	0.301862657710724	0.454153728267486
"hsa-miR-378a-5p"	0.277822217110716	3.77604729092799	0.0783673913538561	0.779522184476953	0.84715968421465
"hsa-miR-379-3p"	1.17004872402218	4.27156603496115	1.48588493307536	0.222856034993806	0.360164108167409
"hsa-miR-379-5p"	2.39798360619195	3.61143448492827	16.1893255285864	5.73161821281075e-05	0.000445569770797205
"hsa-miR-380-3p"	0.487272828003446	3.71344229199754	0.272515233071351	0.601649501543839	0.717681905413008
"hsa-miR-381-3p"	0.851399554592929	9.21316705271038	0.896000915258981	0.343856280808906	0.490550948132216
"hsa-miR-382-3p"	1.47090079071378	3.51707942263372	5.58100903987586	0.0181562588342622	0.0505349204220297
"hsa-miR-382-5p"	2.23435986786586	5.40151063263132	14.8183373635276	0.000118378821755327	0.000770154979194354
"hsa-miR-3909"	0.354939789946229	4.92244442936714	0.360083878718367	0.548459655102378	0.678178142726319
"hsa-miR-3928-3p"	0.491004081554089	2.83630220576105	0.311831426446675	0.57655851740329	0.701166626785761
"hsa-miR-3940-3p"	-0.587419064933755	3.21010856954694	0.344633259393907	0.557166948099077	0.685849240780436
"hsa-miR-409-3p"	2.11845533741559	10.1825398002766	11.9795010513096	0.000537889842886507	0.00264198834594255
"hsa-miR-409-5p"	2.29832091001549	7.98095337362271	5.97654032497916	0.0144974136138248	0.0424748784826094
"hsa-miR-410-3p"	0.258244925869199	8.29577877542117	0.0735770176085992	0.786198114287108	0.852565487571084
"hsa-miR-411-3p"	0.528999605784807	4.63102209377458	0.309826983286731	0.577786374706791	0.701166626785761
"hsa-miR-411-5p"	1.72649835593916	9.60998410703252	4.41117032293479	0.0357043380112739	0.0876631726650883
"hsa-miR-412-5p"	4.95569245639665	2.6395257945371	33.0749984305557	8.86716153590274e-09	1.93149909977707e-07
"hsa-miR-421"	0.304249315108436	8.37691495402539	0.228087614437193	0.632945473358484	0.73652616579916
"hsa-miR-423-3p"	0.99243049190297	12.3514593734563	7.61396297801318	0.00579180566984201	0.0204344692999356
"hsa-miR-423-5p"	1.35323544062158	11.4222834446698	11.2712735955295	0.00078715705679439	0.00368566061171953
"hsa-miR-424-3p"	-0.166901370173134	5.17508008668114	0.069158496163217	0.792565971292095	0.85576627503737
"hsa-miR-424-5p"	-0.577169541174147	7.0380780962191	0.980136818665384	0.32216503017396	0.469199651503354
"hsa-miR-425-3p"	-0.449783975085872	4.56079877421408	0.482942867396681	0.487092333859531	0.626267969514192
"hsa-miR-425-5p"	-0.186066162123532	8.2067081882735	0.185282126846184	0.666872618565678	0.762792652742933
"hsa-miR-429"	6.87071382966433	3.85699125853411	11.6799255763457	0.000631780602291412	0.00307302991988347
"hsa-miR-431-3p"	2.11608620775403	4.42884115256023	7.54359734763134	0.00602236848781603	0.0209528236971933
"hsa-miR-431-5p"	1.45114737322326	6.5168901713546	2.44343931064171	0.118017213019999	0.220621730309774
"hsa-miR-432-5p"	2.48730427766729	5.84612124733129	13.2177168488949	0.000277315223226647	0.00151016224822337
"hsa-miR-4326"	-0.212002487494798	5.03318051790552	0.118226753653548	0.730965732842353	0.808419055527635
"hsa-miR-433-3p"	1.26403013954685	2.95944835103109	1.8243085199197	0.176801276608326	0.298517488179988
"hsa-miR-433-5p"	3.40416429497281	1.82239888631089	7.03299006769742	0.00800216326080116	0.0262031620500744
"hsa-miR-4421"	5.55732197559348	2.04094979459409	12.149010734603	0.000491139087439763	0.0024362443842309
"hsa-miR-450a-5p"	-0.914564508105073	6.42854715696106	2.06150706755045	0.151060704264334	0.269328871304026
"hsa-miR-450b-5p"	-1.27286996238123	7.33553167621503	2.48799212631424	0.11471799474457	0.216066599124171
"hsa-miR-451a"	1.37566147746499	2.04666854310698	1.31642425398993	0.251234794930029	0.393339475812326
"hsa-miR-452-3p"	-0.718374376633916	4.8348701052971	0.822941395151096	0.364321572299708	0.50774841337873
"hsa-miR-452-5p"	-0.0647005489681511	7.03024614448768	0.00893229555324027	0.92470338588498	0.945462033323214
"hsa-miR-4521"	0.545454639787762	5.01673520486993	0.270186997114521	0.603206360649414	0.717829897114861
"hsa-miR-4524a-5p"	1.28965548146475	2.65835304370647	1.65979950865241	0.197630395969685	0.325700093357934
"hsa-miR-454-3p"	-2.17410530152689	7.21416022190026	10.6523303059807	0.00109932309150199	0.00491750775752228
"hsa-miR-454-5p"	-0.982355667333702	4.87929437243023	2.61887934024037	0.105598995586313	0.204266782968119
"hsa-miR-455-3p"	-2.62234670274014	8.1749298311282	12.7381897225166	0.000358264292131872	0.00190947245061774
"hsa-miR-455-5p"	-1.71316344440526	7.76383405822905	5.62953688466218	0.0176602966089338	0.0494290983300326
"hsa-miR-4645-3p"	-1.71646103649838	4.02465645714456	8.20428559396322	0.00417915606306764	0.0159828792946327
"hsa-miR-4661-5p"	-5.22316816315631	2.44320177644851	3.08834481595974	0.0788549814939626	0.160594901335265
"hsa-miR-4662a-5p"	1.29151611426966	3.02772429364387	1.12787717475607	0.288228594670508	0.437583411908862
"hsa-miR-4677-3p"	0.232486212704637	5.67901272320292	0.127565141144704	0.720970063509145	0.800900225760713
"hsa-miR-4746-5p"	-1.96271611737073	2.97176704446486	2.3779869071609	0.12305603092924	0.225902748185272
"hsa-miR-4775"	-0.443078761285838	5.07969676947748	0.296749585823111	0.585927350645718	0.703955881711043
"hsa-miR-483-5p"	-4.46728558402082	1.94091332984072	3.3757354222404	0.0661630448906306	0.142768039473879
"hsa-miR-484"	0.558058559439466	10.4908619981351	1.88090052915942	0.170231832022433	0.293079545853056
"hsa-miR-485-3p"	1.65288281099436	5.2422012213499	6.67281794548259	0.0097894286871321	0.0304627563493986
"hsa-miR-485-5p"	4.17587428251854	5.32623317053198	50.8638743404689	9.8999005107588e-13	6.96915429656604e-11
"hsa-miR-486-5p"	2.09454985904431	8.10662747405135	6.50838353697832	0.0107367065254192	0.033204259069352
"hsa-miR-487a-3p"	1.60111059438566	3.7433596364991	3.77284224843889	0.0520910466566244	0.120822288773004
"hsa-miR-487b-3p"	2.54136279409495	6.94711297137623	13.3018861204431	0.000265139262319664	0.00147594189357946
"hsa-miR-490-3p"	5.95258487128805	1.6151477262518	16.1884854218163	5.73416070514612e-05	0.000445569770797205
"hsa-miR-493-3p"	3.86836642823298	5.6554674407296	21.0694695744419	4.42929310043196e-06	4.5605685528478e-05
"hsa-miR-493-5p"	3.39081856953922	5.14270271188985	24.2446963133457	8.48403814295407e-07	1.08987259221025e-05
"hsa-miR-494-3p"	1.56978076308804	5.77164931393747	5.08817534862753	0.0240895247836823	0.0618915482903838
"hsa-miR-495-3p"	2.01131880710503	5.01689163410779	16.1621577779531	5.81441581634027e-05	0.000445569770797205
"hsa-miR-496"	3.13767865990402	3.22202877384647	14.098907776321	0.000173444466753487	0.00102230209227643
"hsa-miR-497-5p"	-5.62183639370477	8.72304105307533	26.5016322941005	2.63315525181947e-07	4.17938804314518e-06
"hsa-miR-500a-3p"	-0.663543730610211	9.32087276063038	1.59025600205805	0.207289562083529	0.337182047415092
"hsa-miR-500b-3p"	-1.67932333457519	2.75750223219251	2.11638900410779	0.14572978122012	0.26168681143828
"hsa-miR-501-3p"	-0.301745972582744	8.39913353885524	0.155018301244915	0.693785089282625	0.774134364656114
"hsa-miR-501-5p"	-2.65401747131969	4.31231398435611	13.9158891522958	0.000191175504410888	0.0011137084617425
"hsa-miR-502-3p"	-1.24303452533663	5.3957175186432	3.35005317845566	0.0672028423511588	0.143883008623635
"hsa-miR-502-5p"	-5.49921187834529	2.60958666690794	10.0158017154844	0.00155202841758502	0.00646170997969459
"hsa-miR-503-5p"	-1.38589164748177	4.181698178476	2.24481886656227	0.134062606083029	0.244237693263992
"hsa-miR-504-5p"	4.75944180135826	2.51708889248085	7.81159783366948	0.00519119844449452	0.0189838716838814
"hsa-miR-505-3p"	-2.12322223545672	7.65149816956685	14.3467409703206	0.000152042654091982	0.000917751442169676
"hsa-miR-505-5p"	-0.986555413694197	3.44284829458175	2.72794988000798	0.0986057877166938	0.194471985985843
"hsa-miR-515-5p"	-3.93913364811454	1.68579330723339	1.64233240718491	0.200005752755125	0.327460399118686
"hsa-miR-532-3p"	-0.427218519483038	5.98108736159295	0.419220324391897	0.517326343802628	0.656153160114219
"hsa-miR-532-5p"	0.0686456056941925	9.15160613408691	0.0235827062074065	0.877951459524483	0.911924624645558
"hsa-miR-539-3p"	0.602374689695301	5.55925002192481	0.402638602141888	0.525729709480053	0.663452353777094
"hsa-miR-539-5p"	1.64342177506242	2.96798344884133	3.36991670565211	0.0663971121704866	0.142768039473879
"hsa-miR-541-5p"	3.27555454660892	2.1479928840684	11.5298919237594	0.000684859954310834	0.00326776035342598
"hsa-miR-542-3p"	-1.35135577473389	4.87704515043995	2.70856042955006	0.099811024816199	0.194573242929633
"hsa-miR-542-5p"	0.0690713202068562	3.05545713194608	0.00810102436451121	0.928282692634021	0.946480616620387
"hsa-miR-543"	2.03110401680422	4.38421545550637	10.0056434096375	0.00156061258990628	0.00646170997969459
"hsa-miR-548ar-3p"	-4.60832365950036	2.05819402881191	3.20006879868532	0.0736351724567845	0.155005131936341
"hsa-miR-548e-3p"	-0.805566505866994	5.45423445920736	1.65450611879362	0.198346732212039	0.325808894551578
"hsa-miR-548e-5p"	-7.08150861474499	3.88121331659557	32.2131273544273	1.38154165701004e-08	2.76860948064812e-07
"hsa-miR-548h-5p"	-0.492049197234815	2.54578925540836	0.0935875733984268	0.759664901910016	0.833206699068315
"hsa-miR-548k"	-1.48130163805976	6.54681539174776	3.57957760755674	0.0584940228283919	0.131414822587553
"hsa-miR-548n"	-5.99769878980439	2.97898427829245	13.5033457682851	0.000238138481184974	0.00137134918475485
"hsa-miR-548o-3p"	-1.20243757989238	5.07777990895432	2.39611286552823	0.121637161231663	0.225704510285419
"hsa-miR-548s"	-1.25287821325516	2.48577603295214	1.0474345657329	0.306098670082543	0.458125678078337
"hsa-miR-549a"	5.01833698516404	1.6549675231482	11.5118890704819	0.000691524653503494	0.00326843256042689
"hsa-miR-549a-5p"	8.3277592677218	3.09042397056182	75.2037950056696	4.24550286795183e-18	1.06349846842193e-15
"hsa-miR-550a-3p"	-0.167744886153496	3.95579084809995	0.0227876330170069	0.880010636398323	0.911924624645558
"hsa-miR-550a-5p"	-2.14427256428108	3.90509088080953	5.51756536936616	0.0188264426031127	0.0515512138796038
"hsa-miR-551a"	-5.93300107937662	2.92110773957627	5.85901195493179	0.0154974912354846	0.0451409483080103
"hsa-miR-556-5p"	-5.56292373883461	2.65763465035836	7.87726261848612	0.00500601978363552	0.0184412934676573
"hsa-miR-561-5p"	-4.07618577729904	6.97005371864235	14.465339322082	0.000142762441594322	0.00089404979048444
"hsa-miR-5690"	-5.25041516462391	2.43829107404937	8.361506845499	0.0038325262991832	0.0147699667376214
"hsa-miR-574-3p"	0.342399018220917	9.41819510049852	0.482663931970389	0.487218136327679	0.626267969514192
"hsa-miR-574-5p"	-0.467363384279576	3.97339750001143	0.301028224023284	0.583238533614546	0.702409868607903
"hsa-miR-576-3p"	-2.24325313451435	3.12457297342922	6.82195824447966	0.00900437818333344	0.0287337163684717
"hsa-miR-576-5p"	-1.60332793120414	5.40701339646866	5.80518734049267	0.0159789653404643	0.0460084002044403
"hsa-miR-582-3p"	-5.45582144045936	7.50829012753605	25.0092213562979	5.70567793043756e-07	7.79419782166253e-06
"hsa-miR-582-5p"	-3.5678453207022	6.5991957684116	12.4360295354786	0.00042113010809413	0.00217511530056865
"hsa-miR-584-5p"	-1.52272440258763	7.54440657374196	5.32408166081314	0.021032689337078	0.0557533193538418
"hsa-miR-589-3p"	-2.18525796897965	5.7828160577988	10.1652327810358	0.00143113844645685	0.00623478575369463
"hsa-miR-589-5p"	-0.124707517351999	7.74656666815912	0.0346625983207378	0.852304437350512	0.899358132808587
"hsa-miR-590-3p"	-2.97620574943939	5.8722291145684	13.3442616813069	0.000259214593916059	0.00145917428710051
"hsa-miR-598-3p"	-8.09694688131165	4.80290706004259	35.0243057507024	3.25615356809394e-09	7.4151497164321e-08
"hsa-miR-615-3p"	4.68623590706749	2.26338685255958	10.1917553151762	0.00141069964995706	0.0061996537248113
"hsa-miR-616-5p"	0.799694666741029	3.2990712249596	0.78827187627739	0.374623184171809	0.518470207928387
"hsa-miR-624-5p"	-2.2719682549525	3.15508420712677	6.75930254331938	0.00932602044324385	0.0294755608450817
"hsa-miR-625-3p"	1.62397439244944	5.93990886833442	4.87179840704607	0.0272990367622415	0.0694254691263096
"hsa-miR-625-5p"	1.01638757323759	5.27166695237959	2.78810481722775	0.094966480420083	0.188802407501832
"hsa-miR-628-3p"	-0.487158165200144	3.13581014465977	0.267404560087723	0.605078153034188	0.718351077417366
"hsa-miR-628-5p"	-0.734935966740162	3.88391114398472	1.24382961968783	0.264734267191299	0.407592784353295
"hsa-miR-629-3p"	-2.11288632677298	3.0316568326968	5.7883739105292	0.0161325047504734	0.0461406191569804
"hsa-miR-629-5p"	0.0156575487151262	5.06058475596576	0.000317504183888317	0.985783528899792	0.985783528899792
"hsa-miR-641"	-0.689998752053225	4.49900110711053	1.01742178618136	0.313131350287883	0.461408254394793
"hsa-miR-6511a-3p"	-0.775370737609769	2.8397748181197	0.762169685170896	0.382650377023618	0.522364683620798
"hsa-miR-652-3p"	0.311128314069961	6.2365278233989	0.230699127431034	0.631005919934917	0.73652616579916
"hsa-miR-652-5p"	-1.4414291182309	3.31165997335622	3.48903951238313	0.0617764175774759	0.133992309708407
"hsa-miR-654-3p"	1.8106074112001	9.92333765904479	5.5248675143005	0.0187480226526781	0.0515512138796038
"hsa-miR-654-5p"	4.08816783284512	3.83312837582666	35.2110373387627	2.95842081536603e-09	7.05794680237324e-08
"hsa-miR-655-3p"	1.16418878663367	2.72681825671237	0.858190809148715	0.354245476475926	0.497530264142937
"hsa-miR-656-3p"	2.20228206154711	4.14359246620803	8.12391418470949	0.00436851396129449	0.0165804961712768
"hsa-miR-660-5p"	-0.397228524057329	8.18629024380036	0.696559278263348	0.40394224740872	0.54188522867242
"hsa-miR-664a-3p"	0.194704029449855	4.69454411584818	0.0907998258688352	0.763162794620563	0.834813450010704
"hsa-miR-665"	2.74474810179372	5.08607942294587	12.1932619803549	0.000479624408914831	0.00242719019056899
"hsa-miR-668-3p"	4.30761310485504	2.33503884608243	23.0560400875593	1.57347412209771e-06	1.93801812035242e-05
"hsa-miR-671-3p"	0.933491071606089	7.62125438232904	6.7538580986176	0.00935451931011576	0.0294755608450817
"hsa-miR-671-5p"	-1.20704532427001	5.54206987340891	5.15139715210004	0.0232276765660697	0.0599848760804172
"hsa-miR-6716-3p"	-0.499596773902095	3.07677479141524	0.317029348427544	0.573398390781084	0.701166626785761
"hsa-miR-7-1-3p"	0.038187644566873	4.18421515326012	0.00561163012896237	0.940285672009848	0.955543857356864
"hsa-miR-7-5p"	-1.11546690871829	5.41958197653601	1.80703558888251	0.178864248392014	0.300708014914091
"hsa-miR-708-3p"	5.28333667735672	3.25940845718037	9.39566685775147	0.00217498877921065	0.00864816966971855
"hsa-miR-708-5p"	5.03893256970342	3.1844358898659	7.75517851679005	0.00535587474051354	0.0193083167345389
"hsa-miR-744-3p"	-0.226350728473284	4.02553341312207	0.125749268698175	0.72288070952181	0.80124609617351
"hsa-miR-744-5p"	-0.126023110419845	8.42352797179957	0.0809504778487864	0.776013461263923	0.845179878463533
"hsa-miR-758-3p"	0.94654039117505	6.27880109980376	0.916904393988238	0.338289092221321	0.485624169635765
"hsa-miR-760"	-5.55310840929447	2.64893839160737	13.1908001559161	0.000281326755453419	0.00151553445679745
"hsa-miR-766-3p"	-1.61744874660586	4.85720803939046	6.72693660891954	0.00949675617912575	0.0297367177858875
"hsa-miR-769-3p"	-1.98127902798415	2.95504869040326	3.96113103829272	0.0465624077980862	0.110036633522836
"hsa-miR-769-5p"	-0.754396143706406	10.2180527226578	3.27601215257292	0.0702995505380069	0.149237605167548
"hsa-miR-7705"	-2.39943023014126	3.29269148805584	8.08958478778935	0.00445203607366526	0.0167704516759872
"hsa-miR-7706"	-1.51072555905742	5.73244226410157	7.37782162687595	0.00660331050477747	0.0225051602917926
"hsa-miR-7974"	-1.20097579130105	6.6657559291749	1.37363484182404	0.241188348038887	0.378794239396497
"hsa-miR-7976"	-2.04937378794443	3.85368219080837	3.07807562014472	0.0793543662459425	0.16095764165675
"hsa-miR-7977"	1.19464063970894	2.47133181654137	1.67997189674436	0.194928186816728	0.32245468005858
"hsa-miR-873-3p"	5.95258487128805	1.6151477262518	16.1884854218163	5.73416070514612e-05	0.000445569770797205
"hsa-miR-874-3p"	-3.29476140623379	7.88800655503857	7.29798275420592	0.00690320713766914	0.0232114548722969
"hsa-miR-874-5p"	-7.36473872625543	4.13162583919409	25.9600438237944	3.48557254971817e-07	5.13609366884942e-06
"hsa-miR-877-3p"	1.03640639682234	2.18377166018673	1.04233856038656	0.30727820771001	0.458125678078337
"hsa-miR-877-5p"	-0.722632629907369	6.55614685768112	2.60419261426431	0.106581425033299	0.204981505919906
"hsa-miR-887-3p"	-1.96935643461901	7.24118162915067	14.3659172753716	0.000150501954552316	0.000917751442169676
"hsa-miR-887-5p"	-2.99298101849845	4.61949599263802	13.3717606012688	0.00025544144862436	0.00145427461091823
"hsa-miR-889-3p"	0.614421113154985	6.4765621023072	0.558612244123131	0.454819931470357	0.596504674520023
"hsa-miR-9-5p"	5.5876835654011	4.53951445466126	77.6710220448741	1.21713972300222e-18	6.09787001224113e-16
"hsa-miR-92a-1-5p"	-1.97568046563461	4.27764511124475	6.30092184091828	0.012067520242294	0.036864802691398
"hsa-miR-92a-3p"	0.464377481280382	15.3081410321384	1.1787458069922	0.277611472274647	0.424034596370726
"hsa-miR-92b-3p"	0.937547093661657	12.019069185077	2.71725767169508	0.09926843201318	0.194471985985843
"hsa-miR-92b-5p"	-5.35619549358534	2.50720339642495	7.09571381584827	0.00772685117412856	0.0254681081463053
"hsa-miR-93-3p"	0.010022757240763	5.5236804380228	0.000625022741491676	0.980054600824513	0.982014710026162
"hsa-miR-93-5p"	-0.348749241568108	10.1711742358082	0.476269936463513	0.490116757831414	0.626267969514192
"hsa-miR-935"	-0.255611914591927	7.15496684918548	0.235737024551256	0.627302158313459	0.736014944531717
"hsa-miR-937-3p"	-5.73456595874053	2.78486428094952	14.5208681637419	0.000138615512953912	0.000879067999872277
"hsa-miR-940"	-0.253193224940307	5.16401953750843	0.159075595991265	0.690009022701415	0.774134364656114
"hsa-miR-941"	-0.116391130516256	8.38420200430875	0.0244862316772831	0.875654075086137	0.911924624645558
"hsa-miR-941-3-5p"	-0.121637522011741	6.09309221687003	0.0272468552343508	0.868891864955122	0.908799215746381
"hsa-miR-942-5p"	-1.3726209268546	4.14951527250389	3.52478571597701	0.0604576398396415	0.133748706282718
"hsa-miR-96-5p"	5.9368590856428	3.80963705780524	22.0519601764688	2.65368549780392e-06	2.97155696513075e-05
"hsa-miR-98-3p"	-0.4253989163	5.17610879112986	0.30689685286918	0.57959067252488	0.701166626785761
"hsa-miR-98-5p"	-0.95289140732236	11.5973852905106	3.8968979291862	0.0483753515651292	0.113095139704927
"hsa-miR-99a-3p"	-1.76477726024616	4.69085577391043	5.262481897366	0.0217899241282985	0.0568580832722788
"hsa-miR-99a-5p"	-3.382801249296	9.58657754281998	18.324894393363	1.86257292378304e-05	0.000169663460875509
"hsa-miR-99b-3p"	-1.49317529469738	6.92935325580568	10.2075701626662	0.00139865331508735	0.0061996537248113
"hsa-miR-99b-5p"	-0.75312664204715	14.8013303029159	0.782602803113775	0.376346290300939	0.518473333158549
