"logFC"	"logCPM"	"LR"	"PValue"	"FDR2"
"hsa-let-7a-2-3p"	-6.82967116239469	3.5661931450943	26.5403321368192	2.58093082725382e-07	7.57793335124309e-07
"hsa-let-7a-3p"	-1.3508899355579	6.75932202262049	5.54640844217097	0.0185186481281283	0.0260968845379099
"hsa-let-7a-5p"	-0.441984265471141	15.1699810511183	2.26511257832294	0.132316596548924	0.161353655143201
"hsa-let-7b-3p"	-1.27040229493	6.82059938567714	11.0443088191789	0.000889598628259411	0.00152636396217141
"hsa-let-7b-5p"	-0.561534004190399	12.1248304250219	2.01737646414993	0.155507620304002	0.186380456687885
"hsa-let-7c-3p"	-6.25966983502993	3.10475445112222	20.0970705713091	7.36093356849455e-06	1.79079428606658e-05
"hsa-let-7c-5p"	-5.38617061197449	10.2943895807961	66.5700065168391	3.37685337227182e-16	2.7070185230179e-15
"hsa-let-7d-3p"	-0.106784534778038	7.53771464041053	0.114148306150097	0.73546988939081	0.765201650876821
"hsa-let-7d-5p"	0.157831906960371	10.3367136290319	0.293998815396411	0.587669317484282	0.627446061680816
"hsa-let-7e-3p"	-4.16740104938474	4.53715681466731	34.9111274875283	3.45102926017492e-09	1.28820863223323e-08
"hsa-let-7e-5p"	-3.9875863419302	11.4186177678031	90.5702632041341	1.78523353130238e-21	2.35940323461315e-20
"hsa-let-7f-1-3p"	-1.43226293930106	4.96349582353529	11.5463534184774	0.00067882266873946	0.00120269668483187
"hsa-let-7f-2-3p"	-0.863372755346538	5.02034697853224	2.18069799594291	0.139751068527498	0.169573877195897
"hsa-let-7f-5p"	0.673861597625916	14.79494358781	6.52964265225592	0.0106091268670202	0.0157685806625315
"hsa-let-7g-3p"	2.91762465693647	4.67306222781612	44.3575411868262	2.73556196458029e-11	1.27399028636168e-10
"hsa-let-7g-5p"	3.359533141879	13.9477143163443	163.622908574656	1.82868960352569e-37	4.41995185112013e-36
"hsa-let-7i-3p"	2.4492421331604	6.72472297284921	46.0761951128094	1.13742120890702e-11	5.61817142581345e-11
"hsa-let-7i-5p"	-0.434384931430381	13.8138877524395	2.14328065724531	0.143195380086185	0.173323120945903
"hsa-miR-100-3p"	-10.9586144681577	7.43728860649361	143.176906908453	5.37713850198064e-33	1.09559196977855e-31
"hsa-miR-100-5p"	-8.67898636749263	16.5540828706703	52.5601290084345	4.17275088946925e-13	2.37264556389589e-12
"hsa-miR-101-3p"	3.48178627230153	12.6818499640407	75.0247527719039	4.6484944111736e-18	4.83641227034871e-17
"hsa-miR-101-5p"	3.26585332332363	4.72585899593154	43.5796327538207	4.0705352217856e-11	1.87782238061619e-10
"hsa-miR-103a-3p"	0.211217212856915	12.2676815124943	0.663082991911981	0.415473636565034	0.457582451081761
"hsa-miR-106a-5p"	6.93276949219021	2.89038112687895	77.8256877060064	1.12546942049842e-18	1.2508057877812e-17
"hsa-miR-106b-3p"	1.5987134897556	8.30886033923836	27.9354220239455	1.25432395590339e-07	3.90677970978826e-07
"hsa-miR-106b-5p"	0.732999248182216	8.42726482224229	4.20325729948881	0.0403464105616674	0.05361248577352
"hsa-miR-107"	-1.36681870304608	5.14009218018609	7.33157441803246	0.00677536801328107	0.0103536092452951
"hsa-miR-10a-3p"	-3.26088011996093	4.33280798378141	9.36240952674642	0.002214807956396	0.00364660299891463
"hsa-miR-10a-5p"	-2.02284407279741	14.1300370773254	9.27775441854283	0.00231953619028941	0.00379348895334958
"hsa-miR-10b-3p"	-5.01032072802957	2.21224535775076	4.87251318817513	0.0272877323659231	0.0374823065363382
"hsa-miR-10b-5p"	-10.5508362077828	13.3177113612772	13.0570198443786	0.000302149813513139	0.000577153354718457
"hsa-miR-1180-3p"	-6.41378769887269	4.90232800353576	61.9723333997619	3.48316873457779e-15	2.54219330031125e-14
"hsa-miR-1185-1-3p"	-7.49014469417232	4.1358469651837	24.4979162281222	7.43902463508628e-07	2.02093502586511e-06
"hsa-miR-1185-5p"	-5.99725089440652	2.9005949729868	11.327098595535	0.000763841539454865	0.00132924737648907
"hsa-miR-1197"	-6.37780278192656	3.19660219573773	14.5910301314385	0.000133548721734691	0.000273244037356754
"hsa-miR-1226-3p"	-0.841320290908317	3.2065185844858	1.11210160425	0.291625562303692	0.330103935107651
"hsa-miR-1248"	4.25983602564893	2.65236542539604	24.5570291380877	7.21426922235256e-07	1.98189755602832e-06
"hsa-miR-1249-3p"	-1.26239310355917	3.83177193097519	5.6879847041666	0.0170814602780361	0.0243522859357424
"hsa-miR-1254"	-1.67996657874824	2.50361679724722	2.39621078344256	0.121629545805374	0.149064781701323
"hsa-miR-1255a"	-1.65926458781547	2.64259970639496	2.79625500274053	0.0944847630255787	0.118469356716687
"hsa-miR-1257"	-5.33815247950348	2.42833166654578	4.24916595277879	0.0392696120351188	0.0523238154909349
"hsa-miR-125a-3p"	-2.74569270744693	5.465222641257	31.6830199047256	1.81502195053186e-08	6.43149082471073e-08
"hsa-miR-125a-5p"	0.698685251812514	13.2672796897647	4.76530345853726	0.0290389397586136	0.0396649205082738
"hsa-miR-125b-1-3p"	-10.6062012537193	8.87609056277402	168.208331607965	1.82178283128489e-38	4.68869370788584e-37
"hsa-miR-125b-2-3p"	-4.86987424620111	7.86069357710665	86.2711614813518	1.56879663684589e-20	1.96702962927601e-19
"hsa-miR-125b-5p"	-4.07948741798656	12.1999586913356	42.4898326010268	7.1050604639708e-11	3.13006717737092e-10
"hsa-miR-126-3p"	-11.3709785025598	13.7841225216461	336.209154334561	4.27034316206444e-75	5.22049451562378e-73
"hsa-miR-126-5p"	-10.5096482201031	15.4471913572968	78.7536106883505	7.03600171709797e-19	8.00140660386257e-18
"hsa-miR-1260a"	0.935938278237671	4.68259093925695	5.6512024287604	0.0174434072475453	0.0247241337508686
"hsa-miR-1260b"	0.174709891650765	3.44866804062124	0.0833240211770523	0.772842337041802	0.800677760197969
"hsa-miR-1262"	-5.99437870687488	2.90132937028112	19.8319110032669	8.45591419372145e-06	2.01917545717634e-05
"hsa-miR-127-3p"	-8.27225094664066	11.191519267479	92.341962318024	7.29215792830585e-22	9.90518118594878e-21
"hsa-miR-127-5p"	-7.28895714195253	3.95928860576101	32.8571021810964	9.9188034397689e-09	3.56639329562279e-08
"hsa-miR-1271-3p"	-1.7907319571982	1.53358002585566	0.619485923863419	0.431238384007591	0.471757426800251
"hsa-miR-1271-5p"	-0.0696263897269013	7.17379410748612	0.00977564358541905	0.921240016346591	0.926926683114163
"hsa-miR-1273h-3p"	7.07328132239324	2.30938837976539	58.6666501458025	1.86780781764617e-14	1.20178687214339e-13
"hsa-miR-1277-5p"	-2.84743482149993	3.17278402555747	4.89155287583629	0.0269884011265989	0.0371755722560756
"hsa-miR-128-1-5p"	-1.07167601102915	4.36317885498145	5.68914972236331	0.01707012363006	0.0243522859357424
"hsa-miR-128-3p"	0.0407777391672848	9.64460198457926	0.0202650227926977	0.88679939214169	0.899842004347519
"hsa-miR-1285-3p"	-3.24763077893893	5.62377692354258	26.7508656858558	2.31448020233349e-07	6.94344060700046e-07
"hsa-miR-1294"	-2.09318312778645	2.35528466866147	2.90558178742057	0.0882733966066111	0.111251780774827
"hsa-miR-1296-5p"	-4.55466822867209	6.17669738849197	47.0730472328222	6.83897155308029e-12	3.44768772108893e-11
"hsa-miR-1301-3p"	-0.816581808797748	5.8734505118219	3.06752689321454	0.0798708938741258	0.1014464080635
"hsa-miR-1304-3p"	-4.0408607900089	7.08428719525009	67.7820656771915	1.82602876783691e-16	1.53953115081422e-15
"hsa-miR-1304-5p"	-3.88204649808499	3.17103948659048	15.6358675092875	7.67842584770295e-05	0.000161148078949645
"hsa-miR-1306-5p"	-0.454352561298888	3.3703357495232	0.831477784191242	0.361845560118007	0.402141997494785
"hsa-miR-1307-3p"	-1.00590630164805	8.12183859591663	9.6869386815853	0.00185582474539599	0.00308672891326067
"hsa-miR-1307-5p"	-1.68759010825172	9.658717760049	5.96496723216616	0.0145928717765426	0.0213650128704471
"hsa-miR-130a-3p"	-6.07784566360595	9.98528095188844	170.027022549953	7.29901902907721e-39	1.98290016956598e-37
"hsa-miR-130b-3p"	-2.66376208874198	9.60009785349667	59.1727354971413	1.44421049460827e-14	9.41625242484591e-14
"hsa-miR-130b-5p"	-3.32255884406103	7.87309194867678	51.613477754337	6.75760900349299e-13	3.75508045762281e-12
"hsa-miR-132-3p"	0.602900697087514	5.77214062006929	2.6185307756484	0.105622196520046	0.131423038418073
"hsa-miR-132-5p"	1.6984594743647	2.91665689661698	6.70390910978197	0.00962017684504707	0.0143422758452074
"hsa-miR-133a-3p"	-1.49987298270439	2.25090872011177	0.987857867340258	0.320266494602553	0.358376008834436
"hsa-miR-134-5p"	-6.42618432298722	4.80902959432214	36.0545629117802	1.91868974022919e-09	7.44634351565139e-09
"hsa-miR-1343-3p"	-3.2353497397064	2.70259218091384	6.73861399688223	0.00943478982071404	0.0141089058786825
"hsa-miR-136-3p"	-7.99119929509237	7.54993654626333	39.0853679532288	4.05672999477737e-10	1.66700921634129e-09
"hsa-miR-136-5p"	-5.68576128874383	4.23499258210473	24.7352288013267	6.5770928050846e-07	1.82738544413998e-06
"hsa-miR-137"	-9.05680884478343	5.58508662460306	52.2020983702787	5.00726001198638e-13	2.81442545501304e-12
"hsa-miR-138-1-3p"	-4.20813244488056	1.80575143053594	2.73059180075422	0.0984428007159127	0.122802371301228
"hsa-miR-138-5p"	-6.65953507118464	7.34456126132292	17.3930920706923	3.03928566032652e-05	6.63486914240924e-05
"hsa-miR-139-5p"	-4.54073490807813	5.04183262901295	10.8988399051576	0.000962245053355705	0.00163950463794753
"hsa-miR-140-3p"	3.0528540303843	11.4886408737326	172.256775829081	2.37838785224683e-39	6.84136270440412e-38
"hsa-miR-140-5p"	2.08459996293827	6.09239065402968	19.9865685648931	7.79880538819444e-06	1.8786284900626e-05
"hsa-miR-141-3p"	8.79339520939012	7.00197084210341	200.04327034878	2.04356917926099e-45	8.32754440548852e-44
"hsa-miR-142-3p"	15.5134108581444	11.2719707074455	330.7906611765	6.46518436043699e-74	5.26912525375614e-72
"hsa-miR-142-5p"	15.3164640336309	14.3881080451206	147.106828052431	7.43666360140707e-34	1.58109934829916e-32
"hsa-miR-143-3p"	-2.99052238712367	6.64497136654054	11.9780715705856	0.000538302625668857	0.000978550126215878
"hsa-miR-145-5p"	-5.1331466659427	2.30244479719414	9.52654268337125	0.00202521277566301	0.00334570624087572
"hsa-miR-1468-5p"	3.18983938477891	3.52105995773097	31.0724599439307	2.48573306440386e-08	8.50016411533907e-08
"hsa-miR-146a-3p"	0.293827588259628	3.0671817975138	0.042676386803528	0.836335819739152	0.857375714575357
"hsa-miR-146a-5p"	3.87456287548287	9.68791499061654	23.1384885787736	1.50742928546218e-06	3.98450227346489e-06
"hsa-miR-146b-3p"	9.63046362283128	7.86691401150564	354.475551985543	4.49305947521433e-79	7.32368694459937e-77
"hsa-miR-146b-5p"	7.98464919775313	10.8080816469066	62.4112710291114	2.78723484672935e-15	2.06508763644038e-14
"hsa-miR-148a-3p"	3.12664676057177	10.3428491526386	14.2760170772594	0.000157863487029176	0.000318988616352344
"hsa-miR-148a-5p"	2.17012872003685	4.17280568118443	5.80470750915466	0.0159833261911151	0.0231238062350748
"hsa-miR-148b-3p"	-1.26075876553629	10.4823384671851	19.622519308018	9.43505748391415e-06	2.2288614056203e-05
"hsa-miR-148b-5p"	-1.37148590077653	7.25528007593111	13.856035498322	0.000197361835067423	0.000392316818487681
"hsa-miR-149-5p"	-6.33009832019707	7.86761484584724	56.2180286495741	6.4864034715595e-14	3.96481412199075e-13
"hsa-miR-150-3p"	11.9846553616051	6.86183057315813	335.537699508825	5.97996851543729e-75	5.84840920809767e-73
"hsa-miR-150-5p"	14.2768971213607	17.1721868851382	442.092387912173	3.79371231950532e-98	1.8551253242381e-95
"hsa-miR-151a-3p"	-2.96017470607358	12.9126170053881	74.2253063700911	6.96911518633847e-18	6.95489250228472e-17
"hsa-miR-151a-5p"	-2.56336597685627	13.1402712445475	50.5501825839495	1.1615638260223e-12	6.31116345472118e-12
"hsa-miR-151b"	2.31761575520672	4.18099347163089	31.3472297712902	2.15766343600647e-08	7.53641014433687e-08
"hsa-miR-152-3p"	-1.47973491212161	6.38513962289042	14.3014329250993	0.000155746276270709	0.000316016303304468
"hsa-miR-152-5p"	-5.78602074840551	4.22956816588946	46.2541283377565	1.03867462899917e-11	5.18277442429178e-11
"hsa-miR-153-3p"	5.98078855218272	3.10546101309258	40.2773861109984	2.20344792975678e-10	9.28867273837124e-10
"hsa-miR-155-5p"	0.438111790482274	10.8120778589754	1.62956731085821	0.201762905981752	0.235470312709013
"hsa-miR-15a-5p"	3.07957516558992	10.0656265175467	104.50103244808	1.57111521861002e-24	2.4783075545171e-23
"hsa-miR-15b-3p"	-0.87669959156939	7.04800132594061	4.39545628118546	0.0360348160751119	0.0485427687623408
"hsa-miR-15b-5p"	1.07031512904977	8.71995008435478	9.67766467435998	0.00186521556671357	0.00309183190550148
"hsa-miR-16-2-3p"	2.19989998609483	7.08812464747229	48.4175359116805	3.44474001256846e-12	1.79199772994253e-11
"hsa-miR-16-5p"	2.15025960834447	13.0095597556435	31.2979824867573	2.21309506165502e-08	7.67520202233549e-08
"hsa-miR-17-3p"	0.356388076694087	7.219724549789	0.687091407790806	0.407155466179897	0.449433460410767
"hsa-miR-17-5p"	-0.42696335740742	9.30195299633028	1.12146198387287	0.289603868686624	0.328576083034244
"hsa-miR-181a-2-3p"	-1.99851541496033	8.5151974344513	25.2820258149856	4.95302884918309e-07	1.40001798106967e-06
"hsa-miR-181a-3p"	-1.15144291093735	9.55892729520202	14.4102086543904	0.000147003226681065	0.00029951907436267
"hsa-miR-181a-5p"	1.06355094881717	14.3905583982681	8.3383043244944	0.00388178110616915	0.00612002001492914
"hsa-miR-181b-2-3p"	-3.23679011125179	2.2615851882641	4.68884097336	0.0303591188713709	0.0411235709919678
"hsa-miR-181b-3p"	-4.01455078126216	5.13917646989789	26.2994675167245	2.92369274085997e-07	8.51003422786026e-07
"hsa-miR-181b-5p"	-1.83288767380842	11.9106902855436	26.6101881561875	2.48927616728894e-07	7.37730936851087e-07
"hsa-miR-181c-3p"	-0.988210544340972	6.60033249776579	5.38615178670139	0.0202971851294873	0.0282772750094566
"hsa-miR-181c-5p"	2.18664328571419	9.32032440753059	34.0709870165872	5.31376793081583e-09	1.93912874490219e-08
"hsa-miR-181d-5p"	-0.243166644075282	6.34394953768915	0.350267866567931	0.553961536468118	0.592750965717527
"hsa-miR-182-5p"	-1.31988919943651	5.3884431154934	3.72649801619443	0.0535555678955977	0.0702109187692956
"hsa-miR-183-5p"	-3.6120631143345	3.16160594098393	8.88315238930754	0.0028781415642919	0.00461446303258603
"hsa-miR-185-3p"	-0.931806237518706	3.29096821207439	3.0870174092122	0.0789193415549938	0.100498849011437
"hsa-miR-185-5p"	-0.496657162953729	6.70356118792453	0.59728241519686	0.439616790356195	0.478780869675232
"hsa-miR-186-5p"	1.47620145153419	13.0910171187744	35.5490183192524	2.48712357220601e-09	9.50158927194329e-09
"hsa-miR-187-3p"	-5.10387770086753	2.28345600188784	9.08037550670229	0.00258366992083568	0.0041834920241346
"hsa-miR-188-5p"	-4.69084354452642	4.48042031837628	36.966604208789	1.20169961089277e-09	4.85645545228567e-09
"hsa-miR-18a-3p"	-1.57199383986302	5.34193804113402	11.8440148346697	0.000578469709690152	0.00104380696693168
"hsa-miR-18a-5p"	-1.74819990408857	6.75221904563972	11.5687019309194	0.000670712242662501	0.00119700104621154
"hsa-miR-1908-3p"	-5.28254163921428	2.39970885547104	11.2414960754118	0.000799886547703769	0.00138703731144377
"hsa-miR-1908-5p"	-6.26879259796134	3.11002704592518	21.3977930531055	3.73200520903352e-06	9.21692195564339e-06
"hsa-miR-190a-5p"	-1.25904557712869	2.63116919024919	2.00712468324489	0.156561800837121	0.187185135964186
"hsa-miR-191-3p"	-1.449135700009	4.06494158927921	6.21355857250706	0.0126775531843514	0.018785828809539
"hsa-miR-191-5p"	-0.61142996309403	13.7375469191545	3.36716454725712	0.0665081301596666	0.0862665136553766
"hsa-miR-1910-5p"	-8.44839591280944	5.01004720144021	60.0477015434154	9.25860593505855e-15	6.28813653089393e-14
"hsa-miR-192-5p"	4.58029827536247	11.1423598966677	173.709261120668	1.1457151915636e-39	3.50159205421624e-38
"hsa-miR-193a-3p"	-7.87219310287328	9.89157367998429	84.8755743830431	3.17744237242904e-20	3.8844233002945e-19
"hsa-miR-193a-5p"	-4.63984778495037	6.88871064257161	53.953254706637	2.05316634039336e-13	1.18117451817924e-12
"hsa-miR-193b-3p"	-3.11139388536083	8.01168345854398	34.9352358612397	3.40856228583547e-09	1.28214381367196e-08
"hsa-miR-193b-5p"	-2.13013853358586	2.40125537454067	4.09441584140012	0.043025095313847	0.0568628962391112
"hsa-miR-194-5p"	4.60687184240124	6.20412963482713	195.322778096032	2.19061244772458e-44	8.24007297644091e-43
"hsa-miR-195-3p"	-5.48619737404727	4.5306924980007	47.9643668992951	4.34035994295543e-12	2.21087084594292e-11
"hsa-miR-195-5p"	-4.64136650922429	7.70084881640547	82.7895632990911	9.12706103253416e-20	1.08856898656322e-18
"hsa-miR-196b-5p"	-4.63395927045853	4.35481851894658	5.514157423261	0.0188631574823977	0.0265059885313002
"hsa-miR-197-3p"	0.971572124264372	9.70852238601078	8.12723114593727	0.00436052890742258	0.00683429049913347
"hsa-miR-1976"	4.17861619477621	2.40561875012866	26.7264717067444	2.3438836051659e-07	6.98877489589099e-07
"hsa-miR-199a-3p"	-2.19736737225396	8.16068403784007	3.11535421610699	0.0775576139307574	0.0990226454625074
"hsa-miR-199a-5p"	-2.71010618214481	5.25669223566878	6.17317671092236	0.012970150684938	0.0191613404378691
"hsa-miR-199b-3p"	-2.15404949264725	6.83519232328453	2.91505305769902	0.0877565263442655	0.110886153442754
"hsa-miR-199b-5p"	0.637160072156777	5.380040124279	0.249997348438921	0.617076944503598	0.654556672152406
"hsa-miR-19a-3p"	0.908868515911723	8.32011628309895	4.13310284442944	0.0420521790034323	0.0557276843704022
"hsa-miR-19a-5p"	-0.726904404566685	2.94525636476239	0.620982186024943	0.430682533555698	0.471757426800251
"hsa-miR-19b-3p"	2.55831556186696	10.3272291869255	40.3575203395655	2.11489796447045e-10	8.99291395326999e-10
"hsa-miR-200b-3p"	1.51875915597026	3.62044635699216	12.2656988718454	0.000461360403380642	0.000854565292625508
"hsa-miR-200c-3p"	5.07456680079653	3.3722272440082	59.6723754817867	1.12038181689233e-14	7.5050234035664e-14
"hsa-miR-204-5p"	-10.4174627006656	8.79476574083529	73.1470337510856	1.20342294217222e-17	1.15387023278866e-16
"hsa-miR-205-5p"	0.207506077212985	2.71247207500383	0.0305308786645853	0.861291106257758	0.88111161288712
"hsa-miR-20a-3p"	0.699055440272543	3.37882911433048	1.38514482884396	0.239226736058235	0.27720823206748
"hsa-miR-20a-5p"	0.630858992772068	9.57581097633443	2.21949297924652	0.136277807499983	0.165770765839532
"hsa-miR-20b-5p"	6.73076750470592	3.51204694364233	76.6430109079801	2.04829684434251e-18	2.22581590418552e-17
"hsa-miR-21-3p"	-2.02233103084207	12.2119829411497	22.6383838174789	1.95538835387837e-06	5.00620369134306e-06
"hsa-miR-21-5p"	-0.70856593963051	16.2301349315876	2.74036251493635	0.0978425683193419	0.122365769586082
"hsa-miR-210-3p"	-1.32918115098334	6.5606674447475	5.31598122270999	0.0211306906208325	0.0292716932396235
"hsa-miR-210-5p"	-2.4810733535747	3.296782470812	7.09304746004767	0.00773835509234683	0.0117153425391876
"hsa-miR-2110"	0.256366093312102	3.49370582975106	0.269219960331798	0.603855510003045	0.641924661720628
"hsa-miR-2110-3p"	1.32047247110213	4.3887522529873	5.95576627585125	0.0146692254420193	0.0214126902720819
"hsa-miR-2116-3p"	-6.82922777926331	3.5653914416791	28.1272945747761	1.13592502496681e-07	3.6069307610959e-07
"hsa-miR-212-5p"	0.313953337788786	2.95185830662033	0.204455360955983	0.651148388747699	0.684756047521774
"hsa-miR-214-3p"	-4.18826623008679	3.44672008961258	5.74431917328172	0.0165420658378141	0.0237216134741674
"hsa-miR-214-5p"	-5.08201539946136	2.27551269164864	5.85295245354075	0.0155509399100405	0.0225650136973584
"hsa-miR-215-5p"	1.51800962999349	3.90762666783953	10.1561005307227	0.00143824512224245	0.00240856803005671
"hsa-miR-216a-3p"	-10.6041931640812	7.08766767389977	54.6436362801362	1.44491445054929e-13	8.51280923275422e-13
"hsa-miR-216a-5p"	-10.1559378957008	6.64832424099729	67.8187943053654	1.79232887436047e-16	1.53762950800398e-15
"hsa-miR-217"	-10.2273062236457	6.71778574761252	44.4598032791478	2.59633616956899e-11	1.22077729511465e-10
"hsa-miR-218-1-3p"	-7.33843118444374	4.00152014163868	26.9630609504914	2.0738104521404e-07	6.29871621799166e-07
"hsa-miR-218-5p"	-9.54796532676414	6.05661107422366	36.456179638777	1.56137315779515e-09	6.15735059807926e-09
"hsa-miR-219a-1-3p"	-0.957322361366028	2.53631608119188	1.50168434367035	0.220412379924381	0.256622985197672
"hsa-miR-22-3p"	-2.60039502367299	16.4050965976929	45.4926544498129	1.53212343805278e-11	7.41790456641394e-11
"hsa-miR-22-5p"	-1.08682174302231	6.3812420651946	8.55542190077223	0.00344494654620208	0.00548722756056293
"hsa-miR-221-3p"	-1.76259717664069	13.1381564768217	17.6598011164763	2.64150564334527e-05	5.89012980450316e-05
"hsa-miR-221-5p"	-2.57932526679191	9.29276612341927	22.465379016753	2.13965477593329e-06	5.42119785197605e-06
"hsa-miR-222-3p"	-3.73055034271047	13.8137708366127	75.7366768086046	3.24130766551976e-18	3.44565097486774e-17
"hsa-miR-222-5p"	-4.15213390831486	6.68163098676399	40.9892240454209	1.53070878457424e-10	6.56593504962109e-10
"hsa-miR-223-3p"	9.09844404323054	5.09413970312352	220.025160490218	8.93090455488893e-50	3.97019302485517e-48
"hsa-miR-224-5p"	-11.8410603485483	8.3112174692826	79.4850702167031	4.85883088696909e-19	5.6570673898283e-18
"hsa-miR-2277-5p"	-0.476833391088554	3.65438335203067	0.973083842921387	0.323912279791128	0.361628093191465
"hsa-miR-2355-3p"	-2.09867514368506	2.89279379799823	6.99086450144131	0.00819267742055386	0.0123268284881564
"hsa-miR-2355-5p"	-1.36890141483582	4.8500282499632	8.41049611234972	0.00373060842316045	0.00592294649001773
"hsa-miR-23a-3p"	-0.0775891324419173	11.1404992598301	0.0764884106800352	0.782113849111018	0.808570131533378
"hsa-miR-23a-5p"	-0.909626579192628	5.36532453285971	4.3550637790486	0.0368990775522928	0.0494346545837566
"hsa-miR-23b-3p"	-1.25469708609179	8.67605603539169	12.0679271701649	0.000512967035906548	0.000935973434919037
"hsa-miR-24-2-5p"	-2.42874257996227	7.31963105852201	39.7402361513952	2.90087203888525e-10	1.21241574958537e-09
"hsa-miR-24-3p"	-0.462092151822766	9.68628790392995	1.71800746790097	0.189949729743094	0.223820283962344
"hsa-miR-2467-5p"	-2.24321345013691	3.72713839900982	11.3509982195663	0.00075407427709422	0.00132165706630492
"hsa-miR-25-3p"	1.3551729789327	11.594685281215	25.0110029767246	5.70040817340423e-07	1.60201126252567e-06
"hsa-miR-25-5p"	-0.0197656163151484	4.96381365289024	0.00223109597102145	0.962326348209889	0.964298328431631
"hsa-miR-2682-3p"	-7.25364229482748	3.92809688804361	24.5571192946797	7.21393168772841e-07	1.98189755602832e-06
"hsa-miR-2682-5p"	-8.91816222576433	5.45285045852226	49.7414471696325	1.75401137855581e-12	9.22270499047088e-12
"hsa-miR-26a-1-3p"	-4.10937641680284	2.93257943677214	9.01222194152925	0.00268180195527681	0.00432805662089228
"hsa-miR-26a-2-3p"	0.0874709787041511	4.95576355219139	0.0202068724334641	0.886960830461153	0.899842004347519
"hsa-miR-26a-5p"	2.98510306000365	15.3843900572953	139.956531151796	2.72094263613165e-32	5.32216379627352e-31
"hsa-miR-26b-3p"	2.5279323360215	6.3019685079534	63.5716148821013	1.5464146323032e-15	1.21967218580043e-14
"hsa-miR-26b-5p"	2.90095721500821	12.0698262368786	101.151333779266	8.521753550476e-24	1.30223046443211e-22
"hsa-miR-27a-3p"	0.181349566324663	12.664341206273	0.242507183732783	0.622401130123324	0.657352381490941
"hsa-miR-27a-5p"	-0.84378115647078	6.74060324652183	6.7444437355403	0.00940400931370266	0.014106013970554
"hsa-miR-27b-3p"	-1.33854992763094	13.0249426878754	10.4755045604726	0.00120967746794265	0.00204682450458117
"hsa-miR-27b-5p"	-2.29917205769039	5.659055096181	17.5958632208647	2.7318195443926e-05	6.04461428600897e-05
"hsa-miR-28-3p"	0.83431179303391	12.466225307318	8.75698333570784	0.00308418779039303	0.00492865303758886
"hsa-miR-28-5p"	1.14241874152274	9.75387605981376	12.0903484003661	0.000506835026812886	0.000928248419893264
"hsa-miR-296-5p"	2.41597741528543	3.02664106929902	12.1676001015163	0.000486268318622788	0.000897302670968088
"hsa-miR-299-3p"	-7.54510365677468	4.18565612658205	19.9871013183547	7.79663279571612e-06	1.8786284900626e-05
"hsa-miR-29a-3p"	2.79672320560062	13.5420745264061	123.409794022558	1.13427520317895e-28	2.05429842353522e-27
"hsa-miR-29a-5p"	0.686935998948522	5.77588811301811	3.16494879966498	0.0752347948989838	0.0965611934530264
"hsa-miR-29b-1-5p"	0.556224499931272	3.86266685177328	1.13722826179429	0.286238772464707	0.32551339473312
"hsa-miR-29b-2-5p"	2.20421814401112	2.83220598753521	13.4352001111303	0.000246946641111245	0.000481103217145015
"hsa-miR-29b-3p"	2.36677317036729	9.15286428108399	31.3480340354856	2.15676981235115e-08	7.53641014433687e-08
"hsa-miR-29c-3p"	4.85879097897058	11.2703767950381	192.74176656857	8.01465028226504e-44	2.79940284859115e-42
"hsa-miR-29c-5p"	2.81370743466507	5.84304349298353	71.7157612000361	2.4853935779688e-17	2.29312728231461e-16
"hsa-miR-301a-3p"	-1.7879660302842	8.0986856964477	10.3914424722322	0.00126600682182796	0.00213474943404784
"hsa-miR-301b-3p"	-4.50227894646542	7.12148059756184	43.3861173365022	4.49364944514041e-11	2.03462460988302e-10
"hsa-miR-30a-3p"	-10.6959332143336	8.38364532038731	151.070593842888	1.01148340586582e-34	2.24825175212903e-33
"hsa-miR-30a-5p"	-11.7747818103201	14.0139145925982	242.1706878342	1.32253561965117e-54	7.18577686677136e-53
"hsa-miR-30b-5p"	3.20600544789647	10.6577193702622	107.648738828228	3.20895964485418e-25	5.41096988390929e-24
"hsa-miR-30c-1-3p"	-0.0735712805852512	4.09555457404469	0.0275055576215379	0.868276574135575	0.884556759900617
"hsa-miR-30c-2-3p"	-8.75906844509591	5.30163180752279	69.2462673316832	8.69052500927237e-17	7.58869058845391e-16
"hsa-miR-30c-5p"	0.773844926139514	11.6315308471789	5.39277390964425	0.0202203025636612	0.0282506512960867
"hsa-miR-30d-3p"	0.136697511559812	5.81251820102192	0.0737088561432842	0.786011306245099	0.810885081759184
"hsa-miR-30d-5p"	1.40583970000506	12.4424389000778	25.6431782764632	4.10744939412788e-07	1.1745864056892e-06
"hsa-miR-30e-3p"	2.29775673738736	7.68999496626367	41.3710467865238	1.25908506224423e-10	5.44860703926929e-10
"hsa-miR-30e-5p"	1.66084561053337	12.4947000788058	18.8244745157054	1.43316230968342e-05	3.2596110206288e-05
"hsa-miR-31-3p"	-3.12560635679998	7.25778347506907	43.5016469188506	4.23602737228006e-11	1.93590409817285e-10
"hsa-miR-31-5p"	-3.56481903442537	12.2619472846361	95.6580350820478	1.36544376915365e-22	2.02333940338222e-21
"hsa-miR-3117-3p"	-6.32963470704724	3.16021211068813	11.691865687474	0.000627739236062412	0.00112854590600926
"hsa-miR-3129-3p"	-5.38609878180104	2.4675288807361	11.4608257684736	0.000710787084392106	0.00125478297569581
"hsa-miR-3152-5p"	-7.46745448991302	4.11592728999329	28.4710959804191	9.51077831211958e-08	3.05971749646479e-07
"hsa-miR-3158-3p"	-1.88086915824855	3.92121384929213	12.3821901911384	0.000433448415168713	0.00080899341609733
"hsa-miR-3168"	-0.927754055346511	2.9474864027214	1.22459662903842	0.268460444462366	0.307440649513108
"hsa-miR-3174"	-5.57029742029743	2.59475846296924	13.616331445706	0.000224226407555748	0.000442123843930487
"hsa-miR-3176"	-3.07856040292196	4.69281041094592	27.0882111774536	1.9437971385745e-07	5.94073000476832e-07
"hsa-miR-32-3p"	0.906181022476047	3.04250628240521	1.7233716176904	0.189259621635878	0.223545784975711
"hsa-miR-32-5p"	4.75353482606758	6.6038674496831	45.6736860449036	1.39686714054542e-11	6.83068031726711e-11
"hsa-miR-3200-3p"	-4.32806835581352	4.57861742037668	28.0826341841403	1.16244269065498e-07	3.6438107418608e-07
"hsa-miR-3202"	6.6869384895574	2.06153175650538	51.5911333963481	6.83495671341042e-13	3.75538632905359e-12
"hsa-miR-320a"	-0.110739255687413	10.7859046603608	0.064107649789559	0.800117618948841	0.823700032981018
"hsa-miR-320b"	3.26308942450043	3.62661717546098	56.3443654345993	6.08273353509827e-14	3.7651350615988e-13
"hsa-miR-320d"	3.90246045404374	2.65058471481023	31.8990285085563	1.62398356938462e-08	5.79655449218307e-08
"hsa-miR-323a-3p"	-5.84381423281532	4.28036075935545	26.5350741248137	2.58796496862494e-07	7.57793335124309e-07
"hsa-miR-323b-3p"	-6.91805367235637	3.64030988840154	16.4722283174862	4.93679393073898e-05	0.000105881238251375
"hsa-miR-324-3p"	-0.370645627353217	5.64744845324211	0.867807883455353	0.351562894819266	0.391604226803237
"hsa-miR-324-5p"	0.13858652096124	5.0008707096958	0.134881403777642	0.713423568600802	0.747032387678356
"hsa-miR-326"	-2.39521220629808	6.95319902512213	17.1673748545019	3.42264352379769e-05	7.43854525838697e-05
"hsa-miR-328-3p"	2.10327109768813	5.92545267355047	23.2898275642753	1.39334990600414e-06	3.72321368325698e-06
"hsa-miR-329-3p"	-6.95887501870924	3.6770307326354	19.371101373318	1.07623402953553e-05	2.51807866240611e-05
"hsa-miR-330-3p"	1.52370437480754	5.3813047950343	18.9032838701774	1.37515745736752e-05	3.14229904977904e-05
"hsa-miR-330-5p"	-0.751276340614629	6.40203188280862	2.41198504666589	0.120409594515112	0.147940431451984
"hsa-miR-331-3p"	-0.871632690292612	9.10540791958153	5.03367735128878	0.024859062174658	0.0343392130039768
"hsa-miR-331-5p"	-0.0505833178345192	4.40598864923396	0.0158822171840933	0.899712397256011	0.907132705686989
"hsa-miR-335-3p"	-0.339822745190133	6.26597616989356	0.131851251361841	0.716520267532612	0.748671817998819
"hsa-miR-335-5p"	3.04792139061	5.43119840260433	16.3671889852117	5.21807558719481e-05	0.000111425282189444
"hsa-miR-337-3p"	-7.39416254471924	4.0516588061489	25.9308773788592	3.5386343337213e-07	1.01787775834689e-06
"hsa-miR-337-5p"	-5.49307324533482	2.5412511777386	11.559429839466	0.0006740651994587	0.00119861048194656
"hsa-miR-338-3p"	0.478167031370021	5.68963123307754	0.350626967286706	0.55375843351547	0.592750965717527
"hsa-miR-338-5p"	-1.26625391736794	3.48948738151048	2.83819844786094	0.0920473626602195	0.115709923755392
"hsa-miR-339-3p"	2.89398359163143	8.74938751062843	135.916958986222	2.08052072632645e-31	3.91297936605244e-30
"hsa-miR-339-5p"	0.203223829056494	7.11592649614181	0.288289789443516	0.591318563414373	0.62996683553296
"hsa-miR-33a-3p"	1.93480802071859	3.69295640767421	14.5943519336017	0.000133313512917797	0.000273244037356754
"hsa-miR-33a-5p"	-0.978838289288605	5.07153965435398	2.07878063444486	0.149359449310678	0.180337705464004
"hsa-miR-33b-3p"	-0.868957746231626	3.29532530620851	1.67094736594115	0.196131690653082	0.229996155226276
"hsa-miR-33b-5p"	0.83743379348423	4.40583182506355	1.85269918046522	0.173469789768356	0.206391063738992
"hsa-miR-340-3p"	-1.65047674009431	4.47825729943089	8.95143804008034	0.00277251247997992	0.00445973224575717
"hsa-miR-340-5p"	-0.988691630909533	8.79060223040304	3.85667697647062	0.0495483711936361	0.065132133101312
"hsa-miR-342-3p"	6.45977539679444	12.4649010898386	435.315310296151	1.13247213919249e-96	2.76889438032563e-94
"hsa-miR-342-5p"	6.631193397074	7.38326938265483	301.888866195929	1.27718931720269e-67	8.92207965874448e-66
"hsa-miR-345-5p"	-4.25762462508071	9.80317168628458	106.251542116237	6.49453093354734e-25	1.05860854216822e-23
"hsa-miR-34a-3p"	-4.63382589580531	4.30618590174156	34.6409404255594	3.9647945619554e-09	1.46877616726984e-08
"hsa-miR-34a-5p"	-4.03362336672896	9.17806605996487	73.5955552505726	9.58803445815301e-18	9.37709770007365e-17
"hsa-miR-34c-5p"	-2.2540163656999	3.7684909402306	3.22839608319672	0.0723715375714684	0.0933764693204434
"hsa-miR-3605-3p"	0.425220472001114	3.43874156804861	0.734810976652921	0.391328194678643	0.433921739677679
"hsa-miR-3605-5p"	-2.18518843145181	3.05189604535267	7.0075900190592	0.00811648646826704	0.0122498823548845
"hsa-miR-3607-3p"	4.70977413806748	8.51608116641667	238.841895889959	7.03438941797133e-54	3.43981642538798e-52
"hsa-miR-3607-5p"	5.1100492053224	2.45697925665492	48.1019360679135	4.04626767447302e-12	2.08276304507085e-11
"hsa-miR-3609"	6.43823530516029	2.51724853684473	71.2947411714855	3.07654716558413e-17	2.78598437772341e-16
"hsa-miR-361-3p"	4.57384261738824	10.1189083474258	189.885040349768	3.36840489407811e-43	1.09809999546946e-41
"hsa-miR-361-5p"	0.722293805333845	8.12370235378769	5.62128629997257	0.017743621639301	0.0250769681549659
"hsa-miR-3613-3p"	0.818983944162238	2.79301462711035	1.06971649459911	0.301009491729917	0.339155855889239
"hsa-miR-3613-5p"	0.416336152600983	4.32690422699569	0.566559959849027	0.451629143974299	0.488598786290779
"hsa-miR-3615"	1.94601169180877	4.32137798508037	20.6517366035221	5.50871990726685e-06	1.34688201732674e-05
"hsa-miR-362-3p"	2.25566713765873	2.848499710187	4.73603973416258	0.0295369897637642	0.040232835639222
"hsa-miR-362-5p"	-1.30138081700981	4.1048406192899	3.70757627309196	0.0541659913883977	0.0706324527704706
"hsa-miR-363-3p"	10.6901324798454	8.23797112403835	264.609760560158	1.69719466512967e-59	1.03741023906051e-57
"hsa-miR-3651"	1.00376684874873	3.3359628840308	1.90456728705013	0.167567984024066	0.199855473628703
"hsa-miR-3653-3p"	4.93817517484803	3.07874884595829	69.6049710445537	7.24540655273361e-17	6.44182509870315e-16
"hsa-miR-3653-5p"	5.41644428821168	2.56594836756739	60.1399762131014	8.8345666312148e-15	6.17157583237719e-14
"hsa-miR-365a-3p"	-3.59687950082192	5.97758175403984	49.9279948326947	1.59492770102348e-12	8.57054555824706e-12
"hsa-miR-365b-3p"	-3.51785505318711	5.97961017829925	49.8911925464627	1.62512503907429e-12	8.63789287073184e-12
"hsa-miR-365b-5p"	-6.42926424804123	3.23909568757812	21.4946706035801	3.54813374247776e-06	8.81344926053226e-06
"hsa-miR-3661"	-2.46792630324768	3.87408245203591	14.6854144134749	0.000127025496637116	0.000262090581668987
"hsa-miR-3677-3p"	-3.57905513928819	3.7886091138677	12.1338097538847	0.000495158611291728	0.000910272785419755
"hsa-miR-3688-3p"	-2.15105701583301	2.13215541340862	2.60816516901621	0.106314706344233	0.131948962950077
"hsa-miR-369-3p"	-5.97070602826934	4.39325203518884	22.9784019702281	1.63831701294845e-06	4.26136712410527e-06
"hsa-miR-369-5p"	-7.15153293427386	3.83740138662983	21.2274372463024	4.07883590348887e-06	1.00228681246535e-05
"hsa-miR-370-3p"	-7.85224089284275	4.46150594761602	22.7556310377686	1.83964293522879e-06	4.73465997540462e-06
"hsa-miR-374a-3p"	-0.500737169417021	8.0638223864863	0.589979633294863	0.442426994503979	0.479704657012075
"hsa-miR-374a-5p"	1.43538062030442	6.56280339997465	10.7795858326816	0.0010262564188598	0.0017424978778557
"hsa-miR-374b-3p"	-1.08858528880692	4.33752902534266	3.15599487574297	0.0756485662953085	0.0968380861738374
"hsa-miR-374b-5p"	1.41064128326524	6.43222688390718	12.5114051678073	0.000404475282230517	0.000757810011535337
"hsa-miR-376a-3p"	-3.92866860404257	3.21372815326562	11.3778807110361	0.000743238680740342	0.00130735149238139
"hsa-miR-376a-5p"	-6.93367838811954	3.652654272395	17.9431282445151	2.27604658210856e-05	5.15271656782911e-05
"hsa-miR-376b-3p"	-6.27212356238671	3.12540032493103	17.6537261272349	2.64995614926523e-05	5.89012980450316e-05
"hsa-miR-376c-3p"	-5.79898008063995	4.95104170435856	30.1475448569779	4.00393746326818e-08	1.35029339278492e-07
"hsa-miR-377-3p"	-5.55812503047124	2.58721400712551	12.3524344351676	0.000440411799646873	0.000818864524818712
"hsa-miR-377-5p"	-6.3871402671594	3.20683070390294	23.0709724108337	1.56130107964601e-06	4.10471090294033e-06
"hsa-miR-378a-3p"	-0.0437430263607697	10.4312563108543	0.0175812399985631	0.894514265591233	0.905626244045783
"hsa-miR-378a-5p"	0.00408846705738479	3.59054412740687	3.52076880520968e-05	0.995265694632984	0.995265694632984
"hsa-miR-378c"	3.07567442914895	2.47232496435157	13.5616621032026	0.000230852580886455	0.000453361092584242
"hsa-miR-379-3p"	-6.75447669086309	3.50680220234607	13.7894983256389	0.000204476008677371	0.000404812826895687
"hsa-miR-380-3p"	-6.32322009636544	3.15519437003848	13.3911086252096	0.000252819913309357	0.000488651927305437
"hsa-miR-381-3p"	-7.69553920042974	8.39561012569184	33.1088005453401	8.71434022753084e-09	3.15652768241673e-08
"hsa-miR-382-3p"	-5.80371060591517	2.7613232673115	16.2377579888998	5.58694309900509e-05	0.000118783268496239
"hsa-miR-382-5p"	-4.82707049109748	4.18065682720346	23.3738878671406	1.33376823081547e-06	3.5835860707075e-06
"hsa-miR-3909"	-1.47767762400471	4.47768047901878	7.89804571154113	0.00494882366980071	0.00770692603354314
"hsa-miR-3912-3p"	3.19089707556311	3.61691744156324	24.962961518137	5.84423053590612e-07	1.63304498974748e-06
"hsa-miR-3940-3p"	-1.04866825639196	2.98726996492769	1.73926181297201	0.187232387099081	0.221686773102786
"hsa-miR-409-3p"	-8.05763857394244	8.87847847377776	72.0878159232063	2.05830707485326e-17	1.93560030692932e-16
"hsa-miR-409-5p"	-8.30276138667366	6.59862512373978	24.4045443990893	7.80842833175299e-07	2.10956986421393e-06
"hsa-miR-410-3p"	-6.46792741211331	7.62942440527319	25.9919989201791	3.42835259562545e-07	9.91990780627719e-07
"hsa-miR-411-3p"	-7.32618555304488	3.99044862846802	17.4506580663262	2.94862196926437e-05	6.46581230031514e-05
"hsa-miR-411-5p"	-8.30802477054763	8.47817137945212	39.1242405549839	3.97675661246902e-10	1.64799490126894e-09
"hsa-miR-421"	-1.94141167858604	7.8418387435427	14.976253436292	0.000108872651890572	0.000226547773508467
"hsa-miR-423-3p"	0.323935608455065	12.0213966112134	1.33918454178978	0.247177827103812	0.285070654372085
"hsa-miR-423-5p"	1.39586737388689	11.3730115925668	19.8298929834746	8.4648459861176e-06	2.01917545717634e-05
"hsa-miR-424-3p"	-3.35234123244262	4.70863243083878	26.8177423867554	2.23575227289999e-07	6.7486596385685e-07
"hsa-miR-424-5p"	-3.76448245949138	6.57862818147318	34.0813956302344	5.28541963066425e-09	1.93912874490219e-08
"hsa-miR-425-3p"	0.735697981932312	4.64991219342517	2.44961579441702	0.117553638019529	0.144795287132367
"hsa-miR-425-5p"	1.29911838576653	8.5048289614907	22.1004000962236	2.58755808205514e-06	6.52224691816992e-06
"hsa-miR-431-3p"	-6.53764208939719	3.32676980599794	15.6514744557715	7.6153184990459e-05	0.000160512532156614
"hsa-miR-431-5p"	-6.43327288206839	5.54554183493965	19.1014940462451	1.23947819466979e-05	2.85898508110155e-05
"hsa-miR-432-5p"	-7.84001077411181	4.450584847813	29.0612746768606	7.01247952794016e-08	2.30141106655217e-07
"hsa-miR-4326"	-2.36098604926457	4.59989244520481	14.1312473714984	0.000170488099846056	0.000341674921412792
"hsa-miR-433-3p"	-5.18123197275666	2.33492779149109	8.35617167373233	0.00384379533521183	0.00608289941397601
"hsa-miR-4443"	6.01188476727774	2.87360309717656	56.837523771252	4.73347540173044e-14	2.96752496339254e-13
"hsa-miR-450a-5p"	-3.91204933476035	6.00829102931324	31.1709377867542	2.36277055186091e-08	8.13658309760554e-08
"hsa-miR-450b-5p"	-6.39098481892528	6.91536825051733	44.5502578620022	2.47910847456487e-11	1.17697480006041e-10
"hsa-miR-451a"	4.73845416850591	3.70219622879701	63.5389524472583	1.57226896169229e-15	1.22038019407545e-14
"hsa-miR-452-3p"	-7.79736456005845	4.41096629993451	36.4645416374639	1.55468905225701e-09	6.15735059807926e-09
"hsa-miR-452-5p"	-9.9620189337795	6.45922586188323	61.7886529715735	3.82371441239539e-15	2.74970051126668e-14
"hsa-miR-4521"	-4.42705343362491	4.40582015009089	17.9282028359332	2.29396494752425e-05	5.16934958220902e-05
"hsa-miR-454-3p"	0.477106059598695	7.38307080171955	1.65162298344098	0.198738178256412	0.232495141548768
"hsa-miR-454-5p"	-1.13994929017353	4.65082628303654	5.86868415834314	0.0154125680432785	0.0224307909915571
"hsa-miR-455-3p"	-5.39003463690272	7.84256069189584	55.8955798986021	7.64241908162971e-14	4.61375670483571e-13
"hsa-miR-455-5p"	-4.65788638908676	7.38300378580905	62.6307233217598	2.49333444261196e-15	1.87575468067269e-14
"hsa-miR-4645-3p"	-1.41203131259455	3.83811200624798	7.51142773543014	0.00613087548409186	0.00945740729249501
"hsa-miR-4661-5p"	0.215318571198054	2.54179017457026	0.0165172514665475	0.89773789948082	0.907012051334961
"hsa-miR-4662a-5p"	-0.774922448911423	2.53625896636276	0.604163167792322	0.436993983170496	0.476986736094581
"hsa-miR-4677-3p"	-1.82508665634805	5.19970940915324	15.0059332515085	0.000107173686172087	0.00022396552366731
"hsa-miR-4746-5p"	-2.65988935865757	2.78266934283551	5.32323350405605	0.0210429284795093	0.0292329318934092
"hsa-miR-4772-5p"	4.87883519876969	2.1133268350393	27.9053709326289	1.27395651238979e-07	3.94281477568739e-07
"hsa-miR-4775"	-5.38182635172714	4.62202977271285	22.0896450992277	2.60209594305703e-06	6.52525598028147e-06
"hsa-miR-483-5p"	-4.28730021062061	1.80459589963667	3.96539359756771	0.0464446627232749	0.0612168196002195
"hsa-miR-484"	0.332211201802359	10.284334766723	1.22490919803127	0.268399367137848	0.307440649513108
"hsa-miR-485-3p"	-7.62651766014791	4.25821850173909	28.8602011875259	7.77950873664524e-08	2.51932435246326e-07
"hsa-miR-485-5p"	-6.14950444195202	3.02121711769009	19.0809480542795	1.25289399156279e-05	2.8763622623202e-05
"hsa-miR-486-3p"	2.7242813941925	2.75740903083082	9.29974024674413	0.00229186351166229	0.00376080958792906
"hsa-miR-486-5p"	2.40963661361293	8.26534066441544	19.1572534927878	1.20379176832855e-05	2.78983021190834e-05
"hsa-miR-487a-3p"	-6.00305124967207	2.90913686899033	12.6664565390401	0.00037227440219825	0.000702865570173531
"hsa-miR-487b-3p"	-6.3543770757568	5.4711228205585	28.1111290733873	1.1454527601739e-07	3.61371870790346e-07
"hsa-miR-493-3p"	-4.93571992390871	3.50278929700256	11.591155850554	0.000662662121810229	0.00118696621818755
"hsa-miR-493-5p"	-6.55973091697571	3.3466596439486	16.1903975224263	5.72837558552584e-05	0.000121263015641651
"hsa-miR-494-3p"	-6.28811008409919	4.77928210094201	27.2743173881707	1.76540800288089e-07	5.42946234848272e-07
"hsa-miR-495-3p"	-5.32362275277628	3.92067842050869	30.4597493569522	3.40865949635685e-08	1.15752395397118e-07
"hsa-miR-496"	-4.61734007853099	1.99665364882293	7.29346447791395	0.00692058924921332	0.0105425798843156
"hsa-miR-497-5p"	-6.86714700254633	8.41422975814247	61.0884441656853	5.45674923012307e-15	3.86717445439157e-14
"hsa-miR-500a-3p"	-1.73718372533577	8.95393143829693	19.5709460462534	9.6932120155855e-06	2.27883686327948e-05
"hsa-miR-500b-3p"	-3.53104787234547	2.52103947503782	8.00717332380173	0.00465924094432521	0.00727913361589465
"hsa-miR-501-3p"	-1.59760995475725	7.99470938009736	6.00931527343942	0.0142305485571868	0.0208971118452382
"hsa-miR-501-5p"	-2.17952132131393	4.11405964086336	12.5801570019024	0.000389863979018052	0.000733244175922414
"hsa-miR-502-3p"	-1.13474252416291	5.17782957270012	4.36190835803001	0.0367511135424642	0.0493716882479807
"hsa-miR-502-5p"	-2.70837649548482	2.4752625294057	5.76775149545207	0.0163229064643105	0.0234761801795525
"hsa-miR-503-5p"	-7.1417002899927	3.83153903803784	29.3709049330755	5.97682729332019e-08	1.97477604488755e-07
"hsa-miR-505-3p"	-1.3730145361	7.45972882250051	11.201977299412	0.000817102174761281	0.00141188326310342
"hsa-miR-505-5p"	-1.3229205748363	3.24061748722796	4.33410343050025	0.0373560850887704	0.0499101792579473
"hsa-miR-514a-3p"	4.61666280165992	1.99728274314475	25.5125159748881	4.39522439793874e-07	1.24957251778607e-06
"hsa-miR-515-5p"	-3.74756869924162	1.57095337843558	2.0626059073146	0.15095183023615	0.181364729694048
"hsa-miR-532-3p"	-0.605703431470098	5.75418803385088	1.23154519695576	0.267106744402197	0.307329877676881
"hsa-miR-532-5p"	-0.0565009994105377	8.94457228810231	0.0292936919478475	0.864102675848712	0.882142397682715
"hsa-miR-539-3p"	-8.28832704732984	4.86083775662283	22.8266233274872	1.7729264907233e-06	4.58709552361742e-06
"hsa-miR-542-3p"	-5.19482032404393	4.50921688972426	28.4339579102842	9.69497760266647e-08	3.09859088085223e-07
"hsa-miR-542-5p"	-2.21039988185043	2.71108826527063	5.78791259925409	0.0161367387924864	0.0232768887006662
"hsa-miR-543"	-6.54116747478635	3.3299742414318	19.3091331755834	1.11173298558136e-05	2.58874966642516e-05
"hsa-miR-548ar-3p"	-1.88319054989333	1.98921213463212	1.15794460890459	0.281892218642048	0.322068446065331
"hsa-miR-548e-3p"	0.421073881014505	5.50078914797068	1.15029793369538	0.283486790356416	0.323135292504167
"hsa-miR-548e-5p"	-0.219563130685867	3.92556092004335	0.247742480037689	0.618669171466893	0.654825162007166
"hsa-miR-548h-5p"	-2.4698336300574	2.31737766869227	2.60410537763654	0.106587290360589	0.131952367053995
"hsa-miR-548k"	-1.20362159421175	6.33064934128638	9.24696054160727	0.00235886616444375	0.00384495184804331
"hsa-miR-548n"	-3.93737479198036	2.80689718742193	11.0160888592407	0.000903244518936468	0.00154435863552424
"hsa-miR-548o-3p"	-0.713282901822395	4.91536946334657	1.67894946768105	0.195064102037027	0.229294100711794
"hsa-miR-548s"	0.363684914247423	2.53208853084154	0.215887122311459	0.642191754344195	0.676792603177396
"hsa-miR-548w"	2.34255055083017	2.85441171691652	14.7021263440774	0.000125904356705671	0.000260878095038444
"hsa-miR-550a-3p"	-1.29120410466757	3.64902626243483	2.34405286311519	0.125761978231212	0.153744018387656
"hsa-miR-550a-5p"	-3.03445483858288	3.66512479642814	13.2055170882675	0.000279126221356174	0.000535265577424192
"hsa-miR-551a"	-3.13202745127597	2.74657423665644	3.71032307162669	0.0540769230655782	0.0706324527704706
"hsa-miR-556-5p"	-5.39124887628459	2.47763547204021	9.22778232484384	0.00238370186687104	0.00387252562425229
"hsa-miR-561-5p"	-10.1711498849545	6.66330593867783	67.6407998574344	1.96165957694458e-16	1.62585005614559e-15
"hsa-miR-5690"	2.44294708253933	3.24071262298584	16.6960594095025	4.38720333431758e-05	9.45084771137135e-05
"hsa-miR-574-3p"	-6.87764402960942	8.75918296284605	163.548807782272	1.89813883176938e-37	4.41995185112013e-36
"hsa-miR-574-5p"	-6.82380230498395	3.56232731689551	29.7098203914179	5.01799700905655e-08	1.68068529960866e-07
"hsa-miR-576-3p"	-1.75547101009565	2.96515387197273	6.03508859311524	0.0140242470092032	0.0206561951430734
"hsa-miR-576-5p"	1.29588117562204	5.82992952856563	10.286382991563	0.00134015534372771	0.00225201361884141
"hsa-miR-582-3p"	-4.00237390633805	7.24229924860587	23.1867516152727	1.47006614907894e-06	3.90686058097609e-06
"hsa-miR-582-5p"	-2.4488322436551	6.3720056493246	11.3333341165751	0.000761280957366288	0.00132924737648907
"hsa-miR-584-5p"	-6.87623663025095	7.16269304897228	67.5214966518126	2.08402419178091e-16	1.69847971630144e-15
"hsa-miR-589-3p"	-1.13579603696467	5.61933082320638	5.66840538771407	0.0172731507633827	0.0245539846607387
"hsa-miR-589-5p"	-0.441979979039056	7.47653114024607	1.09352021574405	0.295692556980614	0.333934550493119
"hsa-miR-590-3p"	0.97494845117616	6.23891053618491	3.05578884787298	0.0804499200405764	0.101917126683528
"hsa-miR-598-3p"	0.567605986259166	5.05077460963375	1.43533754810718	0.230895319179177	0.268189575008593
"hsa-miR-616-5p"	1.40879926359769	3.39133384316959	8.33339608764715	0.00389228266798152	0.00612002001492914
"hsa-miR-624-5p"	-0.183674576674042	3.14597001020453	0.112644216505165	0.737153583964821	0.765325058511247
"hsa-miR-625-3p"	1.64434872660939	5.90291628353606	14.1996077833103	0.000164404777659703	0.000330839243932489
"hsa-miR-625-5p"	0.680157638647359	5.04288118124222	3.2214200086301	0.0726805550522697	0.0935283984751576
"hsa-miR-628-3p"	0.441583994141705	3.13093057128047	0.592612700563018	0.441410578338375	0.479666161794368
"hsa-miR-628-5p"	0.204879695991879	3.85935906179837	0.166276362236697	0.683442550057628	0.717174693086223
"hsa-miR-629-3p"	1.35904510055104	3.41775175595471	7.74283815897087	0.00539259788613536	0.00837136624228632
"hsa-miR-629-5p"	-0.49192822047895	4.78768255100245	0.657741735035097	0.417358329568567	0.458625220582088
"hsa-miR-641"	-1.13916257739956	4.23752464684108	4.71408495406184	0.0299164834292519	0.0406365566580671
"hsa-miR-642a-5p"	7.38345518875466	2.54941373051005	74.3295222556903	6.61074613252782e-18	6.73469762251272e-17
"hsa-miR-6511a-3p"	0.058766470442758	2.81029891586437	0.0067616196293887	0.934464558763988	0.938302195555627
"hsa-miR-6516-3p"	2.09345148167244	3.0269012761659	13.3251275654939	0.000261873094212797	0.00050415725618133
"hsa-miR-652-3p"	2.04602425541839	6.80615461888797	42.9511767352392	5.61231343646857e-11	2.51781767929645e-10
"hsa-miR-652-5p"	0.99398095594099	3.5489962457487	3.31702206205601	0.0685659224299615	0.0887003599689184
"hsa-miR-654-3p"	-7.57083468008632	8.76099915849683	42.4688885431871	7.18155105990547e-11	3.13551648954801e-10
"hsa-miR-655-3p"	-4.93266731663103	2.18453459796505	7.43880549712626	0.00638322430748163	0.00978494259046557
"hsa-miR-656-3p"	-6.19004020578278	3.04794921915724	13.4660308560236	0.000242921658817458	0.000475154764646949
"hsa-miR-659-5p"	1.79305165005165	3.3342132309233	17.6657873562315	2.63320507912634e-05	5.89012980450316e-05
"hsa-miR-660-5p"	-0.260057861686885	8.00765679129818	0.511644258668967	0.474427934107315	0.509879691820829
"hsa-miR-664a-3p"	3.16646454171302	5.97308351332082	59.1980640447986	1.42574037112247e-14	9.41625242484591e-14
"hsa-miR-664a-5p"	3.44578843228741	2.93386766799311	36.02147801912	1.95154522328172e-09	7.51421743452569e-09
"hsa-miR-664b-3p"	2.9428337049004	2.96687647975691	19.6374115843228	9.36180545463603e-06	2.22229265403739e-05
"hsa-miR-665"	-6.91751974568136	3.63938643518517	17.118036040569	3.51271355411126e-05	7.60051738035579e-05
"hsa-miR-671-3p"	-1.70895660001479	6.95419023813065	24.5425897010063	7.26853348541005e-07	1.98564965048353e-06
"hsa-miR-671-5p"	-0.909530218062255	5.35344828777433	4.45525014410837	0.0347941199416482	0.047000896827254
"hsa-miR-6716-3p"	-5.76103830363232	2.72954187847754	13.049694316757	0.000303333911590236	0.000577160633337064
"hsa-miR-6731-3p"	6.75610034576148	2.10407233105543	54.478899357052	1.57125926064075e-13	9.14697355301578e-13
"hsa-miR-6769b-3p"	2.86604931456713	3.03617440157545	36.0750006891991	1.89867102453701e-09	7.4276010479888e-09
"hsa-miR-6803-3p"	4.75430666432863	2.88337892522622	42.8374351053525	5.94829144888185e-11	2.64428592591202e-10
"hsa-miR-6842-3p"	4.83019352298976	2.75511540588279	62.8551444847779	2.22481747531259e-15	1.69989960223103e-14
"hsa-miR-7-1-3p"	3.36651747861828	5.60136629055962	92.4965132854726	6.74434972462349e-22	9.42282004383111e-21
"hsa-miR-7-5p"	-0.662194797453142	5.25642089545642	0.999204678860359	0.317503028853307	0.356098580525842
"hsa-miR-708-5p"	-0.49463998850987	1.43641148771539	0.0468330143843367	0.828668664987039	0.851300372224079
"hsa-miR-744-3p"	-3.14078531380205	3.62609455595522	17.5088211840649	2.85977753269447e-05	6.29923970039458e-05
"hsa-miR-744-5p"	-2.19150454948459	7.95378969575876	37.175290087215	1.07973314265973e-09	4.39991255633842e-09
"hsa-miR-758-3p"	-8.93105433040086	5.46514263292856	22.987626577937	1.63047447261596e-06	4.26136712410527e-06
"hsa-miR-760"	-1.19235369521629	2.5759621663251	2.45221674762361	0.117359026415568	0.144795287132367
"hsa-miR-766-3p"	2.79726633573205	6.11259596001341	60.0985192269071	9.02261964317119e-15	6.21417043029678e-14
"hsa-miR-769-3p"	-0.727927506780453	2.86501773792824	1.00857840514667	0.315243650152785	0.35437734465451
"hsa-miR-769-5p"	-0.197708717034732	10.0972783600158	0.523136417321268	0.469506833539211	0.506118269613391
"hsa-miR-7705"	-0.68452952675949	3.22918049230242	1.36281221651621	0.243050693953762	0.280973497265696
"hsa-miR-7706"	-1.49571271397175	5.49086956839099	11.9678228275474	0.00054127147563582	0.000980302783651541
"hsa-miR-7974"	-6.11752986480187	6.25818526148651	58.4921584985461	2.04102810797045e-14	1.29618538285396e-13
"hsa-miR-7976"	-0.966612279662199	3.72297392185445	1.75340692841474	0.185449006642569	0.22010816565101
"hsa-miR-874-3p"	0.717535164792198	8.17021772236847	2.06343368858527	0.150869871563742	0.181364729694048
"hsa-miR-874-5p"	1.35893683682704	4.63961527293961	7.49650438261938	0.00618188683743131	0.00950610900472929
"hsa-miR-877-5p"	-1.55604838488097	6.23707481063165	13.3998127172007	0.000251649423101159	0.000488319713874868
"hsa-miR-887-3p"	-10.3669963427831	6.85565946782684	120.615746026697	4.63802082353176e-28	8.09997208109654e-27
"hsa-miR-887-5p"	-7.69961664366395	4.32308067848718	36.76555713203	1.33223245603288e-09	5.33984976229572e-09
"hsa-miR-889-3p"	-7.32691138008718	5.75590103545896	29.5962953748295	5.32065324415013e-08	1.76993158938055e-07
"hsa-miR-9-5p"	2.6268503144617	2.55915759200701	11.0936715771374	0.000866228123959893	0.00149149842470559
"hsa-miR-92a-1-5p"	0.316576824863858	4.38307614805785	0.522227504657207	0.469893035591983	0.506118269613391
"hsa-miR-92a-3p"	1.89319386853115	15.7811155561839	45.3953700536285	1.61014556800757e-11	7.71922728191862e-11
"hsa-miR-92b-3p"	-1.94993291352822	11.3238897522474	22.5958606566802	1.99914864387281e-06	5.09158170236357e-06
"hsa-miR-92b-5p"	-1.00266220843046	2.45363071378863	0.726512063823392	0.394016105976229	0.43591374620447
"hsa-miR-93-3p"	-1.28781826492533	5.14191308424567	10.0487182496528	0.00152453977925275	0.00254436843704639
"hsa-miR-93-5p"	0.0978947907352379	10.073869085124	0.128688023360482	0.719796238246933	0.750491173779852
"hsa-miR-935"	-10.1142943730408	6.60762819240685	93.3254221998669	4.43656775955733e-22	6.3808283365398e-21
"hsa-miR-937-3p"	-2.40443028695474	2.64321566294248	7.18121810743672	0.00736706735179787	0.0111878755746247
"hsa-miR-940"	-3.51147840936533	4.69576122650783	29.0376236598463	7.09861576814164e-08	2.31414874041417e-07
"hsa-miR-941"	-0.907866421950166	8.0405223808276	5.48055450654715	0.0192291581731746	0.0269428605922131
"hsa-miR-941-3-5p"	-0.921258868160809	5.75985669608536	4.82912966217584	0.0279827533076406	0.0383293175558438
"hsa-miR-942-5p"	0.650259262296228	4.28823986340258	3.41090339660995	0.0647669804907697	0.0842315251595383
"hsa-miR-95-3p"	5.87164446994275	2.94018751347629	90.1445491232632	2.21380450993906e-21	2.84881685621105e-20
"hsa-miR-98-3p"	-4.13536917722089	4.73311618778272	21.4933314120633	3.55061248328191e-06	8.81344926053226e-06
"hsa-miR-98-5p"	-2.21287793155863	11.2272126446266	35.3182273489331	2.79999274548175e-09	1.06139259886866e-08
"hsa-miR-99a-3p"	-2.55609834214065	4.4311248738456	12.9956396293945	0.000312217179038266	0.000591760467246946
"hsa-miR-99a-5p"	-1.65412092567621	9.39161208477968	7.62658363998985	0.00575141448905628	0.00890013191502697
"hsa-miR-99b-3p"	-3.2277862984259	6.57132869369179	54.656295204094	1.43563711247257e-13	8.51280923275422e-13
"hsa-miR-99b-5p"	-2.61063788972468	14.3733971739323	14.0255041030338	0.000180347820404936	0.000359959527257199
