"logFC"	"logCPM"	"LR"	"PValue"	"FDR2"
"hsa-let-7a-2-3p"	-7.00518595482634	3.71097687388723	38.4190255464262	5.7073270132175e-10	3.05838284512634e-09
"hsa-let-7a-3p"	-1.46030620839908	6.96224522770645	7.58735406982851	0.00587791569070978	0.0111454324443074
"hsa-let-7a-5p"	-0.741269622527873	15.3443027063733	5.83384061058848	0.0157207661847393	0.0272899215812552
"hsa-let-7b-3p"	-2.33802904189189	6.94220389664449	30.8512021227335	2.78589501337752e-08	1.11662296064644e-07
"hsa-let-7b-5p"	-1.33419286240969	12.2340753878224	11.6898861391911	0.000628407443355893	0.00140154491640968
"hsa-let-7c-3p"	-3.86774981621884	3.25612615905531	19.6678547407369	9.21383365549329e-06	2.65638596032643e-05
"hsa-let-7c-5p"	-5.10372241580106	10.5189549919353	47.263807476853	6.20473657791675e-12	4.07858017721728e-11
"hsa-let-7d-3p"	1.00408623583277	8.10339421189387	12.7777343279904	0.000350769515049809	0.000808081172521288
"hsa-let-7d-5p"	0.86081505059303	10.7880548262366	9.82078944813259	0.00172550262722289	0.00358933668869572
"hsa-let-7e-3p"	-0.861280402523404	4.9243498499534	2.82928858949351	0.0925593529878754	0.129268444824426
"hsa-let-7e-5p"	-0.442226684786202	11.9321696071463	1.86600870627212	0.171932908229232	0.220469212670191
"hsa-let-7f-1-3p"	-0.457831827396652	5.30769221475344	1.20741044283036	0.271845584130246	0.326082416000515
"hsa-let-7f-2-3p"	-0.822219591965472	5.23179400584631	1.72395550866569	0.189184679374138	0.237928691151658
"hsa-let-7f-5p"	0.401537295169329	14.9329088585922	2.34720381202146	0.125507953960699	0.169058528149247
"hsa-let-7g-3p"	0.449040865356248	3.76416925543882	0.660961649884854	0.416220649886213	0.472803641460606
"hsa-let-7g-5p"	0.837430298400527	12.7047155182507	8.86018098706927	0.00291458673898759	0.00588889861606919
"hsa-let-7i-3p"	0.323903230991834	5.97277686280531	0.478922206884084	0.488910918600707	0.541647377236289
"hsa-let-7i-5p"	-0.207304259289739	14.0883486431052	0.484016888065096	0.486608443159649	0.541530389340197
"hsa-miR-100-3p"	-11.1472427383584	7.65727247441544	172.940441132107	1.68646063870936e-39	9.23805660981906e-38
"hsa-miR-100-5p"	-10.0278817096014	16.7893245765889	90.8360606899012	1.56082721374185e-21	2.19853661821352e-20
"hsa-miR-101-3p"	0.346803112003922	11.178149858871	1.40413542772303	0.236032390616338	0.287318440923098
"hsa-miR-101-5p"	0.477073751302156	3.61136717460056	0.668963076869296	0.413413359340311	0.470720255626835
"hsa-miR-103a-3p"	0.723490025362439	12.6561624121448	8.62423456240163	0.00331719800144456	0.00657785207610761
"hsa-miR-106b-3p"	-1.0966283485957	7.7381539264865	8.81210794601495	0.0029923812739912	0.00602140395133739
"hsa-miR-106b-5p"	-0.87132404311342	8.25050952576993	4.43843274767917	0.0351384902530219	0.055443426024257
"hsa-miR-107"	-0.16899996661164	5.54042816766115	0.142467272838639	0.705840425603541	0.736317005400613
"hsa-miR-10a-3p"	-7.86879918687142	4.48180088286427	24.2020384448847	8.67404248229053e-07	2.81335719984818e-06
"hsa-miR-10a-5p"	-4.45055736367868	14.2768369053729	26.1911952993243	3.09229254557513e-07	1.07359170772432e-06
"hsa-miR-10b-3p"	-5.18815552479059	2.30663513060086	6.30577216455226	0.0120345485746713	0.0213418433356581
"hsa-miR-10b-5p"	-9.75546377715047	13.5386177283201	11.719403976516	0.000618517614013247	0.00139078577467283
"hsa-miR-1180-3p"	-4.0306410623829	5.11277014741794	62.5823856044294	2.55528663083509e-15	2.21009878772228e-14
"hsa-miR-1185-1-3p"	-7.68405957166203	4.31481444388453	31.0240233592411	2.54854416351403e-08	1.03837377901852e-07
"hsa-miR-1185-5p"	-6.18975412762295	3.03309468838252	15.0372262976852	0.000105411261440496	0.000255998777784062
"hsa-miR-1197"	-6.57496630883865	3.34485309877414	19.2196609001522	1.16507266970921e-05	3.32012038246612e-05
"hsa-miR-1226-3p"	1.59488812825638	4.02192364362535	10.9919126472885	0.000915103238578749	0.00198742685735385
"hsa-miR-1228-3p"	6.35081726064509	3.18741864475276	72.9892920088725	1.30355158694442e-17	1.28530186472719e-16
"hsa-miR-1228-5p"	5.72891962374527	1.76903675221591	22.3422256142323	2.28134728832962e-06	6.92419062367301e-06
"hsa-miR-1237-3p"	0.981123748119151	2.28166758687863	0.839537042822382	0.359529210366086	0.414130609136637
"hsa-miR-1249-3p"	3.73410663738701	6.13872459537415	116.011060477131	4.72653129479019e-27	9.70908303471485e-26
"hsa-miR-1254"	-0.141585165410841	2.80785655727708	0.0243937328795649	0.87588725376281	0.892174413440217
"hsa-miR-1255a"	-0.608142925427693	2.88408077701568	0.586088117585614	0.443935818711404	0.498542958142875
"hsa-miR-1257"	-5.54202972242915	2.54448364968844	5.24559222495322	0.0220024378594459	0.0360372154973648
"hsa-miR-125a-3p"	-2.30134336836814	5.69255817558849	34.1364073874483	5.13808922283549e-09	2.34544258042398e-08
"hsa-miR-125a-5p"	0.152294649975286	13.3292691530974	0.202747895419634	0.65251190699576	0.699322543801977
"hsa-miR-125b-1-3p"	-12.6004750440595	9.1026213699856	199.970022939325	2.12018406288775e-45	1.74208457167277e-43
"hsa-miR-125b-2-3p"	-5.67865826458558	8.0709470052755	127.805947215457	1.23771791000606e-29	3.05097464816494e-28
"hsa-miR-125b-5p"	-7.51093903913718	12.409967509089	114.117564610589	1.2280719607029e-26	2.42175790650611e-25
"hsa-miR-126-3p"	-10.1216643730989	14.0061599609683	372.470382860052	5.42400342291197e-83	8.91344562498534e-81
"hsa-miR-126-5p"	-10.7621674566732	15.6690131243395	148.404857336625	3.86929645761611e-34	1.36254510971767e-32
"hsa-miR-1260a"	0.406271134531244	4.73741632880785	0.778102027575768	0.377722236442712	0.433062936200598
"hsa-miR-1260b"	0.772288656640385	3.82337756192979	1.74337046207756	0.186712332967989	0.235494669697811
"hsa-miR-1262"	-2.70113667391779	3.08440710909931	13.0591907868023	0.000301799798420508	0.000701826889723163
"hsa-miR-127-3p"	-8.13001954884193	11.4341954151964	89.1597909880993	3.6417617397631e-21	4.98719038250891e-20
"hsa-miR-127-5p"	-7.4840278072964	4.13462951306456	44.1927740947936	2.97577728606027e-11	1.81118296546631e-10
"hsa-miR-1271-3p"	-3.77729001240076	1.57291356893577	2.61672484793941	0.105742491043093	0.146025344773795
"hsa-miR-1271-5p"	-1.02004379330111	7.22060217025714	1.86005115173728	0.172618896735687	0.220469212670191
"hsa-miR-1273h-3p"	6.29162047193813	2.06148899573653	36.2072640938359	1.774080389518e-09	8.65962011913241e-09
"hsa-miR-1277-5p"	-6.49002728517671	3.27593913487964	15.5255606063347	8.13971452865584e-05	0.000201652224252629
"hsa-miR-128-1-5p"	-0.461279967397805	4.6515406435553	1.46834215926324	0.225607445869776	0.276677788094029
"hsa-miR-128-3p"	-0.399931927424264	9.76582050079333	2.02935007534021	0.154286573531986	0.203377756019436
"hsa-miR-1285-3p"	-1.20463550694848	5.95837073457541	5.44745787563882	0.0195968226401957	0.0328996813861798
"hsa-miR-1294"	-2.45668349020833	2.46001569550032	4.27820776039407	0.038604033270229	0.0598196060109621
"hsa-miR-1296-5p"	-1.95214970131405	6.47989008898192	17.3330966072984	3.13675885639956e-05	8.26963698505339e-05
"hsa-miR-1301-3p"	2.25899068423763	7.19225002817265	35.3591782762342	2.74173485914029e-09	1.28883116498514e-08
"hsa-miR-1303"	2.98082999819791	3.43941000747137	7.22461314906567	0.00719106675804987	0.0133278041793932
"hsa-miR-1304-3p"	-2.40648036822086	7.3566474774021	35.1584305380917	3.03942737427985e-09	1.41362046747166e-08
"hsa-miR-1304-5p"	-1.4791349510718	3.41905745094528	6.33884936488838	0.0118121482393641	0.0210230652780018
"hsa-miR-1306-5p"	0.00212632308915558	3.63976511039554	2.46370123644368e-05	0.996039661580326	0.99672121199287
"hsa-miR-1307-3p"	0.459693020787754	8.6630699890781	3.11750882005002	0.0774551138382516	0.110875023762609
"hsa-miR-1307-5p"	-0.86987699476326	9.977609175849	5.62949352523619	0.0176607334509441	0.0301271335339635
"hsa-miR-130a-3p"	-4.70927087656675	10.2164609521197	149.778884133223	1.93771824363589e-34	7.34842380086533e-33
"hsa-miR-130b-3p"	-1.85896442417341	9.87662630772528	36.6109430938075	1.4421982158257e-09	7.18185576163709e-09
"hsa-miR-130b-5p"	-1.98254404987793	8.15996383957834	24.8565068157844	6.17602256814674e-07	2.04347592355459e-06
"hsa-miR-132-3p"	2.17530430674585	6.71574777935907	48.7343089008537	2.93094099477632e-12	2.06421987203532e-11
"hsa-miR-132-5p"	2.98593044641457	3.84488970394429	26.8426797784743	2.20708768038642e-07	7.88474077123555e-07
"hsa-miR-133a-3p"	3.22264682651263	3.8255641837211	6.18708332759737	0.0128686110054998	0.0226251294644587
"hsa-miR-134-5p"	-8.43022158897559	5.00865127447293	49.9786762117201	1.55425908838672e-12	1.12683783908037e-11
"hsa-miR-1343-3p"	0.567116988608594	3.2357094365566	0.672101931101418	0.412319736712286	0.470720255626835
"hsa-miR-136-3p"	-11.2746068738589	7.78342056359465	52.8635463016558	3.57544217584575e-13	2.71183537337224e-12
"hsa-miR-136-5p"	-7.79576405077552	4.41667402365026	36.7713280351062	1.3282946843928e-09	6.68213550413928e-09
"hsa-miR-137"	-4.84815990912433	5.8013885157446	37.0755504704722	1.13639711461525e-09	5.83587268234706e-09
"hsa-miR-138-1-3p"	-4.39137854958137	1.88687040164169	3.49929410215659	0.0613949929562408	0.0898152270843523
"hsa-miR-138-5p"	-6.15338135945766	7.55528895682666	15.9128489865316	6.63269056754267e-05	0.000165985606588758
"hsa-miR-139-5p"	-0.936228649987308	5.40030246070982	0.942799390425556	0.331558948422468	0.385515475406313
"hsa-miR-140-3p"	1.53379417556048	10.7786115173904	41.3848114736763	1.25025040330381e-10	7.33777915272357e-10
"hsa-miR-140-5p"	0.958064035922021	5.78413392181755	3.55195031893275	0.059475505039753	0.0875266387599948
"hsa-miR-141-3p"	4.89281263451233	3.65103243967442	84.3827170884481	4.07696173648311e-20	5.28932141075309e-19
"hsa-miR-142-3p"	12.1599329377796	8.05498258112906	268.58197624106	2.31187479577838e-60	2.27950854863749e-58
"hsa-miR-142-5p"	12.2933678313006	11.5913783936156	147.127437048012	7.35991724184876e-34	2.41895946682096e-32
"hsa-miR-143-3p"	-0.297342734028405	7.16305769561675	0.178951069506804	0.672276228700117	0.709704883831173
"hsa-miR-145-5p"	-0.861974114173546	2.56954928753289	0.964611681948087	0.326027696394645	0.381223636355636
"hsa-miR-146a-3p"	2.60480089951352	4.21726240482633	4.26837078034771	0.0388281418326732	0.0598196060109621
"hsa-miR-146a-5p"	6.48901529005637	12.3205711884728	53.5753309852883	2.48864815938869e-13	1.9170367852791e-12
"hsa-miR-146b-3p"	9.98091167862883	8.43668985300123	384.037731258013	1.64397706531831e-85	4.05240346600965e-83
"hsa-miR-146b-5p"	11.3469665280709	14.4025355473392	93.8117918906537	3.46998404783461e-22	5.1839458654014e-21
"hsa-miR-147b"	6.79631577799864	5.26577970731289	175.600245875357	4.42720527651058e-40	2.72826525164964e-38
"hsa-miR-148a-3p"	2.02538436206669	9.81277321530694	6.00955479961616	0.0142286169714562	0.0248748516557728
"hsa-miR-148a-5p"	1.72138448743823	4.17187248346198	3.60003351686066	0.0577784062268516	0.0852836954186761
"hsa-miR-148b-3p"	0.242608127179864	10.9984886194731	0.902861628546386	0.342015560510557	0.396738050192246
"hsa-miR-148b-5p"	0.0122253110410137	7.71827302439515	0.0014617001539321	0.969502557809069	0.975438287754839
"hsa-miR-149-5p"	-6.15793366036784	8.08867511439777	58.7245026188041	1.8136872290848e-14	1.49024633989801e-13
"hsa-miR-150-5p"	2.44519987160732	6.22776752330901	16.7413512078968	4.28370864393266e-05	0.000109993143825979
"hsa-miR-151a-3p"	-3.8039253634322	13.1104370895	118.256620607684	1.52345821208039e-27	3.26549955893753e-26
"hsa-miR-151a-5p"	-3.13960186842322	13.3383152384848	77.8461459993894	1.11387265709097e-18	1.22030937765744e-17
"hsa-miR-151b"	-1.30019476695723	3.36132783478716	5.55396861272864	0.0184388339505644	0.0313460177159595
"hsa-miR-152-3p"	-0.490701661580554	6.74870756963542	2.01554712125742	0.155695137504634	0.204687207439426
"hsa-miR-152-5p"	-1.48720617819094	4.5527320653768	11.8908803985374	0.000564094520601622	0.00127568164521376
"hsa-miR-155-5p"	0.332088863840798	11.0032826835397	0.960366643030468	0.327094519631712	0.381223636355636
"hsa-miR-15a-5p"	1.93650415553195	9.54392645147884	37.7764248244098	7.93347526184816e-10	4.11705610956963e-09
"hsa-miR-15b-3p"	-2.60045487455771	7.09662612339905	27.3023827642362	1.73996864163225e-07	6.44965819793008e-07
"hsa-miR-15b-5p"	-0.352097190051063	8.50813884648866	0.99549978724273	0.318401883317231	0.376431962770731
"hsa-miR-16-2-3p"	-0.425760203923022	6.31053939495505	1.54915259270107	0.213260584743085	0.263502426762759
"hsa-miR-16-5p"	0.763098470924241	12.567525260849	3.11467351935585	0.0775900267709944	0.110875023762609
"hsa-miR-17-3p"	-1.34370901659738	7.11549670798443	6.48381212276084	0.0108861262688609	0.0195870812063811
"hsa-miR-17-5p"	-1.86402788468827	9.3272333510285	16.0232760567036	6.25685186060812e-05	0.000157378977922439
"hsa-miR-181a-2-3p"	-3.54018062962203	8.6651830387967	55.7738475516313	8.13059840558875e-14	6.57112297369714e-13
"hsa-miR-181a-3p"	-0.912288204394203	9.81967108283428	9.14120095667019	0.00249917007650599	0.00509128449470022
"hsa-miR-181a-5p"	0.0600964289563846	14.2887918947427	0.0185969407055779	0.891528313859833	0.906233935531748
"hsa-miR-181b-2-3p"	-5.18963180871802	2.34137151919739	10.3550827688152	0.00129118675969747	0.00275564966463572
"hsa-miR-181b-3p"	-2.12343638885052	5.40594992757513	9.32598028921819	0.00225927421143936	0.00464092577599835
"hsa-miR-181b-5p"	-1.77072193742292	12.1422325504756	22.3355118286192	2.28933685934828e-06	6.92419062367301e-06
"hsa-miR-181c-3p"	0.623549374540459	7.19537587258594	2.39820489226488	0.121474571731159	0.164524625998521
"hsa-miR-181c-5p"	1.46078159952652	9.1635736295383	15.1281707137881	0.00010045307236548	0.000245165171664265
"hsa-miR-181d-5p"	-0.00402426891459889	6.62140998698545	8.34845983916921e-05	0.992709837653283	0.99672121199287
"hsa-miR-182-5p"	-1.41210843729134	5.58735504743507	3.97591001463643	0.046155507043141	0.0706666614045605
"hsa-miR-183-5p"	-1.36886548741331	3.42401917555056	2.61969743755644	0.105544563856702	0.146025344773795
"hsa-miR-185-3p"	1.93354853259312	4.30499839482035	31.4763129525568	2.01888102358374e-08	8.29423620522321e-08
"hsa-miR-185-5p"	1.6534782333956	7.63603413431154	8.34356723358479	0.00387055271549663	0.0075721527330946
"hsa-miR-186-5p"	-0.0698328871855254	12.7707055366423	0.0668991751107733	0.795906266842855	0.819168662950997
"hsa-miR-187-3p"	-1.24729729394949	2.5024057851222	1.77968891403536	0.182187530640775	0.232089024821452
"hsa-miR-188-5p"	-0.694998459774393	4.89968492430239	2.31656979451431	0.128002018761114	0.171480965351167
"hsa-miR-18a-3p"	-2.14472823884055	5.48997636096582	25.2963601273573	4.91635622627364e-07	1.68316918024507e-06
"hsa-miR-18a-5p"	-1.33103011770828	6.99834854725957	6.68700520264548	0.00971182184245477	0.017538198418792
"hsa-miR-1908-3p"	0.21000534890737	2.83880474900064	0.112239992949883	0.737608206434278	0.765559675309683
"hsa-miR-1908-5p"	0.519668108572889	3.71829944041853	1.16820501007562	0.279770369770426	0.33396317747414
"hsa-miR-190a-5p"	1.68061835791088	3.46918654068689	6.86925027952937	0.00876914324964447	0.0160713294500919
"hsa-miR-191-3p"	0.791743053857399	4.69966788495275	2.55276482906248	0.110101429508193	0.151197784812086
"hsa-miR-191-5p"	1.42724320728629	14.6080184446803	20.4800331754196	6.02565670806387e-06	1.75162892438361e-05
"hsa-miR-1910-5p"	-8.62811389421341	5.19655731914973	82.9072162101503	8.59966651281115e-20	1.08708604892715e-18
"hsa-miR-192-5p"	-0.616784714293519	8.49837955128848	2.39045687085389	0.122077946423243	0.164888842703175
"hsa-miR-193a-3p"	-1.78030856558776	10.234917509801	7.11574589864692	0.00764098054854059	0.0141086270053577
"hsa-miR-193a-5p"	1.32429033385038	7.95709657656459	9.1309124562846	0.00251326341375795	0.00509892536206859
"hsa-miR-193b-3p"	-6.25160158026083	8.17760238408631	90.949557175559	1.4738181267425e-21	2.13703628377663e-20
"hsa-miR-193b-5p"	-5.40047047320052	2.46104281741777	15.8800044446171	6.7487990285659e-05	0.000168038278842575
"hsa-miR-194-5p"	-0.832817970184079	3.69165475071006	2.95506067342628	0.0856090930982009	0.120932042685997
"hsa-miR-195-3p"	-8.10210745781873	4.7024162033229	80.8327429643944	2.45653734220103e-19	2.8835069278693e-18
"hsa-miR-195-5p"	-8.81891348252509	7.89878107151703	160.086886275719	1.08309054160843e-36	5.33963637012955e-35
"hsa-miR-196b-5p"	-2.39467386698097	4.62569078831119	1.92643463366782	0.165149042276726	0.214510875769726
"hsa-miR-197-3p"	1.31481679562385	10.0718531833537	17.813739679749	2.43617688791811e-05	6.70969388683592e-05
"hsa-miR-1976"	5.34133108360302	3.53903628785425	67.7095603718923	1.89442729295836e-16	1.76217482156316e-15
"hsa-miR-199a-3p"	-2.11482001045421	8.38348745871151	2.91247772885629	0.0878967429379405	0.123808840766871
"hsa-miR-199a-5p"	-5.21261793248525	5.38888592017472	14.7831734643401	0.000120606889417073	0.000288636876129208
"hsa-miR-199b-3p"	-1.93525223650118	7.06568514727287	2.44139869599442	0.118170814880533	0.16093428656382
"hsa-miR-199b-5p"	1.02368646185204	5.74999687835215	0.668910293656722	0.41343178638219	0.470720255626835
"hsa-miR-19a-3p"	-0.685929479703708	8.11313600607206	2.99898233418182	0.0833168357603233	0.118032183993791
"hsa-miR-19a-5p"	-6.02907083960937	2.90947356364797	16.3704147992719	5.20920196702992e-05	0.000131699311269013
"hsa-miR-19b-3p"	-0.0337373560262623	9.39166568606106	0.0104200160844172	0.918694382226229	0.928107234503137
"hsa-miR-200b-3p"	1.03599210747148	3.68067439661541	5.40004476668983	0.0201362350539367	0.0332012169952869
"hsa-miR-200c-3p"	4.49996830960675	3.26638435998549	36.432823920167	1.58019520640781e-09	7.79036236759049e-09
"hsa-miR-204-5p"	-9.96329139358853	9.0355533455113	73.2430986924884	1.14625266277935e-17	1.17729700572962e-16
"hsa-miR-205-5p"	-1.98971374580885	2.63868679442841	1.68449567478467	0.194328152548363	0.243156800016098
"hsa-miR-20a-3p"	-0.841244818667264	3.27004877899979	1.10898807472456	0.29230202443061	0.348079463875098
"hsa-miR-20a-5p"	-1.81266007808391	9.3260629067906	12.8642977126145	0.000334910558000079	0.000775168568516614
"hsa-miR-20b-5p"	3.96434642128929	1.94279291603178	14.5469278964188	0.000136711382719878	0.000324032267696634
"hsa-miR-21-3p"	-0.0410877188611967	12.7282299853865	0.012549808047936	0.910802850153131	0.923921409723238
"hsa-miR-21-5p"	1.13620590885952	16.982111815394	7.8774230971012	0.00500557556774313	0.00956491765464094
"hsa-miR-210-3p"	2.44931991097768	8.07355526140444	17.4697607665642	2.9191407353004e-05	7.84232091084089e-05
"hsa-miR-210-5p"	2.67885047917029	4.84416031065457	17.7441328775254	2.52695611775326e-05	6.9210520336242e-05
"hsa-miR-2110"	0.198200588818639	3.67947352924479	0.15481779284703	0.69397317318403	0.726388056007913
"hsa-miR-2110-3p"	0.346607976112691	4.2836154924874	0.396960234297033	0.528663308706505	0.580469958112043
"hsa-miR-2116-3p"	0.44288810710095	4.1942791938847	0.861639410638691	0.353280320529206	0.408418262985687
"hsa-miR-212-3p"	2.66439579778214	3.76883370770102	30.6708152449106	3.05729122951979e-08	1.21551981947843e-07
"hsa-miR-212-5p"	2.91086743893603	4.2785788540024	27.0904267844699	1.94157058626848e-07	7.09032814096564e-07
"hsa-miR-214-3p"	-6.82143728908616	3.56246072796535	11.7130455057655	0.000620634625614651	0.00139078577467283
"hsa-miR-214-5p"	-5.2318230413037	2.36020880004042	7.82013291218863	0.00516673960313307	0.00983475916735368
"hsa-miR-215-5p"	-0.135452624805888	3.64290941893266	0.0548370835598568	0.814850526618578	0.836566434931703
"hsa-miR-216a-3p"	-10.7840064559275	7.29728586600582	63.6551480773305	1.48221135091945e-15	1.30487535000588e-14
"hsa-miR-216a-5p"	-10.338113002967	6.85751358561202	81.6420918893095	1.63103143830892e-19	1.96121585143e-18
"hsa-miR-217"	-10.4086144628471	6.92664674506482	51.6834351309451	6.52106163897116e-13	4.79833341494445e-12
"hsa-miR-218-1-3p"	-7.53679003191822	4.18027429609978	34.8371488337314	3.58467899614892e-09	1.6516324720574e-08
"hsa-miR-218-5p"	-4.03175512080229	6.31228841708019	17.5395813993331	2.81388382236291e-05	7.62539041070376e-05
"hsa-miR-219a-1-3p"	-2.92195330765886	2.5592703937909	10.2021533623681	0.00140276757679875	0.00295747691651243
"hsa-miR-22-3p"	-0.156748087944544	16.9316167485403	0.189799559831954	0.663083494482883	0.702533124315296
"hsa-miR-22-5p"	0.435691229417416	6.91762762469232	1.890502190114	0.16914529047163	0.218294838226475
"hsa-miR-221-3p"	-2.42153040721548	13.3190009207112	25.6494284185555	4.09416738580626e-07	1.41148567916258e-06
"hsa-miR-221-5p"	-1.77321028112184	9.57979425021078	8.5829569647364	0.00339323889485588	0.0066914671006558
"hsa-miR-222-3p"	-3.48667032471156	14.0461740918799	43.7731042803053	3.68737687905656e-11	2.19021301370468e-10
"hsa-miR-222-5p"	-4.20416996200878	6.88825526331392	40.9096232010912	1.5943413746298e-10	9.24717997285282e-10
"hsa-miR-223-3p"	12.9135447929465	9.03196854008896	406.03925966958	2.66862783751861e-90	1.31563352389667e-87
"hsa-miR-223-5p"	8.47840400243599	3.6313323152439	124.685004596958	5.96502546926188e-29	1.40036074111719e-27
"hsa-miR-224-5p"	-9.45466970145823	8.5287254419984	79.8991234955195	3.94021314899062e-19	4.51750019174971e-18
"hsa-miR-2277-5p"	0.785145368114411	4.15050564583543	5.16127107853956	0.0230959885171436	0.0377030541024893
"hsa-miR-2355-3p"	-1.68820581137641	3.07122962298971	6.18333966430765	0.0128958648671661	0.0226251294644587
"hsa-miR-2355-5p"	-0.658158206887801	5.15187390219022	1.70091145909632	0.192168821273193	0.241066740172225
"hsa-miR-23a-3p"	0.507167263441874	11.5286544678296	3.04666407683129	0.0809031620515625	0.114943109197177
"hsa-miR-23a-5p"	-0.108593252090093	5.718550299113	0.0736585763294633	0.786082528834163	0.810750390617661
"hsa-miR-23b-3p"	-2.72554537578714	8.78498692156585	47.0438493765418	6.94161566557475e-12	4.50291647780046e-11
"hsa-miR-24-2-5p"	0.417408013935218	7.98267229049183	1.9917775515209	0.158155144760512	0.206271127954847
"hsa-miR-24-3p"	0.87083854186609	10.2849140508669	7.34133715521864	0.00673866954381704	0.0125839548678098
"hsa-miR-2467-5p"	0.812234270373248	4.40390873833257	3.83059698048439	0.0503250054492509	0.0761049929033151
"hsa-miR-25-3p"	-0.678012654031634	11.2003130174515	5.25282785998625	0.0219111341088135	0.0360072970521503
"hsa-miR-25-5p"	-1.44605087711873	4.94054417072523	10.2008600308398	0.00140375172102213	0.00295747691651243
"hsa-miR-2682-3p"	-4.8732067047374	4.10915434729841	22.6970016641113	1.89663585584912e-06	5.84400923083511e-06
"hsa-miR-2682-5p"	-5.64762355040813	5.66938004759459	44.4779739025157	2.57235022353491e-11	1.60527678506672e-10
"hsa-miR-26a-1-3p"	-1.33780926724777	3.1762904985546	2.40009486468785	0.12132789267574	0.164524625998521
"hsa-miR-26a-2-3p"	-1.49048847176369	4.89447295074321	7.51209067990464	0.00612861938272828	0.0115762810562645
"hsa-miR-26a-5p"	0.692827260097003	14.3664498804576	5.73505944013684	0.0166295052453137	0.0285656658046677
"hsa-miR-26b-3p"	1.40878147691082	5.91397799118458	14.8641747017942	0.000115536539241081	0.000277851287052942
"hsa-miR-26b-5p"	1.68935010555824	11.5422496028684	33.3709456404319	7.61531977576099e-09	3.35210057986622e-08
"hsa-miR-27a-3p"	0.208138167894807	12.8946364394632	0.311363108609328	0.57684492959205	0.622740540847729
"hsa-miR-27a-5p"	-1.25981142793877	6.90360652200735	15.0137930484457	0.000106728252569961	0.000257926610377405
"hsa-miR-27b-3p"	-2.99710080068121	13.1315973234533	34.0173938661446	5.46215963194389e-09	2.47049972343884e-08
"hsa-miR-27b-5p"	-4.80723843992053	5.78662855780453	44.6076937698034	2.40743762951178e-11	1.52162404019142e-10
"hsa-miR-28-3p"	0.160003924851081	12.4762110910072	0.316989882717849	0.573422255482328	0.621312465830302
"hsa-miR-28-5p"	0.416287810669051	9.7159098122935	1.2187525105544	0.269605611310716	0.324184308234592
"hsa-miR-299-3p"	-7.7397708011252	4.36660993719448	24.6085668400205	7.02387851202286e-07	2.30851473761818e-06
"hsa-miR-29a-3p"	-0.0011442322231085	12.4489733227324	1.68868636762909e-05	0.99672121199287	0.99672121199287
"hsa-miR-29a-5p"	-1.16863786527138	5.58723373152891	6.27853011260921	0.0122209424891133	0.0215947119968919
"hsa-miR-29b-1-5p"	-1.21295990059639	3.7376267451235	3.72447263735117	0.0536205578270552	0.0805045321247346
"hsa-miR-29b-2-5p"	1.28481434089117	2.71718287966137	3.48450150691137	0.0619460156735586	0.0903532122102497
"hsa-miR-29b-3p"	-0.817946387901	8.18662748385003	3.7940616547967	0.0514346950205636	0.0775452741441525
"hsa-miR-29c-3p"	1.23514719255793	8.91280558774518	17.1345488656316	3.48230652400089e-05	9.13179317198107e-05
"hsa-miR-29c-5p"	0.900967382084838	5.07941154868929	5.54146607520441	0.018571018466768	0.0314622409076173
"hsa-miR-301a-3p"	-1.43738426342308	8.35636975682517	5.02706965767494	0.0249540851049462	0.0404683024892712
"hsa-miR-301b-3p"	-1.62134936540695	7.46818379885051	6.77805734440218	0.00922852764638746	0.0167884285227639
"hsa-miR-30a-3p"	-5.98611397164773	8.61319700829887	120.269671551793	5.52199231081996e-28	1.23742827692465e-26
"hsa-miR-30a-5p"	-5.64742291495812	14.2511807614045	73.0699915699261	1.25132679537626e-17	1.25898797983774e-16
"hsa-miR-30b-5p"	1.51792787302639	9.82347305065005	17.5387916210921	2.8150528493876e-05	7.62539041070376e-05
"hsa-miR-30c-1-3p"	0.422538672798591	4.42727009927382	1.05571663107629	0.304194159145459	0.360499328025748
"hsa-miR-30c-2-3p"	-6.33678247661917	5.50569276171569	77.3927873097882	1.40125989205846e-18	1.50178505822787e-17
"hsa-miR-30c-5p"	0.52707147980837	11.7703688727902	2.5916459549186	0.107428644483575	0.147939446174309
"hsa-miR-30d-3p"	-1.40501617420383	5.75086788460941	5.43555696572859	0.0197307974776055	0.0328996813861798
"hsa-miR-30d-5p"	1.04518533661851	12.5126603571116	12.2367278572009	0.000468579311795863	0.00106456037196019
"hsa-miR-30e-3p"	1.16830648103421	7.3314025619266	8.55805477582509	0.00343996786741208	0.00675659027344286
"hsa-miR-30e-5p"	1.31882478295638	12.5554674402712	9.72785040125089	0.00181496629499036	0.00375957303962288
"hsa-miR-31-3p"	-10.9058705954639	7.41799479759445	158.661488251062	2.21873016301069e-36	9.11528308636892e-35
"hsa-miR-31-5p"	-11.2555626308507	12.4534459573117	330.268918453536	8.39878823193231e-74	1.03515064958566e-71
"hsa-miR-3117-3p"	-6.47880256488134	3.27308371149517	15.4315827243555	8.5546559238666e-05	0.000210185236137853
"hsa-miR-3129-3p"	-5.5771188613886	2.58012983808371	16.8144414191428	4.12184327481065e-05	0.000106391033218935
"hsa-miR-3152-5p"	-7.64546408113462	4.2805836160267	37.8908400700091	7.48156883641162e-10	3.92384408122439e-09
"hsa-miR-3158-3p"	-0.993402215698368	4.19094962391464	5.7403170614911	0.0165797993495725	0.0285656658046677
"hsa-miR-3168"	0.758713222825662	3.44434397008738	1.43610589455327	0.230770532273163	0.281878563918553
"hsa-miR-3174"	0.525540720039259	3.12916466631164	0.479968697132136	0.488436495876481	0.541647377236289
"hsa-miR-3176"	-0.717813186117999	5.086232585605	2.83192686005188	0.0924074273876106	0.129268444824426
"hsa-miR-32-3p"	0.388994645335046	3.09802247168418	0.391986331212014	0.531257145460192	0.5820217171375
"hsa-miR-32-5p"	0.69532936066307	4.24690194251835	0.529778950700837	0.466699808013925	0.521730170863639
"hsa-miR-3200-3p"	-2.59924776575443	4.81054552746311	14.6060981897885	0.000132485128562594	0.000315532214402699
"hsa-miR-320a"	-0.741782193880112	10.8850054973941	2.68821648296858	0.101092910982267	0.140787585068524
"hsa-miR-320d"	1.92185198423441	2.01274151327443	4.60621604358885	0.0318562526494028	0.0508340051372312
"hsa-miR-323a-3p"	-7.8412156572242	4.45953180586535	39.1379478124824	3.94893441690874e-10	2.16313851948446e-09
"hsa-miR-323b-3p"	-7.12131034580974	3.81031066097271	20.7984228791753	5.10249647924871e-06	1.49733974063667e-05
"hsa-miR-324-3p"	0.503460299380265	6.08126059817868	2.07536158006127	0.149694461240543	0.198385401590289
"hsa-miR-324-5p"	0.622792327608038	5.3508957782477	2.24526227114247	0.134024182860952	0.178578167974187
"hsa-miR-326"	2.13132536623599	8.35660880384493	25.0788367807516	5.50335486019311e-07	1.84568295651374e-06
"hsa-miR-328-3p"	1.93894377623611	6.07491302609425	19.3260269833016	1.10194026255896e-05	3.1584683107068e-05
"hsa-miR-329-3p"	-7.15219143791569	3.84094394048309	25.1461492323307	5.31456693338202e-07	1.79457636860091e-06
"hsa-miR-330-3p"	-0.241044543721319	5.03311141225069	0.383705377957673	0.535626821717044	0.585507811766082
"hsa-miR-330-5p"	-1.02672493308844	6.5801662653383	3.46671955154939	0.0626153720442378	0.0910601133268709
"hsa-miR-331-3p"	-0.457128607298838	9.39642339387017	1.57574653759638	0.209374435803274	0.25935074585682
"hsa-miR-331-5p"	-1.62179561963463	4.37710786065414	11.311219202998	0.000770401694687538	0.00169557158696855
"hsa-miR-335-3p"	-4.84620118879405	6.20007074159935	13.2166229692609	0.000277477120074618	0.000648323318468184
"hsa-miR-335-5p"	0.194631009973321	4.3379804415989	0.054023876769401	0.816203763087523	0.836566434931703
"hsa-miR-337-3p"	-7.59071068928032	4.23056613448018	33.2565376968535	8.07677586019801e-09	3.49285131498037e-08
"hsa-miR-337-5p"	-5.6912872089086	2.66248629881849	16.5047661080451	4.85279353469854e-05	0.000123320990340535
"hsa-miR-338-3p"	2.79431846290329	7.08849620560654	13.8795870436206	0.00019490389399207	0.000459749376737276
"hsa-miR-338-5p"	3.27833736947602	5.40235779501036	29.7741126663504	4.85430854757739e-08	1.91453929116452e-07
"hsa-miR-339-3p"	0.107599482807347	7.62929071015601	0.14185264701981	0.706446132970568	0.736317005400613
"hsa-miR-339-5p"	0.284818652457735	7.35937111313201	0.531586525903728	0.465940613789609	0.521730170863639
"hsa-miR-33a-3p"	1.16346441441463	3.60727860786576	4.55050392129675	0.0329090596077717	0.0523360206020369
"hsa-miR-33a-5p"	-3.05805292527417	5.11562991886211	16.9214325078225	3.89592093056073e-05	0.000101088895724549
"hsa-miR-33b-3p"	-0.363028707415	3.54154889288494	0.502234072914717	0.478520131325439	0.533733992632221
"hsa-miR-33b-5p"	-2.56462429775023	4.07999697823716	17.3839294018382	3.05397269633485e-05	8.10006022736215e-05
"hsa-miR-340-3p"	2.33326719276161	5.88792791235398	39.6997397425829	2.96164970754661e-10	1.64055427620279e-09
"hsa-miR-340-5p"	2.27007873924839	10.1665914602151	27.7251688169002	1.39831551428051e-07	5.30284268107915e-07
"hsa-miR-342-3p"	3.69456752019936	10.1813614331677	128.105142167558	1.06451604117993e-29	2.7621389910616e-28
"hsa-miR-342-5p"	3.34946336651753	4.7536157425685	61.771127570727	3.85789843574522e-15	3.22363377766507e-14
"hsa-miR-345-5p"	-0.911958958296893	10.2414401817241	6.34468205690593	0.0117733709630604	0.0210230652780018
"hsa-miR-34a-3p"	-0.261084273879214	4.79194386040538	0.44749588878113	0.503526521843336	0.555343568833925
"hsa-miR-34a-5p"	0.156915250282715	9.8268098874454	0.188631951828867	0.664057679373079	0.702533124315296
"hsa-miR-34c-5p"	-0.83219963457116	4.07907529357471	0.602967219197922	0.437448131843781	0.494637451832532
"hsa-miR-3605-3p"	0.850206615625242	3.76493778321694	4.78995158350297	0.0286262312384182	0.0459698110766782
"hsa-miR-3605-5p"	0.341062237587263	3.54646138120149	0.412172347601537	0.520868961824745	0.573188388793748
"hsa-miR-3607-3p"	0.647918422462877	6.10313369735413	2.15375003547981	0.142222142605146	0.188990609984736
"hsa-miR-361-3p"	1.90122583272997	8.36463212315705	23.5418150233274	1.22228275320585e-06	3.86272690596464e-06
"hsa-miR-361-5p"	0.585795992650889	8.30553934524451	3.71015639934442	0.0540823231946516	0.0805045321247346
"hsa-miR-3613-3p"	1.80856744459473	3.34851855255888	6.79960182357957	0.00911782044969027	0.016648464747027
"hsa-miR-3613-5p"	-0.726112826260797	4.28200164933854	1.27710534243625	0.258437942422876	0.313046451141223
"hsa-miR-3614-5p"	2.40407915966689	2.3459614795282	7.40376645754522	0.00650874584635951	0.0122008049515408
"hsa-miR-3615"	1.18603836016175	4.22014317576554	6.37479818999256	0.0115752204206475	0.0207512133359245
"hsa-miR-362-3p"	1.46838904267441	2.75859128742207	3.09371852139014	0.0785950113634197	0.111986533532271
"hsa-miR-362-5p"	1.2314990757943	4.8987336039548	5.79464096311739	0.0160750973357057	0.0278070981982559
"hsa-miR-3620-3p"	1.01737583264611	2.63256677790001	2.45753588098782	0.116962139469561	0.159729459164802
"hsa-miR-363-3p"	7.13749254672472	4.99133783156573	159.65204431699	1.34794745672727e-36	6.04125541969586e-35
"hsa-miR-3651"	-0.671247751973516	3.16667955223649	0.816302673138656	0.366263399810818	0.420904093488889
"hsa-miR-3653-3p"	2.73282624950809	2.08718375876585	7.88726560966091	0.00497840744794429	0.00955001895656239
"hsa-miR-365a-3p"	0.680027291423917	6.75392106188272	3.701078759095	0.0543773006035226	0.0805045321247346
"hsa-miR-365b-3p"	0.680027291423917	6.75392106188272	3.701078759095	0.0543773006035226	0.0805045321247346
"hsa-miR-365b-5p"	0.260452647901284	3.7909903050534	0.173175252615026	0.677305141183965	0.713485971375416
"hsa-miR-3661"	-3.65745435662122	3.99759815231247	31.63857423544	1.85703975849735e-08	7.69345042806046e-08
"hsa-miR-3677-3p"	-1.29673136079989	4.08664061868064	3.12425996694133	0.0771348869840501	0.110867344848795
"hsa-miR-3688-3p"	-1.47961270798835	2.27474577724674	1.74290128233398	0.186771634587919	0.235494669697811
"hsa-miR-369-3p"	-3.93922632676732	4.60509363146239	16.6017607164497	4.61081962817277e-05	0.000117778967704102
"hsa-miR-369-5p"	-7.35609761526877	4.01561405471954	27.0321297753121	2.0010157934984e-07	7.25368225143171e-07
"hsa-miR-3690"	10.3649804913907	5.35184319611464	134.549712462105	4.14218950757328e-31	1.20123495719625e-29
"hsa-miR-370-3p"	-8.05767332779176	4.65926933381709	27.5636289830288	1.52010455840671e-07	5.72069883430922e-07
"hsa-miR-371b-5p"	7.86626191396868	3.13533300394003	105.559368407639	9.2096900088823e-25	1.62156327656392e-23
"hsa-miR-374a-3p"	-1.37538468974941	8.15075862073857	3.89508573138702	0.048427567468309	0.0736876258082603
"hsa-miR-374a-5p"	0.516145747180941	6.42811404263471	1.59363819781822	0.206807106043254	0.257464402220515
"hsa-miR-374b-3p"	-0.300175734648327	4.65756863758687	0.310674489114776	0.577266586546475	0.622740540847729
"hsa-miR-374b-5p"	1.28710627062685	6.60254211432183	8.30296164076908	0.00395804801878218	0.00771271807612497
"hsa-miR-376a-3p"	-6.57341172700642	3.3478027709463	22.5527903396646	2.04447360386737e-06	6.26040674973053e-06
"hsa-miR-376a-5p"	-7.13265800447335	3.81992524911334	22.8857872873573	1.71918364906479e-06	5.33055055967888e-06
"hsa-miR-376b-3p"	-6.47889062767348	3.27021848304755	24.4757569338776	7.52507506798078e-07	2.45686225729439e-06
"hsa-miR-376c-3p"	-8.57157952859802	5.14347680992904	45.6148250576751	1.43947961640028e-11	9.21640845305634e-11
"hsa-miR-377-3p"	-5.74634787291383	2.70455840801537	17.8489236210073	2.39154508047758e-05	6.62377373413174e-05
"hsa-miR-377-5p"	-6.57940094186771	3.35324141542916	33.3304893968977	7.77539886515263e-09	3.39227578807102e-08
"hsa-miR-378a-3p"	4.36633434598047	13.2265117510453	195.100466052047	2.44954160347572e-44	1.72517715787647e-42
"hsa-miR-378a-5p"	3.89091131511685	5.77477961627504	53.5875537501703	2.47321301669293e-13	1.9170367852791e-12
"hsa-miR-379-3p"	-6.95709603917127	3.67129799053094	17.3826640858588	3.05600649551594e-05	8.10006022736215e-05
"hsa-miR-380-3p"	-2.8884788142022	3.35340069781166	7.05041237089427	0.00792470054997639	0.014577900638576
"hsa-miR-381-3p"	-9.55571285095696	8.63130653841352	40.2263872395141	2.26172581031853e-10	1.28164462584717e-09
"hsa-miR-382-3p"	-5.99921653873618	2.89189499408488	23.8367280982851	1.04862387948489e-06	3.37889916722909e-06
"hsa-miR-382-5p"	-7.71960456003845	4.34845148317477	39.9372537731366	2.62253340350993e-10	1.46921473628454e-09
"hsa-miR-3909"	2.14639628468779	5.75277223560338	44.2787446163277	2.84791726060351e-11	1.75502901184691e-10
"hsa-miR-3922-3p"	2.9033248476782	2.74206535481749	29.670091635121	5.12189947906712e-08	1.98826491588983e-07
"hsa-miR-3928-3p"	0.555998157642158	2.91261874499177	0.859989683152168	0.353741578691457	0.408418262985687
"hsa-miR-3940-3p"	-0.682125988653218	3.19869454753864	0.961940504999422	0.326698452741399	0.381223636355636
"hsa-miR-409-3p"	-12.6135951842258	9.11561557737325	100.561812504951	1.14759102579407e-23	1.88587458572159e-22
"hsa-miR-409-5p"	-7.73777688266232	6.83072846847761	23.4554131503706	1.27842499012217e-06	4.01441732567027e-06
"hsa-miR-410-3p"	-7.232110237646	7.86267374065096	31.9049986733112	1.61899985352071e-08	6.88074937746303e-08
"hsa-miR-411-3p"	-7.53155988278578	4.17420863533723	21.4156577033783	3.6973937665064e-06	1.09808140173955e-05
"hsa-miR-411-5p"	-9.64422400721167	8.7190156786818	44.0274463534228	3.23803449579389e-11	1.94676952003218e-10
"hsa-miR-421"	0.527674695159334	8.50831620205054	1.77372841610729	0.182921330470687	0.232423236912497
"hsa-miR-423-3p"	0.117567878948476	12.1860416353931	0.212590658722064	0.644744405868479	0.692503250747626
"hsa-miR-423-5p"	0.404146342638563	11.2195428697293	1.66158955147721	0.197388842421187	0.246361264085177
"hsa-miR-424-3p"	-1.11001441914327	5.04850525122241	5.42492871609492	0.0198512457810091	0.0328996813861798
"hsa-miR-424-5p"	1.74369493333956	7.82419352278194	8.06733086432374	0.00450704592799173	0.00871362212745067
"hsa-miR-425-3p"	2.49017008291013	5.72330631678444	33.8777630726275	5.86856318222748e-09	2.60648797192626e-08
"hsa-miR-425-5p"	1.41746458677221	8.78242750824051	29.7484499768089	4.91899442698355e-08	1.92465416865309e-07
"hsa-miR-431-3p"	-6.7389370501562	3.48348858284023	20.4754509715809	6.04009973925382e-06	1.75162892438361e-05
"hsa-miR-431-5p"	-9.20882640516545	5.75393895439977	27.9925575903171	1.21782926553305e-07	4.65418471246354e-07
"hsa-miR-432-5p"	-8.04191439260949	4.64539308113642	36.0489071224158	1.9242668034824e-09	9.30062288349828e-09
"hsa-miR-4326"	0.118659319690078	5.12774312836127	0.0840339937506567	0.771903319412225	0.797795254654564
"hsa-miR-433-3p"	-5.37804943904096	2.4450404101495	11.681867173267	0.000631121645928902	0.00140154491640968
"hsa-miR-450a-5p"	-1.84256109397932	6.31133900131499	8.72001476690726	0.00314735492303541	0.0062819675184472
"hsa-miR-450b-5p"	-2.20216917166363	7.22122109968981	8.00213672849915	0.00467221832986237	0.00899767045555528
"hsa-miR-451a"	2.00382984483547	2.35185819489801	5.87657697419572	0.0153436233929463	0.0267293509990196
"hsa-miR-452-3p"	-7.97749146583508	4.5851363873305	48.6958161564147	2.98903387053408e-12	2.07548408193423e-11
"hsa-miR-452-5p"	-10.1501256952799	6.67273092970342	73.4947495230115	1.00904216603011e-17	1.05842082521881e-16
"hsa-miR-4521"	-1.12451143607358	4.75806010274131	2.47575063494568	0.115614235713911	0.158327272797106
"hsa-miR-454-3p"	-0.872933961517438	7.29980569387754	3.53311890159499	0.060154532440933	0.0882624538493451
"hsa-miR-454-5p"	-1.14939114848183	4.84549861900151	7.42463914502365	0.00643367261079785	0.0121061091493257
"hsa-miR-455-3p"	-11.5418958545119	8.04903028405763	100.133440962221	1.42467630456106e-23	2.26569489725355e-22
"hsa-miR-455-5p"	-11.072781798602	7.58359128237871	129.636878364411	4.92036709748474e-30	1.34763387725554e-28
"hsa-miR-4645-3p"	-1.42488289260417	4.01533275026243	10.2024118151046	0.00140257099422759	0.00295747691651243
"hsa-miR-4661-5p"	-1.58264016768924	2.50846441649639	0.587423588188612	0.443417134086633	0.498542958142875
"hsa-miR-4662a-5p"	1.27671796909075	3.15250224565077	3.45618615540666	0.0630155058583289	0.0913724834945769
"hsa-miR-4677-3p"	0.572733407572725	5.83903411484472	2.64398437304649	0.103942566373088	0.144348409075865
"hsa-miR-4707-3p"	2.12546771624615	2.22450267455691	4.30099423170408	0.0380900990938452	0.0594253761179293
"hsa-miR-4746-5p"	-1.91081463663072	2.94324387943112	3.71388993529701	0.0539614946384101	0.0805045321247346
"hsa-miR-4775"	-1.40607479928345	4.95105967216113	3.71117720133262	0.0540492584978779	0.0805045321247346
"hsa-miR-4787-3p"	5.32226694582789	2.56126469046962	31.8283869669575	1.684132777771e-08	7.09638854223167e-08
"hsa-miR-4802-3p"	5.69606118285571	1.75926859959818	21.7909515644247	3.04030586593207e-06	9.0840654054819e-06
"hsa-miR-483-5p"	-4.475446495749	1.8839199500429	5.42181974304389	0.0198866228257233	0.0328996813861798
"hsa-miR-484"	0.0879055812048437	10.4358468258082	0.108157741231736	0.742251348500137	0.768760325232285
"hsa-miR-485-3p"	-7.81866971840995	4.43928499769123	36.9597789656342	1.20591355348622e-09	6.12902455534748e-09
"hsa-miR-485-5p"	-6.34789002960821	3.16426961537467	27.2010048911502	1.83363345195788e-07	6.74612904339727e-07
"hsa-miR-486-5p"	-0.510857933105205	7.35946891629279	0.603898441280549	0.437094448066846	0.494637451832532
"hsa-miR-487a-3p"	-6.20198134526244	3.04662379425458	17.029300733387	3.6807421809168e-05	9.60108939255017e-05
"hsa-miR-487b-3p"	-9.13410775577207	5.68138920757299	40.4189872193661	2.04939758889947e-10	1.17482908293888e-09
"hsa-miR-493-3p"	-6.93723389308106	3.65684299335613	18.7585220377423	1.4835889940957e-05	4.20350214993782e-05
"hsa-miR-493-5p"	-6.7551393753041	3.50002364402337	21.2417876667707	4.04841192255412e-06	1.19512998671807e-05
"hsa-miR-494-3p"	-8.39788993761313	4.97717622762416	38.2136872186477	6.34061024023479e-10	3.36120521337178e-09
"hsa-miR-495-3p"	-7.42893703980135	4.08508200604415	48.8501855617638	2.76279285378049e-12	1.97399547378809e-11
"hsa-miR-496"	-4.80294655674572	2.0868253739989	11.0589668137137	0.000882593117389381	0.00192530268527861
"hsa-miR-497-5p"	-8.12105323879454	8.63045147693463	71.6471177186233	2.57337705597254e-17	2.48759782077346e-16
"hsa-miR-500a-3p"	1.75857597546199	10.1314463268416	30.8537642990117	2.78221929325837e-08	1.11662296064644e-07
"hsa-miR-500a-5p"	0.991102751862019	3.18806661968564	5.43311859240415	0.0197583642254806	0.0328996813861798
"hsa-miR-500b-3p"	0.827587727172352	3.12574933543521	1.8601467009938	0.172607869821185	0.220469212670191
"hsa-miR-500b-5p"	0.991102751862019	3.18806661968564	5.43311859240415	0.0197583642254806	0.0328996813861798
"hsa-miR-501-3p"	2.23558271402261	9.427760467026	18.1742134378281	2.01589931482167e-05	5.64680887617662e-05
"hsa-miR-501-5p"	0.436334390315197	4.68767572373241	1.22669121354255	0.26805148459598	0.323103623241609
"hsa-miR-5010-3p"	3.67184949494236	3.64696141537501	35.683836358453	2.32081639176254e-09	1.11083736032906e-08
"hsa-miR-502-3p"	0.624677316187565	5.7649832175198	1.92466714764628	0.165343068544616	0.214510875769726
"hsa-miR-502-5p"	0.827025252562302	3.04022718817635	1.74715683241293	0.186234557715409	0.235494669697811
"hsa-miR-503-5p"	-1.89445327165073	4.10644016199931	8.73658885544029	0.00311887428183613	0.00625042691441143
"hsa-miR-505-3p"	-0.884607049534217	7.73724389185938	4.32112646740495	0.0376419957955433	0.059100330978353
"hsa-miR-505-5p"	-0.961349943616135	3.43857755604782	4.1130964380322	0.0425523868896842	0.065353042793191
"hsa-miR-511-3p"	8.56198968176893	6.26365547599334	111.231042533132	5.2661438948952e-26	9.98541900070512e-25
"hsa-miR-511-5p"	7.30635707110907	6.29008913739829	94.7094891649011	2.20479735320283e-22	3.39676592227811e-21
"hsa-miR-515-5p"	-1.38185898222581	1.7135126861797	0.356329943293604	0.550551589932994	0.599165416858644
"hsa-miR-532-3p"	1.49318764491258	6.62364541390873	9.90799287343584	0.0016456249220193	0.0034523110066192
"hsa-miR-532-5p"	1.48985746159482	9.71978602474695	22.9079423267325	1.69948184525723e-06	5.30281360577097e-06
"hsa-miR-539-3p"	-8.48943585821951	5.06423245991856	26.9271415990325	2.11271053598999e-07	7.60267368060631e-07
"hsa-miR-542-3p"	-2.21377693068997	4.78058765807271	10.9170997652391	0.000952806578657902	0.0020602352775366
"hsa-miR-542-5p"	-1.34289105157001	2.89703397193374	3.92230929240863	0.0476493843339705	0.0727280076676391
"hsa-miR-543"	-6.73578279402024	3.48242649441524	26.2104575671201	3.06160058508272e-07	1.07047453081261e-06
"hsa-miR-548ar-3p"	-2.04167809273555	2.08966309993579	1.27902295906693	0.258080778572793	0.313046451141223
"hsa-miR-548au-5p"	2.91830580934645	2.15449610002763	9.85683720320617	0.00169201741800152	0.00353459570794385
"hsa-miR-548e-3p"	1.35715982245008	6.06752384572647	17.4646809345357	2.92695141499944e-05	7.84232091084089e-05
"hsa-miR-548e-5p"	0.546191552224457	4.31430925138047	2.03851185808326	0.153359614626174	0.202697828446928
"hsa-miR-548h-5p"	-1.62108588217536	2.47198494912189	1.49532568758657	0.221391984360875	0.272185157830203
"hsa-miR-548k"	0.695418091308426	6.97038689804939	4.28751844151801	0.0383931640674177	0.0597092425401796
"hsa-miR-548n"	-3.41981338644871	2.9486613740149	12.372865283611	0.000435618576956159	0.000994259066849011
"hsa-miR-548o-3p"	-0.293963105710794	5.20024788004083	0.292813028322728	0.588423489346501	0.633390349886081
"hsa-miR-548s"	-1.01381666775834	2.49604167411712	1.19248707237723	0.274828457792445	0.328860266241931
"hsa-miR-550a-3p"	0.134909875840841	4.06491266672198	0.0357414082469401	0.850050507765456	0.867649897160186
"hsa-miR-550a-5p"	-2.13297060827459	3.86459031077471	8.16846250950481	0.00426250233822746	0.00827328209742573
"hsa-miR-551a"	-1.41465342600286	2.98206934600875	1.23395530529262	0.266639202126957	0.322189035903406
"hsa-miR-556-5p"	-5.58280163903022	2.59180247876313	12.742471146126	0.00035744511010674	0.000819629950151733
"hsa-miR-561-5p"	-10.3496447310322	6.86895911679627	82.121248079022	1.27989244449977e-19	1.57746743784596e-18
"hsa-miR-5690"	0.68154706602636	2.80786370510702	0.988481309963637	0.320113839078176	0.377550532692681
"hsa-miR-574-3p"	-0.937046634953338	9.20839457522046	8.62144477743774	0.00332228228590425	0.00657785207610761
"hsa-miR-574-5p"	-2.09170565470302	3.8039136884821	11.5815693029091	0.000666087058705611	0.00147256017911151
"hsa-miR-576-3p"	-1.76932342387087	3.10694297501386	5.69219877851735	0.0170404903671855	0.029170006079939
"hsa-miR-576-5p"	-0.298954513157051	5.55717990075027	0.457625055035523	0.498736003442793	0.551293384971517
"hsa-miR-582-3p"	-3.79918559919136	7.45401412622575	23.6626003352968	1.14791827330127e-06	3.65112070153243e-06
"hsa-miR-582-5p"	-2.67114547700163	6.56134052012122	13.4197252512513	0.00024899216522058	0.000584538749779742
"hsa-miR-584-5p"	-6.29306754504833	7.36436761235996	70.0816959406548	5.6898495032296e-17	5.39441500979267e-16
"hsa-miR-589-3p"	-0.722776455831972	5.89073467123254	2.8847001943526	0.0894246501974552	0.125602144009531
"hsa-miR-589-5p"	0.208075935273444	7.86247839663671	0.199682038883813	0.654977617551509	0.700442441329488
"hsa-miR-590-3p"	-0.380627957996398	6.06987549737665	0.588510812895167	0.442995556567904	0.498542958142875
"hsa-miR-598-3p"	-1.34067893448566	4.8906349476512	4.93538086678091	0.0263122634369747	0.0425309700800936
"hsa-miR-616-5p"	2.13095695337969	3.9562370668502	25.1917917693077	5.19026301125642e-07	1.76468942382718e-06
"hsa-miR-618"	5.47536081367258	2.67196539302867	51.9095155477721	5.81180798189871e-13	4.34124444708495e-12
"hsa-miR-624-5p"	-0.729419815010193	3.24420346998596	2.00700245247694	0.156574418581542	0.205295713725267
"hsa-miR-625-3p"	-0.947253447186219	5.36312909876742	3.83485317109309	0.0501973874984359	0.0761049929033151
"hsa-miR-625-5p"	-0.664220353111872	4.94637997420588	2.31894370065611	0.127806789342203	0.171480965351167
"hsa-miR-628-3p"	1.27647881125471	3.59530849970227	7.29522725643398	0.00691380240971273	0.0128622814641071
"hsa-miR-628-5p"	1.05086681268791	4.32657485276178	5.08142179127165	0.0241835309003985	0.0393481212339818
"hsa-miR-629-3p"	0.136857714197252	3.2704643178393	0.0398538319280739	0.84176664292273	0.860977084981132
"hsa-miR-629-5p"	0.986165935847658	5.40612180017835	3.33806296028883	0.0676942574277441	0.0978688237884981
"hsa-miR-641"	-1.05329676439832	4.44416041314049	4.60593492625407	0.0318614758365202	0.0508340051372312
"hsa-miR-6503-3p"	8.23844850915378	3.42891027180491	101.718733987752	6.39923062572925e-24	1.08786920637397e-22
"hsa-miR-6503-5p"	5.94271694178683	1.87874223989024	33.0733843866343	8.87452549551776e-09	3.804470495035e-08
"hsa-miR-6511a-3p"	0.226289873893175	3.01084985682916	0.135842753210296	0.712449364212304	0.741007461090012
"hsa-miR-6511b-3p"	0.782216411203371	2.76134350115171	1.57931211024428	0.208859806283224	0.25935074585682
"hsa-miR-652-3p"	2.51185670373423	7.32095647162736	66.5735782073231	3.37074032463085e-16	3.07736107415372e-15
"hsa-miR-652-5p"	1.17344828342397	3.83112261250231	6.75042984326899	0.00937251021550784	0.016987674765608
"hsa-miR-653-5p"	4.87771341201844	1.87175429475969	26.3438029237018	2.85734235188791e-07	1.01267422780032e-06
"hsa-miR-654-3p"	-12.4952880229285	8.99769293773546	64.682721253044	8.79830212808212e-16	7.88647808935361e-15
"hsa-miR-655-3p"	-5.12314296743457	2.28513219486104	10.5687724351896	0.00115014077681439	0.00247606726187553
"hsa-miR-656-3p"	-6.38730719565378	3.18996070856874	17.8994311179174	2.32890713272789e-05	6.48673003635508e-05
"hsa-miR-660-3p"	2.07165026736565	2.86338679769681	10.5521181754554	0.00116055014208364	0.00248761400020536
"hsa-miR-660-5p"	1.84561167186425	9.00985502929856	48.1940122829509	3.86065451593438e-12	2.60726394021322e-11
"hsa-miR-664a-3p"	1.71470572279224	5.31860145828328	15.4283243441912	8.56941834963658e-05	0.000210185236137853
"hsa-miR-665"	-7.10784352309588	3.79931706631815	21.9494386563003	2.79928766766238e-06	8.41493183022898e-06
"hsa-miR-671-3p"	-0.966111808588133	7.25704008613838	9.19060770725169	0.00243260112633822	0.00497623383935577
"hsa-miR-671-5p"	-1.24656394072131	5.51441031048255	9.46882962346061	0.00208992668827547	0.00431102032351383
"hsa-miR-6716-3p"	-2.19786962739206	2.92303419946242	4.86989769760498	0.0273291205361619	0.0440302497527052
"hsa-miR-6769b-3p"	1.24231546279368	2.60114164648966	4.31161464870588	0.0378530174268663	0.059242976480778
"hsa-miR-6810-3p"	5.20936207659082	2.17252381624783	35.3568778454519	2.74497509783853e-09	1.28883116498514e-08
"hsa-miR-6842-3p"	4.99059913180962	3.19480464443731	78.6670403804972	7.35118845150691e-19	8.23667251498388e-18
"hsa-miR-7-1-3p"	0.157787691565991	4.2494459084033	0.155224630500388	0.693591691827417	0.726388056007913
"hsa-miR-7-5p"	-1.48391255120591	5.36452197289823	4.27128217448031	0.0387616719397815	0.0598196060109621
"hsa-miR-708-5p"	2.75925037421019	2.23555617707584	3.28441095122188	0.0699407211345646	0.100820981050703
"hsa-miR-744-3p"	-0.44535362652673	4.01411719079751	0.984039946298834	0.321203439654011	0.377931493435388
"hsa-miR-744-5p"	0.285400776523926	8.56498833293204	1.07599331807932	0.299595610341862	0.355905146743465
"hsa-miR-758-3p"	-9.13589010716237	5.68302085595403	26.3314014448687	2.87574831424027e-07	1.01267422780032e-06
"hsa-miR-760"	0.223564490774759	2.92865510204217	0.158548934196807	0.690496006352572	0.72583055678426
"hsa-miR-766-3p"	0.528318270592276	5.21776578274553	1.99264408110684	0.158064691809204	0.206271127954847
"hsa-miR-769-3p"	-0.902617544426349	3.00468592888005	1.86113170444847	0.172494242156866	0.220469212670191
"hsa-miR-769-5p"	-1.85363662156475	10.0836552751902	33.9708519953809	5.59439035715016e-09	2.50730404188639e-08
"hsa-miR-7705"	0.460135829235242	3.63161925452727	0.964462131183425	0.326065201703947	0.381223636355636
"hsa-miR-7706"	0.189652473466896	5.99599692125352	0.339220422801626	0.560279554627816	0.608409296104655
"hsa-miR-7974"	-4.60900934800302	6.47652416714901	54.7395639954503	1.37607982225663e-13	1.09420540705245e-12
"hsa-miR-7976"	0.269175870924244	4.13722872654316	0.191837584622522	0.661391592323494	0.702533124315296
"hsa-miR-7977"	0.394137877179056	2.38256164162712	0.192757168210777	0.660631689413891	0.702533124315296
"hsa-miR-874-3p"	-3.42505848835817	7.81784472003938	27.4096532379601	1.64607502645032e-07	6.14784081848491e-07
"hsa-miR-874-5p"	-2.91613203033086	4.11043884770782	18.6941838191656	1.53449833920093e-05	4.32290103557748e-05
"hsa-miR-877-5p"	-0.539024270395504	6.58718829861524	2.27142933645468	0.131778316215644	0.176061544429031
"hsa-miR-887-3p"	-10.5590694666938	7.07602509275016	144.259893485587	3.11723380685919e-33	9.60497666738488e-32
"hsa-miR-887-5p"	-7.88941371094133	4.50387141566305	48.6136770007953	3.11687939484261e-12	2.13419658563529e-11
"hsa-miR-889-3p"	-9.4340781092391	5.97229293142428	38.7375852342898	4.84783778324681e-10	2.62635607378096e-09
"hsa-miR-9-5p"	4.46608441114553	4.02613178813273	62.1907353537112	3.11751135335398e-15	2.64988465035088e-14
"hsa-miR-92a-1-5p"	-2.71291113839556	4.19226590392659	23.7241404105015	1.11179198595857e-06	3.55917824076346e-06
"hsa-miR-92a-3p"	-0.655499772978774	15.116091349486	4.43542813613044	0.0352003901533315	0.055443426024257
"hsa-miR-92b-3p"	-3.60025181180597	11.4638051704294	86.8175993342602	1.19005794821838e-20	1.58567180668016e-19
"hsa-miR-92b-5p"	-5.38802409415142	2.44731844740267	11.3000361863238	0.000775055803324656	0.0016982333823958
"hsa-miR-93-3p"	-0.0289026952850513	5.55878372117161	0.00807410517749485	0.928401626922392	0.93599591425918
"hsa-miR-93-5p"	-0.704294587665399	10.1247254650222	4.50988373330555	0.0336995313751899	0.053420800540092
"hsa-miR-935"	-10.3091699114844	6.8290624353592	110.426479464059	7.90224553754285e-26	1.4428915000032e-24
"hsa-miR-937-3p"	-0.683871036999187	2.91859472480206	1.43474405227122	0.230991764347049	0.281878563918553
"hsa-miR-940"	-0.640753003682233	5.11175307448953	1.91866219614329	0.166004214051732	0.214803353090561
"hsa-miR-941"	2.13117485071096	9.32579149878586	31.711647227393	1.7884639816999e-08	7.47214188964451e-08
"hsa-miR-941-3-5p"	2.12742741712657	7.01943701966814	28.7912046327493	8.06163841300354e-08	3.10499042000839e-07
"hsa-miR-942-5p"	-0.433355876091828	4.24344717626485	1.51168789709293	0.218881708813179	0.269771706112243
"hsa-miR-98-3p"	-0.281675322330143	5.22581876594509	0.19538357975631	0.658473178665737	0.702533124315296
"hsa-miR-98-5p"	0.0340341354042914	11.7791405282055	0.0112970222401714	0.915354287840569	0.92663175339918
"hsa-miR-99a-3p"	-3.92462187125354	4.56690771605729	24.9458229333361	5.89641431719641e-07	1.96414341782286e-06
"hsa-miR-99a-5p"	-4.33839429260033	9.49239685052403	47.4981685802265	5.50553566769528e-12	3.66787714077537e-11
"hsa-miR-99b-3p"	-0.848760022657557	6.98104578588752	5.44109126579533	0.0196683775369754	0.0328996813861798
"hsa-miR-99b-5p"	0.361465285510071	15.0461747811978	0.381185005269458	0.536969722967907	0.585677153591102
