"logFC"	"logCPM"	"LR"	"PValue"	"FDR2"
"hsa-let-7a-2-3p"	0	4.04478647072863	0	1	1
"hsa-let-7a-3p"	0	7.17595352527445	0	1	1
"hsa-let-7a-5p"	0	15.4701709658998	0	1	1
"hsa-let-7b-3p"	0	7.23025091521762	0	1	1
"hsa-let-7b-5p"	0	12.4458752993928	0	1	1
"hsa-let-7c-3p"	0	3.54896607843736	0	1	1
"hsa-let-7c-5p"	0	10.89761798415	0	1	1
"hsa-let-7d-3p"	0	7.7512479577892	0	1	1
"hsa-let-7d-5p"	0	10.4935882185443	0	1	1
"hsa-let-7e-3p"	0	5.05612672502724	0	1	1
"hsa-let-7e-5p"	0	12.0060404468038	0	1	1
"hsa-let-7f-1-3p"	0	5.37580126440595	0	1	1
"hsa-let-7f-2-3p"	0	5.35664337015241	0	1	1
"hsa-let-7f-5p"	0	14.7935243732703	0	1	1
"hsa-let-7g-3p"	0	3.62596905552696	0	1	1
"hsa-let-7g-5p"	0	12.4206864581399	0	1	1
"hsa-let-7i-3p"	0	5.85855897566561	0	1	1
"hsa-let-7i-5p"	0	14.1130990942373	0	1	1
"hsa-miR-100-3p"	0	8.03933216717144	0	1	1
"hsa-miR-100-5p"	0	17.1858201622267	0	1	1
"hsa-miR-101-3p"	0	11.059419126201	0	1	1
"hsa-miR-101-5p"	0	3.47180411944542	0	1	1
"hsa-miR-103a-3p"	0	12.4125389722867	0	1	1
"hsa-miR-106b-3p"	0	7.91679818529894	0	1	1
"hsa-miR-106b-5p"	0	8.39191195610705	0	1	1
"hsa-miR-107"	0	5.56100908686601	0	1	1
"hsa-miR-10a-3p"	0	4.8373692620027	0	1	1
"hsa-miR-10a-5p"	0	14.6402503158065	0	1	1
"hsa-miR-10b-3p"	0	2.55811451934862	0	1	1
"hsa-miR-10b-5p"	0	13.9167755292789	0	1	1
"hsa-miR-1180-3p"	0	5.45387531068705	0	1	1
"hsa-miR-1185-1-3p"	0	4.66716623014581	0	1	1
"hsa-miR-1185-5p"	0	3.33909285481588	0	1	1
"hsa-miR-1197"	0	3.66752872269711	0	1	1
"hsa-miR-1226-3p"	0	3.48160556310192	0	1	1
"hsa-miR-1249-3p"	0	4.19340456033881	0	1	1
"hsa-miR-1254"	0	2.81345684795627	0	1	1
"hsa-miR-1255a"	0	2.95927698451788	0	1	1
"hsa-miR-1257"	0	2.8460837068425	0	1	1
"hsa-miR-125a-3p"	0	5.97897023954736	0	1	1
"hsa-miR-125a-5p"	0	13.267591806739	0	1	1
"hsa-miR-125b-1-3p"	0	9.4938696037795	0	1	1
"hsa-miR-125b-2-3p"	0	8.44990359998058	0	1	1
"hsa-miR-125b-5p"	0	12.803757031729	0	1	1
"hsa-miR-126-3p"	0	14.3907619202037	0	1	1
"hsa-miR-126-5p"	0	16.0497806809854	0	1	1
"hsa-miR-1260a"	0	4.61251624368161	0	1	1
"hsa-miR-1260b"	0	3.60001183442167	0	1	1
"hsa-miR-1262"	0	3.33539213382504	0	1	1
"hsa-miR-127-3p"	0	11.8169189904014	0	1	1
"hsa-miR-127-5p"	0	4.48442094413081	0	1	1
"hsa-miR-1271-3p"	0	1.73632868461678	0	1	1
"hsa-miR-1271-5p"	0	7.38776031921737	0	1	1
"hsa-miR-1277-5p"	0	3.5919864267331	0	1	1
"hsa-miR-128-1-5p"	0	4.72140677343781	0	1	1
"hsa-miR-128-3p"	0	9.8290269614935	0	1	1
"hsa-miR-1285-3p"	0	6.14073872244327	0	1	1
"hsa-miR-1294"	0	2.67732823429367	0	1	1
"hsa-miR-1296-5p"	0	6.73854285670937	0	1	1
"hsa-miR-1301-3p"	0	6.22184200595827	0	1	1
"hsa-miR-1304-3p"	0	7.65040898909341	0	1	1
"hsa-miR-1304-5p"	0	3.60743203775204	0	1	1
"hsa-miR-1306-5p"	0	3.61343906699587	0	1	1
"hsa-miR-1307-3p"	0	8.50575721689016	0	1	1
"hsa-miR-1307-5p"	0	10.1239515991089	0	1	1
"hsa-miR-130a-3p"	0	10.5861592486073	0	1	1
"hsa-miR-130b-3p"	0	10.1374943404594	0	1	1
"hsa-miR-130b-5p"	0	8.42915100608347	0	1	1
"hsa-miR-132-3p"	0	5.79705338597363	0	1	1
"hsa-miR-132-5p"	0	2.64281258620405	0	1	1
"hsa-miR-133a-3p"	0	2.51704867666966	0	1	1
"hsa-miR-134-5p"	0	5.37396907058145	0	1	1
"hsa-miR-1343-3p"	0	3.07469348876369	0	1	1
"hsa-miR-136-3p"	0	8.16270032872652	0	1	1
"hsa-miR-136-5p"	0	4.78043717068994	0	1	1
"hsa-miR-137"	0	6.15708770119062	0	1	1
"hsa-miR-138-1-3p"	0	2.08059949662949	0	1	1
"hsa-miR-138-5p"	0	7.92162397708096	0	1	1
"hsa-miR-139-5p"	0	5.54129557115677	0	1	1
"hsa-miR-140-3p"	0	10.193526510468	0	1	1
"hsa-miR-140-5p"	0	5.45582651807138	0	1	1
"hsa-miR-143-3p"	0	7.20124974595684	0	1	1
"hsa-miR-145-5p"	0	2.66876300579774	0	1	1
"hsa-miR-146a-3p"	0	3.14709609280434	0	1	1
"hsa-miR-146a-5p"	0	7.77209709162994	0	1	1
"hsa-miR-146b-5p"	0	5.1246632389	0	1	1
"hsa-miR-148a-3p"	0	8.96244812669224	0	1	1
"hsa-miR-148a-5p"	0	3.57296735795152	0	1	1
"hsa-miR-148b-3p"	0	10.9057466908432	0	1	1
"hsa-miR-148b-5p"	0	7.68481672463877	0	1	1
"hsa-miR-149-5p"	0	8.46456378917603	0	1	1
"hsa-miR-150-5p"	0	5.15682804486399	0	1	1
"hsa-miR-151a-3p"	0	13.4642524816188	0	1	1
"hsa-miR-151a-5p"	0	13.6702583295713	0	1	1
"hsa-miR-151b"	0	3.53608990183649	0	1	1
"hsa-miR-152-3p"	0	6.82603041262223	0	1	1
"hsa-miR-152-5p"	0	4.76346043219255	0	1	1
"hsa-miR-155-5p"	0	10.8821281873141	0	1	1
"hsa-miR-15a-5p"	0	8.74333027133199	0	1	1
"hsa-miR-15b-3p"	0	7.40262759248063	0	1	1
"hsa-miR-15b-5p"	0	8.55654234604582	0	1	1
"hsa-miR-16-2-3p"	0	6.37321996235059	0	1	1
"hsa-miR-16-5p"	0	12.3027943716393	0	1	1
"hsa-miR-17-3p"	0	7.33307704668205	0	1	1
"hsa-miR-17-5p"	0	9.58261636275243	0	1	1
"hsa-miR-181a-2-3p"	0	9.01036040671802	0	1	1
"hsa-miR-181a-3p"	0	9.97156694994946	0	1	1
"hsa-miR-181a-5p"	0	14.2463062496108	0	1	1
"hsa-miR-181b-2-3p"	0	2.59543412051437	0	1	1
"hsa-miR-181b-3p"	0	5.67162033529922	0	1	1
"hsa-miR-181b-5p"	0	12.3961005994255	0	1	1
"hsa-miR-181c-3p"	0	6.99104044188121	0	1	1
"hsa-miR-181c-5p"	0	8.61791622339569	0	1	1
"hsa-miR-181d-5p"	0	6.60094805458115	0	1	1
"hsa-miR-182-5p"	0	5.79376044717088	0	1	1
"hsa-miR-183-5p"	0	3.60081087295996	0	1	1
"hsa-miR-185-3p"	0	3.59716498948786	0	1	1
"hsa-miR-185-5p"	0	7.00535670713912	0	1	1
"hsa-miR-186-5p"	0	12.76077935492	0	1	1
"hsa-miR-187-3p"	0	2.63557044773678	0	1	1
"hsa-miR-188-5p"	0	5.00750058275305	0	1	1
"hsa-miR-18a-3p"	0	5.76008688523238	0	1	1
"hsa-miR-18a-5p"	0	7.19924909719132	0	1	1
"hsa-miR-1908-3p"	0	2.77072214523902	0	1	1
"hsa-miR-1908-5p"	0	3.56603741684658	0	1	1
"hsa-miR-190a-5p"	0	2.93078271910259	0	1	1
"hsa-miR-191-3p"	0	4.44701152394768	0	1	1
"hsa-miR-191-5p"	0	14.0775364519905	0	1	1
"hsa-miR-1910-5p"	0	5.56755070592371	0	1	1
"hsa-miR-192-5p"	0	8.60817572751387	0	1	1
"hsa-miR-193a-3p"	0	10.4827866851646	0	1	1
"hsa-miR-193a-5p"	0	7.47792994115759	0	1	1
"hsa-miR-193b-3p"	0	8.5588279153612	0	1	1
"hsa-miR-193b-5p"	0	2.73475547950467	0	1	1
"hsa-miR-194-5p"	0	3.80985753370014	0	1	1
"hsa-miR-195-3p"	0	5.06492258510276	0	1	1
"hsa-miR-195-5p"	0	8.27964713991323	0	1	1
"hsa-miR-196b-5p"	0	4.90314431148451	0	1	1
"hsa-miR-197-3p"	0	9.59240506031652	-9.9475983006414e-13	1	1
"hsa-miR-199a-3p"	0	8.65405789198289	0	1	1
"hsa-miR-199a-5p"	0	5.74327609892345	0	1	1
"hsa-miR-199b-3p"	0	7.32136475820219	0	1	1
"hsa-miR-199b-5p"	0	5.39624620363712	0	1	1
"hsa-miR-19a-3p"	0	8.22423740920983	0	1	1
"hsa-miR-19a-5p"	0	3.21982084543268	0	1	1
"hsa-miR-19b-3p"	0	9.37010495392022	0	1	1
"hsa-miR-200b-3p"	0	3.36719094403348	0	1	1
"hsa-miR-204-5p"	0	9.42339935438927	0	1	1
"hsa-miR-205-5p"	0	2.83073264546152	0	1	1
"hsa-miR-20a-3p"	0	3.38093704677167	0	1	1
"hsa-miR-20a-5p"	0	9.57641265738062	0	1	1
"hsa-miR-21-3p"	0	12.7093244987128	0	1	1
"hsa-miR-21-5p"	0	16.5714837942522	-8.00355337560177e-11	1	1
"hsa-miR-210-3p"	0	6.97867078095419	0	1	1
"hsa-miR-210-5p"	0	3.70134283972381	0	1	1
"hsa-miR-2110"	0	3.61196670512297	0	1	1
"hsa-miR-2110-3p"	0	4.16910277256365	0	1	1
"hsa-miR-2116-3p"	0	4.05345079193338	0	1	1
"hsa-miR-212-5p"	0	3.05374459147159	0	1	1
"hsa-miR-214-3p"	0	3.89048902731751	0	1	1
"hsa-miR-214-5p"	0	2.61167598171728	0	1	1
"hsa-miR-215-5p"	0	3.65024966329062	0	1	1
"hsa-miR-216a-3p"	0	7.67434064973809	0	1	1
"hsa-miR-216a-5p"	0	7.23644079319965	0	1	1
"hsa-miR-217"	0	7.30158809373085	0	1	1
"hsa-miR-218-1-3p"	0	4.53248563181921	0	1	1
"hsa-miR-218-5p"	0	6.65956812050102	0	1	1
"hsa-miR-219a-1-3p"	0	2.79961866241683	0	1	1
"hsa-miR-22-3p"	0	16.9380868615049	0	1	1
"hsa-miR-22-5p"	0	6.77180112751777	0	1	1
"hsa-miR-221-3p"	0	13.6248581161915	0	1	1
"hsa-miR-221-5p"	0	9.84036301745179	0	1	1
"hsa-miR-222-3p"	0	14.3898307284382	0	1	1
"hsa-miR-222-5p"	0	7.24173650478094	0	1	1
"hsa-miR-224-5p"	0	8.90932444916705	0	1	1
"hsa-miR-2277-5p"	0	3.91098758063642	0	1	1
"hsa-miR-2355-3p"	0	3.26762051548457	0	1	1
"hsa-miR-2355-5p"	0	5.25878859014974	0	1	1
"hsa-miR-23a-3p"	0	11.3575400242562	0	1	1
"hsa-miR-23a-5p"	0	5.71564758111786	0	1	1
"hsa-miR-23b-3p"	0	9.10544793323626	0	1	1
"hsa-miR-24-2-5p"	0	7.83959141314116	0	1	1
"hsa-miR-24-3p"	0	9.9909598454502	0	1	1
"hsa-miR-2467-5p"	0	4.15002984440828	0	1	1
"hsa-miR-25-3p"	0	11.3152624355332	0	1	1
"hsa-miR-25-5p"	0	5.1518051026856	0	1	1
"hsa-miR-2682-3p"	0	4.45776654407648	0	1	1
"hsa-miR-2682-5p"	0	6.03658485863597	0	1	1
"hsa-miR-26a-1-3p"	0	3.35013058355594	0	1	1
"hsa-miR-26a-2-3p"	0	5.10197848584794	0	1	1
"hsa-miR-26a-5p"	0	14.1294003413296	0	1	1
"hsa-miR-26b-3p"	0	5.40215563901408	0	1	1
"hsa-miR-26b-5p"	0	10.8747999710317	0	1	1
"hsa-miR-27a-3p"	0	12.8078903821547	0	1	1
"hsa-miR-27a-5p"	0	7.10236219337441	0	1	1
"hsa-miR-27b-3p"	0	13.4561097753673	0	1	1
"hsa-miR-27b-5p"	0	6.14480726612946	0	1	1
"hsa-miR-28-3p"	0	12.4076919633423	0	1	1
"hsa-miR-28-5p"	0	9.56806840813514	0	1	1
"hsa-miR-299-3p"	0	4.71847899845998	0	1	1
"hsa-miR-29a-3p"	0	12.4212719594931	0	1	1
"hsa-miR-29a-5p"	0	5.7651700328785	0	1	1
"hsa-miR-29b-1-5p"	0	3.90857321121855	0	1	1
"hsa-miR-29b-3p"	0	8.32969032829289	0	1	1
"hsa-miR-29c-3p"	0	8.4660483001802	0	1	1
"hsa-miR-29c-5p"	0	4.78754767146763	0	1	1
"hsa-miR-301a-3p"	0	8.56947028898064	0	1	1
"hsa-miR-301b-3p"	0	7.69994499908785	0	1	1
"hsa-miR-30a-3p"	0	8.98762887364409	0	1	1
"hsa-miR-30a-5p"	0	14.6236443710171	0	1	1
"hsa-miR-30b-5p"	0	9.24136126394986	0	1	1
"hsa-miR-30c-1-3p"	0	4.2902911022407	0	1	1
"hsa-miR-30c-2-3p"	0	5.87236040321346	0	1	1
"hsa-miR-30c-5p"	0	11.5878538677792	0	1	1
"hsa-miR-30d-3p"	0	5.95488792993865	0	1	1
"hsa-miR-30d-5p"	0	12.1433547065442	0	1	1
"hsa-miR-30e-3p"	0	6.91161807729017	0	1	1
"hsa-miR-30e-5p"	0	12.0645676010099	0	1	1
"hsa-miR-31-3p"	0	7.7979598997482	0	1	1
"hsa-miR-31-5p"	0	12.8413099040898	0	1	1
"hsa-miR-3117-3p"	0	3.58726660084277	0	1	1
"hsa-miR-3129-3p"	0	2.8618345087968	0	1	1
"hsa-miR-3152-5p"	0	4.62937658611702	0	1	1
"hsa-miR-3158-3p"	0	4.33649417879967	0	1	1
"hsa-miR-3168"	0	3.23382319066954	0	1	1
"hsa-miR-3174"	0	2.98290462195569	0	1	1
"hsa-miR-3176"	0	5.20243291917818	0	1	1
"hsa-miR-32-3p"	0	2.98311141176851	0	1	1
"hsa-miR-32-5p"	0	4.03122498702935	0	1	1
"hsa-miR-3200-3p"	0	5.11338042100721	0	1	1
"hsa-miR-320a"	0	11.0187760877812	0	1	1
"hsa-miR-323a-3p"	0	4.81473282502691	0	1	1
"hsa-miR-323b-3p"	0	4.14960840440527	0	1	1
"hsa-miR-324-3p"	0	5.91897636504993	0	1	1
"hsa-miR-324-5p"	0	5.15071815615344	0	1	1
"hsa-miR-326"	0	7.45294525840966	0	1	1
"hsa-miR-328-3p"	0	5.30803248870372	0	1	1
"hsa-miR-329-3p"	0	4.18139677055828	0	1	1
"hsa-miR-330-3p"	0	5.05921438017772	0	1	1
"hsa-miR-330-5p"	0	6.7412243775137	0	1	1
"hsa-miR-331-3p"	0	9.4756747319653	0	1	1
"hsa-miR-331-5p"	0	4.5922760713455	0	1	1
"hsa-miR-335-3p"	0	6.55678811681949	0	1	1
"hsa-miR-335-5p"	0	4.25848405316973	0	1	1
"hsa-miR-337-3p"	0	4.58016265072455	0	1	1
"hsa-miR-337-5p"	0	2.94539970874006	0	1	1
"hsa-miR-338-3p"	0	5.80333060887479	0	1	1
"hsa-miR-338-5p"	0	3.83610145435587	0	1	1
"hsa-miR-339-3p"	0	7.57379814088396	0	1	1
"hsa-miR-339-5p"	0	7.26227407035153	0	1	1
"hsa-miR-33a-3p"	0	3.25072095828658	0	1	1
"hsa-miR-33a-5p"	0	5.44254351494488	0	1	1
"hsa-miR-33b-3p"	0	3.58487084249273	0	1	1
"hsa-miR-33b-5p"	0	4.36628700787131	0	1	1
"hsa-miR-340-3p"	0	4.8915729248609	0	1	1
"hsa-miR-340-5p"	0	9.16694101421322	0	1	1
"hsa-miR-342-3p"	0	8.16349315277113	0	1	1
"hsa-miR-342-5p"	0	3.20685385452731	0	1	1
"hsa-miR-345-5p"	0	10.3968643221646	0	1	1
"hsa-miR-34a-3p"	0	4.81814324377797	0	1	1
"hsa-miR-34a-5p"	0	9.75786207365896	0	1	1
"hsa-miR-34c-5p"	0	4.19700207082164	0	1	1
"hsa-miR-3605-3p"	0	3.50821452645207	0	1	1
"hsa-miR-3605-5p"	0	3.45035629036608	0	1	1
"hsa-miR-3607-3p"	0	5.88614138977765	0	1	1
"hsa-miR-361-3p"	0	7.59591063548587	0	1	1
"hsa-miR-361-5p"	0	8.10565761202297	0	1	1
"hsa-miR-3613-3p"	0	2.77183585380134	0	1	1
"hsa-miR-3613-5p"	0	4.38822027664144	0	1	1
"hsa-miR-3615"	0	3.83434728407744	0	1	1
"hsa-miR-362-3p"	0	2.36853757502052	0	1	1
"hsa-miR-362-5p"	0	4.49040904406997	0	1	1
"hsa-miR-3651"	0	3.25065325541529	0	1	1
"hsa-miR-365a-3p"	0	6.52962585809803	0	1	1
"hsa-miR-365b-3p"	0	6.52962585809803	0	1	1
"hsa-miR-365b-5p"	0	3.71044478802005	0	1	1
"hsa-miR-3661"	0	4.3115933679186	0	1	1
"hsa-miR-3677-3p"	0	4.27448572404951	0	1	1
"hsa-miR-3688-3p"	0	2.41607816063203	0	1	1
"hsa-miR-369-3p"	0	4.93441630288336	0	1	1
"hsa-miR-369-5p"	0	4.36186631299697	0	1	1
"hsa-miR-370-3p"	0	5.01826261135927	0	1	1
"hsa-miR-374a-3p"	0	8.35544444294184	0	1	1
"hsa-miR-374a-5p"	0	6.25138755776134	0	1	1
"hsa-miR-374b-3p"	0	4.69055959235011	0	1	1
"hsa-miR-374b-5p"	0	6.1358452108211	0	1	1
"hsa-miR-376a-3p"	0	3.66962219390889	0	1	1
"hsa-miR-376a-5p"	0	4.15763347064737	0	1	1
"hsa-miR-376b-3p"	0	3.58899403795224	0	1	1
"hsa-miR-376c-3p"	0	5.50777171270539	0	1	1
"hsa-miR-377-3p"	0	2.98654691591535	0	1	1
"hsa-miR-377-5p"	0	3.67702702968495	0	1	1
"hsa-miR-378a-3p"	0	10.6353089244021	0	1	1
"hsa-miR-378a-5p"	0	3.74139051265835	0	1	1
"hsa-miR-379-3p"	0	4.00392073482442	0	1	1
"hsa-miR-380-3p"	0	3.62405133997254	0	1	1
"hsa-miR-381-3p"	0	9.0113481115143	0	1	1
"hsa-miR-382-3p"	0	3.19012000666589	0	1	1
"hsa-miR-382-5p"	0	4.70066609253778	0	1	1
"hsa-miR-3909"	0	4.86972872319089	0	1	1
"hsa-miR-3940-3p"	0	3.29617901567613	0	1	1
"hsa-miR-409-3p"	0	9.49767640511828	0	1	1
"hsa-miR-409-5p"	0	7.20609839465857	0	1	1
"hsa-miR-410-3p"	0	8.23928243326568	0	1	1
"hsa-miR-411-3p"	0	4.52273778118118	0	1	1
"hsa-miR-411-5p"	0	9.09909470402945	0	1	1
"hsa-miR-421"	0	8.32566291471767	0	1	1
"hsa-miR-423-3p"	0	12.1277874325549	0	1	1
"hsa-miR-423-5p"	0	11.0846497233531	0	1	1
"hsa-miR-424-3p"	0	5.21492882809224	0	1	1
"hsa-miR-424-5p"	0	7.13130598788392	0	1	1
"hsa-miR-425-3p"	0	4.65178694437579	0	1	1
"hsa-miR-425-5p"	0	8.25192227925049	0	1	1
"hsa-miR-431-3p"	0	3.81348458978853	0	1	1
"hsa-miR-431-5p"	0	6.12620703985014	0	1	1
"hsa-miR-432-5p"	0	5.00517252558916	0	1	1
"hsa-miR-4326"	0	5.06793353981116	0	1	1
"hsa-miR-433-3p"	0	2.70877297160637	0	1	1
"hsa-miR-450a-5p"	0	6.55941592640409	0	1	1
"hsa-miR-450b-5p"	0	7.49786626664625	0	1	1
"hsa-miR-452-3p"	0	4.94088913301255	0	1	1
"hsa-miR-452-5p"	0	7.049759814888	0	1	1
"hsa-miR-4521"	0	4.94134618015136	4.9737991503207e-14	0.999999822055658	1
"hsa-miR-454-3p"	0	7.43888294878881	0	1	1
"hsa-miR-454-5p"	0	5.0172664786119	0	1	1
"hsa-miR-455-3p"	0	8.4288850904754	0	1	1
"hsa-miR-455-5p"	0	7.96330531232733	0	1	1
"hsa-miR-4645-3p"	0	4.21120314507254	0	1	1
"hsa-miR-4661-5p"	0	2.66675206080719	0	1	1
"hsa-miR-4662a-5p"	0	2.78145531843127	0	1	1
"hsa-miR-4677-3p"	0	5.65154952671888	0	1	1
"hsa-miR-4746-5p"	0	3.14530596593414	0	1	1
"hsa-miR-4775"	0	5.14900662881281	0	1	1
"hsa-miR-483-5p"	0	2.08736790576607	0	1	1
"hsa-miR-484"	0	10.3859108081816	0	1	1
"hsa-miR-485-3p"	0	4.79157973329756	0	1	1
"hsa-miR-485-5p"	0	3.48203110044394	0	1	1
"hsa-miR-486-5p"	0	7.43974941271597	0	1	1
"hsa-miR-487a-3p"	0	3.3515500515786	0	1	1
"hsa-miR-487b-3p"	0	6.05262349331199	0	1	1
"hsa-miR-493-3p"	0	3.98867488630479	0	1	1
"hsa-miR-493-5p"	0	3.82653353209723	0	1	1
"hsa-miR-494-3p"	0	5.34132341972716	0	1	1
"hsa-miR-495-3p"	0	4.43296804946387	0	1	1
"hsa-miR-496"	0	2.31423472663963	0	1	1
"hsa-miR-497-5p"	0	9.00810422512889	0	1	1
"hsa-miR-500a-3p"	0	9.4350881761807	0	1	1
"hsa-miR-500b-3p"	0	2.89687432120228	0	1	1
"hsa-miR-501-3p"	0	8.46386179106937	0	1	1
"hsa-miR-501-5p"	0	4.5473096614948	0	1	1
"hsa-miR-502-3p"	0	5.56549280275357	0	1	1
"hsa-miR-502-5p"	0	2.81370712206762	0	1	1
"hsa-miR-503-5p"	0	4.34114521702339	0	1	1
"hsa-miR-505-3p"	0	7.87921848558078	0	1	1
"hsa-miR-505-5p"	0	3.57386135108023	0	1	1
"hsa-miR-515-5p"	0	1.80930050380136	0	1	1
"hsa-miR-532-3p"	0	6.07926163022722	0	1	1
"hsa-miR-532-5p"	0	9.16028849939757	0	1	1
"hsa-miR-539-3p"	0	5.42906102502524	0	1	1
"hsa-miR-542-3p"	0	5.04506569061601	0	1	1
"hsa-miR-542-5p"	0	3.05774486348013	0	1	1
"hsa-miR-543"	0	3.80969601971687	0	1	1
"hsa-miR-548ar-3p"	0	2.25268489479724	0	1	1
"hsa-miR-548e-3p"	0	5.57997932371402	0	1	1
"hsa-miR-548e-5p"	0	4.14265382261455	0	1	1
"hsa-miR-548h-5p"	0	2.6326195210337	0	1	1
"hsa-miR-548k"	0	6.73889441012633	0	1	1
"hsa-miR-548n"	0	3.21715188405519	0	1	1
"hsa-miR-548o-3p"	0	5.23287752928269	0	1	1
"hsa-miR-548s"	0	2.60736745728233	0	1	1
"hsa-miR-550a-3p"	0	4.01526032222284	0	1	1
"hsa-miR-550a-5p"	0	4.11638338248832	0	1	1
"hsa-miR-551a"	0	3.16582974678184	0	1	1
"hsa-miR-556-5p"	0	2.86816419608755	0	1	1
"hsa-miR-561-5p"	0	7.24588824082964	0	1	1
"hsa-miR-5690"	0	2.62975701519278	0	1	1
"hsa-miR-574-3p"	0	9.36580074267552	0	1	1
"hsa-miR-574-5p"	0	4.05335108121438	0	1	1
"hsa-miR-576-3p"	0	3.30786335339767	0	1	1
"hsa-miR-576-5p"	0	5.59234271104583	0	1	1
"hsa-miR-582-3p"	0	7.7989648728077	0	1	1
"hsa-miR-582-5p"	0	6.86423304630311	0	1	1
"hsa-miR-584-5p"	0	7.73854170889653	0	1	1
"hsa-miR-589-3p"	0	6.00496979244521	0	1	1
"hsa-miR-589-5p"	0	7.7885568097865	0	1	1
"hsa-miR-590-3p"	0	6.12076249767157	0	1	1
"hsa-miR-598-3p"	0	5.08845864091261	0	1	1
"hsa-miR-616-5p"	0	3.17193633851576	0	1	1
"hsa-miR-624-5p"	0	3.34212842934839	0	1	1
"hsa-miR-625-3p"	0	5.51251266183838	0	1	1
"hsa-miR-625-5p"	0	5.04930950985044	0	1	1
"hsa-miR-628-3p"	0	3.20097194325815	0	1	1
"hsa-miR-628-5p"	0	3.98650658487703	0	1	1
"hsa-miR-629-3p"	0	3.21415628702723	0	1	1
"hsa-miR-629-5p"	0	5.09123432026714	0	1	1
"hsa-miR-641"	0	4.60873389663496	0	1	1
"hsa-miR-6511a-3p"	0	2.93467806262906	0	1	1
"hsa-miR-652-3p"	0	6.19232132205251	0	1	1
"hsa-miR-652-5p"	0	3.46709380948606	0	1	1
"hsa-miR-654-3p"	0	9.37886266381542	0	1	1
"hsa-miR-655-3p"	0	2.53183923884377	0	1	1
"hsa-miR-656-3p"	0	3.50488763082588	0	1	1
"hsa-miR-660-5p"	0	8.26811968818585	0	1	1
"hsa-miR-664a-3p"	0	4.67540594312807	0	1	1
"hsa-miR-665"	0	4.13721380751165	0	1	1
"hsa-miR-671-3p"	0	7.41633544527135	0	1	1
"hsa-miR-671-5p"	0	5.70351879244421	0	1	1
"hsa-miR-6716-3p"	0	3.15395085131837	0	1	1
"hsa-miR-7-1-3p"	0	4.18257762885633	0	1	1
"hsa-miR-7-5p"	0	5.59784256927148	0	1	1
"hsa-miR-708-5p"	0	1.55329959462368	0	1	1
"hsa-miR-744-3p"	0	4.07196468879597	0	1	1
"hsa-miR-744-5p"	0	8.46346288535468	0	1	1
"hsa-miR-758-3p"	0	6.05408921430272	0	1	1
"hsa-miR-760"	0	2.85892676662744	0	1	1
"hsa-miR-766-3p"	0	5.04636892099405	0	1	1
"hsa-miR-769-3p"	0	3.12181959405467	0	1	1
"hsa-miR-769-5p"	0	10.3423889258659	0	1	1
"hsa-miR-7705"	0	3.49151637867103	0	1	1
"hsa-miR-7706"	0	5.92504812773947	0	1	1
"hsa-miR-7974"	0	6.84077945647004	0	1	1
"hsa-miR-7976"	0	4.04711604169083	0	1	1
"hsa-miR-874-3p"	0	8.17238743763118	0	1	1
"hsa-miR-874-5p"	0	4.41473777229695	0	1	1
"hsa-miR-877-5p"	0	6.67735342377258	0	1	1
"hsa-miR-887-3p"	0	7.4584255851542	0	1	1
"hsa-miR-887-5p"	0	4.86693976247351	0	1	1
"hsa-miR-889-3p"	0	6.34471473972212	0	1	1
"hsa-miR-92a-1-5p"	0	4.480642320523	0	1	1
"hsa-miR-92a-3p"	0	15.2245624154253	0	1	1
"hsa-miR-92b-3p"	0	11.8094382711571	0	1	1
"hsa-miR-92b-5p"	0	2.72537051984733	0	1	1
"hsa-miR-93-3p"	0	5.53865478952488	0	1	1
"hsa-miR-93-5p"	0	10.2409656433235	0	1	1
"hsa-miR-935"	0	7.21315537432498	0	1	1
"hsa-miR-937-3p"	0	3.00929345075363	0	1	1
"hsa-miR-940"	0	5.21418785806171	0	1	1
"hsa-miR-941"	0	8.42266488359605	0	1	1
"hsa-miR-941-3-5p"	0	6.13112614913733	0	1	1
"hsa-miR-942-5p"	0	4.30587133543739	0	1	1
"hsa-miR-98-3p"	0	5.25551156468054	0	1	1
"hsa-miR-98-5p"	0	11.7438792467373	0	1	1
"hsa-miR-99a-3p"	0	4.89937252499545	0	1	1
"hsa-miR-99a-5p"	0	9.86348888823745	0	1	1
"hsa-miR-99b-3p"	0	7.12494078817046	0	1	1
"hsa-miR-99b-5p"	0	14.9282186384854	0	1	1
