"logFC"	"logCPM"	"LR"	"PValue"	"FDR2"
"hsa-let-7a-2-3p"	0.296696142718849	3.4552055187686	0.0390668600283215	0.843316264605616	0.925390840236333
"hsa-let-7a-3p"	0.201722698638762	5.75999674198577	0.125503155904361	0.723140860099561	0.905934799735839
"hsa-let-7a-5p"	-1.12080600395997	16.0229174620216	2.21545084535137	0.136635141199309	0.452829145725077
"hsa-let-7b-3p"	-0.257044709698692	7.09994875777588	0.214200308311331	0.643494977246629	0.880886369841328
"hsa-let-7b-5p"	-1.01419994726242	12.7798530001127	1.97882600175481	0.159514139690554	0.506187470303421
"hsa-let-7c-5p"	1.452573409452	10.174952687575	1.96952333650228	0.160498466193768	0.506187470303421
"hsa-let-7d-3p"	0.367056079135674	7.15895618788156	0.295197995808856	0.586908626199734	0.851935013029247
"hsa-let-7d-5p"	-0.138484503949058	10.1838836162975	0.0486275313200792	0.825468915461812	0.922723805085152
"hsa-let-7e-3p"	-0.682168888051845	3.69879947474916	0.239643089397357	0.624464013296073	0.880886369841328
"hsa-let-7e-5p"	-0.447454152222745	11.688966354168	0.300013670167573	0.583873850931169	0.851935013029247
"hsa-let-7f-1-3p"	0.593306385074185	4.09187457814562	0.539230000057839	0.462752014661434	0.794893046510797
"hsa-let-7f-2-3p"	2.34568205309577	4.34897331561919	1.19123947359274	0.275079682299389	0.632494541985091
"hsa-let-7f-5p"	0.526978492770153	15.0353771340405	0.732001304819732	0.392235255909379	0.727957500767883
"hsa-let-7g-3p"	2.18591908983255	3.09734609468988	3.05307646153131	0.0805843619833615	0.339659320135477
"hsa-let-7g-5p"	-0.339172510384433	12.2686615551464	0.291336653588701	0.589365241829545	0.851935013029247
"hsa-let-7i-3p"	0.589775804502806	5.69256140459273	1.00255328089676	0.31669347636201	0.658197040733947
"hsa-let-7i-5p"	0.570242559950604	14.3770922428851	0.844631573634615	0.358075489311042	0.698565251014881
"hsa-miR-100-3p"	-1.58852828437554	8.57355166328041	3.77252034886202	0.0521010715111206	0.265909825206045
"hsa-miR-100-5p"	-0.699398783399019	17.8902310462974	1.26030937373434	0.261592538489785	0.626484343420219
"hsa-miR-101-3p"	0.127471111117131	10.54480575298	0.0413624917675577	0.838839822804683	0.922723805085152
"hsa-miR-103a-3p"	0.0398790637263333	11.6646124708763	0.00398235985122142	0.949682143107483	0.973557054084512
"hsa-miR-106b-3p"	1.40585722638975	7.57540690924279	4.0905688814276	0.0431231256476275	0.240105304531852
"hsa-miR-106b-5p"	1.31176792611993	7.22476206998252	3.21643118448258	0.0729024115716902	0.327571207310209
"hsa-miR-107"	-1.36080773371019	7.68210024887747	2.36974321583937	0.123707398682917	0.425799909815935
"hsa-miR-10a-3p"	-3.24445050542887	3.66417211612293	3.85509889274706	0.0495950030277788	0.261614488820472
"hsa-miR-10a-5p"	-4.31267360359191	14.8761809968724	12.1391574276472	0.000493740779333908	0.0171290070368917
"hsa-miR-10b-5p"	6.04249739112727	12.6628773800588	12.2938517268691	0.000454452882366093	0.017079854162259
"hsa-miR-1180-3p"	0.513086009511543	4.37604764684778	0.445407249125453	0.504524086576687	0.812244595724627
"hsa-miR-1185-1-3p"	1.50084327631777	5.01123592257385	4.16944395168836	0.0411593056106699	0.232035585380152
"hsa-miR-1185-5p"	-0.285923424921817	5.2469308851898	0.210195033549645	0.646614581664288	0.880886369841328
"hsa-miR-1197"	1.57310266319774	3.59480727948922	3.55518429952479	0.0593597158671615	0.290787326993017
"hsa-miR-1249-3p"	2.44903169939094	5.34672779641245	3.84526705716728	0.0498865765821742	0.261614488820472
"hsa-miR-125a-3p"	-0.85814270534441	5.04902801876691	0.979235473129723	0.322387628438273	0.666957891860831
"hsa-miR-125a-5p"	-0.288037676188675	12.9884370243233	0.145202252169128	0.70316308099687	0.901296003327856
"hsa-miR-125b-1-3p"	-0.101040600087298	11.3368638864555	0.0182950771759991	0.892406866289225	0.949234662019907
"hsa-miR-125b-2-3p"	-1.02874087769463	6.96738612578994	3.42137880595548	0.0643572403916534	0.299227993985935
"hsa-miR-125b-5p"	0.0671436993285374	14.6341617237984	0.00980107032478372	0.921137988101821	0.970638394004489
"hsa-miR-126-3p"	0.987906050137969	4.55193913414276	0.370683292238609	0.542632050739299	0.821231727796724
"hsa-miR-126-5p"	2.10916357967143	5.98836384689082	4.97259395134596	0.0257519988809623	0.178679253774061
"hsa-miR-1260a"	2.02462143154007	4.45443211042478	6.02318412771275	0.014119150675545	0.144452836323812
"hsa-miR-1260b"	1.1876718024504	3.57866989145187	1.61529434006959	0.203749175047135	0.567227641643566
"hsa-miR-1262"	1.09062776872198	2.93775221670868	0.93760701169485	0.332894017784767	0.671897894836376
"hsa-miR-127-3p"	0.00129538700129844	14.7744357212945	3.62742480319866e-06	0.998480365978192	0.998480365978192
"hsa-miR-127-5p"	0.195493899676938	6.96855290895957	0.095815925011367	0.756909667378152	0.907092921717873
"hsa-miR-1271-5p"	-0.204071622104694	7.14794123092729	0.091096308014909	0.762788026270605	0.908874964476461
"hsa-miR-128-1-5p"	-0.0261913698290839	4.30572060526956	0.000560265454155662	0.981115893891836	0.987685866395576
"hsa-miR-128-3p"	0.352628876562432	9.42980663736642	0.315464925716801	0.574345890514466	0.843745917335583
"hsa-miR-1285-3p"	-1.379505303566	2.86837396892008	0.474520366532388	0.490914905975829	0.812244595724627
"hsa-miR-1296-5p"	-0.217913444979839	4.96324374868251	0.062773821049932	0.80216432895539	0.922723805085152
"hsa-miR-1301-3p"	-0.495469902674632	5.22057712609024	0.417107149872107	0.518384061104918	0.814603524593443
"hsa-miR-1304-3p"	-1.70516750827747	6.75104422621851	2.48141010626588	0.115198930034802	0.41324398714331
"hsa-miR-1306-5p"	0.75701598027389	2.81104167848141	0.207340794669841	0.648859693905147	0.880886369841328
"hsa-miR-1307-3p"	-0.0346798532825781	7.2020544795033	0.00313164666070875	0.955372782415128	0.974826074364757
"hsa-miR-1307-5p"	-0.211656652378575	9.37261398316732	0.116642281190454	0.732705130864926	0.907092921717873
"hsa-miR-130a-3p"	-0.667245934982223	10.9394031658168	0.747659443402597	0.387218278075861	0.7246283959013
"hsa-miR-130b-3p"	0.406586778433473	9.60860156936271	0.370834170825205	0.542549924346805	0.821231727796724
"hsa-miR-130b-5p"	0.784819102098302	8.22004619847941	1.39524519150783	0.237521305651034	0.598447535467131
"hsa-miR-132-3p"	0.807255565475756	6.53850514630379	1.83869736633054	0.175103700640303	0.53374808082149
"hsa-miR-132-5p"	-0.845322635504157	4.32033231411799	1.13652186341894	0.286388476709835	0.633143151941842
"hsa-miR-134-3p"	1.63303577061983	2.56242728070726	0.692663901993255	0.405259764234189	0.730198226474318
"hsa-miR-134-5p"	-0.168993463261226	7.47461716948912	0.0868588327193969	0.76820913896032	0.908874964476461
"hsa-miR-1343-3p"	-0.516168523642015	2.97986998010939	0.210500009634529	0.646375783601108	0.880886369841328
"hsa-miR-136-3p"	0.426144226139729	9.4758666101901	0.459136495956002	0.498027809632504	0.812244595724627
"hsa-miR-136-5p"	-0.84777040134039	8.77678726973467	1.59950867730655	0.205972852214047	0.56727883262958
"hsa-miR-137"	0.174797106852827	5.14725358375423	0.0468542313405074	0.828630462120914	0.922723805085152
"hsa-miR-138-1-3p"	-6.71314033030261	3.21998633402502	13.498870939183	0.000238707037496534	0.0107656873910937
"hsa-miR-138-5p"	-2.54257521332052	8.35098657858528	6.15344396845875	0.0131156453712206	0.1375617688935
"hsa-miR-140-3p"	-0.264371470698114	10.6060103379862	0.164871407393051	0.684710563022749	0.900228507370812
"hsa-miR-140-5p"	1.43953219886535	5.00581238471624	2.65184322094698	0.103429905157672	0.388724060217585
"hsa-miR-142-3p"	11.6128512007653	10.2095502058282	14.9426364845148	0.000110829757771888	0.00833070345918692
"hsa-miR-142-5p"	12.983779610392	12.1307665134051	19.9003645459606	8.15847666717892e-06	0.00183973648844885
"hsa-miR-143-3p"	-1.9736932939035	15.208212022944	3.93801420741329	0.0472064711950874	0.256684507421913
"hsa-miR-143-5p"	-1.0538336455587	5.95292170485402	1.70671924568718	0.191411585472417	0.547218265614615
"hsa-miR-145-3p"	-1.89005207703982	7.32265879132506	3.19244884838653	0.0739791126681221	0.327571207310209
"hsa-miR-145-5p"	-2.36299406278486	8.16296947903972	6.16690384051545	0.0130162214483826	0.1375617688935
"hsa-miR-1468-5p"	-0.366407049562518	3.30201476999876	0.0676824879237046	0.794741451037858	0.922723805085152
"hsa-miR-146a-5p"	1.79247429596288	9.09020160007128	4.57851353526718	0.0323752881993818	0.210473232212906
"hsa-miR-146b-3p"	0.958381410846892	4.56478477152666	1.15672278805243	0.282146243673152	0.632494541985091
"hsa-miR-146b-5p"	-0.0722291246198645	10.2136689049212	0.00490234283464019	0.944180341685779	0.972567206435286
"hsa-miR-148a-3p"	3.10868759167419	13.2787686333407	5.70896418808661	0.0168784956139829	0.147265205702697
"hsa-miR-148a-5p"	4.0305310471613	7.89779438443875	5.89964178197532	0.015143964482211	0.145317616627173
"hsa-miR-148b-3p"	0.400680499354535	10.6137580878439	0.423729499158481	0.515081938752203	0.812244595724627
"hsa-miR-148b-5p"	0.392811452557812	7.02191703973762	0.450158852875755	0.502259527320809	0.812244595724627
"hsa-miR-149-5p"	0.349832949181925	6.91591697431181	0.258427564772242	0.611202502564153	0.869565705540798
"hsa-miR-150-5p"	5.0903270795467	3.27545587791854	4.36979880803554	0.0365813108196456	0.21708119973237
"hsa-miR-151a-3p"	0.198226088941227	12.3133539868153	0.0999710768695081	0.751864345690035	0.907092921717873
"hsa-miR-151a-5p"	0.237668087138585	12.7339500056093	0.144907179686697	0.703450539182717	0.901296003327856
"hsa-miR-151b"	1.01872340061451	3.85603361925174	1.48114348702823	0.223595698826292	0.586288721922429
"hsa-miR-152-3p"	-0.0874137908067866	8.26496084994702	0.0197475200172406	0.888244514326671	0.947040841516144
"hsa-miR-152-5p"	-1.36392463753758	6.59398865587365	3.93685353289502	0.0472390556896204	0.256684507421913
"hsa-miR-154-3p"	0.804708240848949	2.9409951103051	0.691235352471686	0.405744509155185	0.730198226474318
"hsa-miR-154-5p"	-0.197884534331602	4.70944935841589	0.0456691447807223	0.83077835684133	0.922723805085152
"hsa-miR-155-5p"	1.34488477649585	9.27031427300445	3.10312913247795	0.0781419635081596	0.338865630213269
"hsa-miR-15a-3p"	2.87991897287503	2.35789334827423	1.5793417617276	0.208855532878932	0.56817282287332
"hsa-miR-15a-5p"	0.597812422623312	8.34486268448052	0.968612606900997	0.325026434607132	0.669346675834778
"hsa-miR-15b-3p"	1.76229890566039	5.75993450104421	7.45692190898971	0.00631929716371793	0.0950001006945595
"hsa-miR-15b-5p"	0.817143555829222	8.26324329168101	1.82982612619494	0.176148083969833	0.53374808082149
"hsa-miR-16-1-3p"	2.14410197367575	3.19520521846543	1.59732146308847	0.206283211865302	0.56727883262958
"hsa-miR-16-2-3p"	-0.273368646468274	6.6365818572496	0.157388431650978	0.691572394772299	0.901296003327856
"hsa-miR-16-5p"	1.60124071249742	11.3549558400543	3.72019470608348	0.0537581018987233	0.269387821736936
"hsa-miR-17-3p"	0.0168926268492107	7.9471563263085	0.000719521223174979	0.978600196400166	0.987357245137528
"hsa-miR-17-5p"	2.6171639158278	8.23826510120342	5.16650642223182	0.0230264792329612	0.167141139617326
"hsa-miR-181a-2-3p"	-0.584037291602219	8.83303125096627	0.705533594274776	0.40093054983182	0.730198226474318
"hsa-miR-181a-3p"	0.219851100049598	10.159897140007	0.114213916674785	0.735396726250976	0.907092921717873
"hsa-miR-181a-5p"	1.72372384981216	14.4640236350036	4.7856224931113	0.0286982730612785	0.193177927621442
"hsa-miR-181b-3p"	1.5028179939139	4.90540021755578	2.82412265171581	0.0928576218177707	0.370608738405439
"hsa-miR-181b-5p"	1.6250956663951	12.0374262083321	3.7605777406486	0.0524744444419911	0.265909825206045
"hsa-miR-181c-3p"	0.508557465354954	6.02806130616774	0.716372990919397	0.397336217121622	0.728449731389641
"hsa-miR-181c-5p"	0.88203243166093	7.93195668976559	2.18970435776356	0.138935980957752	0.454058894289464
"hsa-miR-181d-5p"	0.871495387679821	4.8716291275676	1.18397088939137	0.276549081540258	0.632494541985091
"hsa-miR-182-5p"	6.92217347848936	10.1945616177038	15.5232315045023	8.14974939154966e-05	0.00735107395117779
"hsa-miR-183-3p"	6.66037028125967	2.74078052452779	6.83318655007839	0.008947949047592	0.121858897609821
"hsa-miR-183-5p"	6.98185712180792	8.108630312568	9.37076236984703	0.00220473804089607	0.0497168428222065
"hsa-miR-185-3p"	-1.03425412765401	3.76307347926511	1.28945413417902	0.256148571139812	0.625396628296033
"hsa-miR-185-5p"	-0.427686704913556	5.78660049703438	0.436428880533627	0.508851137990315	0.812244595724627
"hsa-miR-186-5p"	0.742269142159603	12.1179675244025	1.17687692048878	0.277992710739624	0.632494541985091
"hsa-miR-187-3p"	5.4529743945602	1.98280986005547	5.53098374806233	0.0186825982910434	0.148944815055546
"hsa-miR-188-3p"	-5.52722108196301	2.35778623494374	5.4873307473884	0.0191547655725536	0.148944815055546
"hsa-miR-188-5p"	0.275037594422583	4.17268544239194	0.0833851661478477	0.772761295848722	0.908874964476461
"hsa-miR-18a-3p"	2.54660661732059	5.28244327493193	3.90209274399387	0.0482259994118831	0.258927687318563
"hsa-miR-18a-5p"	3.35158851134336	6.24677314365834	8.30489599896117	0.00395383464543741	0.0713271770036908
"hsa-miR-190a-5p"	-2.75118955410206	6.50765483025171	18.1883122501568	2.00103069984677e-05	0.00229727278040217
"hsa-miR-190b"	2.17924341853992	2.67495968580122	1.26888332796676	0.259976271368253	0.626484343420219
"hsa-miR-191-3p"	1.24223796152002	3.86264419211336	1.41405706681496	0.234384062943675	0.597611566434899
"hsa-miR-191-5p"	0.410744237661276	13.8773224090395	0.428501473280733	0.512725169989927	0.812244595724627
"hsa-miR-1910-5p"	-1.73722488457681	3.22631780675988	2.92375587201573	0.0872844820825684	0.354642355128274
"hsa-miR-192-5p"	0.622999394239008	9.45819942993866	0.598169920382569	0.43927713748687	0.770871552554779
"hsa-miR-193a-3p"	1.81456129011049	8.68807082506863	3.42208923637759	0.0643295525951291	0.299227993985935
"hsa-miR-193a-5p"	-1.866224675844	8.18547669993376	3.53841329125813	0.0599627969187373	0.290787326993017
"hsa-miR-193b-3p"	-0.837542708223101	8.37167999020556	1.40514256364192	0.235864431985392	0.597611566434899
"hsa-miR-193b-5p"	-0.360103355518888	3.56553753809397	0.145410992384102	0.702959929237765	0.901296003327856
"hsa-miR-194-5p"	2.36623509423069	4.18845953985027	4.41531842048226	0.0356176305791213	0.214180685215783
"hsa-miR-195-5p"	-1.88744123647883	5.19828706217801	7.13361330807782	0.00756521244759901	0.110061639157005
"hsa-miR-196b-5p"	4.03435337227019	3.09168119536864	2.68935735867316	0.10102054948317	0.385651791512291
"hsa-miR-197-3p"	-0.323459799884375	8.48573413990274	0.235737987227168	0.627301455263674	0.880886369841328
"hsa-miR-199a-3p"	-0.357364220763432	13.6462178502185	0.19762881411657	0.656641645157446	0.884016065570174
"hsa-miR-199a-5p"	-0.36266900386661	11.5306067375825	0.214795714428305	0.643034260294326	0.880886369841328
"hsa-miR-199b-3p"	-0.354687717519612	12.5303166841035	0.181518628905792	0.670071390136005	0.899411300450412
"hsa-miR-199b-5p"	-0.0790294728463173	10.7677650106508	0.00396184236592489	0.949811760082451	0.973557054084512
"hsa-miR-19a-3p"	1.6822098442166	7.35641265506434	5.35529030449056	0.0206594945719931	0.155290534199482
"hsa-miR-19a-5p"	-0.671336704536233	2.70778845767351	0.160567469250929	0.68863459827836	0.900228507370812
"hsa-miR-19b-3p"	2.07489435236066	8.9123261748842	6.157246614254	0.0130874775293157	0.1375617688935
"hsa-miR-200a-3p"	8.07912390080447	3.89494537868376	8.9700520827166	0.00274440773697999	0.0538142560599119
"hsa-miR-200b-3p"	7.96629118393927	6.67706836303046	7.68108614204252	0.00558025717215848	0.0898819994515526
"hsa-miR-200b-5p"	5.4529743945602	1.98280986005547	5.53098374806233	0.0186825982910434	0.148944815055546
"hsa-miR-204-5p"	1.01497046439104	9.46671677040298	0.510253054129294	0.475029331407175	0.796575354553351
"hsa-miR-20a-3p"	2.34436538609423	2.1689060221679	1.09865014204757	0.294562532634485	0.638036931726937
"hsa-miR-20a-5p"	1.94528318201696	7.89227876584162	4.32748924231747	0.037501524657435	0.219651787279262
"hsa-miR-20b-5p"	6.44924147998673	2.59229409155539	6.61152172768466	0.0101321042797932	0.126683864630939
"hsa-miR-21-3p"	-0.611929912059689	12.2296773416532	0.820614260977834	0.365000631573421	0.700490573785588
"hsa-miR-21-5p"	-0.289562668081317	15.7203235412786	0.219508068530786	0.639415001336053	0.880886369841328
"hsa-miR-210-3p"	1.26400950994147	8.61594518890179	3.20055719574292	0.0736131863799407	0.327571207310209
"hsa-miR-210-5p"	1.66230316381714	5.53656461610774	6.45503060178443	0.0110638638488595	0.131310594627254
"hsa-miR-2110-3p"	0.673813215272829	3.40191303354912	0.520908967043661	0.470454199903436	0.796575354553351
"hsa-miR-2116-3p"	0.916031086073502	2.75631936849332	0.364908299456523	0.545792847752772	0.823252756978261
"hsa-miR-212-3p"	1.04025068090684	4.07855648075283	1.84322345675006	0.174573607885761	0.53374808082149
"hsa-miR-212-5p"	0.604081540700444	4.32133803135279	0.429416510603025	0.512275396548047	0.812244595724627
"hsa-miR-214-3p"	-1.06583456274751	8.44343448123622	3.00989839557994	0.0827574783670436	0.342418557280153
"hsa-miR-214-5p"	-0.559162107320849	7.1777932751998	0.57892910779815	0.446732382863146	0.777900790236598
"hsa-miR-215-5p"	-1.37564656101533	3.43587219298041	1.41034320820172	0.234999427089232	0.597611566434899
"hsa-miR-218-1-3p"	-0.295471805929922	5.96760434374927	0.167248940569902	0.682568424681893	0.900228507370812
"hsa-miR-218-5p"	-0.557597569904814	6.53666693136213	0.526205893746088	0.468206362906956	0.796575354553351
"hsa-miR-22-3p"	0.307823598374614	16.0386573766682	0.231871146219873	0.630139859384405	0.880886369841328
"hsa-miR-22-5p"	-0.373309367779038	7.25058149322594	0.437788229052027	0.508191919330394	0.812244595724627
"hsa-miR-221-3p"	-0.135322168146727	13.4754348297287	0.0243405366309162	0.876021560454132	0.940680294678127
"hsa-miR-221-5p"	-0.373296722888007	10.3339510907114	0.202532542266965	0.652684369913841	0.881319313865696
"hsa-miR-222-3p"	-0.0864932118324004	13.8482519431264	0.00799176239661392	0.9287666796573	0.972346305418438
"hsa-miR-222-5p"	-0.772467822920825	6.09349207444642	0.757791133560641	0.38402066692374	0.724197180828483
"hsa-miR-223-3p"	-0.380079100927686	3.05859236180236	0.0341259816429691	0.85343909752899	0.931963760255628
"hsa-miR-224-3p"	0.551010503523653	3.71173045490063	0.127538839774466	0.720997627827572	0.905934799735839
"hsa-miR-224-5p"	-0.0762032947411334	9.46574921286697	0.00683197656120171	0.934125253710176	0.972346305418438
"hsa-miR-2277-5p"	-0.738674230904899	3.51366758842788	0.284550487157109	0.593734059517737	0.854163002536158
"hsa-miR-2355-5p"	-2.11464642651144	4.28137266652321	5.70101059150408	0.0169551477783398	0.147265205702697
"hsa-miR-23a-3p"	-0.134163700538123	10.7243525557717	0.0453259752675308	0.831405758752905	0.922723805085152
"hsa-miR-23a-5p"	-2.03228964394851	5.38226537915136	8.51985735409762	0.0035129202354933	0.0660136260919783
"hsa-miR-23b-3p"	-0.657979102070516	10.2171488264838	0.837695825230945	0.360056598518701	0.698565251014881
"hsa-miR-23b-5p"	-2.13051360469625	2.84448386703327	2.44884291342219	0.117611536154671	0.417659864612256
"hsa-miR-24-2-5p"	-0.114952598569465	7.27794924160282	0.0456973699528036	0.830726863847252	0.922723805085152
"hsa-miR-24-3p"	-0.509151965515269	9.68945513999172	0.665432734867764	0.41464850998438	0.742089198424425
"hsa-miR-2467-5p"	-0.384888308774465	3.12906212718705	0.120704303764397	0.728271867218218	0.907092921717873
"hsa-miR-25-3p"	1.77024170233232	11.0333200766626	5.50226511913476	0.0189918575672799	0.148944815055546
"hsa-miR-25-5p"	0.545840568571813	5.15906973130072	0.443980461262379	0.505207486702814	0.812244595724627
"hsa-miR-2682-3p"	0.146289297199178	3.39629093899725	0.0285481787951092	0.865826481507693	0.936421446426785
"hsa-miR-2682-5p"	-0.833821823603111	4.66485083707448	1.05607296253287	0.304112563071036	0.640910121238491
"hsa-miR-26a-2-3p"	0.142296078136048	4.89200564938574	0.0475655636828325	0.827354852536116	0.922723805085152
"hsa-miR-26a-5p"	0.15815917781381	14.0480423496284	0.0633766749212441	0.801236437203805	0.922723805085152
"hsa-miR-26b-3p"	2.88695826908829	4.75388797183634	5.92557448013401	0.0149226723298752	0.145317616627173
"hsa-miR-26b-5p"	0.930052947662208	10.1502921754278	1.75166945602543	0.185666996075465	0.54373905993529
"hsa-miR-27a-3p"	0.399601265722325	11.6632468989514	0.38422274154432	0.535351915897874	0.821231727796724
"hsa-miR-27a-5p"	-1.03011485263212	6.26285669085299	2.58362977198947	0.107973809726312	0.399564416394733
"hsa-miR-27b-3p"	0.279474326451684	14.3459546421267	0.100157642507838	0.751640538845188	0.907092921717873
"hsa-miR-27b-5p"	-1.30774507711198	6.85315103632106	2.34741089377401	0.125491279353845	0.425799909815935
"hsa-miR-28-3p"	-0.82078288777747	11.8771991495386	1.14105396853822	0.285429728795125	0.633143151941842
"hsa-miR-28-5p"	0.129936435953521	7.68777645531482	0.0523940717050628	0.818948573177284	0.922723805085152
"hsa-miR-296-3p"	2.6459223590233	6.20571247747744	6.56623941687822	0.0103931330185028	0.126683864630939
"hsa-miR-296-5p"	2.62371242744317	6.19306951416036	7.5520052080923	0.00599433342514893	0.0932222198186954
"hsa-miR-299-3p"	0.523650387979862	5.49828426450034	0.535737747796352	0.464204529731238	0.794893046510797
"hsa-miR-299-5p"	-0.0323055133120557	5.55503919258566	0.00148592277746662	0.969251025420181	0.982319578571914
"hsa-miR-29a-3p"	-0.13774642275931	13.8527363934451	0.041367391726908	0.838830408157449	0.922723805085152
"hsa-miR-29a-5p"	-0.20151854979709	5.68413228385847	0.107813537855523	0.742647255840607	0.907092921717873
"hsa-miR-29b-1-5p"	-3.51384365151712	3.87504960121428	7.7401671901799	0.00540058004451879	0.0898819994515526
"hsa-miR-29b-3p"	-0.813515664859596	9.73342817801417	1.21259643121229	0.270818514311013	0.632494541985091
"hsa-miR-29c-3p"	-0.846923976881745	7.61635359398446	2.10315946339356	0.146995121295537	0.473534283602051
"hsa-miR-29c-5p"	-0.854948203000946	2.80385432865938	0.322719212834087	0.569978061954001	0.841756447930469
"hsa-miR-301a-3p"	4.13278149370927	8.88672228787895	10.5354624479435	0.00117105576586972	0.0310674206121908
"hsa-miR-301a-5p"	1.22100244410292	3.58023331548998	0.510045350686918	0.475119224777941	0.796575354553351
"hsa-miR-301b-3p"	0.225918907342057	4.82651423195006	0.126142143625293	0.722466019030158	0.905934799735839
"hsa-miR-302a-5p"	-6.37937669877255	2.96090381959969	9.24260592641603	0.00236448223322083	0.0507800708182188
"hsa-miR-3074-3p"	5.8615183060916	2.21258848393646	5.98680883882014	0.0144132541786508	0.144452836323812
"hsa-miR-3074-5p"	3.78628608345807	2.98088553219898	2.34645229963438	0.125568487817116	0.425799909815935
"hsa-miR-30a-3p"	-0.0479259230683227	7.62966441864262	0.003308729717169	0.954129733166388	0.974826074364757
"hsa-miR-30a-5p"	-0.146089468970222	13.1840681223367	0.0307676278875988	0.860759813244258	0.934863199846853
"hsa-miR-30b-3p"	2.19805553606538	2.40341897703977	1.72614201758147	0.188904348378526	0.547218265614615
"hsa-miR-30b-5p"	1.86940836505897	8.951948053616	5.14243521763418	0.0233478753789169	0.167141139617326
"hsa-miR-30c-1-3p"	0.772081552704226	4.10314828236665	0.917304797035637	0.338183641081723	0.671897894836376
"hsa-miR-30c-2-3p"	-0.465830395749003	5.55489239236095	0.424245472723385	0.514826201901576	0.812244595724627
"hsa-miR-30c-5p"	0.914968348910168	11.3406984416184	1.31945987081684	0.250689009984475	0.617818270508186
"hsa-miR-30d-3p"	2.15559596298343	5.45378677144712	4.30327772481063	0.0380389932239886	0.219943409538704
"hsa-miR-30d-5p"	1.33057224284682	11.7285175541402	3.29524236379825	0.0694808534677552	0.319753723611812
"hsa-miR-30e-3p"	2.47395193655688	6.53988450320599	8.05109100772559	0.00454762593518569	0.0788838191064902
"hsa-miR-30e-5p"	1.44662186643163	11.8528756938706	2.78516140367491	0.0951411076019935	0.373118604595644
"hsa-miR-31-3p"	0.899712212438697	7.64681500717262	2.37918074394574	0.12296201685114	0.425799909815935
"hsa-miR-31-5p"	0.315266849075985	13.8480997704156	0.235676162875961	0.627346609674927	0.880886369841328
"hsa-miR-3117-3p"	-0.174132109484787	3.72407569935864	0.0141944872547572	0.90516395006672	0.960538685835507
"hsa-miR-3129-3p"	-0.453625894539685	2.94733722328835	0.161711396250209	0.687585738959519	0.900228507370812
"hsa-miR-3152-5p"	-0.142136090253149	3.85965675009809	0.0315124196764411	0.859102015923634	0.934863199846853
"hsa-miR-3158-3p"	-0.595447122394109	3.42975287690104	0.132123395409609	0.716240509751339	0.905934799735839
"hsa-miR-3168"	-0.664299958152729	4.78308864345979	0.463739140078762	0.495881646242733	0.812244595724627
"hsa-miR-3176"	-6.66348275324717	3.18006828490158	13.3034581160564	0.000264917057529239	0.0108615993586988
"hsa-miR-32-5p"	1.59403005867719	2.56854338338304	1.0072156030099	0.31557081963811	0.658197040733947
"hsa-miR-3200-3p"	0.47010767790041	3.86382464184306	0.16613609751301	0.683568861781916	0.900228507370812
"hsa-miR-320a"	-0.205150509473544	10.4116952453262	0.089061507845301	0.765373661453501	0.908874964476461
"hsa-miR-320b"	0.466419211631447	3.06852093425714	0.217895671415422	0.640648010145449	0.880886369841328
"hsa-miR-323a-3p"	0.926659324396159	5.84592782307424	2.38682515599068	0.122361908080465	0.425799909815935
"hsa-miR-323b-3p"	1.23340302297067	5.24641010122962	2.90036742312418	0.0885593644119252	0.356609583480163
"hsa-miR-324-3p"	-0.0451862419951926	5.39114590140829	0.00607956937996779	0.937850649350378	0.972346305418438
"hsa-miR-324-5p"	1.09671270149752	4.02037502877313	1.15123754308237	0.283290238317047	0.632494541985091
"hsa-miR-326"	1.89900177422628	3.35471854778821	1.42108562572164	0.233224797053523	0.597611566434899
"hsa-miR-328-3p"	1.13063190096866	6.39118613964488	3.07971880566225	0.0792742307261693	0.339659320135477
"hsa-miR-329-3p"	-0.3009418280164	6.10318436683587	0.149131105061966	0.6993670920123	0.901296003327856
"hsa-miR-330-3p"	-1.31524837696184	4.22284708091757	1.70894786329993	0.191121936774349	0.547218265614615
"hsa-miR-330-5p"	2.30790767435826	5.05942636205048	4.56162957282988	0.0326959495027434	0.210473232212906
"hsa-miR-331-3p"	0.39392835003091	8.00888387158667	0.277652697877073	0.598243865099234	0.854755195426718
"hsa-miR-331-5p"	0.0780224066263837	3.5125608428865	0.00520278799606633	0.942498169980103	0.972567206435286
"hsa-miR-335-3p"	-2.30165403927658	7.93162851920996	10.7087603330201	0.00106629449308681	0.0300561760238843
"hsa-miR-335-5p"	-2.85852300397233	6.84553483439979	18.1539231504389	2.03749248816157e-05	0.00229727278040217
"hsa-miR-337-3p"	0.635868350057484	6.47486320845033	1.116960931307	0.290573786357684	0.634990809373584
"hsa-miR-337-5p"	-0.402676271970473	4.30129091917266	0.276662368564774	0.59889721009943	0.854755195426718
"hsa-miR-339-3p"	-0.244641011777748	7.03047554320315	0.145077855200446	0.703284227106582	0.901296003327856
"hsa-miR-339-5p"	-0.677419504816868	7.21952034160025	1.27986515821246	0.257924108343819	0.625396628296033
"hsa-miR-33a-3p"	3.44231035447223	2.79923298159648	5.15453088579899	0.0231857980054954	0.167141139617326
"hsa-miR-33a-5p"	0.162929009983159	5.33491570321469	0.0578241557058234	0.809968601413523	0.922723805085152
"hsa-miR-33b-3p"	-1.14012447613612	3.49963076731324	0.463734260526455	0.495883913261759	0.812244595724627
"hsa-miR-33b-5p"	-1.50826378912959	4.86489268110827	3.55981942677385	0.059194177899211	0.290787326993017
"hsa-miR-340-3p"	1.78922711114401	4.60439245648605	3.49958228288692	0.0613843102203346	0.292643501091441
"hsa-miR-340-5p"	0.543426910323793	7.84034645441474	0.559483494079782	0.454468425518207	0.785307509228778
"hsa-miR-342-3p"	0.594152965746623	6.98336203427114	1.24802983199424	0.263929102549538	0.626484343420219
"hsa-miR-342-5p"	0.514957589441184	3.39379197117711	0.383751464217086	0.535602322964281	0.821231727796724
"hsa-miR-345-3p"	3.92622540619655	3.53515751648776	3.49261044085365	0.061643309542543	0.292643501091441
"hsa-miR-345-5p"	0.207832977913384	8.69074649300649	0.0748457341406406	0.784407801977105	0.916497198683094
"hsa-miR-34a-3p"	-0.725454683910502	3.24318298315155	0.226907520396539	0.633826396993609	0.880886369841328
"hsa-miR-34a-5p"	-0.781583963372098	8.17429688557166	0.933915543073503	0.333847536314513	0.671897894836376
"hsa-miR-34b-5p"	-0.253398615421596	4.34224390376951	0.0847770262231293	0.77092517010768	0.908874964476461
"hsa-miR-34c-5p"	0.321481577280112	7.32699122073633	0.247436453835036	0.618885961470062	0.877728203216975
"hsa-miR-3605-3p"	0.91304043862097	3.78562767706354	0.725699371251661	0.394280751530501	0.727957500767883
"hsa-miR-3605-5p"	0.826650667869013	3.74281077646648	0.827065243521592	0.363122519481406	0.699864343103053
"hsa-miR-3607-3p"	2.11528266605577	4.93124594127325	4.52748405313194	0.0333546203059832	0.210473232212906
"hsa-miR-361-3p"	0.214994180590089	8.36622816724892	0.110664618920675	0.739388741708315	0.907092921717873
"hsa-miR-361-5p"	0.361902387138139	7.41450770123079	0.393804600866304	0.530306290966511	0.821231727796724
"hsa-miR-3613-5p"	-1.06694687945921	3.21404104476914	0.882571478224099	0.347498338319849	0.687376099044965
"hsa-miR-3615"	0.840973573544983	2.72744874700976	0.332992675400664	0.563902183440521	0.839339553569884
"hsa-miR-362-3p"	0.636590814634537	3.58763292943335	0.405286776009203	0.524371498232008	0.821151200356373
"hsa-miR-362-5p"	-1.91439939773166	3.69356712434771	2.1072396052656	0.146603559217331	0.473534283602051
"hsa-miR-363-3p"	8.70201286414432	4.44178729416127	10.1383523024908	0.00145215908776654	0.0344696709780374
"hsa-miR-365a-3p"	-0.428165780117233	6.77691867056636	0.459796326665757	0.497719175551683	0.812244595724627
"hsa-miR-365b-3p"	-0.385179525067932	6.74879875368232	0.360486087479833	0.548236398843049	0.824182052927383
"hsa-miR-365b-5p"	-0.810579406804817	3.4954054589399	0.722107037442957	0.395453631237542	0.727957500767883
"hsa-miR-3661"	-0.279364596598986	3.56766134026827	0.0832302486647836	0.772966685197333	0.908874964476461
"hsa-miR-3677-3p"	-1.89102768960555	3.21067532825695	2.20509254587091	0.137555638501853	0.452829145725077
"hsa-miR-369-3p"	0.141550713347392	5.93065855982134	0.0300782319550006	0.862312840656964	0.934863199846853
"hsa-miR-369-5p"	0.440660273479178	6.24457917157567	0.659446108131072	0.416755556045168	0.742912078167473
"hsa-miR-370-3p"	0.247283802045959	7.04023645036651	0.164546158315467	0.685005006380651	0.900228507370812
"hsa-miR-370-5p"	0.33271935882997	3.0751914026668	0.0555258056407428	0.813712696997396	0.922723805085152
"hsa-miR-374a-3p"	-0.582924450954054	6.23586419816005	0.92146715060842	0.337090041092904	0.671897894836376
"hsa-miR-374a-5p"	-0.590944076052842	5.14743242587782	0.635152614422685	0.425471576107776	0.749561253221121
"hsa-miR-374b-3p"	2.14285388721103	3.86970527908915	1.63534430298086	0.200965446995886	0.562952898106487
"hsa-miR-374b-5p"	2.89462477608394	5.66417111012467	10.4008799063077	0.00125955280241505	0.0315587952160659
"hsa-miR-375"	14.4605553325287	10.0746030714927	14.3559112734844	0.00015130390440468	0.00862040010362052
"hsa-miR-376a-2-5p"	1.2010211854014	2.72139023591854	0.732924866957763	0.391936765066141	0.727957500767883
"hsa-miR-376a-3p"	-0.728294934068849	6.06084185335635	1.15998749698958	0.281468133461532	0.632494541985091
"hsa-miR-376a-5p"	1.62329354237783	6.33540270194064	2.47796209680259	0.115451756940259	0.41324398714331
"hsa-miR-376b-3p"	-1.24588150758446	5.58143562188732	2.25150259451323	0.133484731286632	0.445937880076081
"hsa-miR-376c-3p"	-0.613587221355197	7.19587419213422	1.07608889713176	0.299574146918223	0.638711500796662
"hsa-miR-377-3p"	0.14330012249638	4.33341395234898	0.0262740687168614	0.871232793220583	0.939273881042727
"hsa-miR-377-5p"	-0.377805569575346	5.99475525696484	0.352077831821646	0.552939270078011	0.828490401346123
"hsa-miR-378a-3p"	3.33867833404085	10.490913994805	5.52051256130407	0.018794751107917	0.148944815055546
"hsa-miR-378a-5p"	3.95506039727918	3.10079081956783	2.53926044383101	0.11104678868036	0.407171558494655
"hsa-miR-379-3p"	0.132802858821753	4.86784875751134	0.043209617667777	0.835331073608233	0.922723805085152
"hsa-miR-379-5p"	-1.08256924017848	5.4691736550767	1.75965642746112	0.184667375560807	0.54373905993529
"hsa-miR-380-3p"	-0.163609800527862	4.07063239948956	0.0444813870149385	0.832960536684454	0.922723805085152
"hsa-miR-381-3p"	0.804007917599779	9.38945537985201	1.55154614737868	0.21290733273967	0.56817282287332
"hsa-miR-382-3p"	-0.145579851809822	4.36790129964551	0.0429643388376291	0.835792435105139	0.922723805085152
"hsa-miR-382-5p"	0.044671336673371	6.66745480510067	0.00695156801536356	0.933552520549441	0.972346305418438
"hsa-miR-3909"	-0.181035649043797	5.00845385054904	0.0484574637521575	0.825769474512922	0.922723805085152
"hsa-miR-3928-3p"	-0.510405156085221	3.1256113677605	0.132242125048323	0.716118560624771	0.905934799735839
"hsa-miR-409-3p"	-0.0109147819484413	11.390041844633	0.000268747512380152	0.986920448996697	0.991316531174856
"hsa-miR-409-5p"	0.705403520251252	9.02706132409025	1.3660175030221	0.242497312031163	0.600913668824475
"hsa-miR-410-3p"	-0.178083372738953	8.54049379868725	0.0825630517490126	0.773853628290379	0.908874964476461
"hsa-miR-411-3p"	1.0335687843723	4.46655438881464	1.49682084232783	0.221161175949097	0.583312246828718
"hsa-miR-411-5p"	0.617381795381483	10.363315180417	0.949558228453	0.329831771947235	0.671897894836376
"hsa-miR-412-5p"	-0.481103742706979	4.69000896347469	0.511292780458647	0.474579756226537	0.796575354553351
"hsa-miR-421"	2.409886260516	7.7691877656581	6.75784204448319	0.00933365666419391	0.121858897609821
"hsa-miR-423-3p"	1.67053764661256	12.2819228739397	6.28653440897773	0.0121658703785957	0.137170188518667
"hsa-miR-423-5p"	1.04220960116026	11.7685393574367	2.58198326046806	0.108086161419418	0.399564416394733
"hsa-miR-424-3p"	-1.57749256813084	5.8453263680758	2.70035819515319	0.100325704223525	0.385651791512291
"hsa-miR-424-5p"	-0.741668627231463	6.86935742099676	0.928007618812547	0.335381179786699	0.671897894836376
"hsa-miR-425-3p"	0.249960300231541	3.94430230549996	0.105084446196206	0.745811368177923	0.907092921717873
"hsa-miR-425-5p"	1.25685128129351	7.46079228636087	3.14197578600994	0.0763013252060064	0.334096093863193
"hsa-miR-429"	9.30247917183582	4.9998340621494	11.3255162086746	0.000764492721133157	0.0246275869450753
"hsa-miR-431-3p"	0.066802644838737	5.60667317584226	0.0107638960039835	0.917368383241351	0.970638394004489
"hsa-miR-431-5p"	0.626860803275555	7.1089242614296	1.20321428760165	0.272680190946471	0.632494541985091
"hsa-miR-432-5p"	-0.0528215939805266	7.20206106182918	0.00648473344529465	0.935817452887242	0.972346305418438
"hsa-miR-4326"	-0.70928904311397	5.07410090864854	0.593178409434596	0.441192672762733	0.771232152775164
"hsa-miR-433-3p"	-0.145262694098534	3.74952689873976	0.0257024347642942	0.872629171079607	0.939273881042727
"hsa-miR-433-5p"	1.28175253366456	2.43072009356157	0.474885202878106	0.490748289906628	0.812244595724627
"hsa-miR-4421"	2.7862165608432	2.70298068447019	2.03273397531503	0.153943463752601	0.49240072448527
"hsa-miR-450a-5p"	0.0502407358845035	5.57915579185501	0.00484047387896602	0.944533118444912	0.972567206435286
"hsa-miR-450b-5p"	-0.760141994810944	6.48396971906801	1.25158029888441	0.263250863284388	0.626484343420219
"hsa-miR-451a"	2.39038541687995	2.16172749534745	1.12626949725709	0.28857246294256	0.634859418473632
"hsa-miR-452-3p"	-0.148088928283554	4.05892662329441	0.0207077634262345	0.885577917206296	0.947040841516144
"hsa-miR-452-5p"	-0.215657566248084	6.84313264573964	0.0707117940518671	0.790303214526035	0.920999353362382
"hsa-miR-4521"	-0.597467980760821	5.40874424729373	0.162553790530721	0.686816105262142	0.900228507370812
"hsa-miR-4524a-5p"	1.32962824385313	2.63650578669526	0.777515930990782	0.37790193463981	0.722177002214214
"hsa-miR-454-3p"	-0.862887923594785	5.60989116533378	1.56457538676734	0.210996551188413	0.56817282287332
"hsa-miR-454-5p"	-0.0511917386623975	3.91130687759381	0.00249270570282079	0.960180558257528	0.977520162018386
"hsa-miR-455-3p"	0.0572460801062065	5.76373219871641	0.00753696944632409	0.93081799110104	0.972346305418438
"hsa-miR-455-5p"	-0.422020464295938	6.21260235841702	0.292862373919715	0.588392065736182	0.851935013029247
"hsa-miR-4636"	-1.47753605568676	2.4630897684077	0.834760564973939	0.360899564271546	0.698565251014881
"hsa-miR-4662a-5p"	2.69874456291148	2.71372187787132	1.91877156736905	0.165992145264802	0.519878177183513
"hsa-miR-4677-3p"	0.0381354486632537	5.50301722091726	0.00176364692556241	0.966502049051709	0.98173969396919
"hsa-miR-4775"	-0.592132108128782	4.99947064670376	0.753462818164384	0.385382091793428	0.724197180828483
"hsa-miR-484"	1.13851304171695	10.3553019938262	2.43043208007478	0.119000093674882	0.419289392557592
"hsa-miR-485-3p"	0.149021964439175	6.15872073274455	0.0538739704017677	0.816454387864549	0.922723805085152
"hsa-miR-485-5p"	-0.22461953252431	7.28294820013719	0.0979141201925202	0.754347277053062	0.907092921717873
"hsa-miR-486-3p"	-1.80346854690933	3.61078385732591	1.07314167882229	0.300236891727034	0.638711500796662
"hsa-miR-486-5p"	0.657029900912477	8.78697456469631	0.323025219751941	0.569795245543602	0.841756447930469
"hsa-miR-487a-3p"	1.48028516724921	4.13343306847041	2.9841630288069	0.0840827468729728	0.344739262179188
"hsa-miR-487b-3p"	0.580342850769841	8.14609758957596	1.04231656494294	0.307283311609649	0.644580342027683
"hsa-miR-490-3p"	-1.34812052398515	3.63523091341948	0.38865617780902	0.533006618751717	0.821231727796724
"hsa-miR-493-3p"	0.277591239873261	7.23788525670661	0.131611184617331	0.716767321990089	0.905934799735839
"hsa-miR-493-5p"	0.955251790481452	6.42343417890255	3.05352408611464	0.080562158377538	0.339659320135477
"hsa-miR-494-3p"	0.657339658855867	6.51339725739927	0.873450122028014	0.350001936505192	0.689305123859571
"hsa-miR-495-3p"	-0.810648811239526	6.67521650474163	1.76142307955446	0.184447112396548	0.54373905993529
"hsa-miR-496"	-0.925903600989972	5.18078533662513	1.08698942037719	0.297139219876251	0.638141848400902
"hsa-miR-497-5p"	-0.739710171661468	3.78856892247211	0.53310768464064	0.465303246738027	0.794893046510797
"hsa-miR-500a-3p"	-1.46824448337551	9.61356928163935	5.10001271081764	0.0239256681548037	0.168601192778382
"hsa-miR-501-3p"	-0.882432296376224	8.71818846924174	1.56502071887519	0.210931602056782	0.56817282287332
"hsa-miR-501-5p"	-1.55860895944154	3.10824100456623	2.67778231567336	0.101757346319208	0.385651791512291
"hsa-miR-502-3p"	-1.83638159217569	5.62506121597797	5.62057540997212	0.0177508200848906	0.148944815055546
"hsa-miR-502-5p"	-5.73075802937708	2.48987640089032	9.00472159480679	0.00269283007255293	0.0538142560599119
"hsa-miR-503-5p"	-2.19591646352352	4.26290449217332	2.79801479988333	0.0943810995248375	0.373118604595644
"hsa-miR-504-5p"	1.08396760479142	3.61808134488359	0.854487640679494	0.35528589811868	0.696669304571847
"hsa-miR-505-3p"	0.289542488780153	5.49481290634987	0.205382907899374	0.650410556889495	0.880886369841328
"hsa-miR-532-3p"	-0.759001486119615	6.01791046122905	1.82821896189181	0.176338057743685	0.53374808082149
"hsa-miR-532-5p"	-1.00389789954506	9.75759791077972	2.49294895027693	0.114357271353278	0.41324398714331
"hsa-miR-539-3p"	-0.368350474513415	6.03340660879139	0.373761652268744	0.540960951270265	0.821231727796724
"hsa-miR-539-5p"	-0.53499759756924	4.04851742943388	0.371920151654896	0.541959476894747	0.821231727796724
"hsa-miR-541-5p"	-0.0924690358184993	3.4693979036288	0.010317681487348	0.919093239065609	0.970638394004489
"hsa-miR-542-3p"	-2.20357925353003	5.05472959679226	5.69848321731656	0.0169795802584041	0.147265205702697
"hsa-miR-542-5p"	-1.51054700645084	3.82379412376667	1.65484548328725	0.198300715908754	0.5589601429678
"hsa-miR-543"	-0.698384655590532	5.99626658548716	1.55184154072489	0.212863785390852	0.56817282287332
"hsa-miR-548e-3p"	-1.27708776799136	5.35137800691263	2.26421059301609	0.132393659008515	0.445593583677914
"hsa-miR-548e-5p"	-5.39179334072112	2.27289255825493	6.73443860607582	0.00945689892759144	0.121858897609821
"hsa-miR-548k"	-1.00963522773697	5.58463223072767	0.921343262171293	0.33712252250573	0.671897894836376
"hsa-miR-548o-3p"	1.29417081439888	3.34792460435054	1.76279289346192	0.184276536164805	0.54373905993529
"hsa-miR-549a"	-1.27681004452863	3.58700901491733	0.7708820851773	0.37994431048312	0.72269613292753
"hsa-miR-549a-5p"	-1.24460474159569	5.92066836291489	4.26818710533004	0.0388323393139087	0.221688418108517
"hsa-miR-550a-3p"	-0.128717493265704	3.57251492648928	0.00748332412515573	0.931064020831682	0.972346305418438
"hsa-miR-550a-5p"	-2.0780823186757	3.33306043151679	1.7904359760768	0.180873052615434	0.54373905993529
"hsa-miR-561-5p"	-2.30006962715668	4.63416851878166	2.76926596847238	0.0960902163180852	0.373592134133245
"hsa-miR-574-3p"	-0.282339380061181	9.59716395574396	0.160556293015533	0.688644867057495	0.900228507370812
"hsa-miR-574-5p"	-1.63840142814327	4.35150897960153	1.45659442414191	0.227472761724513	0.5930070262298
"hsa-miR-576-5p"	-0.158547333606042	4.00348106184687	0.0370439605928379	0.847375571418614	0.927588307548046
"hsa-miR-582-3p"	-1.00285103882952	3.25334723224731	1.15158052052	0.283218535617046	0.632494541985091
"hsa-miR-582-5p"	2.45712684387589	2.78360591423812	3.01560375445156	0.0824667408227034	0.342418557280153
"hsa-miR-584-5p"	-0.432365649161533	6.52532075050054	0.300052105021569	0.583849757449826	0.851935013029247
"hsa-miR-585-3p"	-1.46773457821385	3.05139036745446	1.70443961254996	0.191708394605563	0.547218265614615
"hsa-miR-589-3p"	0.567962772893476	3.48004812472618	0.320803421878343	0.571125217442846	0.841756447930469
"hsa-miR-589-5p"	-0.480375552498212	7.61802298533979	0.337153874646637	0.561476684531906	0.838496638158575
"hsa-miR-590-3p"	-2.00638593077316	4.46977417603715	5.71612499128655	0.0168097897127785	0.147265205702697
"hsa-miR-605-3p"	-7.10702690861204	3.54710757946444	13.740165901189	0.000209916956160112	0.0105191719142456
"hsa-miR-605-5p"	-1.60329760562334	2.52995671753209	1.11291988565856	0.291448109845525	0.634990809373584
"hsa-miR-615-3p"	-0.248746926744041	4.21512977877337	0.020467969871194	0.886237809667848	0.947040841516144
"hsa-miR-616-5p"	-0.821415062948435	3.9776631567666	0.283072512385962	0.594694418617192	0.854163002536158
"hsa-miR-625-3p"	0.0141008017774785	6.6885804785171	0.000165562378001027	0.989733819266811	0.991933227754071
"hsa-miR-625-5p"	-0.823711511208752	6.23615762686711	0.939579087724772	0.332386113031627	0.671897894836376
"hsa-miR-629-5p"	-1.23384343525367	5.54015678894469	1.37004772976633	0.241803683240841	0.600913668824475
"hsa-miR-641"	-0.850010053645434	4.20859136432616	0.640585356966489	0.42349891040761	0.749011798407184
"hsa-miR-652-3p"	2.17231778152227	5.73383717843314	3.77833224188599	0.0519203867432813	0.265909825206045
"hsa-miR-654-3p"	-0.0211878401789375	10.9578982984356	0.000983535522593115	0.974981348332993	0.985911632507129
"hsa-miR-654-5p"	-0.211871679528352	5.7073017136389	0.100968034901185	0.750671032490364	0.907092921717873
"hsa-miR-655-3p"	-0.363941305895145	3.30004034385404	0.0668157450209517	0.796030758414374	0.922723805085152
"hsa-miR-656-3p"	0.258914875667576	5.30427653539917	0.150032555291743	0.698504249246473	0.901296003327856
"hsa-miR-659-5p"	-0.707998101899487	2.51235747279825	0.129034400038037	0.719435314171167	0.905934799735839
"hsa-miR-660-5p"	-1.7288940483445	8.88512188340091	6.95658211370722	0.00835114162202295	0.117698902235386
"hsa-miR-664a-3p"	1.7466091820585	4.17257635313316	1.38041582689832	0.240030329595743	0.600913668824475
"hsa-miR-665"	0.404041558922725	6.29045766016624	0.440194590019442	0.507028550002865	0.812244595724627
"hsa-miR-668-3p"	0.248689871028388	3.85669910703882	0.0801449995894417	0.777101007992028	0.910318323647804
"hsa-miR-671-3p"	0.353072269186425	8.00719297258743	0.384250969055597	0.535336924325944	0.821231727796724
"hsa-miR-671-5p"	-0.668915149501449	4.83492207228904	1.09359677665985	0.295675651288093	0.638036931726937
"hsa-miR-6852-5p"	-1.96388538684452	2.54835256580088	1.66935659792527	0.196344735023286	0.556927518839636
"hsa-miR-7-1-3p"	0.337159971908808	3.90036002900821	0.176018888920748	0.674817106540659	0.900228507370812
"hsa-miR-7-5p"	-1.91823938440214	5.84106923898375	4.43427693333845	0.0352241370206639	0.214180685215783
"hsa-miR-708-3p"	-1.56569388833914	6.227514316118	5.42753347314234	0.0198216563183257	0.151518084738388
"hsa-miR-708-5p"	-1.89302783357059	6.34297790492596	6.31340325268161	0.011982860917394	0.137170188518667
"hsa-miR-744-3p"	1.70189535803073	3.26629025498344	1.1786449045134	0.277632038787949	0.632494541985091
"hsa-miR-744-5p"	0.277663479030401	7.9482444317796	0.229841397262689	0.631641454962626	0.880886369841328
"hsa-miR-758-3p"	0.61397116496445	6.55957056093779	1.28276185739684	0.257386145557687	0.625396628296033
"hsa-miR-758-5p"	-0.686081292703964	3.35922676646245	0.571772585060077	0.449555396858203	0.779805707627114
"hsa-miR-766-3p"	0.828197701379753	3.06860304346734	0.388020985249765	0.533341494420463	0.821231727796724
"hsa-miR-769-5p"	0.135163697775807	9.35501703384813	0.0511764689678031	0.821028630474643	0.922723805085152
"hsa-miR-7706"	-1.57750423798145	5.31681033747552	4.5148899251931	0.033601048158158	0.210473232212906
"hsa-miR-7974"	-0.517005112214313	5.57322341747108	0.0967289866933987	0.755790860409864	0.907092921717873
"hsa-miR-7976"	-1.40348990773595	2.89454585783066	1.06119290165013	0.30294326939136	0.640910121238491
"hsa-miR-7977"	1.93053145104285	2.2940339679599	0.689350858060073	0.406385265731827	0.730198226474318
"hsa-miR-873-3p"	2.41741890798076	2.22247950995085	1.18901586108549	0.275528158670425	0.632494541985091
"hsa-miR-874-3p"	1.0234593531678	4.07741253844873	0.445241277342404	0.504603502065603	0.812244595724627
"hsa-miR-877-3p"	2.47172931997506	2.15161078881077	1.22971527906254	0.267462416656491	0.631547381738624
"hsa-miR-877-5p"	0.855144338124461	5.36730453791655	1.87817155838635	0.170542107643049	0.530444762393209
"hsa-miR-887-3p"	0.251350397952109	5.31959295316478	0.132572818763423	0.71577922618792	0.905934799735839
"hsa-miR-889-3p"	0.473901506384598	6.59181033419435	0.766253873929274	0.381378447088142	0.72269613292753
"hsa-miR-9-5p"	6.27355088141524	5.54254709093568	22.0341094061014	2.67847961959239e-06	0.00120799430843617
"hsa-miR-92a-1-5p"	-0.6802611987928	2.90555374395246	0.225470211666402	0.634903132090599	0.880886369841328
"hsa-miR-92a-3p"	1.51074730644472	14.9571259134015	4.47484500752121	0.0343973221233632	0.212509483255299
"hsa-miR-92b-3p"	0.189418345185854	12.281640328931	0.0470062385281835	0.828357025170589	0.922723805085152
"hsa-miR-92b-5p"	-6.39573751257592	2.96952833717821	14.3360098690406	0.000152911753501029	0.00862040010362052
"hsa-miR-93-3p"	1.17384038584888	4.87927526982771	3.1901140979484	0.0740848406776968	0.327571207310209
"hsa-miR-93-5p"	1.86937215311584	9.13201846228421	4.67487721766463	0.0306068905897122	0.202995700822944
"hsa-miR-935"	0.449838549043969	6.51376767836481	0.698501803458086	0.403287568347173	0.730198226474318
"hsa-miR-939-3p"	-5.25497628448907	2.19300972236162	4.85068711508804	0.0276351215624659	0.188839997343517
"hsa-miR-940"	-0.208732984091122	4.81465392683116	0.0637232237432226	0.800705164364774	0.922723805085152
"hsa-miR-941"	0.325779119254663	7.72489434456478	0.0998540028673958	0.752004906683647	0.907092921717873
"hsa-miR-941-3-5p"	0.325948922313833	5.45588364945711	0.0947224333701868	0.758257276025805	0.907092921717873
"hsa-miR-942-5p"	-0.457575529707246	3.09828544976273	0.103140064037034	0.748093486496333	0.907092921717873
"hsa-miR-96-5p"	9.20074125474455	4.90417514227746	11.1429440537719	0.000843519099908678	0.0253618076039209
"hsa-miR-98-3p"	1.12939421681586	4.37139430607906	1.41021956809988	0.235019947111162	0.597611566434899
"hsa-miR-98-5p"	-0.806129195623305	11.1847786277518	1.49678198211938	0.221167171192263	0.583312246828718
"hsa-miR-99a-3p"	-0.834133079017651	3.79700546440702	0.653907990558562	0.418718926427764	0.743473369365833
"hsa-miR-99a-5p"	-1.60903199059461	7.37394799297701	5.83890253143086	0.0156756011726701	0.147265205702697
"hsa-miR-99b-3p"	-0.186834182014097	5.62195420418914	0.105532765579784	0.74528849249901	0.907092921717873
"hsa-miR-99b-5p"	-0.238113933338168	14.0348155815565	0.114799532776203	0.734744732935937	0.907092921717873
