"logFC"	"logCPM"	"LR"	"PValue"	"FDR2"
"hsa-let-7a-2-3p"	0	3.32351697512606	0	1	1
"hsa-let-7a-3p"	0	5.63906223628846	0	1	1
"hsa-let-7a-5p"	0	16.3348810787483	0	1	1
"hsa-let-7b-3p"	0	7.15750871795585	0	1	1
"hsa-let-7b-5p"	0	13.0653487430114	0	1	1
"hsa-let-7c-5p"	0	9.37444582574296	0	1	1
"hsa-let-7d-3p"	0	6.96201759032634	0	1	1
"hsa-let-7d-5p"	0	10.1979156054761	0	1	1
"hsa-let-7e-3p"	0	3.87039165732931	0	1	1
"hsa-let-7e-5p"	0	11.8121468201683	0	1	1
"hsa-let-7f-1-3p"	0	3.81989159074698	0	1	1
"hsa-let-7f-2-3p"	0	3.09630805995101	0	1	1
"hsa-let-7f-5p"	0	14.7605692119519	0	1	1
"hsa-let-7g-5p"	0	12.3545832917895	0	1	1
"hsa-let-7i-3p"	0	5.40045097732251	0	1	1
"hsa-let-7i-5p"	0	14.0818901347326	0	1	1
"hsa-miR-100-3p"	0	8.98294976190541	0	1	1
"hsa-miR-100-5p"	0	18.0910148970127	0	1	1
"hsa-miR-101-3p"	0	10.4535605984124	0	1	1
"hsa-miR-103a-3p"	0	11.6083119539433	0	1	1
"hsa-miR-106b-3p"	0	6.81168829966548	0	1	1
"hsa-miR-106b-5p"	0	6.52426403901662	0	1	1
"hsa-miR-107"	0	8.04361436439512	0	1	1
"hsa-miR-10a-3p"	0	4.18896599314581	0	1	1
"hsa-miR-10a-5p"	0	15.521661242792	0	1	1
"hsa-miR-10b-5p"	0	7.87601450679861	0	1	1
"hsa-miR-1180-3p"	0	4.13594425836176	0	1	1
"hsa-miR-1185-1-3p"	0	4.24073882624486	0	1	1
"hsa-miR-1185-5p"	0	5.31015247659155	0	1	1
"hsa-miR-1249-3p"	0	3.95043481001525	0	1	1
"hsa-miR-125a-3p"	0	5.2841473497132	0	1	1
"hsa-miR-125a-5p"	0	13.0569599411384	0	1	1
"hsa-miR-125b-1-3p"	0	11.3356821510366	0	1	1
"hsa-miR-125b-2-3p"	0	7.25224946094335	0	1	1
"hsa-miR-125b-5p"	0	14.5660381621079	0	1	1
"hsa-miR-126-3p"	0	4.07940747601259	0	1	1
"hsa-miR-126-5p"	0	4.78405348503017	0	1	1
"hsa-miR-1260a"	0	3.40265542384124	0	1	1
"hsa-miR-127-3p"	0	14.734178908382	0	1	1
"hsa-miR-127-5p"	0	6.8508082358842	0	1	1
"hsa-miR-1271-5p"	0	7.18550674409067	0	1	1
"hsa-miR-128-1-5p"	0	4.28583996842757	0	1	1
"hsa-miR-128-3p"	0	9.23720075426685	0	1	1
"hsa-miR-1285-3p"	0	3.15355452700257	0	1	1
"hsa-miR-1296-5p"	0	5.00625272366704	0	1	1
"hsa-miR-1301-3p"	0	5.35465842893411	0	1	1
"hsa-miR-1304-3p"	0	7.1699903607022	0	1	1
"hsa-miR-1307-3p"	0	7.17832842543113	0	1	1
"hsa-miR-1307-5p"	0	9.41460461796901	0	1	1
"hsa-miR-130a-3p"	0	11.1312713744438	0	1	1
"hsa-miR-130b-3p"	0	9.39264506437027	0	1	1
"hsa-miR-130b-5p"	0	7.81504841070518	0	1	1
"hsa-miR-132-3p"	0	6.12723011248775	0	1	1
"hsa-miR-132-5p"	0	4.5402534801733	0	1	1
"hsa-miR-134-5p"	0	7.50002112165382	0	1	1
"hsa-miR-1343-3p"	0	3.09997105817541	0	1	1
"hsa-miR-136-3p"	0	9.25065660739381	0	1	1
"hsa-miR-136-5p"	0	9.0189641088806	0	1	1
"hsa-miR-137"	0	5.0364497256949	0	1	1
"hsa-miR-138-1-3p"	0	3.8050229543073	0	1	1
"hsa-miR-138-5p"	0	8.88825688925388	0	1	1
"hsa-miR-140-3p"	0	10.6679217275829	0	1	1
"hsa-miR-140-5p"	0	4.26582061848349	0	1	1
"hsa-miR-143-3p"	0	15.6844859439266	0	1	1
"hsa-miR-143-5p"	0	6.24359719511256	0	1	1
"hsa-miR-145-3p"	0	7.78069799433116	0	1	1
"hsa-miR-145-5p"	0	8.68605610811554	0	1	1
"hsa-miR-1468-5p"	0	3.38301821704578	0	1	1
"hsa-miR-146a-5p"	0	8.0721530229739	0	1	1
"hsa-miR-146b-3p"	0	4.10525049991403	0	1	1
"hsa-miR-146b-5p"	0	10.1997060582697	0	1	1
"hsa-miR-148a-3p"	0	11.2180754737433	0	1	1
"hsa-miR-148a-5p"	0	5.0921242534228	0	1	1
"hsa-miR-148b-3p"	0	10.399743414253	0	1	1
"hsa-miR-148b-5p"	0	6.81593694484176	0	1	1
"hsa-miR-149-5p"	0	6.72807574427396	0	1	1
"hsa-miR-151a-3p"	0	12.1902933803407	0	1	1
"hsa-miR-151a-5p"	0	12.5933453329408	0	1	1
"hsa-miR-151b"	0	3.39878838511267	0	1	1
"hsa-miR-152-3p"	0	8.25774300959778	0	1	1
"hsa-miR-152-5p"	0	6.95477420088244	0	1	1
"hsa-miR-154-5p"	0	4.74225519555653	0	1	1
"hsa-miR-155-5p"	0	8.54046885716833	0	1	1
"hsa-miR-15a-5p"	0	8.03639028088635	0	1	1
"hsa-miR-15b-3p"	0	4.79856275635347	0	1	1
"hsa-miR-15b-5p"	0	7.84262998652878	0	1	1
"hsa-miR-16-2-3p"	0	6.69928535168808	0	1	1
"hsa-miR-16-5p"	0	10.4563068443927	0	1	1
"hsa-miR-17-3p"	0	7.90236204764045	0	1	1
"hsa-miR-17-5p"	0	6.60723953192128	0	1	1
"hsa-miR-181a-2-3p"	0	9.00035591024423	0	1	1
"hsa-miR-181a-3p"	0	10.028537954787	0	1	1
"hsa-miR-181a-5p"	0	13.4812565154737	0	1	1
"hsa-miR-181b-3p"	0	4.13656492369188	0	1	1
"hsa-miR-181b-5p"	0	11.1224190082026	0	1	1
"hsa-miR-181c-3p"	0	5.77056399146226	0	1	1
"hsa-miR-181c-5p"	0	7.47811746639529	0	1	1
"hsa-miR-181d-5p"	0	4.44996921631124	0	1	1
"hsa-miR-182-5p"	0	4.64580946668204	0	1	1
"hsa-miR-185-3p"	0	4.02446801214522	0	1	1
"hsa-miR-185-5p"	0	5.8981930793785	0	1	1
"hsa-miR-186-5p"	0	11.733841619249	0	1	1
"hsa-miR-188-3p"	0	2.84436688084564	0	1	1
"hsa-miR-188-5p"	0	4.03210790341937	0	1	1
"hsa-miR-18a-3p"	0	3.82687537528818	0	1	1
"hsa-miR-18a-5p"	0	4.10572750086468	0	1	1
"hsa-miR-190a-5p"	0	7.05887050479589	0	1	1
"hsa-miR-191-3p"	0	3.29200084925206	0	1	1
"hsa-miR-191-5p"	0	13.6588387987148	0	1	1
"hsa-miR-1910-5p"	0	3.59504020609818	0	1	1
"hsa-miR-192-5p"	0	9.13731788067007	0	1	1
"hsa-miR-193a-3p"	0	7.64771575425153	0	1	1
"hsa-miR-193a-5p"	0	8.63646239344675	0	1	1
"hsa-miR-193b-3p"	0	8.60932146091601	0	1	1
"hsa-miR-193b-5p"	0	3.64935944866119	0	1	1
"hsa-miR-195-5p"	0	5.6408315731693	0	1	1
"hsa-miR-197-3p"	0	8.56483203511182	0	1	1
"hsa-miR-199a-3p"	0	13.7368578058314	0	1	1
"hsa-miR-199a-5p"	0	11.6232067511913	0	1	1
"hsa-miR-199b-3p"	0	12.6200226228549	0	1	1
"hsa-miR-199b-5p"	0	10.7531069503339	0	1	1
"hsa-miR-19a-3p"	0	6.41657341784312	0	1	1
"hsa-miR-19a-5p"	0	2.85967267812269	0	1	1
"hsa-miR-19b-3p"	0	7.68612130270709	0	1	1
"hsa-miR-204-5p"	0	8.93799458696341	0	1	1
"hsa-miR-20a-5p"	0	6.76735128720702	0	1	1
"hsa-miR-21-3p"	0	12.4058758171087	0	1	1
"hsa-miR-21-5p"	0	15.789610934186	0	1	1
"hsa-miR-210-3p"	0	7.93998714306715	0	1	1
"hsa-miR-210-5p"	0	4.64541451548174	0	1	1
"hsa-miR-212-3p"	0	3.59989064414748	0	1	1
"hsa-miR-212-5p"	0	4.03886141717692	0	1	1
"hsa-miR-214-3p"	0	8.7397506511733	0	1	1
"hsa-miR-214-5p"	0	7.33404811847174	0	1	1
"hsa-miR-215-5p"	0	3.75677592340118	0	1	1
"hsa-miR-218-1-3p"	0	6.03549922986808	0	1	1
"hsa-miR-218-5p"	0	6.68950115618589	0	1	1
"hsa-miR-22-3p"	0	15.8666967293949	0	1	1
"hsa-miR-22-5p"	0	7.34713855835662	0	1	1
"hsa-miR-221-3p"	0	13.4867050783111	0	1	1
"hsa-miR-221-5p"	0	10.4297791078475	0	1	1
"hsa-miR-222-3p"	0	13.8401116118466	0	1	1
"hsa-miR-222-5p"	0	6.31381496853471	0	1	1
"hsa-miR-223-3p"	0	3.15104422133001	0	1	1
"hsa-miR-224-3p"	0	3.46178423186955	0	1	1
"hsa-miR-224-5p"	0	9.45019816342934	0	1	1
"hsa-miR-2277-5p"	0	3.69723382741848	0	1	1
"hsa-miR-2355-5p"	0	4.73720125930186	0	1	1
"hsa-miR-23a-3p"	0	10.7370553198061	0	1	1
"hsa-miR-23a-5p"	0	5.84620585781733	0	1	1
"hsa-miR-23b-3p"	0	10.4053102366334	0	1	1
"hsa-miR-23b-5p"	0	3.23543474939616	0	1	1
"hsa-miR-24-2-5p"	0	7.28236758324074	0	1	1
"hsa-miR-24-3p"	0	9.83151881063531	0	1	1
"hsa-miR-2467-5p"	0	3.21605442839564	0	1	1
"hsa-miR-25-3p"	0	10.0197086015629	0	1	1
"hsa-miR-25-5p"	0	4.89319616438144	0	1	1
"hsa-miR-2682-3p"	0	3.31022013544713	0	1	1
"hsa-miR-2682-5p"	0	4.88788763595494	0	1	1
"hsa-miR-26a-2-3p"	0	4.79980294212961	0	1	1
"hsa-miR-26a-5p"	0	13.9414922543474	0	1	1
"hsa-miR-26b-5p"	0	9.66346821600579	0	1	1
"hsa-miR-27a-3p"	0	11.4498596171973	0	1	1
"hsa-miR-27a-5p"	0	6.54881549498135	0	1	1
"hsa-miR-27b-3p"	0	14.1877840505013	0	1	1
"hsa-miR-27b-5p"	0	7.20341460206756	0	1	1
"hsa-miR-28-3p"	0	12.1133211415651	0	1	1
"hsa-miR-28-5p"	0	7.59654328938481	0	1	1
"hsa-miR-296-3p"	0	4.60812666391316	0	1	1
"hsa-miR-296-5p"	0	4.61094876366387	0	1	1
"hsa-miR-299-3p"	0	5.2334643760419	0	1	1
"hsa-miR-299-5p"	0	5.5307193427187	0	1	1
"hsa-miR-29a-3p"	0	13.8657042942345	0	1	1
"hsa-miR-29a-5p"	0	5.71790516672085	0	1	1
"hsa-miR-29b-1-5p"	0	4.43395575725482	0	1	1
"hsa-miR-29b-3p"	0	9.96523780494777	0	1	1
"hsa-miR-29c-3p"	0	7.85850296293238	0	1	1
"hsa-miR-29c-5p"	0	2.99701211269204	0	1	1
"hsa-miR-301a-3p"	0	5.95196262216489	0	1	1
"hsa-miR-301a-5p"	0	3.05805407897972	0	1	1
"hsa-miR-301b-3p"	0	4.70061198379191	0	1	1
"hsa-miR-302a-5p"	0	3.52687886904754	0	1	1
"hsa-miR-30a-3p"	0	7.60661791086051	0	1	1
"hsa-miR-30a-5p"	0	13.2009440765181	0	1	1
"hsa-miR-30b-5p"	0	7.87396952861886	0	1	1
"hsa-miR-30c-1-3p"	0	3.74808648013197	0	1	1
"hsa-miR-30c-2-3p"	0	5.67915279878883	0	1	1
"hsa-miR-30c-5p"	0	10.8627752338985	0	1	1
"hsa-miR-30d-3p"	0	4.24810164422504	0	1	1
"hsa-miR-30d-5p"	0	11.0043941419972	0	1	1
"hsa-miR-30e-3p"	0	5.05356853172013	0	1	1
"hsa-miR-30e-5p"	0	11.0555622416113	0	1	1
"hsa-miR-31-3p"	0	7.18257537060048	0	1	1
"hsa-miR-31-5p"	0	13.6729449790012	0	1	1
"hsa-miR-3117-3p"	0	3.74627299521945	0	1	1
"hsa-miR-3129-3p"	0	3.03812453157688	0	1	1
"hsa-miR-3152-5p"	0	3.87104620342132	0	1	1
"hsa-miR-3158-3p"	0	3.57856831667454	0	1	1
"hsa-miR-3168"	0	4.96960199439789	0	1	1
"hsa-miR-3176"	0	3.76701546186397	0	1	1
"hsa-miR-3200-3p"	0	3.64026508596757	0	1	1
"hsa-miR-320a"	0	10.450327540992	0	1	1
"hsa-miR-323a-3p"	0	5.3800040114451	0	1	1
"hsa-miR-323b-3p"	0	4.62051509396902	0	1	1
"hsa-miR-324-3p"	0	5.36962685508887	0	1	1
"hsa-miR-324-5p"	0	3.51797618258981	0	1	1
"hsa-miR-328-3p"	0	5.80332875314959	0	1	1
"hsa-miR-329-3p"	0	6.17590817729321	0	1	1
"hsa-miR-330-3p"	0	4.55153639136188	0	1	1
"hsa-miR-330-5p"	0	3.77585073189313	0	1	1
"hsa-miR-331-3p"	0	7.80056721834622	0	1	1
"hsa-miR-331-5p"	0	3.45696770801752	0	1	1
"hsa-miR-335-3p"	0	8.44608305800966	0	1	1
"hsa-miR-335-5p"	0	7.41011474511032	0	1	1
"hsa-miR-337-3p"	0	6.15317849436815	0	1	1
"hsa-miR-337-5p"	0	4.39768608988101	0	1	1
"hsa-miR-339-3p"	0	7.08135909805334	0	1	1
"hsa-miR-339-5p"	0	7.41124316361807	0	1	1
"hsa-miR-33a-5p"	0	5.23134122609273	0	1	1
"hsa-miR-33b-3p"	0	3.777020772297	0	1	1
"hsa-miR-33b-5p"	0	5.24103969426719	0	1	1
"hsa-miR-340-3p"	0	3.68802055251577	0	1	1
"hsa-miR-340-5p"	0	7.56100873769362	0	1	1
"hsa-miR-342-3p"	0	6.68036130865722	0	1	1
"hsa-miR-345-5p"	0	8.56429338321152	0	1	1
"hsa-miR-34a-3p"	0	3.41194117406654	0	1	1
"hsa-miR-34a-5p"	0	8.39694144743389	0	1	1
"hsa-miR-34b-5p"	0	4.39070606082183	0	1	1
"hsa-miR-34c-5p"	0	7.14908067671841	0	1	1
"hsa-miR-3607-3p"	0	3.78419953536301	0	1	1
"hsa-miR-361-3p"	0	8.23673057688003	0	1	1
"hsa-miR-361-5p"	0	7.22059335075643	0	1	1
"hsa-miR-3613-5p"	0	3.46920578667083	0	1	1
"hsa-miR-362-3p"	0	3.31781652384558	0	1	1
"hsa-miR-362-5p"	0	4.10703022287487	0	1	1
"hsa-miR-365a-3p"	0	6.89045499783852	0	1	1
"hsa-miR-365b-3p"	0	6.84826837721376	0	1	1
"hsa-miR-365b-5p"	0	3.69287871507192	0	1	1
"hsa-miR-3661"	0	3.63050346166304	0	1	1
"hsa-miR-3677-3p"	0	3.59989064414748	0	1	1
"hsa-miR-369-3p"	0	5.83686203319721	0	1	1
"hsa-miR-369-5p"	0	6.0165037849978	0	1	1
"hsa-miR-370-3p"	0	6.89778596391918	0	1	1
"hsa-miR-370-5p"	0	2.93111675967572	0	1	1
"hsa-miR-374a-3p"	0	6.40113535828184	0	1	1
"hsa-miR-374a-5p"	0	5.3077351429529	0	1	1
"hsa-miR-374b-5p"	0	3.9124184856293	0	1	1
"hsa-miR-376a-3p"	0	6.26589257872115	0	1	1
"hsa-miR-376a-5p"	0	5.44934489643728	0	1	1
"hsa-miR-376b-3p"	0	5.91339958494007	0	1	1
"hsa-miR-376c-3p"	0	7.36959749798405	0	1	1
"hsa-miR-377-3p"	0	4.24504213398497	0	1	1
"hsa-miR-377-5p"	0	6.09373519116899	0	1	1
"hsa-miR-378a-3p"	0	8.23958023604262	0	1	1
"hsa-miR-379-3p"	0	4.77932711693147	0	1	1
"hsa-miR-379-5p"	0	5.76430153704646	0	1	1
"hsa-miR-380-3p"	0	4.09424243801544	0	1	1
"hsa-miR-381-3p"	0	8.97434188302267	0	1	1
"hsa-miR-382-3p"	0	4.38527952871818	0	1	1
"hsa-miR-382-5p"	0	6.61106526942684	0	1	1
"hsa-miR-3909"	0	5.03669111720949	0	1	1
"hsa-miR-409-3p"	0	11.354533856473	0	1	1
"hsa-miR-409-5p"	0	8.66321585768649	0	1	1
"hsa-miR-410-3p"	0	8.56951069707926	0	1	1
"hsa-miR-411-3p"	0	3.9705372364256	0	1	1
"hsa-miR-411-5p"	0	10.0437003110989	0	1	1
"hsa-miR-412-5p"	0	4.81696406243702	0	1	1
"hsa-miR-421"	0	6.30346353295601	0	1	1
"hsa-miR-423-3p"	0	11.335203250207	0	1	1
"hsa-miR-423-5p"	0	11.2177738903164	0	1	1
"hsa-miR-424-3p"	0	6.23710003421942	0	1	1
"hsa-miR-424-5p"	0	7.07490676592156	0	1	1
"hsa-miR-425-3p"	0	3.81609812691804	0	1	1
"hsa-miR-425-5p"	0	6.79021782796212	0	1	1
"hsa-miR-431-3p"	0	5.54177707408621	0	1	1
"hsa-miR-431-5p"	0	6.79123992107867	0	1	1
"hsa-miR-432-5p"	0	7.18319054494396	0	1	1
"hsa-miR-4326"	0	5.27060270157458	0	1	1
"hsa-miR-433-3p"	0	3.76340177955625	0	1	1
"hsa-miR-450a-5p"	0	5.51738570771914	0	1	1
"hsa-miR-450b-5p"	0	6.69634112170635	0	1	1
"hsa-miR-452-3p"	0	4.07286385853702	0	1	1
"hsa-miR-452-5p"	0	6.880865061983	0	1	1
"hsa-miR-4521"	0	5.57659508914768	0	1	1
"hsa-miR-454-3p"	0	5.84999706636256	0	1	1
"hsa-miR-454-5p"	0	3.89687107595041	0	1	1
"hsa-miR-455-3p"	0	5.70074851424255	0	1	1
"hsa-miR-455-5p"	0	6.32500857567047	0	1	1
"hsa-miR-4636"	0	2.75026018986217	0	1	1
"hsa-miR-4677-3p"	0	5.45134389619263	0	1	1
"hsa-miR-4775"	0	5.16087978677241	0	1	1
"hsa-miR-484"	0	9.74859349039317	0	1	1
"hsa-miR-485-3p"	0	6.06030933818857	0	1	1
"hsa-miR-485-5p"	0	7.33075099533469	0	1	1
"hsa-miR-486-3p"	0	4.00941005347412	0	1	1
"hsa-miR-486-5p"	0	8.44901003072301	0	1	1
"hsa-miR-487a-3p"	0	3.42381607736823	0	1	1
"hsa-miR-487b-3p"	0	7.84789337389482	0	1	1
"hsa-miR-490-3p"	0	3.95497945860132	0	1	1
"hsa-miR-493-3p"	0	7.08588172056571	0	1	1
"hsa-miR-493-5p"	0	5.93683651390508	0	1	1
"hsa-miR-494-3p"	0	6.18359116622007	0	1	1
"hsa-miR-495-3p"	0	6.90526768708774	0	1	1
"hsa-miR-496"	0	5.43332727827236	0	1	1
"hsa-miR-497-5p"	0	3.98241642875591	0	1	1
"hsa-miR-500a-3p"	0	9.9978993570623	0	1	1
"hsa-miR-501-3p"	0	8.96788182105987	0	1	1
"hsa-miR-501-5p"	0	3.44028450280307	0	1	1
"hsa-miR-502-3p"	0	6.06035993191945	0	1	1
"hsa-miR-502-5p"	0	2.99712288822737	0	1	1
"hsa-miR-503-5p"	0	4.72539427147437	0	1	1
"hsa-miR-504-5p"	0	3.14140597352533	0	1	1
"hsa-miR-505-3p"	0	5.33990752009329	0	1	1
"hsa-miR-532-3p"	0	6.23031933863236	0	1	1
"hsa-miR-532-5p"	0	10.0398374883198	0	1	1
"hsa-miR-539-3p"	0	6.12952843929638	0	1	1
"hsa-miR-539-5p"	0	4.18590820093658	0	1	1
"hsa-miR-541-5p"	0	3.46882580817687	0	1	1
"hsa-miR-542-3p"	0	5.5337584277671	0	1	1
"hsa-miR-542-5p"	0	4.16836608032455	0	1	1
"hsa-miR-543"	0	6.1927731505414	0	1	1
"hsa-miR-548e-3p"	0	5.68616690251824	0	1	1
"hsa-miR-548e-5p"	0	2.75026018986217	0	1	1
"hsa-miR-548k"	0	5.86100993257973	0	1	1
"hsa-miR-549a"	0	3.8890242336225	0	1	1
"hsa-miR-549a-5p"	0	6.25258626446596	0	1	1
"hsa-miR-550a-3p"	0	3.58528173656849	0	1	1
"hsa-miR-550a-5p"	0	3.7497433931336	0	1	1
"hsa-miR-561-5p"	0	5.12251865244091	0	1	1
"hsa-miR-574-3p"	0	9.66272027628238	0	1	1
"hsa-miR-574-5p"	0	4.74104486399321	0	1	1
"hsa-miR-576-5p"	0	4.02744530157629	0	1	1
"hsa-miR-582-3p"	0	3.49027638968268	0	1	1
"hsa-miR-584-5p"	0	6.64380370698615	0	1	1
"hsa-miR-585-3p"	0	3.37208008912563	0	1	1
"hsa-miR-589-3p"	0	3.2426270284161	0	1	1
"hsa-miR-589-5p"	0	7.75018018038529	0	1	1
"hsa-miR-590-3p"	0	4.91685419780217	0	1	1
"hsa-miR-605-3p"	0	4.15951037179743	0	1	1
"hsa-miR-605-5p"	0	2.83712001310745	0	1	1
"hsa-miR-615-3p"	0	4.25376821233029	0	1	1
"hsa-miR-616-5p"	0	4.19327582600453	0	1	1
"hsa-miR-625-3p"	0	6.64236513640488	0	1	1
"hsa-miR-625-5p"	0	6.46610830931541	0	1	1
"hsa-miR-629-5p"	0	5.86854968323136	0	1	1
"hsa-miR-641"	0	4.43470948703718	0	1	1
"hsa-miR-652-3p"	0	4.49854711319982	0	1	1
"hsa-miR-654-3p"	0	10.9261987496307	0	1	1
"hsa-miR-654-5p"	0	5.74632657301298	0	1	1
"hsa-miR-656-3p"	0	5.16458452123101	0	1	1
"hsa-miR-659-5p"	0	2.66597568170804	0	1	1
"hsa-miR-660-5p"	0	9.31590617728506	0	1	1
"hsa-miR-664a-3p"	0	3.29671856073427	0	1	1
"hsa-miR-665"	0	6.08159894579782	0	1	1
"hsa-miR-668-3p"	0	3.72659073165562	0	1	1
"hsa-miR-671-3p"	0	7.81645931802946	0	1	1
"hsa-miR-671-5p"	0	5.01652055002182	0	1	1
"hsa-miR-6852-5p"	0	2.88841249134269	0	1	1
"hsa-miR-7-1-3p"	0	3.74324241639427	0	1	1
"hsa-miR-7-5p"	0	6.29326811323457	0	1	1
"hsa-miR-708-3p"	0	6.62191318401956	0	1	1
"hsa-miR-708-5p"	0	6.79121876631486	0	1	1
"hsa-miR-744-5p"	0	7.79117629580435	0	1	1
"hsa-miR-758-3p"	0	6.24813678435875	0	1	1
"hsa-miR-758-5p"	0	3.52832801854342	0	1	1
"hsa-miR-769-5p"	0	9.2595461566747	0	1	1
"hsa-miR-7706"	0	5.71104429737744	0	1	1
"hsa-miR-7974"	0	5.71826039969228	0	1	1
"hsa-miR-7976"	0	3.19665694319986	0	1	1
"hsa-miR-874-3p"	0	3.5999030664037	0	1	1
"hsa-miR-877-5p"	0	4.9456012802879	0	1	1
"hsa-miR-887-3p"	0	5.18144893100472	0	1	1
"hsa-miR-889-3p"	0	6.34789003984892	0	1	1
"hsa-miR-92a-1-5p"	0	3.06451392395892	0	1	1
"hsa-miR-92a-3p"	0	14.1177515168789	0	1	1
"hsa-miR-92b-3p"	0	12.1611980728995	0	1	1
"hsa-miR-92b-5p"	0	3.53337367560915	0	1	1
"hsa-miR-93-3p"	0	4.29966392610496	0	1	1
"hsa-miR-93-5p"	0	8.05441618304376	0	1	1
"hsa-miR-935"	0	6.28121446793645	0	1	1
"hsa-miR-939-3p"	0	2.65804302419137	0	1	1
"hsa-miR-940"	0	4.85536001555343	0	1	1
"hsa-miR-941"	0	7.54586805098928	0	1	1
"hsa-miR-941-3-5p"	0	5.28526982251028	0	1	1
"hsa-miR-942-5p"	0	3.20266969208818	0	1	1
"hsa-miR-98-3p"	0	3.83221704762535	0	1	1
"hsa-miR-98-5p"	0	11.417217626432	0	1	1
"hsa-miR-99a-3p"	0	4.01075725941401	0	1	1
"hsa-miR-99a-5p"	0	7.78129581545588	0	1	1
"hsa-miR-99b-3p"	0	5.65414163669672	0	1	1
"hsa-miR-99b-5p"	0	14.084824170101	0	1	1
