"logFC"	"logCPM"	"LR"	"PValue"	"FDR2"
"hsa-let-7a-2-3p"	-6.33273797872123	2.65650606672614	28.6804227297208	8.53623440318787e-08	1.91259968939351e-07
"hsa-let-7a-3p"	-0.927440576484167	5.47564960344931	3.69063268582827	0.0547188563724172	0.0696821897503972
"hsa-let-7a-5p"	-2.11841502376239	15.8622390933075	30.3094765186937	3.6832199876403e-08	8.70238097101466e-08
"hsa-let-7b-3p"	-3.08260556363719	6.54712674412118	40.9375875444672	1.57169057864395e-10	4.58007990709127e-10
"hsa-let-7b-5p"	-2.72973027823222	12.496334146569	47.9189563152468	4.44205990664109e-12	1.46526281642675e-11
"hsa-let-7c-5p"	-6.07020128718338	8.62318525675458	130.669468454953	2.92466512856019e-30	4.08592922372379e-29
"hsa-let-7d-3p"	-0.5474414080124	6.94108242839858	2.05063171432539	0.152143050455627	0.178881061798076
"hsa-let-7d-5p"	-0.534998120867569	10.1832528662886	2.37777805698242	0.123072485975328	0.14725297440373
"hsa-let-7e-3p"	-5.46495137478396	3.17299249237408	36.0249320155827	1.94808900425468e-09	5.37989695942426e-09
"hsa-let-7e-5p"	-5.84854091899676	11.0651890893671	185.364115629955	3.268201400525e-42	7.39236031071131e-41
"hsa-let-7f-1-3p"	-0.927267410345562	3.65837924222198	3.24070677551522	0.0718296453711678	0.0902621205060971
"hsa-let-7f-2-3p"	0.547363773055704	3.53833185120923	0.239208336134549	0.62477848164552	0.649386824467444
"hsa-let-7f-5p"	0.165522911277911	15.0741032334148	0.227000468010829	0.633756911048851	0.657280639188219
"hsa-let-7g-3p"	3.70909062954089	4.60773567378349	29.6085169826895	5.28721104717778e-08	1.213248911792e-07
"hsa-let-7g-5p"	2.76572783391522	14.5464287478494	44.8526853806432	2.12429341270041e-11	6.59502856884115e-11
"hsa-let-7i-3p"	1.61512199226591	6.62110601527097	15.1368816929251	9.99906536514953e-05	0.000161001899947323
"hsa-let-7i-5p"	-1.32455933190391	13.7953688073892	14.1337756113181	0.000170259127615583	0.000267791674229808
"hsa-miR-100-3p"	-10.7680287980974	8.21241417084826	131.854701350477	1.60980823189895e-30	2.389559094225e-29
"hsa-miR-100-5p"	-11.6060433039704	17.3201551888918	101.898666127305	5.84358562052642e-24	4.47694059637104e-23
"hsa-miR-101-3p"	3.75185631896321	13.5357575010713	55.9667712720872	7.37062889493798e-14	2.75673127960279e-13
"hsa-miR-101-5p"	4.49154094257175	5.05023455052594	56.6271584749462	5.26792269885327e-14	1.98592323964707e-13
"hsa-miR-103a-3p"	0.396949600489328	12.0487451459332	1.40434818252319	0.235996897735471	0.269467611596993
"hsa-miR-106a-5p"	5.3126808766412	2.94020556075606	17.7515876841421	2.51707343539906e-05	4.35946899087759e-05
"hsa-miR-106b-3p"	1.63927955621803	8.07034244621311	13.5254238222796	0.000235353232916159	0.000367739426431498
"hsa-miR-106b-5p"	1.86348514226376	7.95163950023496	17.7407699442159	2.53142704079359e-05	4.35946899087759e-05
"hsa-miR-107"	-4.33509605295536	7.34039539389393	70.0214871838705	5.86619637815664e-17	2.70528473749942e-16
"hsa-miR-10a-3p"	-5.09687183126915	3.48400740808527	20.1620207700276	7.11516893802967e-06	1.32537460610357e-05
"hsa-miR-10a-5p"	-5.25463957398283	14.7863515165124	41.6797923989939	1.07514504886103e-10	3.17201179011794e-10
"hsa-miR-10b-5p"	-2.53001200436394	7.33681137876443	6.94612718142726	0.00840008903599025	0.01159896015144
"hsa-miR-1180-3p"	-4.36233078186117	3.46095563483571	33.4788622300368	7.2042708634055e-09	1.91174785481431e-08
"hsa-miR-1185-1-3p"	-7.39299178404413	3.50308729447891	47.7380834654557	4.87136220615347e-12	1.59579106753303e-11
"hsa-miR-1185-5p"	-8.53995159473659	4.54406869290115	83.430293362331	6.60027691247717e-20	3.56264946980302e-19
"hsa-miR-1248"	6.05388665685127	2.61890894851755	17.2305631795372	3.31067205393345e-05	5.57648661566804e-05
"hsa-miR-1249-3p"	-0.534161010699238	3.92506971248337	0.68433227627812	0.4080989002644	0.440561312785432
"hsa-miR-125a-3p"	-4.1470790952905	4.59567469198774	50.87004084669	9.86884690462664e-13	3.42168049612968e-12
"hsa-miR-125a-5p"	-1.08783926367656	12.8415952084628	10.1291292467168	0.00145944336770695	0.00211352316969756
"hsa-miR-125b-1-3p"	-12.4045012824832	10.5649160157734	290.398749547145	4.07073284019989e-65	3.22266349849158e-63
"hsa-miR-125b-2-3p"	-5.93697018852423	6.50155860957375	101.498046250094	7.15339604845553e-24	5.34102518655374e-23
"hsa-miR-125b-5p"	-8.66206935823617	13.7982997037327	142.793751965479	6.5211813658891e-33	1.10627183885619e-31
"hsa-miR-126-3p"	-0.0603547381917791	4.25435029698117	0.00809865995555814	0.928293131072256	0.932218260590531
"hsa-miR-126-5p"	1.0936043994163	5.62246422235709	2.45201177622133	0.117374350097906	0.141504609889608
"hsa-miR-1260a"	1.78343968006565	4.64069423329837	13.3985356752823	0.000251820811926844	0.000390898319167486
"hsa-miR-1260b"	0.231535977140608	3.34345272288621	0.13726031886625	0.711019960948851	0.727876037609276
"hsa-miR-127-3p"	-11.8359012154886	13.9625974398008	318.049260467226	3.85317332794909e-71	5.33836942762443e-69
"hsa-miR-127-5p"	-10.1254094606743	6.07772523797702	117.824507754915	1.89428204933816e-27	1.9560521161644e-26
"hsa-miR-1271-5p"	-0.180967333518181	7.32458700454128	0.197879090886024	0.656438256691904	0.676373474899467
"hsa-miR-1273h-3p"	7.74091815204354	3.91955155293067	53.1789868934862	3.04498742589897e-13	1.10409849412367e-12
"hsa-miR-128-1-5p"	-1.35260288740521	3.99592581615773	3.30626464568403	0.0690162028165068	0.0869567542117791
"hsa-miR-128-3p"	-0.0317471781417865	9.44984030073576	0.00763634968882343	0.930364530313309	0.932327324681059
"hsa-miR-1285-3p"	0.308824941694983	3.47518371410511	0.104754247535183	0.746197268181046	0.760608803403426
"hsa-miR-1287-5p"	0.344992855533493	3.13219887830563	0.213530369751963	0.644014296859227	0.665014763061158
"hsa-miR-1296-5p"	-4.61661723093434	4.30149039075409	40.3720064161323	2.09927499314549e-10	6.04336740450976e-10
"hsa-miR-1301-3p"	-0.907026457469976	5.19787036896954	4.86528652559438	0.0274022479559779	0.0360555894157603
"hsa-miR-1304-3p"	-4.0842903753392	6.48271901956861	29.4666233316221	5.68879961575088e-08	1.2991249122508e-07
"hsa-miR-1306-5p"	0.5410298267989	2.9309630163696	0.510626034425119	0.474867976094078	0.504613621129054
"hsa-miR-1307-3p"	-0.238701521850102	7.29032046944311	0.354558585388759	0.551543899823547	0.579609186761471
"hsa-miR-1307-5p"	-0.739774478709444	9.32016459045755	2.90185696589267	0.0884775721360277	0.10973067040369
"hsa-miR-130a-3p"	-7.66940008235191	10.3666676902645	239.525912443625	4.98974314366656e-54	1.97510666103468e-52
"hsa-miR-130b-3p"	-3.10946053301313	8.77954296123795	60.3104979449303	8.10141722492813e-15	3.26116371342446e-14
"hsa-miR-130b-5p"	-3.62558000685208	7.15629962791973	52.8318829520123	3.63354846047034e-13	1.29769587873941e-12
"hsa-miR-132-3p"	-0.605486594311564	6.08133513745659	2.31865465540092	0.127830542617308	0.152179217401557
"hsa-miR-132-5p"	-1.19004483539344	4.29248501538535	3.99630340106981	0.0456001707446627	0.0585407597397697
"hsa-miR-134-5p"	-9.2775321136866	6.72868915704803	138.01599772697	7.22920594379471e-32	1.14462427443416e-30
"hsa-miR-1343-3p"	-3.33153205730857	2.55530692058576	11.460229696094	0.000711015110608383	0.00106817998218429
"hsa-miR-136-3p"	-9.83239312270671	8.47983050551696	206.472855047373	8.08014691692372e-47	2.25768810914045e-45
"hsa-miR-136-5p"	-12.3115507836583	8.24684657724734	219.657454460048	1.07424110559814e-49	3.40176350106076e-48
"hsa-miR-137"	-8.25336875095203	4.27187033128132	52.6843177173089	3.91706341039316e-13	1.38851128353489e-12
"hsa-miR-138-1-3p"	-6.90054169632412	3.09470841907581	31.4936438524488	2.0009417547843e-08	4.92459758301834e-08
"hsa-miR-138-5p"	-9.6720436292946	8.11808705847339	198.453566725436	4.54260159069764e-45	1.13565039767441e-43
"hsa-miR-140-3p"	1.72927941393353	12.0051901019821	20.8874366750628	4.87078751206375e-06	9.25449627292113e-06
"hsa-miR-140-5p"	2.57215370075346	6.19497270326881	19.7538606752767	8.80835829164112e-06	1.61543250522376e-05
"hsa-miR-141-3p"	8.08939139698024	7.85413249846202	113.564932134199	1.6227917942259e-26	1.51142372991628e-25
"hsa-miR-142-3p"	12.7841210911382	11.8651662745624	268.114977454794	2.92244897862985e-60	1.5424036276102e-58
"hsa-miR-142-5p"	15.6304023330377	15.2530717437336	457.765634668382	1.47275429264994e-101	6.9955828900872e-99
"hsa-miR-143-3p"	-11.2197053706025	14.9133212526014	171.404585935055	3.65088468390329e-39	7.22570927022527e-38
"hsa-miR-143-5p"	-9.50622287935191	5.47168322403587	104.208517619366	1.82106044804645e-24	1.44167285470344e-23
"hsa-miR-145-3p"	-11.0663099743816	7.00778230305812	124.735334938138	5.81563208451846e-29	7.08314164140069e-28
"hsa-miR-145-5p"	-11.977034327183	7.91317866831151	123.977495654997	8.52044893454906e-29	9.87125181441659e-28
"hsa-miR-1468-5p"	1.73216049568094	4.58301386787245	13.0780804046365	0.000298771477894495	0.000459276543688949
"hsa-miR-146a-3p"	3.53007515902745	2.54188097020192	8.47845854344973	0.00359376486607856	0.00506539558275168
"hsa-miR-146a-5p"	3.35215993167104	10.7801515078655	19.4092589249323	1.05494367752948e-05	1.90531652785743e-05
"hsa-miR-146b-3p"	4.96062751072833	8.1926898891701	70.6736708841464	4.21480117038271e-17	2.00203055593179e-16
"hsa-miR-146b-5p"	3.57982283756561	13.1226303141413	16.069163399694	6.10704383089607e-05	9.96854233565509e-05
"hsa-miR-148a-3p"	0.408058161756474	11.6659665008968	0.663546979938474	0.415310511789848	0.447329916326934
"hsa-miR-148a-5p"	-0.682889368584727	5.01477259021333	1.27336774453175	0.259135842828284	0.291681339676386
"hsa-miR-148b-3p"	-0.938278703036608	10.2340910354065	7.97937706774338	0.00473132195475815	0.00660993508385329
"hsa-miR-148b-5p"	-1.27760726031985	6.54206087710693	9.61643747578746	0.00192843457270175	0.00276739100312185
"hsa-miR-149-5p"	-5.70254279370132	5.98263866794195	88.900275068218	4.15225658641376e-21	2.43496528215622e-20
"hsa-miR-150-3p"	10.8719410743879	6.83703983302675	144.17945296381	3.24605824054874e-33	5.93029870869481e-32
"hsa-miR-150-5p"	18.4068191057967	16.6714377319109	317.741875516426	4.49546899168373e-71	5.33836942762443e-69
"hsa-miR-151a-3p"	-4.55314072998893	11.4791148813475	61.5624614700729	4.28918456735126e-15	1.7413356149503e-14
"hsa-miR-151a-5p"	-4.65555611414378	11.8782198162685	83.5968293231963	6.06702959269052e-20	3.31245868566436e-19
"hsa-miR-151b"	-1.04243229428218	3.20479612168777	2.31965646135108	0.127748236803626	0.152179217401557
"hsa-miR-152-3p"	-1.95201345563282	7.81735851216889	17.2005105431369	3.36345949728519e-05	5.64538254844688e-05
"hsa-miR-152-5p"	-7.51866462472053	6.18881124148366	115.695784729159	5.54095904014997e-27	5.26391108814247e-26
"hsa-miR-153-3p"	4.24915657441502	3.03014962710838	19.4482444671194	1.03362800657073e-05	1.87394390504235e-05
"hsa-miR-154-5p"	-7.93872516736156	3.98521398784864	57.5718545706122	3.2585513751987e-14	1.23824952257551e-13
"hsa-miR-155-5p"	1.47821645544107	9.68686309133143	11.5448850081516	0.000679359020283341	0.00102443026868123
"hsa-miR-15a-5p"	2.79805039051644	10.2500543923746	31.1307529388613	2.41219310183011e-08	5.84587613963929e-08
"hsa-miR-15b-3p"	0.514855781873628	5.28373544723414	1.27353873147177	0.25910386458159	0.291681339676386
"hsa-miR-15b-5p"	0.495827897249082	8.33802448133832	1.70326551640082	0.191861471929	0.222278534551891
"hsa-miR-16-2-3p"	0.763660589284353	7.35252966008831	3.76286335089735	0.0524027687689859	0.0670924937069227
"hsa-miR-16-5p"	2.52879437003482	12.4435387958183	26.8876038762163	2.15637538335579e-07	4.63474347101357e-07
"hsa-miR-17-3p"	-0.554232709833097	7.87966465873113	1.11577287009678	0.290830488472992	0.323523377106959
"hsa-miR-17-5p"	1.33108269143031	7.63865868364984	9.83998263464258	0.00170759109602595	0.0024578962745828
"hsa-miR-181a-2-3p"	-0.877705678181953	8.85498513123692	5.05863904853737	0.0245034728748326	0.0325115911048756
"hsa-miR-181a-3p"	-2.79052110358455	9.45200915298333	44.9631233536796	2.00780109609516e-11	6.27437842529737e-11
"hsa-miR-181a-5p"	0.375687073104677	13.9098364169936	1.22034399081286	0.269293154249794	0.301684547803425
"hsa-miR-181b-3p"	-3.36963973455296	3.52454115199449	26.4338827397349	2.72714485988573e-07	5.78300807341841e-07
"hsa-miR-181b-5p"	-1.51338387309275	10.7842250672345	18.9726281378229	1.32607193497281e-05	2.37692139287578e-05
"hsa-miR-181c-3p"	0.914550203052516	6.51139451631595	3.70930632734299	0.0541098741474464	0.069091909193648
"hsa-miR-181c-5p"	3.74554717377086	10.5432937447612	59.0449192913652	1.54113363988367e-14	6.15158385667851e-14
"hsa-miR-181d-5p"	2.20179628112186	6.08818137541156	17.7777064592888	2.48275369885151e-05	4.31980954928376e-05
"hsa-miR-182-5p"	-0.730470686946284	4.55037421234423	2.27025212699158	0.131878446093993	0.156605654736616
"hsa-miR-185-3p"	-1.64571392619141	3.66328861619316	8.3048347108122	0.00395396807180861	0.005556611935234
"hsa-miR-185-5p"	0.437508155644992	6.35169563607401	1.17626491717752	0.27811769797511	0.310107761826708
"hsa-miR-186-5p"	2.08396906537156	13.3513526203414	35.0448982310986	3.22190006404178e-09	8.74515731668484e-09
"hsa-miR-188-3p"	-5.71280952326957	2.24456454520203	14.1999752813535	0.000164372672224611	0.0002593920907199
"hsa-miR-188-5p"	-2.85246973126219	3.47619657523015	16.6969499866935	4.38514427467215e-05	7.18256389816991e-05
"hsa-miR-18a-3p"	-0.397524699377494	3.8500290996406	0.244484142469244	0.620986025006041	0.646860442714627
"hsa-miR-18a-5p"	0.398077636722606	4.51046315178654	0.589549660905058	0.442593314900499	0.473118382158021
"hsa-miR-190a-5p"	-5.26496631329443	6.32249505153085	97.1886930013554	6.30255417653955e-23	4.04555842413011e-22
"hsa-miR-191-3p"	-0.628742081114383	3.23132246209258	0.815536150804813	0.366488531493912	0.400546624983399
"hsa-miR-191-5p"	-0.63678991168824	13.6038897391124	3.49278702990716	0.0616367350325841	0.0780731977079398
"hsa-miR-1910-5p"	-6.65711537870952	2.90163535349156	31.0471422923727	2.51836832817448e-08	6.04154018122665e-08
"hsa-miR-192-5p"	3.44601029554222	11.9349562413436	66.5910400089172	3.3410129612699e-16	1.46942699685482e-15
"hsa-miR-193a-3p"	-5.27731331786137	6.91141209356721	69.2802088453629	8.54224787228667e-17	3.86435022793921e-16
"hsa-miR-193a-5p"	-6.52889999460328	7.87868618668701	109.703069372703	1.13825461520199e-25	1.02013385324707e-24
"hsa-miR-193b-3p"	-4.3619451660476	7.90480852903449	45.6739230059708	1.39669816928946e-11	4.48264615143577e-11
"hsa-miR-193b-5p"	-6.72192129141117	2.95042319949631	35.4711541606577	2.58855757910871e-09	7.10731127211928e-09
"hsa-miR-194-5p"	4.47404901980531	6.392518367588	69.7040910617474	6.89030443752303e-17	3.14701404598408e-16
"hsa-miR-195-5p"	-1.86418180263694	5.2199429137407	17.1727491887707	3.41297372670809e-05	5.70046388365203e-05
"hsa-miR-196a-5p"	4.07947195564587	4.11025609433833	31.9935924930933	1.54681945145884e-08	3.88750920340186e-08
"hsa-miR-197-3p"	1.54015294907752	9.75676747544292	19.7865857519215	8.65882396476912e-06	1.59416332684703e-05
"hsa-miR-1976"	6.88887348778309	3.21598357227762	29.7984751222769	4.79368878455825e-08	1.10534086051707e-07
"hsa-miR-199a-3p"	-7.94634412189387	12.9711065391726	256.715550649113	8.92205451739969e-58	4.23797589576485e-56
"hsa-miR-199a-5p"	-8.74424660520359	10.8549637603432	283.260725426897	1.46231854722015e-63	9.9228758561367e-62
"hsa-miR-199b-3p"	-8.07478989093813	11.8537068177784	243.483028849805	6.84340211137188e-55	2.95510545718331e-53
"hsa-miR-199b-5p"	-5.47293334534602	10.0134679392177	58.7445275814488	1.79532188534247e-14	7.04775120279069e-14
"hsa-miR-19a-3p"	1.71635528993861	7.72904593113191	20.3702232725767	6.38150855126583e-06	1.20286371502034e-05
"hsa-miR-19a-5p"	-0.721754832975889	2.77079812947091	0.710432249531802	0.39930035287202	0.43204480094353
"hsa-miR-19b-3p"	2.73504909761104	9.84301043837879	52.3958353336831	4.53685048530267e-13	1.59629924482872e-12
"hsa-miR-200b-3p"	4.29446730874162	3.74836564656865	30.8636017789809	2.76815144033193e-08	6.60739665405862e-08
"hsa-miR-200c-3p"	4.64792504061463	4.00790654871102	38.1600382591576	6.5173589385693e-10	1.84270565227406e-09
"hsa-miR-204-5p"	-9.51553284876324	8.16820822223773	141.591706650937	1.19442212702237e-32	1.95638107012285e-31
"hsa-miR-20a-3p"	2.65306820315861	2.65025030421458	6.36321263709263	0.0116510397451791	0.0158574323179372
"hsa-miR-20a-5p"	2.17463337905449	8.44485115183835	32.359920248966	1.28101559073824e-08	3.28909408432791e-08
"hsa-miR-20b-5p"	6.47601358718554	2.91011384241745	26.159157964458	3.14402454538908e-07	6.63738515137695e-07
"hsa-miR-21-3p"	-3.15045685564707	11.7886960347832	54.9347756172591	1.24596794770607e-13	4.58786647411148e-13
"hsa-miR-21-5p"	-1.59408772467295	15.4307654172795	11.9072864657347	0.000559147928405545	0.000848547175695316
"hsa-miR-210-3p"	-3.41595348065263	7.29621289515749	46.4425827755561	9.43428014220093e-12	3.04849188268398e-11
"hsa-miR-210-5p"	-4.3494205040501	3.95175807206335	33.1583145697513	8.49523363643109e-09	2.24179776516932e-08
"hsa-miR-2110"	1.09014617169073	3.31067669629187	3.16569930344246	0.0752002238561772	0.0942483016667129
"hsa-miR-2110-3p"	2.13192618771463	4.58017659122583	18.0729196654536	2.12603814695142e-05	3.74025229556268e-05
"hsa-miR-212-3p"	-0.647095985633292	3.53460172908382	1.39308708073401	0.237884456687302	0.270971503420788
"hsa-miR-212-5p"	-1.23187367129934	3.78621488446498	5.01328184903061	0.0251535791072549	0.0331887502109613
"hsa-miR-214-3p"	-12.0317372407974	7.96813389360295	203.632235929546	3.36690937534161e-46	8.88489974048481e-45
"hsa-miR-214-5p"	-10.6159734501115	6.56242914186757	143.78909153118	3.95096356988802e-33	6.95076924332152e-32
"hsa-miR-215-5p"	0.866532476995115	4.41624133296321	1.7573906968433	0.184950309975461	0.215322052054765
"hsa-miR-218-1-3p"	-9.29304198002178	5.26710413111999	83.8636138907502	5.30112829400213e-20	2.92794876703606e-19
"hsa-miR-218-5p"	-8.45001250665272	5.92141629252049	96.2748892834828	9.99902205132528e-23	6.27717126580427e-22
"hsa-miR-22-3p"	-1.72098178348712	15.4773944316065	12.3925645406805	0.000431046835403337	0.000658351275937573
"hsa-miR-22-5p"	-1.6423264188553	6.97610930130234	13.2844409279834	0.000267617822577444	0.000414066663597022
"hsa-miR-221-3p"	-2.91545580848451	12.8943857588955	51.2380992977121	8.18152251041115e-13	2.8575170532686e-12
"hsa-miR-221-5p"	-3.8880062162753	9.7519970472537	73.6773909827217	9.19864811657761e-18	4.55141443268163e-17
"hsa-miR-222-3p"	-4.67813361954991	13.1239633137584	115.780250682988	5.3099146869015e-27	5.1473662781188e-26
"hsa-miR-222-5p"	-4.1309172815705	5.62355769533669	30.7133398918713	2.99101673624256e-08	7.10366474857609e-08
"hsa-miR-223-3p"	2.74117028117603	5.08458047572417	14.3139718974294	0.000154712301888719	0.000244961144657139
"hsa-miR-224-3p"	-6.49848751188166	2.77929925712654	17.0706904559825	3.60138436927796e-05	5.96047935681893e-05
"hsa-miR-224-5p"	-11.2354599126028	8.67956640203058	125.871754326768	3.28010271895021e-29	4.23021209023189e-28
"hsa-miR-2277-5p"	-0.134216977649957	3.83396932780756	0.0772128153119864	0.781110664207836	0.79449157494373
"hsa-miR-2355-5p"	-1.85969129418707	4.32286472189173	11.0633239298949	0.000880521488014765	0.00130702408377192
"hsa-miR-23a-3p"	0.217109016544236	11.0778447549606	0.412817221833409	0.520543047238131	0.549462105418027
"hsa-miR-23a-5p"	-1.53978083992926	5.50198747851585	12.6905065761932	0.000367516692004199	0.000563130415167724
"hsa-miR-23b-3p"	-2.89640934633437	9.8153485053443	64.3740762947259	1.02903219171033e-15	4.36419902734294e-15
"hsa-miR-23b-5p"	-6.22482083786846	2.57686899482654	24.9546454702786	5.86949326053484e-07	1.21747130949958e-06
"hsa-miR-24-2-5p"	-1.75179021743096	6.88595129642332	20.139746240694	7.19851120006634e-06	1.33566125782481e-05
"hsa-miR-24-3p"	-0.602218252748315	9.79008068658365	2.97200410664524	0.084716843463516	0.105341624725576
"hsa-miR-2467-5p"	-1.64840321986847	2.88064267359745	4.30357154924934	0.0380324224868425	0.0492245250170305
"hsa-miR-25-3p"	1.89272756801518	11.4842902147776	25.7330873925438	3.92047594618597e-07	8.20363909444201e-07
"hsa-miR-25-5p"	-0.518451228020713	4.87887524314057	0.885496040077362	0.346700763866632	0.381210330640393
"hsa-miR-2682-3p"	-6.31717813447074	2.64134921630018	27.1560491874746	1.87677041841412e-07	4.08929334287479e-07
"hsa-miR-2682-5p"	-8.09483995711199	4.13107107890952	66.086833683905	4.31488499416414e-16	1.88033979103483e-15
"hsa-miR-26a-2-3p"	-0.495347770953723	4.79432656155567	1.4789181916442	0.223943857982011	0.256321283232422
"hsa-miR-26a-5p"	1.75463419681963	15.2989729263794	24.384740008817	7.88911411063713e-07	1.594608171299e-06
"hsa-miR-26b-3p"	4.47143196075171	6.58327388522762	41.3702470986875	1.25960024647699e-10	3.69327232763314e-10
"hsa-miR-26b-5p"	3.69616999217491	12.6926604627037	70.5729749878471	4.43551789252826e-17	2.08601089005042e-16
"hsa-miR-27a-3p"	1.08075568991029	12.3173400223481	6.67119256945822	0.0097983602653979	0.0134127409973026
"hsa-miR-27a-5p"	-0.728434173744378	6.45741538099668	2.55915344510334	0.109657288535308	0.133566440281697
"hsa-miR-27b-3p"	-2.68412377359255	13.6250673230938	32.2575105968459	1.35034112354647e-08	3.41176613662008e-08
"hsa-miR-27b-5p"	-4.58164404159851	6.49049625686841	52.9925798281155	3.34810785111622e-13	1.20481153733349e-12
"hsa-miR-28-3p"	0.544380464989742	12.6393698046476	2.51511254164942	0.112759583017677	0.136634698809685
"hsa-miR-28-5p"	2.54175763585776	9.58628849256953	31.8308799889657	1.68197253132589e-08	4.18291598104607e-08
"hsa-miR-296-3p"	-4.0937222217819	3.92865991204298	24.5504616709276	7.23889960981615e-07	1.47574133676509e-06
"hsa-miR-296-5p"	-1.37941580123835	4.31261188967463	5.57095482212192	0.0182608004594823	0.0245718986352807
"hsa-miR-299-3p"	-8.46002879162786	4.46704871512145	64.5998635826599	9.17617134181204e-16	3.92673998861326e-15
"hsa-miR-299-5p"	-8.77116429881857	4.76388666412529	93.9902779909107	3.17077422630722e-22	1.93092020191786e-21
"hsa-miR-29a-3p"	0.447350113429792	14.3350045741386	1.68445182855965	0.194333957937321	0.224595206861868
"hsa-miR-29a-5p"	-0.101762896064228	5.88964808933752	0.0503354578303368	0.822480576971979	0.833002716549446
"hsa-miR-29b-1-5p"	-1.24917816594664	4.17112251953774	4.79511744453692	0.028540510737482	0.0372437983524834
"hsa-miR-29b-3p"	0.323410096553879	10.3641585134982	0.750917098876641	0.386186027099285	0.419767420760093
"hsa-miR-29c-3p"	4.5397309537587	11.6772502985795	125.809771658359	3.38416967218551e-29	4.23021209023189e-28
"hsa-miR-29c-5p"	3.67490129219787	5.70863122033643	49.8923817610429	1.62414036650276e-12	5.55011995747345e-12
"hsa-miR-301a-3p"	0.0837892394226081	6.21477568463684	0.0177880602909299	0.893899277533286	0.899580840737947
"hsa-miR-301a-5p"	-3.48834299943287	2.50633933425449	11.4553891553772	0.000712869588110359	0.00106817998218429
"hsa-miR-301b-3p"	-2.95392186877729	4.11634044237441	17.7395274363088	2.53308092943624e-05	4.35946899087759e-05
"hsa-miR-302a-5p"	-6.56744172612677	2.84280774835095	21.2334496410535	4.06606134255718e-06	7.78781910368815e-06
"hsa-miR-30a-3p"	-8.53219816005545	6.83689556369697	124.325004439502	7.15160486517769e-29	8.49253077739851e-28
"hsa-miR-30a-5p"	-11.2610650485482	12.4296140807185	344.995733788968	5.21088658681452e-77	1.23758556436845e-74
"hsa-miR-30b-5p"	3.52561210741482	10.7387464439482	72.840706138807	1.40547898454685e-17	6.88250018205932e-17
"hsa-miR-30c-1-3p"	-0.634615978366762	3.68664801015437	1.213769769472	0.270586811774468	0.30242055433617
"hsa-miR-30c-2-3p"	-8.92436555083339	4.90972674267024	99.489279357058	1.97228092181199e-23	1.33833348265814e-22
"hsa-miR-30c-5p"	0.393136997051611	11.3007907966234	1.35774081487245	0.243929402107793	0.277192502395219
"hsa-miR-30d-3p"	1.20135410085323	5.14088797841438	5.65007925174008	0.0174545832982487	0.0235537700757618
"hsa-miR-30d-5p"	1.63611272275953	12.2708126127388	22.0003000465749	2.72607845557137e-06	5.28525414855674e-06
"hsa-miR-30e-3p"	3.17600809780012	7.54761268016493	49.3276806385662	2.16584689120407e-12	7.29629271859526e-12
"hsa-miR-30e-5p"	2.02238316866918	12.623340890163	26.8948679327679	2.14828579400724e-07	4.63474347101357e-07
"hsa-miR-31-3p"	-2.81103394407246	6.60201299920561	34.8650138377496	3.5337402074233e-09	9.48320112161619e-09
"hsa-miR-31-5p"	-4.27780746575669	12.9742478350761	95.3651757964626	1.58314233667956e-22	9.76613779120509e-22
"hsa-miR-3117-3p"	-6.84386146360603	3.03424125447536	17.2988349527771	3.19382609015033e-05	5.41809783150503e-05
"hsa-miR-3129-3p"	-5.98010167128549	2.40290549648767	20.3030880905572	6.60938232259502e-06	1.24089193803661e-05
"hsa-miR-3152-5p"	-6.97800156034673	3.15263699500613	37.9657878740438	7.19961027837088e-10	2.02355910190897e-09
"hsa-miR-3158-3p"	-1.04558775165883	3.38091852502666	1.53284328813525	0.215686218979949	0.24746607250115
"hsa-miR-3168"	-3.02452457281007	4.37146471001788	15.6974914239031	7.43226769087987e-05	0.000120901614834518
"hsa-miR-3176"	-1.59829823780095	3.42426729345493	4.80466940998849	0.0283827118142767	0.0371399121536679
"hsa-miR-3194-5p"	3.5564456060552	3.15000188620015	17.9154605596138	2.30937451342717e-05	4.03291505102171e-05
"hsa-miR-32-3p"	3.25050653870384	2.92687570006914	10.6797889007216	0.00108312420748727	0.00159282971689304
"hsa-miR-32-5p"	6.51410781156737	6.94251754153126	62.6038515600533	2.52758686178432e-15	1.05316119241014e-14
"hsa-miR-3200-3p"	-2.92072851385202	3.085555543839	10.2048306940753	0.00140073251439979	0.0020347031937
"hsa-miR-320a"	-0.449518528506127	10.4713112937679	1.59600229336399	0.20647066537175	0.238042636047527
"hsa-miR-320b"	1.99036941204206	4.20098052142931	11.1558703177307	0.00083766183186709	0.00124730210074253
"hsa-miR-320d"	4.37696306012571	3.56979742927713	24.9032064977582	6.02820756040518e-07	1.24495590921411e-06
"hsa-miR-323a-3p"	-8.61405089242073	4.61488285583196	87.9521446929407	6.70573679175261e-21	3.88442070253962e-20
"hsa-miR-323b-3p"	-5.57449856694502	3.89077107741354	43.2297903896014	4.86739257519719e-11	1.47261877275074e-10
"hsa-miR-324-3p"	-0.741545745259688	5.27207515300453	3.46999168301351	0.0624916248857853	0.0789455367573085
"hsa-miR-324-5p"	0.975748935765993	4.22785428408875	2.86941312136605	0.0902777846047828	0.111671738768937
"hsa-miR-326"	2.31950217942021	3.97519054116664	17.6744263122371	2.62127242168484e-05	4.47879280683562e-05
"hsa-miR-328-3p"	0.269839240778129	6.16288274677138	0.442760122453862	0.505793261521093	0.53508195817933
"hsa-miR-329-3p"	-9.43695266886864	5.40468883968114	116.112832728212	4.49009686962424e-27	4.44332502723232e-26
"hsa-miR-330-3p"	1.32667009315726	5.53932315482987	5.46896009868964	0.0193571401021284	0.0259003987281999
"hsa-miR-330-5p"	1.87852907158216	5.11743246403608	10.3407800347514	0.00130123011289211	0.00190179785730385
"hsa-miR-331-3p"	-0.0659652207760113	7.99460190137785	0.0321317469789548	0.857738810951497	0.866863691919066
"hsa-miR-331-5p"	-0.546609552646675	3.42547812091576	0.772678746336029	0.379389634315826	0.413325863073434
"hsa-miR-335-3p"	-2.58784323220854	7.8956435045637	23.9928214523611	9.66955491028029e-07	1.9462027891454e-06
"hsa-miR-335-5p"	-0.307317207033457	7.49100656320315	0.388663868430607	0.533002566558729	0.561366339501987
"hsa-miR-337-3p"	-9.41321075932038	5.38120539208359	109.532939919355	1.24026272779739e-25	1.09097184389586e-24
"hsa-miR-337-5p"	-5.6234254730811	3.67222318642689	39.9956040408892	2.5453503988577e-10	7.28338216540606e-10
"hsa-miR-338-3p"	7.1066263953818	3.39681719909572	32.2919328655114	1.32662972152093e-08	3.36978137819489e-08
"hsa-miR-339-3p"	2.1653667149587	8.75446194539652	20.1663946274432	7.09891786155537e-06	1.32537460610357e-05
"hsa-miR-339-5p"	-0.370266397282528	7.46512893026234	0.625412690455446	0.42904297902083	0.460034796918497
"hsa-miR-33a-3p"	4.08472759510577	3.67266412401871	14.4429434061045	0.000144470129271268	0.00022950940268847
"hsa-miR-33a-5p"	-1.06630764615755	5.02028703115226	6.58207246004761	0.0103010888677095	0.0140603942878218
"hsa-miR-33b-3p"	-0.776201277361641	3.66252320064451	0.972096466721246	0.324157882156299	0.357250566181536
"hsa-miR-33b-5p"	-0.446724019090308	5.25659716689614	1.0323947175099	0.309596880330914	0.342793748618145
"hsa-miR-340-3p"	-0.748068672741018	3.58636045277184	1.32483323523088	0.249726474745302	0.282633223021086
"hsa-miR-340-5p"	0.878250330998885	8.29018282343129	4.85971809402776	0.0274908276747915	0.0360722186340496
"hsa-miR-342-3p"	6.4012632452204	12.3017602312984	218.045644811879	2.41371926839701e-49	7.16572907805362e-48
"hsa-miR-342-5p"	5.2953888427053	7.43313865926283	105.663451536886	8.73843210564303e-25	7.15647456927662e-24
"hsa-miR-345-5p"	-2.00802577389148	8.1131004367765	15.5446858072842	8.05778292263369e-05	0.000130629586629727
"hsa-miR-34a-3p"	-6.4441070082526	2.73089104035846	24.552906285514	7.22972158104675e-07	1.47574133676509e-06
"hsa-miR-34a-5p"	-5.21273535348795	7.66216419255799	98.8533124668414	2.71914892689939e-23	1.79388297260724e-22
"hsa-miR-34b-5p"	-7.55865590566563	3.64436851461716	45.5926191461866	1.45589149989058e-11	4.64126484864448e-11
"hsa-miR-34c-5p"	-8.48542691183923	6.38059310366936	108.604909847433	1.98083399251072e-25	1.68017169007606e-24
"hsa-miR-3607-3p"	5.47577513672002	8.32836425250392	82.4540041251786	1.08157954080413e-19	5.77247507732541e-19
"hsa-miR-3607-5p"	5.646153282419	2.33712596341336	15.0955129342059	0.000102205938654449	0.000164012908313727
"hsa-miR-3609"	6.55139535542905	2.96381787156864	26.8071770129594	2.24800902781209e-07	4.80992922617452e-07
"hsa-miR-361-3p"	3.08214820663278	10.7022554729531	55.7234496574338	8.34172938709863e-14	3.09556363974363e-13
"hsa-miR-361-5p"	0.615591240434942	7.78492383666107	2.7535000905148	0.0970417859545136	0.118801155485551
"hsa-miR-3613-3p"	0.476979796312462	2.84046029664003	0.220181428765981	0.638901713525344	0.661172797221217
"hsa-miR-3613-5p"	0.684298496572985	4.00366965504118	1.09079066344219	0.296296089811032	0.328833277243551
"hsa-miR-3615"	3.08834853846965	4.47799767315692	18.9234597089736	1.36069064876692e-05	2.42980472994093e-05
"hsa-miR-362-3p"	0.377998888108147	3.68376120603842	0.459034685082821	0.498075460216626	0.528093400899324
"hsa-miR-362-5p"	-1.58312378647272	3.76243547639805	7.88250709434019	0.00499152348501659	0.00695300192194393
"hsa-miR-363-3p"	11.4395332253469	7.3947978667666	100.628731218711	1.1094665574658e-23	7.86562111636202e-23
"hsa-miR-3651"	1.6503500050614	3.07103217775859	5.56479831518548	0.018325121173114	0.0245887925345456
"hsa-miR-3653-3p"	6.58570284372239	2.98124604222869	22.6351051690836	1.95872793016704e-06	3.84461060673284e-06
"hsa-miR-3653-5p"	6.23394654178597	2.73121557242429	23.632512926735	1.16600685426374e-06	2.3173776392271e-06
"hsa-miR-365a-3p"	-5.25239331736962	6.15276385845207	75.595094325441	3.48225624538451e-18	1.74112812269226e-17
"hsa-miR-365b-3p"	-5.21027419639069	6.11146270298493	71.8796642750809	2.28729032122084e-17	1.09743727533323e-16
"hsa-miR-365b-5p"	-6.77238571076795	2.98865092999808	36.8575911147879	1.27080326213293e-09	3.53000906148035e-09
"hsa-miR-3661"	-1.58437200852595	3.29469633702954	5.34044226709922	0.020836186176465	0.0278010911062384
"hsa-miR-3677-3p"	-3.05254809556532	3.03941039150228	17.1686879839071	3.42027833019122e-05	5.70046388365203e-05
"hsa-miR-369-3p"	-9.08833744494333	5.06518756154296	72.3016246129015	1.84695281034533e-17	8.95206719300034e-17
"hsa-miR-369-5p"	-7.04475858797378	5.25528398835204	98.4728111910868	3.29517942513215e-23	2.14412359854489e-22
"hsa-miR-370-3p"	-10.1730637471308	6.12485251842242	131.514749936948	1.91049552900952e-30	2.74995568569552e-29
"hsa-miR-370-5p"	-5.84636472329497	2.31218791135302	14.0923855244258	0.000174046935571994	0.000272845856094711
"hsa-miR-374a-3p"	0.988092066900954	7.19523195820094	2.83182945389071	0.0924130317303037	0.114016078108816
"hsa-miR-374a-5p"	2.04198525888021	6.8528044302512	22.3006874683036	2.33123134437166e-06	4.55693369784583e-06
"hsa-miR-374b-3p"	0.640662166137156	3.28344779859014	0.549585481390618	0.458487115675908	0.488299058175014
"hsa-miR-374b-5p"	3.09676170459264	6.25773562063566	29.2655236874816	6.31086010467256e-08	1.43428638742558e-07
"hsa-miR-376a-3p"	-7.02179726191888	5.5018521647117	86.5301632170995	1.37622189106649e-20	7.87596865369375e-20
"hsa-miR-376a-5p"	-6.44921390829647	4.69259168882284	37.557737396213	8.87466771199556e-10	2.479686566587e-09
"hsa-miR-376b-3p"	-9.15881500715832	5.14350011687218	99.0743290632723	2.43200370923874e-23	1.62704473505409e-22
"hsa-miR-376c-3p"	-8.42023000373961	6.60005831013143	122.045957737735	2.25552177989302e-28	2.45120852050401e-27
"hsa-miR-377-3p"	-7.39770966237921	3.50946438332547	46.7749904647299	7.96230765427905e-12	2.59047680533051e-11
"hsa-miR-377-5p"	-9.35235090074929	5.32195887467412	100.277452848701	1.32476327305017e-23	9.25386109851224e-23
"hsa-miR-378a-3p"	1.32737420836267	9.27532727257476	10.2155736011941	0.0013925967543764	0.00202909036297175
"hsa-miR-378c"	3.11655276022849	3.14371776865856	9.5054883178775	0.00204858234104972	0.00293095365059824
"hsa-miR-378d"	2.59864097032274	2.77908626860413	7.15676890703584	0.00746816058547786	0.0103422048924256
"hsa-miR-379-3p"	-7.97893144956196	4.02458340987868	65.6561659691511	5.36867467801965e-16	2.31829133823576e-15
"hsa-miR-379-5p"	-9.01317568519368	4.99508678837293	91.7113600492093	1.00287517656212e-21	6.02994568186085e-21
"hsa-miR-380-3p"	-7.23005068867687	3.36486505099522	43.7563301144403	3.71911656887954e-11	1.13972927110825e-10
"hsa-miR-381-3p"	-8.4515439849814	8.20652533930237	173.138772150578	1.52638147788616e-39	3.29559637270875e-38
"hsa-miR-382-3p"	-6.03993816756989	3.65540814512556	48.8838004991126	2.71584592556108e-12	9.02116653595465e-12
"hsa-miR-382-5p"	-9.88162961934724	5.83876676728037	130.474170796133	3.22704104879227e-30	4.37955570907522e-29
"hsa-miR-3909"	-2.8503130562201	4.4588311995427	31.9516479508169	1.58058226449873e-08	3.95145566124682e-08
"hsa-miR-3912-3p"	2.80643140144839	4.04778572127867	19.9956874009638	7.76170205245797e-06	1.43455582681616e-05
"hsa-miR-409-3p"	-10.2818855967808	10.5838829662056	280.604712085015	5.54395118744477e-63	3.29172101754533e-61
"hsa-miR-409-5p"	-9.72599702281669	7.8926305989289	191.373882087379	1.59385129756883e-43	3.78539683172598e-42
"hsa-miR-410-3p"	-8.36648210749551	7.80125694052631	171.426382107533	3.61108606146805e-39	7.22570927022527e-38
"hsa-miR-411-3p"	-7.09361696022478	3.24396764652411	33.4858093670597	7.17858397792525e-09	1.91174785481431e-08
"hsa-miR-411-5p"	-10.1057653356882	9.27288444073175	238.851431043455	7.00079364811341e-54	2.55798229450298e-52
"hsa-miR-412-5p"	-8.01926485312613	4.06146516659297	66.6360177298225	3.26564414068781e-16	1.4497018381558e-15
"hsa-miR-421"	-0.433605569789443	6.32832868589356	0.714437927703917	0.397974452596911	0.431593299049162
"hsa-miR-423-3p"	0.179035178190237	11.6560574250972	0.280651158597905	0.596274741664664	0.625232896888997
"hsa-miR-423-5p"	0.295068148783835	11.60167249358	0.645182699118692	0.421840274096649	0.453335136189838
"hsa-miR-424-3p"	-4.00267397924931	5.55171795895114	31.3181025948782	2.19027802106414e-08	5.33529261541266e-08
"hsa-miR-424-5p"	-3.10066585931944	6.46010240506863	22.9669413101905	1.64811331863965e-06	3.24835612594953e-06
"hsa-miR-425-3p"	1.38941244922862	4.81215562072715	10.0063741996787	0.00155999344109426	0.00225227016571359
"hsa-miR-425-5p"	1.70784263709118	8.0998137758502	13.2705153288011	0.000269613082325459	0.000415799396443484
"hsa-miR-431-3p"	-8.78190895309762	4.77218516817832	78.9302472006961	6.43420561354821e-19	3.2862878133714e-18
"hsa-miR-431-5p"	-6.83052567652017	6.03045517968721	101.48619329424	7.19632867240926e-24	5.34102518655374e-23
"hsa-miR-432-5p"	-10.4623961810252	6.40995935262904	132.309692888916	1.28007933304607e-30	1.96141188128026e-29
"hsa-miR-4326"	-6.55893678837029	4.52052356860314	43.2885643924574	4.72335972141985e-11	1.43820247927848e-10
"hsa-miR-433-3p"	-5.34616308718968	3.07412076455507	26.5766890580446	2.53281427924729e-07	5.3950079939124e-07
"hsa-miR-4433b-5p"	5.06626855354954	1.98447049622119	8.8447681941395	0.00293930227256486	0.00416766740139794
"hsa-miR-4443"	3.22681812987535	3.04888551074247	14.5518904823782	0.00013635177293973	0.00021733923539051
"hsa-miR-450a-5p"	-2.7101053427996	4.94947379356399	20.7442055706368	5.249016552951e-06	9.93339785917022e-06
"hsa-miR-450b-5p"	-5.11208970970076	5.96360681437339	80.377108861869	3.0935832214986e-19	1.61478245078223e-18
"hsa-miR-451a"	4.82642691384383	4.20224680647377	26.994672761049	2.04016967988803e-07	4.42502556140097e-07
"hsa-miR-452-3p"	-7.20602945755857	3.34334027463985	42.5514654630857	6.8846669246238e-11	2.06975746151665e-10
"hsa-miR-452-5p"	-10.1563759084865	6.1101367213195	84.9718888839926	3.02637309040496e-20	1.71134192612185e-19
"hsa-miR-4521"	-4.73490869960016	4.85843160689245	44.4789022475488	2.57113074372538e-11	7.9304357355166e-11
"hsa-miR-454-3p"	0.902950285109695	6.5842457853652	3.58370641809596	0.058348828253447	0.0741061321400731
"hsa-miR-454-5p"	-0.50847140268291	3.88043566400572	0.587887378215472	0.44323722117962	0.473118382158021
"hsa-miR-455-3p"	-6.2068635123256	4.94684691082941	80.9605029395233	2.30274422111215e-19	1.21533722780919e-18
"hsa-miR-455-5p"	-4.88420643987801	5.59902227297048	80.2606662416332	3.28136405307841e-19	1.69418252740461e-18
"hsa-miR-4636"	-4.06852837524361	2.20802167077941	10.8793657111565	0.000972415428013149	0.00143893248693535
"hsa-miR-4645-3p"	0.916197378815205	2.82267155713691	1.74846120626428	0.186070297162814	0.216096310885908
"hsa-miR-4662a-5p"	1.94529660974178	2.58337724426864	4.35134618334762	0.0369797047033801	0.0479927861587583
"hsa-miR-4677-3p"	-1.80850653838526	5.04348494062822	17.4609750688615	2.93266274955953e-05	4.99288460946514e-05
"hsa-miR-4772-3p"	6.68514943722479	3.05615996472053	24.5344032385823	7.29948029536831e-07	1.48173211123929e-06
"hsa-miR-4772-5p"	9.15422538175933	5.18473122474548	49.4552641260484	2.02947235014155e-12	6.88570975940882e-12
"hsa-miR-4775"	-6.8719753468211	4.40708987264936	68.0930017639709	1.55963212671289e-16	6.98891754894928e-16
"hsa-miR-484"	0.0516827406951842	10.0031056960689	0.0225191157152302	0.880714354475681	0.888193881902227
"hsa-miR-485-3p"	-7.08493363190016	5.29656334114521	76.7447825561978	1.94541553105365e-18	9.83055720479238e-18
"hsa-miR-485-5p"	-10.6118865736375	6.5575794931248	122.032744769474	2.27059315583529e-28	2.45120852050401e-27
"hsa-miR-486-3p"	-1.44248093431961	3.69955951303303	2.76271707668229	0.096484242826882	0.118423812255217
"hsa-miR-486-5p"	-0.549738649739801	8.4292136423277	0.81442105964638	0.366816382879533	0.400546624983399
"hsa-miR-487a-3p"	-6.45437901916446	2.74477349665341	29.8384624547753	4.69583010598397e-08	1.08805819528897e-07
"hsa-miR-487b-3p"	-8.90280151980334	7.0779149629215	157.953729946798	3.16775200692642e-36	6.0187288131602e-35
"hsa-miR-490-3p"	-7.06092330428531	3.23870600309759	17.1499031131154	3.45427032599037e-05	5.73698742952946e-05
"hsa-miR-493-3p"	-8.85756731000647	6.31620979332503	104.230786592794	1.80070747616242e-24	1.44167285470344e-23
"hsa-miR-493-5p"	-9.19108167124866	5.16635464783423	105.999839306477	7.37411829293609e-25	6.14509857744674e-24
"hsa-miR-494-3p"	-9.44479711135745	5.41180544739874	96.2661071443936	1.00434740252868e-22	6.27717126580427e-22
"hsa-miR-495-3p"	-8.66852766571861	6.13447810356188	117.778433779279	1.93880006614794e-27	1.95942559876654e-26
"hsa-miR-496"	-8.66867252146417	4.66536553600646	84.3420665483653	4.16165502109727e-20	2.32563074708377e-19
"hsa-miR-497-5p"	-1.11921804666279	3.76070736266993	2.52804682431649	0.111838574368756	0.13586527576767
"hsa-miR-500a-3p"	-2.89859062561276	9.40802439001088	53.7588017936627	2.26676424471199e-13	8.2824078172169e-13
"hsa-miR-501-3p"	-2.48580578441232	8.43346635624939	40.6166926503326	1.85217609897039e-10	5.36453443299351e-10
"hsa-miR-501-5p"	-2.3047708815493	2.98108810122164	9.25547675408755	0.00234792204340886	0.00333911069047667
"hsa-miR-502-3p"	-2.14457290079155	5.58298679136948	19.5299264070274	9.90359414203089e-06	1.80237824423934e-05
"hsa-miR-502-5p"	-1.55823588716567	2.69073006622006	4.02699826461812	0.044777544649775	0.0576404707551304
"hsa-miR-503-5p"	-7.92045051298984	3.96908072063146	58.8888049996988	1.66838762187111e-14	6.60403433657314e-14
"hsa-miR-504-5p"	-6.10527684008531	2.49655865989843	22.2778280136096	2.35914906120935e-06	4.59260575440345e-06
"hsa-miR-505-3p"	0.864394085456629	6.04266023785577	2.45744125646844	0.116969186905502	0.141374971450671
"hsa-miR-532-3p"	-2.02347798652656	5.77488308576206	23.3311802934815	1.36371283768027e-06	2.69901499124221e-06
"hsa-miR-532-5p"	-1.70802141320459	9.65333504866252	18.2920253437846	1.89498786397886e-05	3.35865386339537e-05
"hsa-miR-539-3p"	-7.87711298366626	5.3622290970012	101.234260853024	8.17235057555124e-24	5.97210234367206e-23
"hsa-miR-539-5p"	-7.33161763915652	3.45293135936136	42.4747940014205	7.15990044982941e-11	2.13896397086099e-10
"hsa-miR-541-5p"	-6.50931607548066	2.78387672622298	28.1658308062783	1.11353134765827e-07	2.48322718374497e-07
"hsa-miR-542-3p"	-5.6853093971131	4.7898567908852	63.7832460212981	1.38889755465742e-15	5.83828618108206e-15
"hsa-miR-542-5p"	-4.6002198395951	3.47527616413056	18.3988827518089	1.7916300096204e-05	3.18735675868797e-05
"hsa-miR-543"	-7.22021935357307	5.42884157336293	103.321092532928	2.85002849418689e-24	2.21928448317831e-23
"hsa-miR-548au-5p"	6.53675946998998	2.94802128851098	25.8299565719867	3.72856445532708e-07	7.83658458531134e-07
"hsa-miR-548e-3p"	0.381377696014472	6.10650827955956	0.823825076773511	0.364064171727158	0.399377555589838
"hsa-miR-548e-5p"	1.04979263468118	3.42697381095669	2.17255158102908	0.140492955090137	0.165593433418896
"hsa-miR-548j-3p"	2.75289712542789	2.70967309611547	6.75624126175493	0.00934203371638849	0.0128250462869495
"hsa-miR-548j-5p"	4.34024171989083	3.08091600245616	13.4981743040253	0.000238795672526002	0.000371894899835577
"hsa-miR-548k"	-0.414355302245053	5.89365851936955	1.00192659441068	0.316844777054762	0.350002951397703
"hsa-miR-548o-3p"	1.40166537457721	3.70202729963299	6.27331007213291	0.0122569959261562	0.016634494471212
"hsa-miR-548w"	1.93908854010324	3.55943461012573	6.85657993756502	0.00883154287643675	0.0121593706269781
"hsa-miR-549a"	-7.00049654334989	3.16843133981867	32.6313675751835	1.11402254524809e-08	2.89158857373139e-08
"hsa-miR-549a-5p"	-9.51549583601436	5.48109088700717	121.455046450467	3.03807895658e-28	3.20686112083444e-27
"hsa-miR-550a-3p"	-0.744752837908254	3.48513695320066	1.32382200308437	0.249907270881802	0.282633223021086
"hsa-miR-550a-5p"	-2.77216986422637	3.21072963637757	8.61317023367669	0.00333740898515718	0.00471806329746922
"hsa-miR-561-5p"	-8.34354412543764	4.35867233141098	58.4052829634713	2.13317420621294e-14	8.17143345121893e-14
"hsa-miR-5690"	6.96018365784026	3.27920793140617	32.7428755091154	1.05191146441221e-08	2.74537332744944e-08
"hsa-miR-5696-3p"	2.97767394509263	2.8764492962562	12.2743649191016	0.000459222908406151	0.000699137440682442
"hsa-miR-574-3p"	-10.2453600335126	8.89175752243127	234.848723804123	5.22352378136063e-53	1.77226699724736e-51
"hsa-miR-574-5p"	-7.93759647309484	3.98645161009291	62.4629380312481	2.715062730061e-15	1.12143895372085e-14
"hsa-miR-576-5p"	2.32696575110021	5.73899529656089	23.843900666754	1.04472382619396e-06	2.09385576979802e-06
"hsa-miR-577"	5.86383270171902	2.48480476800428	17.6778966550238	2.61649428218776e-05	4.47879280683562e-05
"hsa-miR-582-3p"	-6.53411754296979	2.8052612638956	32.5695489997861	1.15002532489282e-08	2.96881537676135e-08
"hsa-miR-584-5p"	-4.12359989697711	5.95289233016179	21.9105237453333	2.85663055855997e-06	5.51585168827636e-06
"hsa-miR-585-3p"	-6.38943664556225	2.70047647421515	24.5605985721995	7.20091781228485e-07	1.47574133676509e-06
"hsa-miR-589-3p"	1.78641884886687	4.46288595912224	9.25657223257749	0.00234651799688511	0.00333911069047667
"hsa-miR-589-5p"	0.00759757420350005	7.98109856361409	0.000219718317080009	0.98817347130326	0.98817347130326
"hsa-miR-590-3p"	1.71712980422571	6.19966253404115	11.3456359404018	0.000756254687106218	0.00112962571187249
"hsa-miR-590-5p"	1.83075578384266	2.45764686367213	3.04963757152968	0.0807551621093408	0.100679007879099
"hsa-miR-598-3p"	3.52353971392001	4.91523827605707	35.1340912219925	3.07765419077484e-09	8.40164218746006e-09
"hsa-miR-605-3p"	-7.29723434885715	3.43114461997171	31.5880657821887	1.90597324604403e-08	4.71529839516101e-08
"hsa-miR-605-5p"	-5.70567780307477	2.23918490105666	17.2313506804806	3.30930006156086e-05	5.57648661566804e-05
"hsa-miR-615-3p"	-2.56204358792708	3.72167786430402	4.42483333078628	0.0354195721734642	0.046093963787385
"hsa-miR-616-5p"	-0.140430087250627	4.33326349110106	0.0569194205091339	0.811432893587518	0.823569710371947
"hsa-miR-625-3p"	-0.726839081278711	6.551762746114	2.43735231164785	0.118476049915393	0.142111423509625
"hsa-miR-625-5p"	-1.92036148455761	6.03339924912321	16.9652566324812	3.80701453091301e-05	6.27893021591556e-05
"hsa-miR-627-5p"	1.2957841083634	2.43990388015937	1.93911008180367	0.163765192610437	0.191597208103344
"hsa-miR-628-3p"	0.940379053052805	3.14477506348502	1.56811152096179	0.210481478711159	0.242079182537047
"hsa-miR-628-5p"	0.848532948464221	3.70883118669649	1.78085018029416	0.182044963844514	0.212460338639174
"hsa-miR-629-3p"	1.21134446980401	3.39002566247476	4.27920781943973	0.0385813257447411	0.0497992655672609
"hsa-miR-629-5p"	-1.20068917103086	5.61668566984263	5.01413593540111	0.0251411734650235	0.0331887502109613
"hsa-miR-641"	-0.932257376539473	4.27005347275664	2.55904116522335	0.109665077283919	0.133566440281697
"hsa-miR-642a-3p"	6.47253202438035	2.90416331754633	27.7888750830083	1.35301899782388e-07	2.98922801844811e-07
"hsa-miR-642a-5p"	7.41775385460193	3.64396841656091	38.3902169880119	5.792203277983e-10	1.64748296828858e-09
"hsa-miR-651-5p"	6.32420598021337	2.79428959649117	23.6809978538956	1.13699659223045e-06	2.26921588785488e-06
"hsa-miR-6511b-3p"	0.397832446291674	2.73282789945484	0.249663654230087	0.617312008453974	0.644446602232171
"hsa-miR-6516-3p"	5.83644939773616	2.46171321407504	18.0345477328394	2.16932232964588e-05	3.80231773646418e-05
"hsa-miR-652-3p"	2.39782154642947	6.29804933398635	33.122356114774	8.65379832332296e-09	2.27102442186652e-08
"hsa-miR-652-5p"	2.17196481176996	3.20920287791614	10.796891070078	0.00101670698148189	0.00149980067144067
"hsa-miR-654-3p"	-9.85726269011107	10.1558851974892	292.430530847177	1.46883539308528e-65	1.39539362343102e-63
"hsa-miR-654-5p"	-8.99407372689966	4.97648928940027	99.9301129074904	1.57870612815326e-23	1.08679045054029e-22
"hsa-miR-656-3p"	-5.87901116157611	4.42138049564841	58.4825895446317	2.05097922873717e-14	7.92044824105817e-14
"hsa-miR-659-5p"	1.23317072499736	3.43892674898504	2.23322288078402	0.135071842653769	0.159997818604839
"hsa-miR-660-5p"	-1.56243674852142	8.96484531936603	15.0366003126567	0.000105446229411212	0.000168642959496047
"hsa-miR-664a-3p"	4.006971090333	6.37558875173991	30.281804074308	3.73614445821308e-08	8.74220993916855e-08
"hsa-miR-664a-5p"	4.19357847527962	3.63792729031596	27.6212503628322	1.47548834685554e-07	3.24470817016844e-07
"hsa-miR-664b-3p"	5.55947541835351	3.44449270835096	34.933575899743	3.41146946342078e-09	9.20709088139132e-09
"hsa-miR-665"	-9.34049913800485	5.31128196228099	112.607782745736	2.62973457490228e-26	2.40216139053573e-25
"hsa-miR-668-3p"	-6.81388742091426	3.01714534698818	31.4373577951002	2.05979388237804e-08	5.04330976355448e-08
"hsa-miR-671-3p"	-2.946847498946	7.22094171122587	49.0716276282238	2.46784119976623e-12	8.25510260485184e-12
"hsa-miR-671-5p"	-0.954462829329285	4.84339433287666	5.32124329998046	0.0210669749398458	0.0280302887855091
"hsa-miR-6731-3p"	6.49493733357517	2.9200490362141	27.3664740772759	1.68324311470583e-07	3.6845183386418e-07
"hsa-miR-6769b-3p"	4.21477654519437	3.00717230100308	18.0939752308267	2.10265688839084e-05	3.71286997020688e-05
"hsa-miR-6803-3p"	3.90894904469233	3.55687162567299	21.5664918310137	3.41771069057116e-06	6.5725205587907e-06
"hsa-miR-6842-3p"	2.84336947361371	3.73782609944891	16.7986960027437	4.15618530217837e-05	6.83110041015476e-05
"hsa-miR-6852-5p"	-2.28245301907941	2.4674199833067	5.86069261270481	0.015482700312269	0.020952372217458
"hsa-miR-7-1-3p"	3.20738589224109	6.16798417446064	42.3107741469823	7.78624321056736e-11	2.31154095313718e-10
"hsa-miR-7-5p"	-0.371858841540547	6.34538129530473	0.256278763303065	0.612688298622646	0.641028506268187
"hsa-miR-708-3p"	-7.66173930748125	5.85535966539845	100.910313535331	9.62440962861271e-24	6.92665844483491e-23
"hsa-miR-708-5p"	-5.5973764760542	6.04861131742972	50.1338867082624	1.4360551595188e-12	4.94294348385096e-12
"hsa-miR-744-5p"	-1.73433481115093	7.39861448938993	20.9156051256571	4.79968573698236e-06	9.15602700829968e-06
"hsa-miR-758-3p"	-7.28324663329383	5.48521085279214	109.19310869107	1.47221097995238e-25	1.2714549372316e-24
"hsa-miR-758-5p"	-6.57934070656063	2.83888356795906	30.3002395205735	3.70080201293676e-08	8.70238097101466e-08
"hsa-miR-766-3p"	4.62043360212832	6.22948738986852	58.5139003869547	2.01859709259453e-14	7.85929195887216e-14
"hsa-miR-769-5p"	-0.113571235989908	9.43185379061835	0.111041203832405	0.7389618397033	0.754853492170038
"hsa-miR-7706"	-1.60099565660082	5.34974900155381	11.6271073885957	0.000649975565350024	0.00098324329153268
"hsa-miR-7974"	-5.61032765190974	4.97805702537994	28.7913900665171	8.06086659040857e-08	1.81465006182183e-07
"hsa-miR-7976"	-0.74050285467719	3.1001261698868	1.26259227847147	0.26116097744953	0.293265873022521
"hsa-miR-873-5p"	6.8656535579681	3.20099210000571	32.3214430143137	1.30663426651019e-08	3.33683482038893e-08
"hsa-miR-874-3p"	3.69898461112774	6.44514122378814	28.7981233065453	8.0328912288864e-08	1.81465006182183e-07
"hsa-miR-874-5p"	6.82237943460995	3.16859868686034	30.0605353799162	4.18767234580855e-08	9.75070766793657e-08
"hsa-miR-877-5p"	-0.723760309975573	4.85356061688567	2.7907146599409	0.0948119351634079	0.116672718141499
"hsa-miR-887-3p"	-8.40560753726189	4.42006923007743	70.3907033861274	4.864864649581e-17	2.26550069465782e-16
"hsa-miR-889-3p"	-9.61317385403847	5.5763551916998	125.824878179406	3.35850590650855e-29	4.23021209023189e-28
"hsa-miR-9-5p"	4.42209471708745	4.32155738752903	19.7023761584304	9.04887801196974e-06	1.65316040603293e-05
"hsa-miR-92a-1-5p"	0.808471074742623	3.64279171130736	2.00932677324267	0.15633467933556	0.183355488109607
"hsa-miR-92a-3p"	1.66727135944348	15.4088007985096	19.0047824968067	1.30391230600672e-05	2.34605433845905e-05
"hsa-miR-92b-3p"	-3.35244589775286	11.5250280675214	61.728344819362	3.94263774782234e-15	1.61444218122036e-14
"hsa-miR-92b-5p"	-3.08729083312571	2.96996946384241	15.2842653623835	9.24836777997456e-05	0.000149420908009793
"hsa-miR-93-3p"	-0.816578467696607	4.17380565394838	3.11760000046284	0.0774507793656675	0.0968134742070844
"hsa-miR-93-5p"	1.18273637045467	8.98880550156795	7.50198623025103	0.00616309851529018	0.00855985904901414
"hsa-miR-935"	-9.54488441318293	5.50976091595637	122.727196339223	1.60003037164291e-28	1.80955815840568e-27
"hsa-miR-939-3p"	-1.76185123149675	2.33479120881944	2.44390721903895	0.117982023573854	0.1418771169559
"hsa-miR-940"	-3.23123535397373	4.24125549333552	25.6569261791551	4.07829088984938e-07	8.49643935385287e-07
"hsa-miR-941"	0.209595117389454	7.88104599476234	0.193360168545951	0.660134569729593	0.678709784895144
"hsa-miR-941-3-5p"	0.200635074835735	5.60469580911472	0.162899451963954	0.68650097063941	0.704293652383844
"hsa-miR-942-5p"	0.8178872299248	3.79724983901961	2.22377237870295	0.13590063886794	0.160579113090227
"hsa-miR-95-3p"	7.57096830585824	3.77384372363399	45.5410659142995	1.49471904459296e-11	4.73327697454437e-11
"hsa-miR-98-3p"	-2.14271096054428	3.38220954623687	8.15692692376787	0.00428969971891488	0.00601064119906952
"hsa-miR-98-5p"	-2.00663702069279	10.9661388807623	28.1345871334347	1.1316529198033e-07	2.51184643414284e-07
"hsa-miR-99a-3p"	-5.19518267418524	3.31046036606278	31.0810888672811	2.47470718471717e-08	5.96693356721145e-08
"hsa-miR-99a-5p"	-2.57009405205387	7.23351133870028	10.3493509999452	0.00129520214200895	0.00189883030078473
"hsa-miR-99b-3p"	-3.4117336525782	5.01354257415138	45.1260477839831	1.84751601943534e-11	5.81172257769394e-11
"hsa-miR-99b-5p"	-3.52170363230101	13.4340124929658	89.4146595064803	3.20155417956398e-21	1.90092279411611e-20
