"logFC"	"logCPM"	"LR"	"PValue"	"FDR2"
"hsa-let-7a-2-3p"	1.26487022720575	4.06222680264914	3.31420405984174	0.0686835728045088	0.208325008903742
"hsa-let-7a-3p"	1.33630538591253	6.54927079443676	6.7549286639259	0.00934890841466523	0.0679650802208996
"hsa-let-7a-5p"	-1.33874727493915	15.9303748749938	7.85633624792126	0.00506429095216064	0.0552248870497517
"hsa-let-7b-3p"	0.328512262623555	7.42979294596109	0.422295798154375	0.515793702981366	0.720224134041053
"hsa-let-7b-5p"	-1.12949334924579	12.7218344861749	5.33125527557451	0.0209462937904717	0.114006785288292
"hsa-let-7c-5p"	0.13240436797519	9.5670822364071	0.0304141428131857	0.861553856656165	0.953119967025419
"hsa-let-7d-3p"	0.258215495258477	7.19210934909494	0.24684007909667	0.619308916318559	0.793101427702592
"hsa-let-7d-5p"	-0.488154733397717	10.0871981571871	0.789810201267223	0.374157522632021	0.593992462510623
"hsa-let-7e-3p"	0.602027711770147	4.26097456035527	1.22451218936294	0.268476947312925	0.487665480065376
"hsa-let-7e-5p"	-0.487472215388107	11.7056858127913	0.901486213011796	0.342383515196362	0.556069680708986
"hsa-let-7f-1-3p"	1.08595258999016	4.49320669261739	3.03588660169969	0.0814420465831939	0.234594071289955
"hsa-let-7f-2-3p"	1.78951530380322	4.26140298897463	2.79011351919692	0.0948475082201433	0.263273689483792
"hsa-let-7f-5p"	-0.247828651977611	14.7582373594422	0.273845615443179	0.600763689108059	0.775820785429505
"hsa-let-7g-3p"	1.30551503023632	2.80458816018772	1.59172718055156	0.207079541388943	0.422591530807419
"hsa-let-7g-5p"	-0.92377714573131	12.0749860053689	3.38902292083208	0.0656318311169488	0.204485569058249
"hsa-let-7i-3p"	0.371808380938621	5.68631690735618	0.472963751007062	0.491626854960106	0.708066350854492
"hsa-let-7i-5p"	0.0587113385063816	14.206523455758	0.0157366951991067	0.900170484704638	0.968995310250935
"hsa-miR-100-3p"	-0.750289286720806	8.72498793092281	1.09199707387025	0.2960291451364	0.521466458842871
"hsa-miR-100-5p"	-0.495414967648694	17.9669094035848	1.02461961342487	0.311425724509261	0.531601231076345
"hsa-miR-101-3p"	-0.611795038767814	10.2834420627828	1.23090987095394	0.267230162793889	0.487615197448609
"hsa-miR-103a-3p"	-0.0696710727809031	11.6839880613029	0.0206462202982465	0.885746905306469	0.961308252678585
"hsa-miR-106b-3p"	0.511350834070109	7.16360687219648	0.608745789129362	0.435260433852645	0.640994465287818
"hsa-miR-106b-5p"	0.898468716389525	7.11330045978816	2.06638770679133	0.150577804193051	0.343107633434911
"hsa-miR-107"	-2.48416619018128	7.39110591441077	19.6225845122172	9.43473550689162e-06	0.000540138607769545
"hsa-miR-10a-3p"	-0.36536730879213	4.17531871532898	0.162940207776813	0.686463839774923	0.83174719210824
"hsa-miR-10a-5p"	-2.02275190866406	15.0118600325726	6.56780650142537	0.0103839854151494	0.0743103956271629
"hsa-miR-10b-5p"	3.79541998330447	10.7911901466524	4.69275761529083	0.0302899984315165	0.132702907280176
"hsa-miR-1180-3p"	0.768355454806358	4.61467236811822	1.65755026844307	0.197934406529738	0.408351163020811
"hsa-miR-1185-1-3p"	2.16240088252164	5.70058378780073	11.4020634646966	0.000733625731573597	0.020471710049409
"hsa-miR-1185-2-3p"	1.61402646396898	3.13805363882219	4.12312940038357	0.0423007617542146	0.157510153523824
"hsa-miR-1185-5p"	-0.333175812234904	5.27790740581642	0.284293549616482	0.593900782157705	0.772745904057469
"hsa-miR-1197"	2.18670375165852	4.20047724110575	8.87730188069501	0.00288737950192622	0.0413256191213191
"hsa-miR-1226-3p"	0.736786194438344	2.88527598530271	0.852627205118616	0.355810175116265	0.571793193695613
"hsa-miR-1247-5p"	5.1919464838727	2.03343864855999	4.66462037749335	0.0307902294690389	0.132702907280176
"hsa-miR-1249-3p"	0.425064872189251	4.21380611929506	0.44908321559025	0.502770642457586	0.716301017238882
"hsa-miR-125a-3p"	-0.617750455109311	5.12697614182462	1.16086981246136	0.281285222018841	0.50385807303434
"hsa-miR-125a-5p"	-0.216642898337255	13.0682680507351	0.167025633506512	0.682768863797754	0.83174719210824
"hsa-miR-125b-1-3p"	-0.840378302894889	11.0628238914051	2.72411218054978	0.0988430701867086	0.269465036580432
"hsa-miR-125b-2-3p"	0.0602664734880185	7.39246166406637	0.00829931988582899	0.927412653429933	0.982845689311027
"hsa-miR-125b-5p"	-0.497406979488758	14.4420940396586	0.967230057832694	0.325371967341019	0.543179702291257
"hsa-miR-126-3p"	2.82245967306827	6.10145889480911	10.6499095296116	0.00110076290363486	0.0265341794665666
"hsa-miR-126-5p"	3.57242470627942	7.52675655832056	19.7101051936911	9.01235404254521e-06	0.000540138607769545
"hsa-miR-1260a"	0.82579754407545	3.89649831789225	1.80374731934736	0.179260121643835	0.385010657884917
"hsa-miR-127-3p"	-0.832619200631246	14.5076932488036	1.93067873468226	0.164684207039684	0.366142557398909
"hsa-miR-127-5p"	-0.525107197780439	6.73193392916867	0.686610629709598	0.407319629323292	0.621586837946978
"hsa-miR-1271-5p"	0.0584044450621296	7.30330453218304	0.0106064493759526	0.917972798429661	0.979398390519911
"hsa-miR-1277-5p"	5.19559772010372	2.04109650749629	4.68447764996493	0.0304363159333757	0.132702907280176
"hsa-miR-128-1-5p"	-0.45731246840653	4.13211950763458	0.340286902325089	0.559663663266852	0.753899875812406
"hsa-miR-128-3p"	0.291447509728413	9.48158149347919	0.289479283294156	0.590554411122166	0.772745904057469
"hsa-miR-1285-3p"	2.14928245179553	4.53520675499105	4.8286440971798	0.0279906356348646	0.132702907280176
"hsa-miR-1293-3p"	1.80817062494537	3.85261034349538	3.45034085356133	0.0632387272388336	0.201134285245735
"hsa-miR-1296-5p"	0.973553779899865	5.62291429807172	2.87868542790974	0.0897592715771357	0.250669185258098
"hsa-miR-1301-3p"	-0.155575831356266	5.36361750174595	0.0584014121030902	0.809040649777504	0.919455626794285
"hsa-miR-1304-3p"	-1.32201226738791	6.71054262065577	2.37400950957378	0.123369824998942	0.307146505788574
"hsa-miR-1306-3p"	0.507069165865061	2.43695545270836	0.165348623949069	0.684279157399978	0.83174719210824
"hsa-miR-1306-5p"	1.72526640429614	3.43894498649574	3.27158584591665	0.0704894524363754	0.212395850104342
"hsa-miR-1307-3p"	0.607541040831702	7.61206060600693	1.25044098420775	0.263468268407097	0.485807247621353
"hsa-miR-1307-5p"	0.0647174228974429	9.54220992608957	0.0147275161406668	0.903408291434823	0.968995310250935
"hsa-miR-130a-3p"	-0.820392574741629	10.8884487843075	2.60510124830134	0.106520354354135	0.287948120267685
"hsa-miR-130b-3p"	-0.650642944347519	9.19441452639072	1.44822468642487	0.228813030321844	0.444052406302562
"hsa-miR-130b-5p"	-0.391126317884725	7.71068744424489	0.479095898977253	0.488832122856389	0.70626218381144
"hsa-miR-132-3p"	0.373236108759181	6.44419183818802	0.463572159718966	0.495959234525071	0.712066863362014
"hsa-miR-132-5p"	-0.699734585455404	4.36682512941336	1.28365660972548	0.257220256081282	0.4788897450619
"hsa-miR-134-5p"	-0.36428284870497	7.45295078799993	0.431656766357697	0.511177116075109	0.716301017238882
"hsa-miR-1343-3p"	1.72856794258164	4.10835979716032	2.24014178138628	0.134468649856691	0.317303919419843
"hsa-miR-135b-5p"	3.60113753107481	3.04723328963403	4.2036178549656	0.040337833964939	0.155249814755816
"hsa-miR-136-3p"	0.592442225529176	9.69826955316773	0.866900231676262	0.351814887315389	0.567363445036789
"hsa-miR-136-5p"	-2.4302272773655	8.37904788512404	19.2012581766182	1.17635832311391e-05	0.000598635679984633
"hsa-miR-137"	0.882536540181259	5.67292023824937	1.54855858213618	0.21334835938369	0.426696718767381
"hsa-miR-138-1-3p"	-0.365200396221045	3.73988135197629	0.128350678397105	0.720148278653728	0.856695874346513
"hsa-miR-138-5p"	1.86195737151471	10.1974149615269	3.41393122002343	0.0646482635726822	0.202800717234852
"hsa-miR-139-5p"	3.32255577589618	2.34234087561491	4.65132509447567	0.0310295855728511	0.132702907280176
"hsa-miR-140-3p"	-1.18625647783996	10.2969671979464	4.60097061687069	0.0319538605607855	0.134264845292108
"hsa-miR-140-5p"	1.00629595151696	4.94577680742409	2.36082369485964	0.124416480062525	0.30801485334398
"hsa-miR-141-3p"	8.90502524111239	8.50933436294566	7.80663364841561	0.00520547848121567	0.0554443987069018
"hsa-miR-141-5p"	9.98520117608692	5.96827538918691	7.63545291679385	0.00572320125117053	0.0557707696390661
"hsa-miR-142-5p"	1.82895047412484	2.35654967404838	2.50689349034115	0.113349174848831	0.295876636492488
"hsa-miR-143-3p"	-2.4229227620713	15.0343966223836	9.70301717049279	0.00183965714284879	0.0312060359786943
"hsa-miR-143-5p"	-1.61245768569075	5.77167324560342	4.46185113552379	0.0346599174042721	0.141734305099613
"hsa-miR-145-3p"	-1.78984066948121	7.26171893281813	8.1932898206108	0.00420456096949766	0.0519950705399872
"hsa-miR-145-5p"	-0.912705676679918	8.42153064145186	1.37239927557923	0.241400082377279	0.460924706958317
"hsa-miR-1468-5p"	0.140848967434621	3.52215611645274	0.0263499401617597	0.871048632082782	0.95998058061518
"hsa-miR-146a-3p"	3.9154492735742	2.723727460028	5.17231602786215	0.0229495992954685	0.120815131923271
"hsa-miR-146a-5p"	1.64505623642817	9.20185199207211	3.75375248128772	0.0526890996425216	0.18342297727123
"hsa-miR-146b-3p"	-1.52824237919179	3.69706983640185	5.9910734022436	0.0143784502958193	0.0921614733405331
"hsa-miR-146b-5p"	-4.19625440426884	9.37145756553891	29.1132005517115	6.82702291084506e-08	1.04225883105568e-05
"hsa-miR-147b"	2.10354309950593	2.78529945847002	5.5926599324106	0.0180358879202544	0.107371859653956
"hsa-miR-148a-3p"	0.48773143732155	11.547714453803	0.321618277971538	0.570636738396412	0.760047899608962
"hsa-miR-148a-5p"	1.13931623909444	5.8022988197756	1.34530039885841	0.246101390744378	0.46576213620217
"hsa-miR-148b-3p"	-0.30422246408751	10.362541630836	0.366228931011311	0.545067033827905	0.74519612386024
"hsa-miR-148b-5p"	-0.158902973474677	6.8456387502025	0.0945937248482025	0.758416454307207	0.885929345774641
"hsa-miR-149-5p"	2.81612104267758	8.83651971507809	20.5635393163678	5.76843567242607e-06	0.00044032392299519
"hsa-miR-150-5p"	3.47205420148476	2.42527101904842	6.10397907402488	0.0134877844946485	0.0882486471221285
"hsa-miR-151a-3p"	0.218814218871129	12.4045909624221	0.20301264877429	0.652300033435981	0.81279233068927
"hsa-miR-151a-5p"	0.423464633059816	12.9193890931264	0.713041802627963	0.398435852882642	0.614422965051347
"hsa-miR-151b"	-0.0437065139637228	3.45854966261653	0.00424044110634592	0.948079515936889	0.982845689311027
"hsa-miR-152-3p"	0.0444150312426355	8.40978810941087	0.00620426920751527	0.937217806638662	0.982845689311027
"hsa-miR-152-5p"	-1.80198032171026	6.44069693557877	9.09337319942913	0.00256537290197656	0.0391823108568702
"hsa-miR-154-5p"	-0.858911279016847	4.51988907384337	1.69902045227211	0.192416130423267	0.404250402448882
"hsa-miR-155-5p"	2.35049680865648	10.2360732320808	11.3367865502687	0.00075986696689946	0.020471710049409
"hsa-miR-15a-5p"	0.500412999271418	8.39381230947363	0.613413229365252	0.433505555751869	0.640469498497923
"hsa-miR-15b-3p"	1.16641763320928	5.54490350003308	4.37983763142127	0.0363664615393744	0.14610385425468
"hsa-miR-15b-5p"	-0.194455703949203	7.83492047415339	0.136194283935705	0.712094110692671	0.854449126856108
"hsa-miR-16-2-3p"	-0.807671581070253	6.44307944117901	1.97199710956972	0.160236039529036	0.359745618158326
"hsa-miR-16-5p"	1.19857355397239	11.2589513728151	5.01766412032121	0.0250899937099975	0.126277111199768
"hsa-miR-17-3p"	-2.06789292713151	7.29569443369146	12.9401033327149	0.00032161725739739	0.0113308233760004
"hsa-miR-17-5p"	1.79134762327485	7.83572052504427	8.05070173788484	0.0045486031921437	0.0520815065500454
"hsa-miR-181a-2-3p"	-1.44478575968029	8.5719076781862	3.94407163553238	0.0470368006566194	0.170975037307394
"hsa-miR-181a-3p"	-1.01607827895634	9.69763869044702	2.48138445770935	0.115200808470227	0.297573656218215
"hsa-miR-181a-5p"	-0.0248819749691681	13.5787043837521	0.0025346000436457	0.95984761462045	0.982845689311027
"hsa-miR-181b-3p"	0.197965004405688	4.32837357643432	0.0931605195738285	0.760197015042432	0.885929345774641
"hsa-miR-181b-5p"	0.17217874188975	11.3187373873095	0.119178625336161	0.729927049473713	0.859399970845657
"hsa-miR-181c-3p"	-0.119720592180487	5.83138631427049	0.0478335448758767	0.826876883418145	0.935085463223482
"hsa-miR-181c-5p"	0.0941541724144649	7.6451644327441	0.0259807139095045	0.871947426934312	0.95998058061518
"hsa-miR-181d-5p"	0.885016795403631	5.01820983538372	2.37368959792635	0.123395102762222	0.307146505788574
"hsa-miR-182-5p"	6.07750926591411	9.72155655499522	9.52448419182428	0.00202748565310822	0.0331638724686988
"hsa-miR-183-3p"	5.86490612624411	2.44228103055418	5.13123927508179	0.0234989437830166	0.122301321052518
"hsa-miR-183-5p"	6.52199791060294	7.99913551697225	7.18255411718515	0.00736158365173463	0.0580799807675625
"hsa-miR-184"	4.70194945628821	5.2408074524079	2.2098183921087	0.137134813952079	0.318821039543413
"hsa-miR-185-3p"	-1.55492255115096	3.58947387948861	5.56750458530669	0.0182968183786733	0.107435164326056
"hsa-miR-185-5p"	0.2710288689931	6.13715565702937	0.240872565174162	0.623576611374738	0.793328022248972
"hsa-miR-186-5p"	0.697850617756437	12.2381714501706	1.48777586497283	0.222561867839872	0.437482126483524
"hsa-miR-188-3p"	-1.82073659697579	2.43421568938922	1.79848458172397	0.179895809579415	0.385010657884917
"hsa-miR-188-5p"	0.0538312759968092	4.15163380556578	0.0102081144881614	0.919522506383322	0.979398390519911
"hsa-miR-18a-3p"	0.863265731542265	4.30946833118344	1.05844786508292	0.303569458029481	0.526647014308721
"hsa-miR-18a-5p"	2.51294909742416	5.83060602071796	7.40862815347451	0.00649118016297231	0.0567293961998744
"hsa-miR-190a-5p"	-3.62856256333056	6.30162944187555	31.6985520003531	1.80056395631078e-08	4.58065731908916e-06
"hsa-miR-191-3p"	1.17556761676578	4.0038186909979	2.28079876911743	0.130984398597816	0.31594724572939
"hsa-miR-191-5p"	-0.66573591153474	13.4697580262204	1.73471316947932	0.187810099743605	0.396391823421987
"hsa-miR-1910-5p"	0.597450270125212	3.94533980273588	0.639300285753491	0.423964287436413	0.633457947665232
"hsa-miR-192-5p"	-0.36458507532232	9.06762650212665	0.437448656554539	0.508356457681219	0.716301017238882
"hsa-miR-193a-3p"	1.69149877745144	8.86146907712136	4.91362534583349	0.0266456586487364	0.131222706033562
"hsa-miR-193a-5p"	-2.10933791569832	8.0867930513931	9.9582617655952	0.00160129170278864	0.0305579833282166
"hsa-miR-193b-3p"	-0.117432517437045	8.67470014895684	0.0442630142001548	0.833365036373185	0.93730621325993
"hsa-miR-193b-5p"	-0.863019251928918	3.41233952482982	1.86501139374762	0.172047526062741	0.378835417965075
"hsa-miR-194-5p"	1.34624215889833	3.72671612167148	2.98847409652608	0.0838591549165647	0.238555856843395
"hsa-miR-195-5p"	-0.255499384640539	5.61119687271107	0.15411809329324	0.694630619812829	0.839421698876717
"hsa-miR-196a-5p"	3.62458572169351	3.58203444381628	2.4642659800845	0.116462096776823	0.297986817451312
"hsa-miR-196b-5p"	5.48035307975386	4.58451604519223	3.37456582887589	0.0662100228066606	0.204893178685477
"hsa-miR-197-3p"	-0.0195640735975394	8.66568343896408	0.00152772706521809	0.968821703808066	0.985627402815218
"hsa-miR-199a-3p"	-1.2408115250534	13.3656136312539	5.97765340608771	0.0144882665513502	0.0921614733405331
"hsa-miR-199a-5p"	-0.942601888648944	11.3422442232315	2.59952374204342	0.106895833430911	0.287948120267685
"hsa-miR-199b-3p"	-1.46786888285521	12.1856299104595	7.88772545937721	0.00497714181277794	0.0552248870497517
"hsa-miR-199b-5p"	-0.303184161294843	10.740221109121	0.0786571696709188	0.779125487742571	0.898839983340296
"hsa-miR-19a-3p"	1.06517304512154	7.1492604456462	2.23076161253281	0.13528714649835	0.317303919419843
"hsa-miR-19a-5p"	-0.748928660668503	2.66862261235444	0.375724358712413	0.539900416969717	0.740342487940511
"hsa-miR-19b-3p"	0.95807191680866	8.34024884050632	2.38400266339497	0.122583102944961	0.307146505788574
"hsa-miR-200a-3p"	9.36150602126491	5.38232487125577	10.0228663325084	0.00154608674385888	0.0305579833282166
"hsa-miR-200a-5p"	6.17368620773225	2.65050643623539	5.32412659318859	0.0210321470470071	0.114006785288292
"hsa-miR-200b-3p"	9.82487009355846	8.98952652638162	7.1534676576735	0.00748191891983883	0.0580799807675625
"hsa-miR-200b-5p"	5.31238261244127	2.1059185307158	4.76557193614069	0.0290344111469283	0.132702907280176
"hsa-miR-200c-3p"	8.81500582902319	7.78310405484416	7.17217186086261	0.00740430799922843	0.0580799807675625
"hsa-miR-200c-5p"	5.36742187243944	2.13724282855636	4.80329339278944	0.028405387580749	0.132702907280176
"hsa-miR-203a-3p"	9.17016807491753	5.18864345290506	7.2943006066832	0.00691736923799886	0.057404708121725
"hsa-miR-204-5p"	0.907694266762551	9.54076387353319	0.681077387060313	0.409215976506842	0.621586837946978
"hsa-miR-205-3p"	6.96277359398958	3.24034398945772	5.88626088800066	0.0152594670925841	0.0957374784712813
"hsa-miR-205-5p"	16.4141211050966	12.349161447025	12.4698208733112	0.000413579750730994	0.0135299661310568
"hsa-miR-20a-3p"	3.03519497360487	2.7442128612308	5.35740016626552	0.0206345133183142	0.114006785288292
"hsa-miR-20a-5p"	1.64701891332423	7.90540406187601	4.63685005222061	0.0312923886162861	0.132702907280176
"hsa-miR-21-3p"	-0.335030504073172	12.336365923564	0.285736853787398	0.592965496920862	0.772745904057469
"hsa-miR-21-5p"	0.77012298053253	16.3399029881928	2.50203466575363	0.113699318826808	0.295876636492488
"hsa-miR-210-3p"	0.694644122098392	8.44711958561172	1.35956938680883	0.243612124545809	0.462964120506143
"hsa-miR-210-5p"	0.973200260534014	5.3047416619536	1.6655167970238	0.196860100158297	0.407972515260181
"hsa-miR-2110-3p"	0.571618583728768	3.45070722275015	0.804622192195559	0.369714993170646	0.591512076327334
"hsa-miR-2116-3p"	0.801673570382518	2.8042637806124	0.992085133821706	0.319233283040632	0.537532513355181
"hsa-miR-212-3p"	0.033652062297374	3.68743860691963	0.00283746405923191	0.957518494190082	0.982845689311027
"hsa-miR-212-5p"	-0.474241294044607	3.93481789098101	0.675257806446002	0.411224480126494	0.621586837946978
"hsa-miR-214-3p"	-1.76181386467654	8.21143174992443	10.7481354509462	0.00104384434914175	0.0265341794665666
"hsa-miR-214-5p"	-1.02428414910443	7.00729021725582	4.30591216798434	0.0379801221592952	0.147595521102511
"hsa-miR-215-5p"	0.159251012168934	3.90259878169579	0.0406128605238889	0.840287045626558	0.940957131777417
"hsa-miR-218-1-3p"	-0.0135813026590868	6.10791724746242	0.000228518298508007	0.987938980714274	0.990541999072008
"hsa-miR-218-5p"	0.671563504946864	7.15082235141798	1.10738381940025	0.29265135595265	0.518596779793164
"hsa-miR-22-3p"	0.863018426275463	16.4763927184647	3.49861829065935	0.0614200527624645	0.199506270675239
"hsa-miR-22-5p"	-0.456804643282721	7.26194283754168	0.801438327096143	0.370663681017347	0.591512076327334
"hsa-miR-221-3p"	-0.470537693953441	13.4023385662469	0.756696685979023	0.384364267401903	0.602958216869448
"hsa-miR-221-5p"	-0.687769435013783	10.2630936045645	1.38514244003906	0.239227141159149	0.460924706958317
"hsa-miR-222-3p"	-0.0873768034328702	13.9114821608045	0.0321198243034075	0.857764925401828	0.953119967025419
"hsa-miR-222-5p"	0.0352593372609391	6.39273361288768	0.00304486853768893	0.955994801472616	0.982845689311027
"hsa-miR-223-3p"	-4.52676774114923	2.46098743458686	7.07422989422536	0.00782004245311971	0.0596929907254805
"hsa-miR-224-3p"	-0.619218864619332	3.33267189275951	0.321236213590264	0.570865671322015	0.760047899608962
"hsa-miR-224-5p"	0.845663831930683	10.0333634049867	1.37162666008693	0.241532597532743	0.460924706958317
"hsa-miR-2277-5p"	-1.00223654397094	3.42175023597781	2.74189687776054	0.0977486728552106	0.268077198608901
"hsa-miR-2355-3p"	1.8129466760562	2.10302371662675	1.02334741546706	0.311726306616767	0.531601231076345
"hsa-miR-2355-5p"	0.0261976970361364	4.8595473409526	0.00136174987774496	0.970563228536382	0.985627402815218
"hsa-miR-23a-3p"	0.369364970190885	11.0448988535458	0.497025399980403	0.480810059627681	0.698113098194536
"hsa-miR-23a-5p"	-0.303615341282204	5.79386119401288	0.139617060919091	0.70866200265871	0.854124203204446
"hsa-miR-23b-3p"	-0.123191478856552	10.4617441923361	0.0456220488363321	0.83086431405523	0.937280433096787
"hsa-miR-23b-5p"	-2.19285042150731	2.74359186587353	4.08828188202482	0.043181515526414	0.158217072888781
"hsa-miR-24-2-5p"	0.107384130933739	7.43800723163596	0.0433966402094192	0.834980207445527	0.93730621325993
"hsa-miR-24-3p"	-0.820694436560908	9.58317804736297	2.38573447414421	0.122447330801544	0.307146505788574
"hsa-miR-2467-5p"	-0.0493250281308648	3.26123476578511	0.00383448185595592	0.950623997436535	0.982845689311027
"hsa-miR-25-3p"	0.269647721148085	10.2437218584799	0.209906916786785	0.646840371444669	0.81279233068927
"hsa-miR-25-5p"	-0.954046431797552	4.57112689769326	1.58804962336529	0.207605009676134	0.422591530807419
"hsa-miR-2682-3p"	0.282500857062383	3.54136711481094	0.194041373618212	0.659574088764581	0.818658354076363
"hsa-miR-2682-5p"	-0.52598781320257	4.75071050762347	0.667517165703208	0.413918577562723	0.623601014880682
"hsa-miR-26a-2-3p"	0.250448304999036	5.01627927823997	0.202047375998841	0.653073313741597	0.81279233068927
"hsa-miR-26a-5p"	0.0844210646522277	14.1003336066686	0.0311106052500634	0.859993855296858	0.953119967025419
"hsa-miR-26b-3p"	2.57397813396805	4.77755424628036	15.5954552344194	7.84429048964047e-05	0.00359268504425534
"hsa-miR-26b-5p"	1.02072729285947	10.3790311238219	3.66704768933987	0.0554984079708232	0.186899050372331
"hsa-miR-27a-3p"	1.04592714825972	12.1757013703232	3.52630732163995	0.0604021726353752	0.199022986093538
"hsa-miR-27a-5p"	0.369821105891539	6.82067549354952	0.351498323268757	0.553266188650641	0.747480573457209
"hsa-miR-27b-3p"	0.516792933901662	14.5725792686164	1.00096584383391	0.317076914737895	0.537532513355181
"hsa-miR-27b-5p"	0.0834132889628683	7.32143430064488	0.0228448737982703	0.879861171554407	0.961308252678585
"hsa-miR-28-3p"	-0.714588484188864	11.907145012166	1.98384132144385	0.158986315785225	0.358698190293759
"hsa-miR-28-5p"	1.54307308007379	8.66702648468649	6.35848515456713	0.0116821240966682	0.082314043634985
"hsa-miR-296-3p"	0.325969958220597	4.87300147391416	0.165962204259301	0.683725543155981	0.83174719210824
"hsa-miR-296-5p"	-0.849761173640462	4.36629694758859	2.26926402879676	0.131962556299313	0.31594724572939
"hsa-miR-299-3p"	1.07546890362986	5.98717352580267	2.58164147537199	0.108109499622633	0.287948120267685
"hsa-miR-299-5p"	-1.61599150202509	5.05064062272473	8.18043835199857	0.00423445263062654	0.0519950705399872
"hsa-miR-29a-3p"	-0.622184122105662	13.7054172427701	1.68109127289235	0.194779511115252	0.405495527685388
"hsa-miR-29a-5p"	0.654539429268094	6.18868643739163	1.08686185754244	0.297167567157182	0.521466458842871
"hsa-miR-29b-1-5p"	0.261392590061197	4.63777392644046	0.203458092165375	0.65194393422298	0.81279233068927
"hsa-miR-29b-3p"	-1.44022060489886	9.52127974041663	4.64819103829186	0.0310862903437093	0.132702907280176
"hsa-miR-29c-3p"	-0.140461231354546	7.89264050556895	0.0620454444195087	0.803291760297894	0.917475377098343
"hsa-miR-29c-5p"	1.1176871914028	3.61036241971368	2.28912118216841	0.130283672896332	0.31594724572939
"hsa-miR-301a-3p"	2.30285155281098	7.61868331479424	13.5820590537487	0.00022835760860619	0.00896781872816215
"hsa-miR-301a-5p"	-0.647275166327615	2.87044226057738	0.559287589487807	0.454547426054335	0.665120514801552
"hsa-miR-301b-3p"	1.4938125030337	5.69698028497055	6.12734406947679	0.0133106682142773	0.0882486471221285
"hsa-miR-302a-5p"	-1.15257906080914	3.18319274188989	1.17505838454007	0.278364311171633	0.501932498096881
"hsa-miR-30a-3p"	0.0300505523682222	7.75466217672894	0.00234393065115057	0.961386176443974	0.982845689311027
"hsa-miR-30a-5p"	-0.0857825317143835	13.2850601574192	0.0191929653891521	0.889814703443198	0.96344003351533
"hsa-miR-30b-5p"	1.13899345919272	8.67291795202654	3.71708926191031	0.0538581822538285	0.185138843592427
"hsa-miR-30c-1-3p"	0.192420328684599	3.9337795378493	0.0916083716750102	0.762142315948163	0.885942083005732
"hsa-miR-30c-2-3p"	-1.56989331411573	5.22856565177162	6.25125173084497	0.0124105575508059	0.084836348630882
"hsa-miR-30c-5p"	-0.21173959872185	10.8788207497333	0.167874062288263	0.682008148415441	0.83174719210824
"hsa-miR-30d-3p"	1.13016052904174	4.94132057620349	3.32147905197568	0.0683802849059512	0.208325008903742
"hsa-miR-30d-5p"	0.58374487554023	11.4397581779915	1.30978672099164	0.252433274311397	0.473829670633687
"hsa-miR-30e-3p"	1.70726635930835	6.21335875849328	9.09255064660169	0.00256652691202207	0.0391823108568702
"hsa-miR-30e-5p"	0.427790942287387	11.3926905932678	0.636739964420826	0.424893774571183	0.633457947665232
"hsa-miR-31-3p"	2.26584581933748	8.82647669098842	7.4555030689607	0.00632428013520778	0.0567293961998744
"hsa-miR-31-5p"	0.327271932604648	13.9446220586616	0.362542970757829	0.547097315458329	0.745745745475937
"hsa-miR-3117-3p"	-0.749304595019923	3.57542435036672	0.413752461289529	0.520071022698057	0.721361745318895
"hsa-miR-3129-3p"	0.0119861597149372	3.16515504668449	0.000212138444657839	0.988379243615519	0.990541999072008
"hsa-miR-3152-5p"	-0.375453140240863	3.82887409511297	0.29882986897201	0.584616919349429	0.771459825060292
"hsa-miR-3158-3p"	-0.0489308958397141	3.61050186750006	0.00339877971598934	0.953510420906232	0.982845689311027
"hsa-miR-3168"	-2.78885277651218	4.28106084301446	9.7371505701384	0.00180580612485428	0.0312060359786943
"hsa-miR-3176"	0.550466435577164	4.10154522436824	0.634642099145903	0.425657656603011	0.633457947665232
"hsa-miR-32-5p"	2.99795510492407	3.64808179779632	7.64027902818759	0.00570790869773283	0.0557707696390661
"hsa-miR-3200-3p"	-1.57930451052485	3.27589272392924	2.75721767554675	0.0968164847864229	0.267120180916757
"hsa-miR-320a"	0.03753585024574	10.5774129307756	0.00554625866598002	0.940633859105672	0.982845689311027
"hsa-miR-323a-3p"	1.7106837637612	6.5325898516239	7.50621056664388	0.00614865991333357	0.0567293961998744
"hsa-miR-323b-3p"	1.08323544582199	5.34803629284549	1.60835627130704	0.204723013686132	0.42046251241367
"hsa-miR-324-3p"	-0.76601933949703	5.15177843112061	1.77435734944582	0.182843740763361	0.387696450322311
"hsa-miR-324-5p"	0.641061728493855	3.90922845231317	0.783382102245721	0.376108764471792	0.593992462510623
"hsa-miR-326"	1.0589239571327	3.04946756151794	1.5788870728505	0.208921074512444	0.423388726224334
"hsa-miR-328-3p"	-0.00166471885949107	5.92286817285955	7.00859968993939e-06	0.997887702029648	0.997887702029648
"hsa-miR-329-3p"	-0.153553954788476	6.20501926129841	0.081814978445955	0.774852710911248	0.896168034336746
"hsa-miR-330-3p"	0.386289730401193	4.79738486558546	0.296892916081786	0.585836871905902	0.771459825060292
"hsa-miR-330-5p"	2.9555477006975	5.85123491518967	24.1323107594404	8.9938517292671e-07	0.000102979602300108
"hsa-miR-331-3p"	1.14726698381828	8.59467533855256	5.07433956451641	0.0242825208746696	0.124215548787013
"hsa-miR-331-5p"	0.454667977434341	3.7323920092871	0.495085397460693	0.481667552466099	0.698113098194536
"hsa-miR-335-3p"	-0.120599049017159	8.49144058362789	0.0211652291773605	0.884329738073426	0.961308252678585
"hsa-miR-335-5p"	-0.394838715233967	7.34865725201799	0.268163166981033	0.604566605197037	0.777785126910795
"hsa-miR-337-3p"	0.0810805654353951	6.31320280601695	0.0137581308554293	0.906626240386555	0.970174808637949
"hsa-miR-337-5p"	-0.126014591287843	4.45987944492529	0.0331746367625776	0.855473596833148	0.953119967025419
"hsa-miR-339-3p"	-0.0282972724860764	7.14302417345243	0.00288520119980085	0.957162973608325	0.982845689311027
"hsa-miR-339-5p"	-0.715879929533654	7.19176582913238	1.6917021551979	0.193376739573456	0.404413455363666
"hsa-miR-33a-3p"	2.95439006797985	2.70611030001131	7.64581961897634	0.00569040354438384	0.0557707696390661
"hsa-miR-33a-5p"	-0.873703243567627	4.97709925145653	0.725345275404528	0.394396139450286	0.611110893011579
"hsa-miR-33b-3p"	-1.08187486693723	3.44168369930625	1.29302783142698	0.25549070882768	0.477611202624806
"hsa-miR-33b-5p"	-0.390732603702723	5.14680035050258	0.291868137265527	0.589025863699417	0.772745904057469
"hsa-miR-340-3p"	0.219411061082356	3.85148527209245	0.130323925233237	0.718096418331147	0.856479582280378
"hsa-miR-340-5p"	0.394354389668876	7.87090123892464	0.584383393169319	0.444599281645572	0.652648945492538
"hsa-miR-342-3p"	1.44296098005696	7.67823182066347	4.7275426408354	0.0296832656627602	0.132702907280176
"hsa-miR-345-3p"	2.67810436472431	2.89929586263392	1.56089695874913	0.211533936586787	0.424923434020826
"hsa-miR-345-5p"	-0.843805371179078	8.30129192568506	2.96487529787095	0.0850910185666569	0.240565966071166
"hsa-miR-34a-3p"	0.415746772505362	3.71489626354942	0.333978551924532	0.563325710790399	0.756607552909099
"hsa-miR-34a-5p"	-0.490176981834383	8.30910498171101	0.751120862083097	0.38612159108374	0.603562077530215
"hsa-miR-34b-5p"	-0.453786209826866	4.33126220813827	0.135631793409281	0.712662808862518	0.854449126856108
"hsa-miR-34c-5p"	0.429870856762826	7.47061644237868	0.280541263053163	0.596346673072515	0.773730244383037
"hsa-miR-3605-3p"	0.403887675885074	3.65603204984108	0.4314386708098	0.511283857516183	0.716301017238882
"hsa-miR-3607-3p"	1.99998979742851	5.08243951801324	9.99381311383804	0.00157067029614465	0.0305579833282166
"hsa-miR-361-3p"	-0.707869029896066	8.02336310681389	1.07259445065077	0.300360155376269	0.523060650807343
"hsa-miR-361-5p"	0.246678205752144	7.45517612770655	0.272970883270302	0.601345805300162	0.775820785429505
"hsa-miR-3613-5p"	-0.0442203336845578	3.50815490276588	0.00354325297246794	0.95253377069668	0.982845689311027
"hsa-miR-3614-5p"	1.20444128969313	2.86145794816493	0.325708978256572	0.568196788965785	0.760047899608962
"hsa-miR-362-3p"	-1.33576281783234	2.95497435885805	3.25238465206268	0.0713196268911455	0.213492739321207
"hsa-miR-362-5p"	-0.365579797039771	4.02463281324414	0.411254437053252	0.521333488429158	0.721361745318895
"hsa-miR-3651"	1.72002979138417	2.99203262193668	4.74556059078669	0.0293739816473723	0.132702907280176
"hsa-miR-365a-3p"	-0.336554119385537	6.86318279270521	0.397259688138964	0.528507872122847	0.729086160940554
"hsa-miR-365b-3p"	-0.297130111321698	6.84171349816093	0.296357958265731	0.586174714237951	0.771459825060292
"hsa-miR-365b-5p"	0.392717678897487	3.97607898096779	0.438386761340835	0.507902126414346	0.716301017238882
"hsa-miR-3661"	-0.781664044951787	3.40023521184275	1.07608724651291	0.29957451756771	0.523060650807343
"hsa-miR-3677-3p"	-2.04367883842278	3.09344443251982	5.62748204140362	0.0176810112204337	0.107371859653956
"hsa-miR-369-3p"	1.69723395849892	7.02340920525946	5.31369260173421	0.0211584645185694	0.114006785288292
"hsa-miR-369-5p"	0.444948680252007	6.36381373020654	0.523482982480475	0.469359710623003	0.684607476004253
"hsa-miR-370-3p"	0.0379745291822109	7.03974716978916	0.00404175430378118	0.949308803408118	0.982845689311027
"hsa-miR-370-5p"	-0.15858125005998	2.9618121659854	0.0152175828836993	0.901822372962305	0.968995310250935
"hsa-miR-374a-3p"	0.894831152112534	7.00200116310762	3.00582791001852	0.0829655813054654	0.237488976486895
"hsa-miR-374a-5p"	-0.014853269342336	5.41950473584964	0.000685788492850392	0.97910773520711	0.988425002238457
"hsa-miR-374b-3p"	1.35854629589302	3.57330720467815	3.88780459546646	0.0486379635157234	0.174032713204698
"hsa-miR-374b-5p"	1.72191740108076	5.04951750630163	6.78885482748401	0.00917287330684773	0.067760902815101
"hsa-miR-375"	8.80739618588417	4.84839956971938	10.4061685435311	0.00125595060778398	0.0285970690539481
"hsa-miR-376a-3p"	-1.04964344006979	5.97118612812466	1.84914987859618	0.173882300889806	0.379229018131102
"hsa-miR-376a-5p"	1.58188446280453	6.56200672912938	3.46510184634248	0.0626766476820958	0.200740591876922
"hsa-miR-376b-3p"	-1.73860889733056	5.40288775861172	7.44436348914737	0.00636354200417292	0.0567293961998744
"hsa-miR-376c-3p"	0.161781817040801	7.57853924540245	0.0661241325855944	0.797065967303439	0.912640532562438
"hsa-miR-377-3p"	1.23896536541048	5.01992211828026	3.74820465511553	0.0528642641917083	0.18342297727123
"hsa-miR-377-5p"	-0.0444963490379561	6.18452645317574	0.004862442976723	0.944407592664987	0.982845689311027
"hsa-miR-378a-3p"	2.34959041657859	9.97702155782297	6.17210641733104	0.0129779995232678	0.0874106438478923
"hsa-miR-378a-5p"	3.37971957974014	3.01903350236015	3.50576514188375	0.0611555903226831	0.199506270675239
"hsa-miR-379-3p"	0.873878682355736	5.34700748033448	1.37517917539469	0.240924019015585	0.460924706958317
"hsa-miR-379-5p"	-1.91522091288082	5.21791979674951	8.75915380458215	0.00308051945481091	0.0427538760697999
"hsa-miR-380-3p"	1.38343756585617	4.96100521032098	4.30382329708799	0.0380267936464984	0.147595521102511
"hsa-miR-381-3p"	1.53017589181623	10.0381614175107	4.87559743709942	0.0272390101913212	0.132702907280176
"hsa-miR-382-3p"	0.550898121655469	4.75727862613725	0.756523191644035	0.384418775820696	0.602958216869448
"hsa-miR-382-5p"	-0.226565500008339	6.61328085178345	0.183079083238096	0.6687403701091	0.825560888167029
"hsa-miR-3909"	-1.30934940482042	4.66190803957142	4.80818306541843	0.0283248947568511	0.132702907280176
"hsa-miR-3929"	0.470618788160271	2.48201983510936	0.0565675285568235	0.812005742761637	0.920541163823835
"hsa-miR-409-3p"	-0.118923069408393	11.4149887780989	0.0346850376492611	0.852257188660494	0.952033640015869
"hsa-miR-409-5p"	0.846815145144503	9.25801315737689	2.15364688282263	0.142231695353971	0.32588121753553
"hsa-miR-410-3p"	1.19578901254997	9.40114692564963	2.55311025620368	0.1100773646622	0.291418687949639
"hsa-miR-411-3p"	1.73413842871723	5.12873219126546	3.78145779707086	0.0518234912294178	0.182995177237855
"hsa-miR-411-5p"	0.688629729722999	10.5521123230962	1.2453917908505	0.264434448857872	0.485807247621353
"hsa-miR-412-3p"	1.82312832209854	2.09805591436045	1.02597634029065	0.311105586778598	0.531601231076345
"hsa-miR-412-5p"	-0.85827319598663	4.55766801283742	1.15919544749858	0.281632460036661	0.50385807303434
"hsa-miR-421"	1.12605813525239	7.06494207431713	3.48648603490132	0.0618717873220459	0.199558299954205
"hsa-miR-423-3p"	0.471009252045093	11.69520327557	0.919911769210472	0.337498139855718	0.552050528763995
"hsa-miR-423-5p"	-0.52123592922931	11.0707861623893	1.04610556786078	0.306405717548161	0.529561579762482
"hsa-miR-424-3p"	-0.521763801397586	6.11487275281315	0.355898325613909	0.550793072347476	0.746340908683859
"hsa-miR-424-5p"	0.522315435695353	7.50488789813822	0.228038995243047	0.632981711573597	0.800844264919082
"hsa-miR-425-3p"	-0.282036161620927	3.8000280430999	0.203247813944987	0.652111977677512	0.81279233068927
"hsa-miR-425-5p"	0.938681846446918	7.43599434207068	3.21293660209321	0.0730582507251464	0.217277135273487
"hsa-miR-429"	9.97834581665491	5.96160306998771	10.3266648128862	0.0013112193234343	0.0285970690539481
"hsa-miR-431-3p"	0.282282138325524	5.8136563424765	0.170978420886015	0.67924371404533	0.83174719210824
"hsa-miR-431-5p"	0.851135305839241	7.37979992233246	1.80002627017723	0.179709318975151	0.385010657884917
"hsa-miR-432-5p"	-0.215923543723522	7.20797231113885	0.121092058164253	0.727853069446639	0.859399970845657
"hsa-miR-4326"	-0.823112908547379	4.98393149255146	1.10455971225989	0.293267611280414	0.518596779793164
"hsa-miR-433-3p"	-0.433826884970668	3.69286194057068	0.243531771371559	0.621666839618407	0.793101427702592
"hsa-miR-449a"	2.73036786372555	2.93445201514938	2.2744243192712	0.131523954360518	0.31594724572939
"hsa-miR-449b-5p"	5.13461097561626	2.01138670116166	7.26812180224211	0.00701891627689214	0.057404708121725
"hsa-miR-450a-5p"	0.930417767486986	6.17873178964315	1.85591177967434	0.173097381948348	0.379229018131102
"hsa-miR-450b-5p"	0.875085208882101	7.31869974757615	1.77539754412933	0.182715498615083	0.387696450322311
"hsa-miR-452-3p"	1.16182545422736	4.82160475470615	3.68525074210194	0.0548957169573349	0.186238802714514
"hsa-miR-452-5p"	0.677077420041529	7.34739414145839	0.934528104147159	0.333689057659516	0.549746720892297
"hsa-miR-4521"	-1.45604093644535	5.13503776600779	3.41533265798864	0.064593393680465	0.202800717234852
"hsa-miR-454-3p"	1.09912441123716	6.58303010034624	4.33020500856822	0.0374417359488791	0.147595521102511
"hsa-miR-454-5p"	0.307086896011085	4.11044133359163	0.191315380276702	0.661824085500524	0.819230895024973
"hsa-miR-455-3p"	2.1996909832886	7.27410919816357	7.50680941157397	0.00614661588233239	0.0567293961998744
"hsa-miR-455-5p"	0.473342018163093	6.67676656415695	0.67765306702441	0.410396055352397	0.621586837946978
"hsa-miR-4636"	-1.13995621758376	2.44782099353709	0.971394237984823	0.32433270598172	0.543179702291257
"hsa-miR-4662a-5p"	2.49502299159327	2.78896557528441	4.93220253787884	0.0263606984378731	0.131222706033562
"hsa-miR-4677-3p"	-1.08412431550462	5.1136612225767	2.27623164814293	0.131370724258551	0.31594724572939
"hsa-miR-4775"	-0.0148863692120394	5.23367584542752	0.000648548327954579	0.979682779590795	0.988425002238457
"hsa-miR-484"	-0.34067817287014	9.68492901808303	0.4394084300583	0.507408119237127	0.716301017238882
"hsa-miR-485-3p"	0.262039800847371	6.32449136832606	0.163885808365574	0.68560385589291	0.83174719210824
"hsa-miR-485-5p"	-1.57328095442932	6.87128032728525	4.4004050344668	0.0359303961566177	0.145629393271955
"hsa-miR-486-3p"	-3.80455780756936	3.26001244408799	8.14668230187285	0.00431400148585047	0.0519950705399872
"hsa-miR-486-5p"	-2.02426751044004	7.81730877776365	7.37229945119754	0.00662361833972123	0.0567293961998744
"hsa-miR-487a-3p"	1.77003271258981	4.51522740641225	5.84872763027777	0.015588317891326	0.0964790485706391
"hsa-miR-487b-3p"	0.597353868800882	8.28572736169411	0.994725923512672	0.318590054188242	0.537532513355181
"hsa-miR-490-3p"	-4.03264787535262	3.21773803327564	4.7422019444996	0.0294313783284074	0.132702907280176
"hsa-miR-493-3p"	0.149790011502797	7.24441153523201	0.0590814398175254	0.807953696717102	0.919455626794285
"hsa-miR-493-5p"	0.842709581520965	6.51068181879835	2.58122827004561	0.108137722021925	0.287948120267685
"hsa-miR-494-3p"	1.03318570417158	6.8832327963955	2.16685970873627	0.141013933330242	0.32588121753553
"hsa-miR-495-3p"	-0.710358723041494	6.71643423818491	1.33818467952011	0.24735435748537	0.466206978305759
"hsa-miR-496"	-1.6984607281835	4.96416930990877	3.35393174214852	0.0670446979979445	0.206083702570863
"hsa-miR-497-5p"	2.6855485507742	5.82392660435575	11.6449077354848	0.000643785270890711	0.0196569102711964
"hsa-miR-500a-3p"	-0.977949309398746	9.69234650323966	3.15300148936062	0.0757874390995362	0.222504148125561
"hsa-miR-501-3p"	-1.00980895216088	8.64354029687267	3.77764033349681	0.0519418625347622	0.182995177237855
"hsa-miR-501-5p"	0.475116282111223	3.74602155072061	0.728039678661043	0.393519343829943	0.611110893011579
"hsa-miR-502-3p"	-1.37582646574135	5.62892076658269	5.06532209731436	0.024409168975614	0.124215548787013
"hsa-miR-502-5p"	-0.855035024588016	2.77672535947036	0.956847423631884	0.327982447294906	0.544260727757488
"hsa-miR-503-5p"	-0.71538363871304	4.5535340755125	0.942351305896113	0.331673878671207	0.548399409499685
"hsa-miR-504-5p"	-2.21926327732205	2.65634635779907	4.33970707776893	0.0372333286986656	0.147595521102511
"hsa-miR-505-3p"	1.4106473976794	6.29674944590112	6.29801674837318	0.0120873129737564	0.0838786263936427
"hsa-miR-532-3p"	-1.01876911495157	5.92116682643303	4.13840047520523	0.0419207631758661	0.157374668315956
"hsa-miR-532-5p"	-1.1203551749426	9.69753779568131	3.70753718725949	0.0541672599156884	0.185138843592427
"hsa-miR-539-3p"	0.838243606125039	6.70142389995152	1.83134900113704	0.175968291273595	0.381959608546477
"hsa-miR-539-5p"	-0.333807442582864	4.12855267794628	0.244403186733286	0.621043833017801	0.793101427702592
"hsa-miR-541-5p"	-0.0544380206330635	3.53352621189571	0.00316715654716759	0.95512074607039	0.982845689311027
"hsa-miR-542-3p"	-1.31123455352324	5.15375066278639	4.51117637942003	0.033674073229037	0.138943473323414
"hsa-miR-542-5p"	-1.84366922092315	3.74615542377643	3.53263008800515	0.0601722676080606	0.199022986093538
"hsa-miR-543"	-0.0372893844194213	6.28128385253364	0.00340913004414922	0.9534397674756	0.982845689311027
"hsa-miR-548e-3p"	-1.18781545730621	5.31973290157314	4.54457615420006	0.0330231968596077	0.137496583288185
"hsa-miR-548e-5p"	0.333859932562328	2.91294230029487	0.111316943312485	0.738649767308487	0.865221466565951
"hsa-miR-548h-5p"	1.22999340610934	2.52177100647257	0.678212576248449	0.410202897325996	0.621586837946978
"hsa-miR-548k"	-0.455389046286557	5.75051532868067	0.298192480014669	0.585017798530406	0.771459825060292
"hsa-miR-548o-3p"	1.51171159365462	3.62521650785661	2.33361136781342	0.126607847960651	0.311754808419237
"hsa-miR-549a"	-3.54081342691751	3.23141047358102	8.90919658702087	0.00283738068605365	0.0413256191213191
"hsa-miR-549a-5p"	-3.65840118719261	5.49145517295846	31.4942793052781	2.00028703890356e-08	4.58065731908916e-06
"hsa-miR-550a-3p"	-1.25309044600146	3.23053462395806	2.39857506280118	0.121445827662026	0.307146505788574
"hsa-miR-550a-5p"	-1.47148811391467	3.36754270744417	1.47197518444542	0.225034312502418	0.440451774043195
"hsa-miR-561-5p"	-0.806950666151476	4.88988453377792	0.691257937543522	0.405736838848619	0.621586837946978
"hsa-miR-574-3p"	-0.60864412983241	9.50982362247288	1.2198644112329	0.269387263005546	0.487665480065376
"hsa-miR-574-5p"	-1.49346952461589	4.30491472127291	6.97348047723592	0.00827264380270364	0.0621126370760372
"hsa-miR-576-5p"	0.536755946627554	4.36059258834025	0.723636165533708	0.39495376491578	0.611110893011579
"hsa-miR-582-3p"	2.09248260048947	4.82736495153835	3.90229494114657	0.0482201960446194	0.173896455027053
"hsa-miR-582-5p"	3.92599173006763	4.13914469842475	8.62257703155275	0.00332021783852466	0.044725287354244
"hsa-miR-584-5p"	0.665688262631151	7.0973781687199	1.49083025965894	0.222087685052643	0.437482126483524
"hsa-miR-585-3p"	-1.62998738921296	2.93710389529422	3.54493386971876	0.0597275480056343	0.199022986093538
"hsa-miR-589-3p"	1.7836891473606	4.30326164309254	5.59113450349331	0.0180516008588529	0.107371859653956
"hsa-miR-589-5p"	-1.50359234166523	7.27332894717436	8.16690008941656	0.00426617574517745	0.0519950705399872
"hsa-miR-590-3p"	0.694389637787011	5.37946766519607	1.24151836392926	0.265178628614276	0.485807247621353
"hsa-miR-598-3p"	0.498428715506172	2.80351622206419	0.11729438331844	0.731987679212164	0.859616300203003
"hsa-miR-605-3p"	-1.57333309889948	3.68748088380694	2.91177882402352	0.0879348374348675	0.24708070886607
"hsa-miR-605-5p"	-1.82431638615387	2.41385220005558	3.19026087645555	0.0740781891099667	0.218889100724934
"hsa-miR-615-3p"	1.23689840889388	5.13899216432603	0.629941834237322	0.427376650280691	0.633457947665232
"hsa-miR-616-5p"	-2.49090081364619	3.56493527074184	8.07218156005899	0.00449499671355664	0.0520815065500454
"hsa-miR-625-3p"	-0.278375101358075	6.58750451214564	0.202820590610687	0.65245371481828	0.81279233068927
"hsa-miR-625-5p"	-0.325162097027864	6.39642704636005	0.356090005886601	0.550685806146829	0.746340908683859
"hsa-miR-628-5p"	1.00302558634306	3.67520954903636	1.9418115870841	0.163471969752197	0.365220303153688
"hsa-miR-629-5p"	-3.03842961896658	5.14202115785641	21.4668159481444	3.60004994617081e-06	0.000329764575069247
"hsa-miR-641"	-0.399561860442226	4.32310633162147	0.377162271957146	0.539125866743996	0.740342487940511
"hsa-miR-6511b-3p"	0.777967142517326	2.79227610946266	0.890615569020179	0.345310549063368	0.558841807318102
"hsa-miR-652-3p"	1.0082752832617	5.15723120389942	2.05439963612708	0.151767065245076	0.344105524169528
"hsa-miR-652-5p"	1.6677772092326	2.76331759443392	2.51936695840294	0.112455721064815	0.295876636492488
"hsa-miR-654-3p"	0.0157355219587439	11.0508922877578	0.000435199166332723	0.983356196146443	0.989839863373782
"hsa-miR-654-5p"	-1.05944097831806	5.44486617389041	1.52314679755866	0.217143909380461	0.432399610853266
"hsa-miR-655-3p"	1.21958994643695	4.11275477946742	4.70899816809862	0.0300051324512606	0.132702907280176
"hsa-miR-656-3p"	0.672225121502735	5.6126588365757	0.964143944016601	0.326145017751301	0.543179702291257
"hsa-miR-659-5p"	-0.0523997909018281	2.68184727448586	0.00208335116667691	0.963594204558355	0.982909010440371
"hsa-miR-660-5p"	-0.602467685962982	9.15555975311363	0.785806070450562	0.375371298047645	0.593992462510623
"hsa-miR-664a-3p"	1.39833153027998	4.2123537539823	1.49173555242007	0.221947374240373	0.437482126483524
"hsa-miR-665"	-0.518816369321204	5.94418868904211	1.0212247518097	0.31222867065401	0.531601231076345
"hsa-miR-668-3p"	-0.497059999786318	3.64917397899171	0.440338627530119	0.506959059553308	0.716301017238882
"hsa-miR-671-3p"	-0.989147687090133	7.50000097269058	4.16502442736491	0.0412668179668867	0.156200021725902
"hsa-miR-671-5p"	-0.658739124876454	4.83508684068054	0.903859134361242	0.341749038673216	0.556069680708986
"hsa-miR-6852-5p"	-0.25195016298981	2.92085493724776	0.0751812111038435	0.783937134217624	0.89985766283627
"hsa-miR-7-1-3p"	0.0341387970908166	3.82297590329942	0.00311568483875369	0.955486540509912	0.982845689311027
"hsa-miR-7-5p"	-2.58230892900853	5.59283959104637	9.7861038267906	0.00175835641773802	0.0312060359786943
"hsa-miR-708-3p"	-0.473423205715245	6.53757871342682	0.431160293274814	0.51142015859632	0.716301017238882
"hsa-miR-708-5p"	-0.207870281227648	6.81766225795752	0.0892228385379941	0.765167490003265	0.88720686182657
"hsa-miR-744-3p"	0.915084085469176	3.04970499320138	0.633029504788952	0.426246244407644	0.633457947665232
"hsa-miR-744-5p"	-0.0898107062959266	7.84724315795743	0.0221830386444761	0.881601202820756	0.961308252678585
"hsa-miR-758-3p"	1.15519085954268	7.02795942268437	2.24082694286887	0.134409081303034	0.317303919419843
"hsa-miR-758-5p"	-0.928364025865476	3.27466154618707	1.56939451148903	0.210294967103501	0.424295572393848
"hsa-miR-769-5p"	0.0131834144384456	9.37574076690387	0.000641562891573244	0.979792469467815	0.988425002238457
"hsa-miR-770-5p"	0.165480653312974	2.80290578714024	0.0163726627227057	0.898184026228017	0.968995310250935
"hsa-miR-7706"	-0.730514061622069	5.48835790065029	1.27633177697874	0.258582195022292	0.479476296842955
"hsa-miR-7974"	-0.355505311111423	5.6050533280094	0.133524300986942	0.71480554834419	0.854780525173993
"hsa-miR-7976"	-0.117828866010957	3.20529976189002	0.021358980782213	0.883805249077445	0.961308252678585
"hsa-miR-874-3p"	0.949315916295167	4.18857058446389	2.1528425406327	0.142306208530799	0.32588121753553
"hsa-miR-877-5p"	1.05829222353925	5.6213805871262	3.05676356103996	0.0804016665581414	0.233063058757144
"hsa-miR-887-3p"	0.0551671872641738	5.28263807930039	0.008070610386407	0.928417082249331	0.982845689311027
"hsa-miR-889-3p"	1.7452031644604	7.55956268277172	7.75965987392974	0.00534260205099128	0.0556116304398638
"hsa-miR-9-3p"	6.33913174878794	2.761722761431	5.40864949455559	0.0200372118413269	0.114006785288292
"hsa-miR-9-5p"	5.92236246050716	5.6908643805478	5.3501766357245	0.0207201715188929	0.114006785288292
"hsa-miR-92a-1-5p"	1.03164346760051	3.62368241592292	1.46092184991396	0.2267835017449	0.441986569358146
"hsa-miR-92a-3p"	0.13841386265498	14.2804738548971	0.0761032458628392	0.782649324130153	0.89985766283627
"hsa-miR-92b-3p"	-0.482546002971091	12.0279687635628	0.929614204116107	0.334963193963619	0.549867895467159
"hsa-miR-92b-5p"	-1.55000748742956	3.13493294490894	3.07264884837302	0.0796196418564448	0.23226621637103
"hsa-miR-93-3p"	0.223009403148661	4.48480004783684	0.119678080562116	0.729383899671089	0.859399970845657
"hsa-miR-93-5p"	1.1404636638207	8.81843363421614	4.1812111074039	0.0408744816816669	0.156004271751695
"hsa-miR-935"	0.250553343313388	6.51845624638675	0.12273662524384	0.726085145497729	0.859399970845657
"hsa-miR-939-3p"	-3.87515985752125	2.07249777651761	5.51820848954081	0.0188195223515652	0.109105585278694
"hsa-miR-940"	-1.76418829679205	4.34646024593283	5.25053421148519	0.0219400342355325	0.116843438138068
"hsa-miR-941"	-0.88753228031473	7.24473105496563	2.26355735816138	0.132449500393107	0.31594724572939
"hsa-miR-941-3-5p"	-0.888258599367867	4.99400574238495	1.89382455364892	0.168771179891464	0.373416427006233
"hsa-miR-942-5p"	0.312073237281178	3.41127395990904	0.233815489496505	0.628709019803886	0.797641914321827
"hsa-miR-944"	9.31024011272863	5.321228135179	7.35473983631524	0.00668861876592405	0.0567293961998744
"hsa-miR-96-5p"	9.5432663828989	5.543027143094	13.528524683701	0.000234964682833943	0.00896781872816215
"hsa-miR-98-3p"	0.890175887038184	4.39186413148016	2.47525212134364	0.115650896958171	0.297573656218215
"hsa-miR-98-5p"	-1.15129890596183	11.0640905724929	4.09126675953196	0.0431053245104523	0.158217072888781
"hsa-miR-99a-3p"	-0.455492217956023	3.90651521361603	0.418209267916201	0.517831939850073	0.72087242690375
"hsa-miR-99a-5p"	1.20124109351993	8.61134428066269	2.22503647592718	0.135789450232072	0.317303919419843
"hsa-miR-99b-3p"	0.574026209566172	6.057761727474	1.1429546918906	0.285028850914121	0.507950247932559
"hsa-miR-99b-5p"	0.072082636530499	14.2222280211101	0.0233848949161768	0.878460413472578	0.961308252678585
