"logFC"	"logCPM"	"LR"	"PValue"	"FDR2"
"hsa-let-7a-2-3p"	0.538455866215814	3.87932657890642	1.1263378216988	0.288557838319612	0.367531562491295
"hsa-let-7a-3p"	1.25476877803665	6.8815399402511	6.895938296128	0.00863918068219733	0.0190061975008341
"hsa-let-7a-5p"	-1.18426256700078	15.7868166577712	19.2521215336205	1.14543022693718e-05	5.83566557723784e-05
"hsa-let-7b-3p"	-0.236647768998258	7.21578360653698	0.615064039540002	0.432887456007596	0.50853769103805
"hsa-let-7b-5p"	-0.947679887084664	12.6594611920748	7.98886512299663	0.00470659080117604	0.0116223976927
"hsa-let-7c-3p"	1.03344938812696	3.3323990810399	2.81444290371802	0.0934193241222067	0.144456718450952
"hsa-let-7c-5p"	1.18506353778661	10.5883140848996	7.30713232987605	0.00686814456273206	0.0159051768821164
"hsa-let-7d-3p"	0.475523457497393	7.56945549335127	2.50630113041371	0.113391798707771	0.170439846504849
"hsa-let-7d-5p"	-0.0224567705604387	10.4203734189656	0.00632795125175178	0.93659641937616	0.94835285978674
"hsa-let-7e-3p"	0.980002312663142	4.80520843435874	6.05246738573209	0.0138868783590849	0.0287232868623808
"hsa-let-7e-5p"	-0.130344908869998	11.9548532641423	0.177228502067657	0.673765920825428	0.732444414699117
"hsa-let-7f-1-3p"	1.37891201500769	5.07553897264175	15.0419608908647	0.000105147161352572	0.000427657362139872
"hsa-let-7f-2-3p"	2.19772670234702	4.99554681969774	8.18498135211658	0.0042238612764676	0.0105570659532598
"hsa-let-7f-5p"	-0.29358308801905	14.7901362952927	1.23837456323544	0.265784545219718	0.345513105871783
"hsa-let-7g-3p"	1.66092748304415	3.35349966738374	5.65077579126371	0.0174476515874855	0.0351860973680957
"hsa-let-7g-5p"	-0.258292293089907	12.4067130401188	0.808929956787916	0.368436798497748	0.450311642608358
"hsa-let-7i-3p"	0.170618814498919	5.74172394789447	0.209016064247479	0.647539698115908	0.708167247368881
"hsa-let-7i-5p"	-0.289587268417719	14.104267578446	1.02739231892772	0.310771924828772	0.389672568956284
"hsa-miR-100-3p"	-1.24217312841306	8.38316056227071	12.9966417668697	0.000312050126116329	0.00114418379575987
"hsa-miR-100-5p"	-1.22486670272577	17.5199575753771	4.84846145246684	0.0276708032962679	0.0521115517330492
"hsa-miR-101-3p"	0.28875420267853	10.9085339966833	1.04608830669523	0.306409708138573	0.386203902966327
"hsa-miR-101-5p"	1.74308693159483	3.17895860169076	7.26187265658085	0.00704338093317606	0.0161935241911904
"hsa-miR-103a-3p"	0.480382569094247	12.2237105045706	3.32426172683802	0.0682646567077306	0.111471765130669
"hsa-miR-106b-3p"	0.789396215457427	7.67607954384855	4.53446386795814	0.0332188608655733	0.0604433408230732
"hsa-miR-106b-5p"	1.58106079815239	8.05852892303247	16.1590544076939	5.82395000763928e-05	0.000249450602097116
"hsa-miR-107"	-2.85797623104915	6.79147482883932	63.2344817497588	1.83507693868213e-15	5.92118158881433e-14
"hsa-miR-10a-3p"	0.351048797752254	4.69054359729351	0.153591464630114	0.695126583750428	0.7515665987464
"hsa-miR-10a-5p"	-1.23402253134533	14.9822685802375	4.08754258748826	0.0432004083957978	0.0760327187766042
"hsa-miR-10b-3p"	5.09231625802769	2.2586107914951	5.55021046116585	0.0184784649746327	0.0368048438177869
"hsa-miR-10b-5p"	5.73521178389161	13.4419374018495	5.56883673506387	0.0182829030341703	0.0365658060683405
"hsa-miR-1180-3p"	1.10044868146081	5.18436237027287	10.3976313843826	0.00126177061645101	0.00374660722921651
"hsa-miR-1185-1-3p"	0.177744289351552	4.56889223340722	0.0753000807573354	0.783770633334295	0.815795669965158
"hsa-miR-1185-5p"	-2.48767279360459	4.22909629511476	12.9732877143568	0.000315966693067584	0.00114983368003542
"hsa-miR-1197"	0.687303343029183	3.49451273939545	0.744364048774928	0.388266493909736	0.470759396578739
"hsa-miR-1226-3p"	0.97223998659092	3.26663626421331	2.64404933065828	0.10393831756572	0.158694465936304
"hsa-miR-1249-3p"	-0.0316432125042278	4.12628071916108	0.00539127388437066	0.941467689752809	0.951295118664634
"hsa-miR-1254"	-0.323828515024541	2.81426122192571	0.175879573038213	0.674938448255798	0.732444414699117
"hsa-miR-1255a"	0.625432271777385	2.79680180698775	0.740857140692647	0.389386443679224	0.470759396578739
"hsa-miR-1257"	0.635029607416671	2.66643063965862	0.126044181647659	0.722569352513003	0.775440280745662
"hsa-miR-125a-3p"	0.408654492894516	5.8126122571651	1.85412249114044	0.17330468451143	0.241032952021645
"hsa-miR-125a-5p"	-0.116375082919617	13.2114921471468	0.120538087799275	0.728451621173283	0.77745753086342
"hsa-miR-125b-1-3p"	-2.16679899048787	10.3122868302897	47.2643322414722	6.20307566566177e-12	1.11195874895567e-10
"hsa-miR-125b-2-3p"	0.878561920378184	8.19192762290466	8.08228717194017	0.00446999943218124	0.0110947678214139
"hsa-miR-125b-5p"	-2.09149364823712	13.5774572063485	26.6317817556557	2.46160981583588e-07	1.72669442154285e-06
"hsa-miR-126-3p"	10.1700294207973	13.8991914002508	283.858860871669	1.08318754014884e-63	5.2426276943204e-61
"hsa-miR-126-5p"	11.0501920364928	15.5626350859529	137.233561111287	1.07204193889038e-31	8.64780497371572e-30
"hsa-miR-1260a"	1.05598020922087	4.34962049446231	5.18622590543594	0.0227666056673848	0.0442531612169247
"hsa-miR-1260b"	0.354146417473807	3.45813177540482	0.336555415004822	0.561824282045652	0.635334001191812
"hsa-miR-1262"	0.769927120237646	3.14288323194718	2.01008921014857	0.156256129558276	0.221134405573701
"hsa-miR-127-3p"	-3.22857941742923	13.3791400532887	45.58911585637	1.458497750489e-11	2.52111754013099e-10
"hsa-miR-127-5p"	-2.76310808570712	5.63100536081731	44.7882218634265	2.19539311189235e-11	3.66403540053757e-10
"hsa-miR-1271-3p"	-1.12158459235568	1.86207015015897	0.377924732737476	0.538715982129431	0.616403156857316
"hsa-miR-1271-5p"	-0.104920358726603	7.34355548414748	0.0224814824541948	0.88081332410277	0.899395883682997
"hsa-miR-1277-5p"	6.3964233508566	3.20850752775239	13.7899457693626	0.000204427315217378	0.000779077327285125
"hsa-miR-128-1-5p"	0.158003201783825	4.60718223127847	0.110438765897635	0.739645159019667	0.786787377946195
"hsa-miR-128-3p"	0.266287782654404	9.68341076947334	0.853076826135074	0.355683373329421	0.436930844394517
"hsa-miR-1285-3p"	2.97812386931542	5.72883267286825	19.3323273301802	1.09831039688599e-05	5.7159379794927e-05
"hsa-miR-1294"	0.83861521912711	2.51299995605877	0.641340078225104	0.423225951665413	0.499613074648926
"hsa-miR-1296-5p"	1.47627827050552	6.41742949156735	10.6147265760164	0.00112190541892289	0.00337268461340793
"hsa-miR-1301-3p"	0.585543882136937	6.02678600590839	1.82506572276379	0.176711471232905	0.245066911394631
"hsa-miR-1304-3p"	0.156369155481378	7.53538318597817	0.105290259448905	0.745571175064441	0.791036724445071
"hsa-miR-1304-5p"	0.783368907904412	3.41592967667249	1.88221153049216	0.170083005633842	0.237233932930201
"hsa-miR-1306-5p"	1.05974848030464	3.38155508970551	4.24182848615101	0.039439668957682	0.0701794109394048
"hsa-miR-1307-3p"	1.0312003116539	8.23203603238417	13.337715771416	0.000260121009601934	0.000975957896490979
"hsa-miR-1307-5p"	0.404083234107462	9.95773043282719	1.3413379342227	0.246798158594588	0.326366963824537
"hsa-miR-130a-3p"	-0.862973158348793	10.7736226407813	10.5582066530928	0.00115673366965845	0.00345592034638697
"hsa-miR-130b-3p"	0.432326303800872	9.96178661992113	2.37581693234678	0.123227119691725	0.182391210797538
"hsa-miR-130b-5p"	0.302952233230467	8.28460673446359	0.650695748150145	0.419864041242707	0.49685622484467
"hsa-miR-132-3p"	-0.668746093537334	5.91009658141166	4.19569571500531	0.0405267210482777	0.0715873466692204
"hsa-miR-132-5p"	-2.58501293882201	3.47921919332162	19.1504529104446	1.20808833889019e-05	6.09077870857137e-05
"hsa-miR-133a-3p"	0.0600953065289625	2.46853128252818	0.00229083099409166	0.961825725145926	0.967824638192574
"hsa-miR-134-5p"	-2.48323661256152	6.37145864030327	30.0802647214948	4.14528360327845e-08	3.7223512858921e-07
"hsa-miR-1343-3p"	-0.29349084089449	3.08376598658481	0.153020987547336	0.695664950905758	0.7515665987464
"hsa-miR-136-3p"	-1.39765826895314	8.59185851966724	4.72653387894094	0.0297006813600271	0.055288960685589
"hsa-miR-136-5p"	-4.64009074891236	7.42620814871068	87.8545259690497	7.04498525123996e-21	2.62290220123088e-19
"hsa-miR-137"	0.834454924065724	5.92212935727932	2.292743665283	0.129979975697451	0.191216742363423
"hsa-miR-138-1-3p"	-2.71733312834619	2.78441198313847	3.78965364018411	0.0515703187883149	0.087579067696647
"hsa-miR-138-5p"	-1.33281020565297	8.26452201495258	2.06069010125258	0.151141707610871	0.215789340659769
"hsa-miR-139-5p"	6.09467183642204	5.07468848834472	15.8149748166039	6.98475133217432e-05	0.000291432727997618
"hsa-miR-140-3p"	-0.786128990988585	10.3512413232909	10.0588650781489	0.0015161659732305	0.00439415767091952
"hsa-miR-140-5p"	0.955285860271828	5.21770367742925	2.69507045678162	0.100659039360494	0.154663412858663
"hsa-miR-143-3p"	-8.79532599804029	13.9066543571533	142.270420785098	8.48697027446713e-33	8.21538722568418e-31
"hsa-miR-143-5p"	-7.74466907339928	4.53919217158336	184.08262134323	6.22403908864427e-42	7.53108729725957e-40
"hsa-miR-145-3p"	-8.16630152389229	6.03229141525944	229.511563367035	7.61838560748016e-52	1.22909954467347e-49
"hsa-miR-145-5p"	-6.7845704809708	6.95370232595257	134.364364173113	4.54750174796072e-31	3.14427263716141e-29
"hsa-miR-1468-5p"	-1.43153977085601	2.81633007354046	4.61121799393115	0.0317634651621925	0.0580132722207591
"hsa-miR-146a-3p"	3.43489745752987	2.81080120199782	2.82274199695972	0.0929375143058659	0.144172297833459
"hsa-miR-146a-5p"	-0.582216030851403	7.86081545992372	0.422175607334069	0.515853450045849	0.591642345550215
"hsa-miR-146b-3p"	-3.85596898894323	2.80823784571763	42.0670792669411	8.81955173811015e-11	1.33395720038916e-09
"hsa-miR-146b-5p"	-5.52070875289281	8.54098949225301	33.0658704458817	8.90888802298751e-09	1.05168336661609e-07
"hsa-miR-148a-3p"	-2.56802659422166	10.0546449907252	9.18268428985326	0.00244315445913251	0.00687492301290775
"hsa-miR-148a-5p"	-1.98727326437544	4.20072393535798	4.44760306457959	0.0349502697595636	0.0628952482492235
"hsa-miR-148b-3p"	0.182741397955161	10.7797205180296	0.539034838609364	0.462832996057585	0.539785952028606
"hsa-miR-148b-5p"	0.572779751199933	7.4899597314209	3.05645844852891	0.0804167678934335	0.128031959409282
"hsa-miR-149-5p"	1.43744702937306	8.14569397418047	6.80484657774862	0.00909107649158897	0.0197658179032574
"hsa-miR-150-5p"	5.72440650517721	4.71046224833966	28.266202114641	1.05725956769154e-07	8.52856051271175e-07
"hsa-miR-151a-3p"	0.950144120200861	13.1948317578049	11.524237840428	0.000686946090896025	0.00224649937833565
"hsa-miR-151a-5p"	0.76253245947897	13.4405015644512	5.84118064808689	0.0156553183137209	0.0319711985816073
"hsa-miR-151b"	-0.148228732914551	3.49756427944104	0.101382043376965	0.750177389504726	0.791036724445071
"hsa-miR-152-3p"	-1.77616384591161	7.42276432444397	34.1486473199241	5.10587212915205e-09	6.17810527627398e-08
"hsa-miR-152-5p"	-2.58256785007989	5.79259754968455	81.3539191724943	1.8870711880011e-19	6.52387467851807e-18
"hsa-miR-154-5p"	-3.17040153569201	3.49988844548985	17.3167909037032	3.163789184053e-05	0.000141784626396449
"hsa-miR-155-5p"	2.02913959702974	10.4990533262801	27.0196212174965	2.01400653332485e-07	1.49966024942958e-06
"hsa-miR-15a-5p"	0.399511168602188	8.5819649829512	1.35868613574967	0.243765315549637	0.323239486920615
"hsa-miR-15b-3p"	2.36490232511972	7.00156521244866	29.5995013323107	5.31186027658363e-08	4.51042170853768e-07
"hsa-miR-15b-5p"	0.407436619780442	8.38769420215701	1.38421730701753	0.239384090739996	0.318301922852082
"hsa-miR-16-2-3p"	-0.643980778006507	6.48286901285032	4.46232288132576	0.0346503472439892	0.0628118654160702
"hsa-miR-16-5p"	1.53902032691261	11.9719838735619	10.2689677701548	0.00135286472602668	0.00399260077681044
"hsa-miR-17-3p"	-0.888562185084565	7.52038689325019	4.34220686093769	0.037178703518571	0.0666462685295866
"hsa-miR-17-5p"	2.69568326849691	9.16800704172004	32.435782784331	1.23196966222847e-08	1.32505181448573e-07
"hsa-miR-181a-2-3p"	-0.304841364623038	9.01130087931951	0.775753844449875	0.37844291917314	0.460217017285929
"hsa-miR-181a-3p"	-0.370840833251782	9.99253916993819	1.93254164465164	0.164480644242429	0.231347592883627
"hsa-miR-181a-5p"	0.43519857029131	14.0634850417454	1.26657059343404	0.260411021461096	0.341568927878511
"hsa-miR-181b-2-3p"	1.29907733980706	2.39334004350937	1.10797970611128	0.292521537558331	0.37160216319746
"hsa-miR-181b-3p"	1.33242579906228	5.38391644490154	5.84132584707688	0.0156540264740497	0.0319711985816073
"hsa-miR-181b-5p"	0.949767744787729	12.1288576587275	8.89952119932612	0.00285245441434255	0.00779993184486889
"hsa-miR-181c-3p"	0.922609614030211	6.73058577873466	5.04716059569192	0.0246663277346493	0.0473750104109932
"hsa-miR-181c-5p"	0.829091424272705	8.36814168928165	3.55863244482605	0.0592365227221004	0.0995502673524187
"hsa-miR-181d-5p"	1.9151509121151	6.2292767728191	18.9429676591847	1.34684809114113e-05	6.72035542383824e-05
"hsa-miR-182-5p"	0.903743005038392	5.54275016536097	1.928644145317	0.164906858563743	0.231347592883627
"hsa-miR-183-5p"	0.680177191665588	3.42014113803669	0.725045487545342	0.394493868217274	0.47144452399299
"hsa-miR-185-3p"	-0.797146663673608	3.73341484452598	4.89804983015656	0.0268870426609875	0.0510326613643842
"hsa-miR-185-5p"	0.789617345707572	6.75114889758222	1.52882751029575	0.216288499857922	0.292106668934913
"hsa-miR-186-5p"	0.701927299642164	12.5325446705188	6.25723646188334	0.0123686998214001	0.025803666868783
"hsa-miR-187-3p"	5.19244076346156	2.33471907701318	11.3447726412345	0.000756606316702334	0.00242514872373463
"hsa-miR-188-3p"	-1.58730730636184	2.28485881943032	3.22191867608194	0.0726584188048936	0.117222249005228
"hsa-miR-188-5p"	0.751836537064063	4.79822437629209	3.26430235250306	0.0708031332080768	0.11499569286144
"hsa-miR-18a-3p"	1.78491587957679	5.41705675321796	12.6339419571046	0.000378805547132564	0.00133826193293548
"hsa-miR-18a-5p"	2.92256880415105	6.78270457243194	31.9062360347757	1.61796885912567e-08	1.70238462568874e-07
"hsa-miR-1908-3p"	0.213328459151763	2.68762093302848	0.0942457478663048	0.758847403828257	0.798439442288862
"hsa-miR-1908-5p"	1.86947044793766	3.26851161409194	8.54303954924448	0.00346845958152307	0.00917341222654188
"hsa-miR-190a-5p"	-4.82154108561708	5.47088556704479	98.6167578118682	3.06415264866217e-23	1.48304988195249e-21
"hsa-miR-191-3p"	1.02156398465173	4.20023002939751	3.93280750556449	0.0473528284768028	0.0815614554547065
"hsa-miR-191-5p"	0.0950985746396868	13.9694218183819	0.0879090961535951	0.766852328034096	0.799906307690738
"hsa-miR-1910-5p"	1.83646757820216	5.21684214553035	17.7787227144515	2.48142789731686e-05	0.000115440633259659
"hsa-miR-192-5p"	-0.855862310391437	8.78420603973234	6.42104850542383	0.0112775557739473	0.0236291644787468
"hsa-miR-193a-3p"	2.51923348023687	10.0778991995689	20.0060933703734	7.71957798257971e-06	4.19806263322312e-05
"hsa-miR-193a-5p"	-1.51047614517965	7.93317927110338	14.0184394970399	0.000181026650736011	0.0007065878948083
"hsa-miR-193b-3p"	-0.384040025029528	8.57832742196795	1.0168359896409	0.313270698740735	0.390780974717824
"hsa-miR-193b-5p"	-1.4587565063678	3.0472106722556	6.80172621757364	0.00910697808352561	0.0197658179032574
"hsa-miR-194-5p"	0.72385032179124	3.61926832947488	2.86444839834925	0.0905567501795522	0.14093076233731
"hsa-miR-195-3p"	2.69660713335833	4.67673739986169	32.5349101639912	1.17070586701687e-08	1.28777645371856e-07
"hsa-miR-195-5p"	2.3810006921398	7.88390709502552	39.2210061488096	3.78446637915675e-10	5.23337636431961e-09
"hsa-miR-196b-5p"	4.73703468971465	4.48442406676928	5.1366715323961	0.0234255194005042	0.0451711210750758
"hsa-miR-197-3p"	0.700180146362547	9.3634162959286	3.92032142976495	0.0477057581938721	0.081588646522382
"hsa-miR-199a-3p"	-5.4694684583902	12.0828297795326	29.7864804156797	4.82343917920342e-08	4.24462647769901e-07
"hsa-miR-199a-5p"	-6.28350712198261	9.92765061285288	59.858532353134	1.01926515070908e-14	2.74069073857332e-13
"hsa-miR-199b-3p"	-5.69757035043025	10.9529545543808	31.4568860391251	2.03918146693892e-08	2.01421189795599e-07
"hsa-miR-199b-5p"	-5.83990259420949	9.10020814611026	21.6537939122446	3.26563463687101e-06	1.83786879563438e-05
"hsa-miR-19a-3p"	1.51194113915517	7.89698633093608	17.5786586069698	2.75664700000831e-05	0.00012586954226453
"hsa-miR-19a-5p"	0.195279925463371	3.1155364433843	0.0515248655415217	0.820430823625526	0.850296613778918
"hsa-miR-19b-3p"	1.37119850272682	9.05288276197791	20.9549491757025	4.70211494724649e-06	2.61588923501989e-05
"hsa-miR-200b-3p"	2.89052529919116	3.04015760779613	12.7379106359566	0.000358317756576465	0.00128463551246673
"hsa-miR-204-5p"	0.190591650865569	9.29775521292848	0.103031147025865	0.748222021682016	0.791036724445071
"hsa-miR-205-5p"	5.38457477520767	2.48897300724962	7.4556593461467	0.00632373109265257	0.0148576982953585
"hsa-miR-20a-3p"	2.78230760155914	3.05368205720162	8.84388258230848	0.00294072886615323	0.00790729317343423
"hsa-miR-20a-5p"	2.51809043208454	9.17151573334744	25.0153450341369	5.68758547005599e-07	3.77094707877685e-06
"hsa-miR-21-3p"	0.00282311861946942	12.6350279468537	7.1608984399063e-05	0.993248214517409	0.993248214517409
"hsa-miR-21-5p"	0.466746376194627	16.3926953362917	1.39561671572847	0.23745885613998	0.31661180818664
"hsa-miR-210-3p"	-1.27643669474546	7.33700658026015	6.70755533457296	0.00960052518542022	0.0205604167687761
"hsa-miR-210-5p"	-1.35421226283327	4.04476133574431	5.68681374836923	0.0170928625309122	0.034614834581429
"hsa-miR-2110"	0.945154555073471	3.39103023180669	3.67685500859844	0.0551728273219573	0.0933694000833124
"hsa-miR-2110-3p"	0.922174187146866	3.94029320225626	2.53202058988797	0.111557281010915	0.168730387529009
"hsa-miR-2116-3p"	1.75780388683363	3.75494772858289	8.86053887624459	0.00291401535214671	0.00787923704155871
"hsa-miR-212-3p"	-1.37454577950148	3.04271157894464	6.62325773067318	0.0100655555373938	0.0214613607052802
"hsa-miR-212-5p"	-1.48132606983625	3.41278728168379	6.90112003344128	0.00861417660702888	0.0190061975008341
"hsa-miR-214-3p"	-5.37874823474289	7.08645825454404	32.8161401510071	1.01300252169738e-08	1.16736481071793e-07
"hsa-miR-214-5p"	-5.53934289429906	5.68315418592044	42.5929465051348	6.74020022934713e-11	1.08741897033467e-09
"hsa-miR-215-5p"	-0.397530271041431	3.67472057814665	0.436184694405151	0.508969712752183	0.585133826536951
"hsa-miR-216a-3p"	10.6870381420964	7.19101011841112	60.4155045944518	7.68056090959496e-15	2.18670087073174e-13
"hsa-miR-216a-5p"	6.11669194079997	6.76387423006372	56.7066682576288	5.05917024090998e-14	1.22431919830021e-12
"hsa-miR-217"	10.3105304339336	6.82025937465545	48.8662913748964	2.7401988414669e-12	5.10098553565376e-11
"hsa-miR-218-1-3p"	-1.89344309266595	5.16185006913703	12.6370152595263	0.000378183303805433	0.00133826193293548
"hsa-miR-218-5p"	-0.349440891694847	6.68639613571104	0.257872931583229	0.611585259533381	0.682044390816029
"hsa-miR-219a-1-3p"	1.53725506520476	2.56153383565921	3.81840780236588	0.0506923875895668	0.0863912520892617
"hsa-miR-22-3p"	0.75288028227846	16.7101531088851	5.1661177456582	0.0230316322039672	0.0445892399468805
"hsa-miR-22-5p"	-0.906921121166714	6.97284859065798	8.97648162179801	0.00273476734459362	0.00752061019763245
"hsa-miR-221-3p"	-0.205013664626799	13.5877376963978	0.305425704620916	0.580500815629967	0.651884906647109
"hsa-miR-221-5p"	-0.929944759370109	10.0507177681105	3.98454076860362	0.045919616474455	0.0793753370487009
"hsa-miR-222-3p"	0.215030762649531	14.2553142563938	0.447598082379276	0.503477799199536	0.580198225744227
"hsa-miR-222-5p"	0.656284210536387	7.03552358983008	1.73138009600872	0.188234742472378	0.258089561916801
"hsa-miR-223-3p"	-5.01073567325131	1.94821461847191	17.5094623843309	2.85881323861097e-05	0.000129314542755861
"hsa-miR-224-3p"	-2.48581792136678	2.5496043249913	5.45888433195114	0.0194690738269898	0.0384613540092371
"hsa-miR-224-5p"	-0.880168821042412	9.10996136364334	2.51725826017986	0.112606217110372	0.169786321125919
"hsa-miR-2277-5p"	-0.0746190279474945	3.8544238455946	0.0420451221106655	0.837533785214482	0.865983576597253
"hsa-miR-2355-3p"	2.7693992578822	2.95156117061171	11.2692440945056	0.000788018103688723	0.00249281543911988
"hsa-miR-2355-5p"	0.244509526237146	5.13094065110755	0.368813816744458	0.543651550597832	0.619123177622002
"hsa-miR-23a-3p"	0.300801572824415	11.2058773529877	1.20761480736234	0.271805018174115	0.350809676790058
"hsa-miR-23a-5p"	-0.442309854888205	5.75969224560915	1.66982231079128	0.196282336154699	0.268363420053317
"hsa-miR-23b-3p"	-1.63185239601544	9.62522520207731	30.0766411405467	4.15303655863995e-08	3.7223512858921e-07
"hsa-miR-23b-5p"	-2.46898554897372	2.33640868324924	12.3124813094736	0.000449939439684903	0.0015666956029316
"hsa-miR-24-2-5p"	0.238078532541754	7.70132478276547	0.735821680162342	0.391002639307135	0.470759396578739
"hsa-miR-24-3p"	-0.164936276215699	9.94965219781293	0.248799393859013	0.617921732657238	0.687290133029086
"hsa-miR-2467-5p"	0.767102207481806	3.94371367858637	2.07998184998347	0.149241950880577	0.213707408953252
"hsa-miR-25-3p"	0.976583308822502	11.0426336142034	9.37979591353498	0.00219389975574061	0.00620963439636524
"hsa-miR-25-5p"	-0.0451064676614257	5.08282840706414	0.00997081660118937	0.920460255178743	0.937900554750551
"hsa-miR-2682-3p"	0.979462749034345	4.20678590129759	2.1599192648158	0.141652132828913	0.205884781649231
"hsa-miR-2682-5p"	0.871673001702261	5.78746764994543	2.79137738455822	0.0947727346521607	0.146082813922439
"hsa-miR-26a-1-3p"	0.928600052824044	3.14130470458517	1.19327179999055	0.274670587555845	0.353565330789971
"hsa-miR-26a-2-3p"	0.00964528110652214	5.0312670866772	0.000515400086626983	0.981887641715391	0.983920535383539
"hsa-miR-26a-5p"	-0.137784382362032	14.0866073467058	0.242159649209896	0.622650635188055	0.688043167650727
"hsa-miR-26b-3p"	2.24558204555521	5.03086744853729	27.9351387474564	1.25450759917408e-07	9.9537980000042e-07
"hsa-miR-26b-5p"	0.880657820745188	10.6181027363598	7.02959124336957	0.00801736509398857	0.0179648365994929
"hsa-miR-27a-3p"	1.0470746080316	12.5381671932348	7.18588239266694	0.0073479407589157	0.0166967292362216
"hsa-miR-27a-5p"	0.257549724015761	6.96494067487909	0.730112949546262	0.392846579599798	0.47144452399299
"hsa-miR-27b-3p"	-1.04121315062317	13.7226610069362	8.86642471864694	0.00290463463378798	0.00787923704155871
"hsa-miR-27b-5p"	-1.38244978335447	6.5389103756029	12.2178952117686	0.000473333001633903	0.00163637980564864
"hsa-miR-28-3p"	-0.0240792115687457	12.3288374638563	0.00779234313657184	0.929658704912377	0.943301495131217
"hsa-miR-28-5p"	1.67486504387831	9.22348549837794	18.5332783569793	1.66963541079835e-05	8.1626620083475e-05
"hsa-miR-296-3p"	-3.10142424187008	3.37224168284232	17.7611954294867	2.50439390336036e-05	0.000115440633259659
"hsa-miR-296-5p"	-2.89733866644349	3.44250613658284	23.6627981368928	1.14780029072832e-06	6.94419175890632e-06
"hsa-miR-299-3p"	-0.86741897677154	4.90624105283632	1.40746103225015	0.235478333978061	0.31483843548448
"hsa-miR-299-5p"	-3.5559134168353	4.15386365973912	38.8524142609112	4.57088256153048e-10	6.14529766605764e-09
"hsa-miR-29a-3p"	-1.77043732305764	13.0206574261119	50.9001363327665	9.71868359528183e-13	1.88153714404656e-11
"hsa-miR-29a-5p"	-0.278581140813587	5.7620644765832	0.651187546757667	0.419688420357994	0.49685622484467
"hsa-miR-29b-1-5p"	-0.891081513201747	4.06827727115687	3.45455126996129	0.0630778544193765	0.104912994979307
"hsa-miR-29b-3p"	-1.96832316378867	9.0297558388019	29.7129097020601	5.01000659204873e-08	4.33007712598497e-07
"hsa-miR-29c-3p"	0.306056826510621	8.31977394386135	0.857994122574826	0.354300631531512	0.43633970906171
"hsa-miR-29c-5p"	1.73739146316617	4.45966915468724	12.5845584887446	0.000388946905202882	0.00136413262404489
"hsa-miR-301a-3p"	2.33196916516225	8.18115725001888	16.0035817610112	6.32227606357935e-05	0.000268419439892316
"hsa-miR-301a-5p"	-0.605986489215625	2.88159459247512	1.08708554869726	0.297117860332682	0.37547008981989
"hsa-miR-301b-3p"	2.78185570737943	7.29037806717943	24.5309809451358	7.31245652027193e-07	4.59640124131378e-06
"hsa-miR-302a-5p"	-6.62419792548888	2.17499141180468	39.9179190239197	2.64862187501038e-10	3.8846454166819e-09
"hsa-miR-30a-3p"	1.05184766216577	8.70637788741599	7.7874670889197	0.00526099001826506	0.0128132494639568
"hsa-miR-30a-5p"	1.10269483330617	14.3400020337242	7.20824132357786	0.00725695689476273	0.0165677695144583
"hsa-miR-30b-5p"	1.05475805535753	8.96522811883223	8.29941923292844	0.00396577585502697	0.0101557434594342
"hsa-miR-30c-1-3p"	0.289967262600878	4.16324622200869	0.467065902908224	0.494340096207657	0.572393795608866
"hsa-miR-30c-2-3p"	-0.115654195890855	5.82171452916925	0.119784794534104	0.729268014487588	0.77745753086342
"hsa-miR-30c-5p"	0.39888744263138	11.4174048165727	1.31245164167034	0.251951251610885	0.331370667879534
"hsa-miR-30d-3p"	1.49887030021179	5.64072602515372	8.50068183547652	0.00355013421262606	0.00933839651582071
"hsa-miR-30d-5p"	0.812902935309501	11.8987902889771	7.40548696442406	0.00650252398038589	0.0152039691135593
"hsa-miR-30e-3p"	1.59479695522189	6.57762608363393	13.3191708573213	0.000262706317665481	0.000978075828846867
"hsa-miR-30e-5p"	0.696910472973635	11.8487987001213	3.07127369143436	0.0796870149617735	0.127288829179863
"hsa-miR-31-3p"	0.304963701845658	7.65238102417043	0.947007271515649	0.330482242251877	0.410136936538227
"hsa-miR-31-5p"	-1.15513968032669	13.1442484972441	18.7690817531587	1.47539690604484e-05	7.28665410740511e-05
"hsa-miR-3117-3p"	-0.469727407019187	3.63683764967367	0.21288295039334	0.644517100334064	0.707361171341694
"hsa-miR-3129-3p"	-0.548094133059211	2.91803871075455	0.629500350563456	0.427538647815689	0.503476169203877
"hsa-miR-3152-5p"	0.513251205833137	4.45570753978138	0.79258763674531	0.373318826133266	0.455129248988667
"hsa-miR-3158-3p"	0.532290931826004	4.16047573022077	1.1313987435206	0.287477180948986	0.367121254826673
"hsa-miR-3168"	-2.22679579268186	3.9509469477473	12.0572196769631	0.000515921807845106	0.00174619688809113
"hsa-miR-3174"	2.47600916582459	2.69216303800813	7.69388579014093	0.0055408204753318	0.0132106261579339
"hsa-miR-3176"	1.2747024438217	4.91630428802669	8.29958906585159	0.00396540501086187	0.0101557434594342
"hsa-miR-32-3p"	2.48172903234516	2.69567329322392	6.02634890243151	0.0140938564495786	0.0290273469004087
"hsa-miR-32-5p"	2.41350120881612	3.69697452736187	6.59363689964999	0.0102343883790285	0.0216307597181214
"hsa-miR-3200-3p"	1.27979944679266	4.81918372612048	5.18717495773614	0.022754175500853	0.0442531612169247
"hsa-miR-320a"	0.235044333857035	10.8689239474905	0.292500049676345	0.588622876014862	0.658185215415111
"hsa-miR-323a-3p"	-0.893035018377175	5.01276315606078	2.96656422402236	0.085002209392158	0.133190060402824
"hsa-miR-323b-3p"	-0.811833271274008	4.31281759364545	1.22065519110711	0.269232108823767	0.348418023183698
"hsa-miR-324-3p"	0.245841270460818	5.78203244869778	0.493431302914062	0.482400658451784	0.55990867791526
"hsa-miR-324-5p"	1.50917318500203	4.83900480729964	12.0950150531022	0.000505568069789963	0.00173542514736413
"hsa-miR-326"	5.1710250417234	6.97649347061017	54.8512547399222	1.30005739142425e-13	2.73577294543189e-12
"hsa-miR-328-3p"	-0.852018961281974	5.4727474766727	3.39957863287177	0.0652130758120159	0.10809290648293
"hsa-miR-329-3p"	-2.40435151164573	5.08461420350423	16.7720859088957	4.21487921008787e-05	0.000183783922313741
"hsa-miR-330-3p"	0.225080447304237	4.93879489024021	0.237169761889307	0.626257776612774	0.690452765103833
"hsa-miR-330-5p"	2.8446539091286	6.33254417471126	24.9851683185495	5.77730304173594e-07	3.77866847594621e-06
"hsa-miR-331-3p"	1.36283390064191	9.15344720999992	12.0062615268324	0.000530221087425928	0.0017821319882927
"hsa-miR-331-5p"	0.962069682300638	4.35156866885802	4.92903333323104	0.0264090866597078	0.0503228265484195
"hsa-miR-335-3p"	-2.19152728916513	7.40209189709406	6.55438981948214	0.0104625711428059	0.0220168888396436
"hsa-miR-335-5p"	-3.57352376380063	5.9864074984913	22.856916874371	1.74520143063868e-06	1.03009450296234e-05
"hsa-miR-337-3p"	-1.95430527619537	5.2432083222669	13.7314801646816	0.000210889913268481	0.000797427484546445
"hsa-miR-337-5p"	-2.01676454556955	3.53476597886233	11.3055547299354	0.000772755575104611	0.00246061643651731
"hsa-miR-338-3p"	8.74685510106803	5.30239384057205	24.4836768052211	7.49420608451947e-07	4.65025095500952e-06
"hsa-miR-338-5p"	6.66718294347592	3.43331374981326	25.2926309874292	4.92587050523061e-07	3.31127961740502e-06
"hsa-miR-339-3p"	0.177627699335387	7.45398611587568	0.312620184748642	0.576076768486297	0.648421292900855
"hsa-miR-339-5p"	-0.475127366711766	7.31073664530256	1.75734535063807	0.184955977743103	0.25503901204462
"hsa-miR-33a-3p"	2.62275802347861	2.93548910780512	9.95239388129576	0.00160640371693709	0.00462797261308066
"hsa-miR-33a-5p"	-0.108184186157618	5.38460834467635	0.0393668359674173	0.842723687143194	0.865983576597253
"hsa-miR-33b-3p"	-0.547522144611002	3.64398799537469	0.831717037364154	0.361776499235105	0.443290697796938
"hsa-miR-33b-5p"	-1.25063119943161	4.67444255091447	9.12120534651882	0.00252663430623751	0.00706873412843326
"hsa-miR-340-3p"	1.030036935098	4.63925202610587	4.79342439614441	0.0285685751185615	0.0535937610751309
"hsa-miR-340-5p"	1.30598941483988	8.86086346428515	7.7036226309462	0.00551101093807336	0.0132046004654827
"hsa-miR-342-3p"	1.18260714270003	7.87243958047322	11.860181982612	0.000573469401273906	0.00191420131183842
"hsa-miR-342-5p"	-0.262540416976706	3.19790413501637	0.32329108913096	0.569636501317745	0.642666821999507
"hsa-miR-345-5p"	1.51710197578086	10.0596149880536	21.9584421362585	2.78618598594071e-06	1.60537382999441e-05
"hsa-miR-34a-3p"	1.27931297507543	4.54282032983916	7.04966295582529	0.00792801674867826	0.0178472563086525
"hsa-miR-34a-5p"	1.03906668919204	9.48144248818981	8.20483467136203	0.00417789156436544	0.0105570659532598
"hsa-miR-34b-5p"	-5.24212948720558	2.92381648159035	59.4991333585226	1.2234799041786e-14	3.11665407169707e-13
"hsa-miR-34c-5p"	-3.42777976602512	5.77293740215674	16.8782888216887	3.98548568540513e-05	0.00017697019006753
"hsa-miR-3605-3p"	-0.141897634667376	3.47577897251183	0.127308705561782	0.721238949513796	0.775440280745662
"hsa-miR-3605-5p"	-0.237834041460453	3.42618917983559	0.199060143680526	0.655480542811204	0.714532843965367
"hsa-miR-3607-3p"	1.95026985389188	5.53247479209173	24.6731524609973	6.79238235527979e-07	4.32567507888871e-06
"hsa-miR-361-3p"	-0.974898517798358	7.81495948259336	8.44734822318239	0.00365576096076733	0.00951284034952358
"hsa-miR-361-5p"	0.576507996532106	7.90673453237544	3.36487573971834	0.0666006082903871	0.110016021885827
"hsa-miR-3613-3p"	0.0624098692958958	2.69050547016207	0.00428619657255425	0.947800547580462	0.955698885476966
"hsa-miR-3613-5p"	0.775567218479014	4.18718595557432	1.64304852544518	0.199907710960867	0.27178464074455
"hsa-miR-3615"	1.4854169187424	3.55922173658233	5.28743251873009	0.0214798655546099	0.0420901009248226
"hsa-miR-362-3p"	-1.56025296167245	2.6925521448044	3.32559486711385	0.0682093349740038	0.111471765130669
"hsa-miR-362-5p"	0.103505998476589	4.38685625521216	0.0320761950265389	0.857860530061601	0.877810774946754
"hsa-miR-3651"	1.23957876296509	3.0194197111118	2.62853777857404	0.104958333484824	0.159747903794511
"hsa-miR-365a-3p"	-0.698765053597867	6.65269436486666	5.46865277715836	0.0193605443450998	0.0384037027173291
"hsa-miR-365b-3p"	-0.655443144933802	6.63800023852339	4.62646885641504	0.0314822942431851	0.0577175394458394
"hsa-miR-365b-5p"	-0.302222065298204	3.70190070275868	0.374281473514118	0.540679697693344	0.617190975668817
"hsa-miR-3661"	0.480271489731911	4.1475573782732	1.08956124897993	0.296568442344401	0.37547008981989
"hsa-miR-3677-3p"	0.458367146490413	4.11452916244095	0.460068227677711	0.497592088610485	0.574784178729056
"hsa-miR-3688-3p"	1.53974738444087	2.22232316071866	1.52219122758158	0.217288196129129	0.292131908129162
"hsa-miR-369-3p"	-1.23569328113883	5.26648052709653	3.98793620620309	0.0458271629271159	0.0793753370487009
"hsa-miR-369-5p"	-2.05151172448598	5.0750302843741	12.0786856132097	0.000510015406497773	0.00173836237144311
"hsa-miR-370-3p"	-2.24660641780735	5.86493400081453	11.5286304669572	0.000685324827456993	0.00224649937833565
"hsa-miR-370-5p"	-2.40971523649629	2.099389385253	7.25774866554124	0.00705957356268836	0.0161935241911904
"hsa-miR-374a-3p"	1.68391883850768	8.01482596659648	7.45776909395037	0.00631632375798202	0.0148576982953585
"hsa-miR-374a-5p"	0.656296799579702	6.04413908265872	2.42641647809667	0.119305355840051	0.177673206851029
"hsa-miR-374b-3p"	1.86729621149138	4.36227400332882	8.44749344895274	0.00365546904499424	0.00951284034952358
"hsa-miR-374b-5p"	2.04128699711382	5.76690648836223	15.91207600469	6.63539990646751e-05	0.00027926378736785
"hsa-miR-376a-3p"	-3.08607397052546	4.97220655741385	30.7599939509316	2.91996098820876e-08	2.77110023194714e-07
"hsa-miR-376a-5p"	-1.68216790224658	4.66553089488253	5.38898432883194	0.0202642624955129	0.0398695245846676
"hsa-miR-376b-3p"	-2.79963919797871	4.69549319115184	31.4713783875095	2.02401821095962e-08	2.01421189795599e-07
"hsa-miR-376c-3p"	-2.2105199682081	6.34213364643632	19.311352745963	1.11044141197655e-05	5.7175919510282e-05
"hsa-miR-377-3p"	-1.78557292372492	3.46667286956839	10.9223275175491	0.000950121642869341	0.00289219418332554
"hsa-miR-377-5p"	-2.89698400250888	4.85036531929372	53.1894907713222	3.0287484720421e-13	6.1079760852849e-12
"hsa-miR-378a-3p"	2.066502167662	10.249051428548	27.1890242203402	1.8450313528058e-07	1.39530496055939e-06
"hsa-miR-378a-5p"	3.30951372485787	3.38362817496963	10.928148933113	0.000947140807034488	0.00289219418332554
"hsa-miR-379-3p"	-1.14922054018213	4.28421480709693	2.1284187360559	0.144589847594258	0.208278232844109
"hsa-miR-379-5p"	-3.44350042222641	4.39374943221755	99.2750166365806	2.19762967587873e-23	1.18183640347256e-21
"hsa-miR-380-3p"	-0.819573526016667	3.77924512650398	1.23584396045517	0.266273529938378	0.345513105871783
"hsa-miR-381-3p"	-0.263649608261981	9.01841589979617	0.120952838296645	0.728003348566852	0.77745753086342
"hsa-miR-382-3p"	-1.68365997820057	3.6414000298717	14.11015672999	0.00017241031743924	0.00067842759057392
"hsa-miR-382-5p"	-2.28805309121254	5.55795231722542	24.356746134967	8.00459308485427e-07	4.90407981401198e-06
"hsa-miR-3909"	-0.493127327075457	4.92480037180993	2.24169448386241	0.134333698842269	0.196427523382653
"hsa-miR-3940-3p"	0.831091928484812	3.10119332394229	1.18340189586165	0.276664523805201	0.355187346211452
"hsa-miR-409-3p"	-2.16867532238834	10.3344810016115	20.6602257039016	5.48434966404372e-06	3.01639231522405e-05
"hsa-miR-409-5p"	-1.77270944715436	7.81938871418725	4.76214800942407	0.0290922202279805	0.0543653845186972
"hsa-miR-410-3p"	-0.633493975015034	8.36141347761688	0.69749368876094	0.403627134788563	0.48007792831083
"hsa-miR-411-3p"	0.310327197688869	4.39902283404223	0.131304143321286	0.717083672335565	0.772981063274862
"hsa-miR-411-5p"	-1.25603147780318	9.46536266739911	3.23410314348995	0.0721197811163286	0.116742388161549
"hsa-miR-412-5p"	-5.51151591357836	3.27546938709993	97.2605234511652	6.0780114711521e-23	2.67432504730692e-21
"hsa-miR-421"	1.73153916209552	7.97591793302129	14.5273025351123	0.0001381428985563	0.000548042318862698
"hsa-miR-423-3p"	0.466001716698537	11.9439820634456	3.01780638151434	0.0823547930462862	0.130260522334649
"hsa-miR-423-5p"	-0.4621921764188	11.1272853224931	2.14476044147882	0.143057365220021	0.207304684929612
"hsa-miR-424-3p"	-1.40049014778268	5.60874992542661	10.0595703150336	0.00151558570123117	0.00439415767091952
"hsa-miR-424-5p"	-0.28252722914005	7.13623543336515	0.338666379640337	0.560600026187703	0.635334001191812
"hsa-miR-425-3p"	0.600668654912992	4.4496546237324	1.33206222029025	0.248438677792235	0.32764119905025
"hsa-miR-425-5p"	1.15164005423147	7.96165549957231	16.4873744883172	4.89751183055181e-05	0.00021164247553456
"hsa-miR-431-3p"	-2.17006772502059	4.55878042886033	11.1578393387087	0.000836773225756524	0.00259614257221896
"hsa-miR-431-5p"	-0.972128519123025	6.36461172637824	1.52631795025755	0.216665896999243	0.292106668934913
"hsa-miR-432-5p"	-2.55295878503648	6.03675945814664	22.2703952394477	2.36829859987535e-06	1.38103195462611e-05
"hsa-miR-4326"	-0.514211249138782	5.14016289731516	1.13244643033962	0.287254111886786	0.367121254826673
"hsa-miR-433-3p"	-1.58935775205354	3.09108544470672	4.29973799560856	0.0381182450491143	0.0680783417113334
"hsa-miR-450a-5p"	0.743004914349258	6.34187275482346	2.04127476500284	0.153081313168051	0.217915751686284
"hsa-miR-450b-5p"	0.491757627434421	7.32582668927904	0.738415430216007	0.390168945572751	0.470759396578739
"hsa-miR-452-3p"	0.625041250779576	4.75245982028187	1.43728946264718	0.230578468389072	0.309141215236318
"hsa-miR-452-5p"	-0.161438150012054	7.01876952924934	0.0891970329143259	0.765200454475111	0.799906307690738
"hsa-miR-4521"	-0.974080836324936	5.1404710724172	2.59755217697195	0.107028906857264	0.162388686266194
"hsa-miR-454-3p"	1.31054296127934	7.13638172046842	11.157886537367	0.000836751937011717	0.00259614257221896
"hsa-miR-454-5p"	0.896820454605383	4.77918210032698	3.53232513597606	0.0601833347152884	0.100791467135639
"hsa-miR-455-3p"	2.43865518883498	8.01869391713632	19.8428827205488	8.40751847537518e-06	4.52137660231288e-05
"hsa-miR-455-5p"	1.34902787960161	7.65550539543287	11.2188595897487	0.000809702363651224	0.00254477885718956
"hsa-miR-4636"	-5.62605555158393	1.66071607984148	27.6792854783078	1.43187812912872e-07	1.10004605475921e-06
"hsa-miR-4645-3p"	2.12979224777884	3.87226576957315	18.4689973674282	1.7269075277155e-05	8.358232434143e-05
"hsa-miR-4661-5p"	2.00454265561573	2.39806645921298	0.924177046640159	0.33638060112548	0.416389286303663
"hsa-miR-4662a-5p"	1.53195197493074	2.55411606028671	2.18012193918697	0.139803384735286	0.203809753650236
"hsa-miR-4677-3p"	-0.107961670083305	5.59769288632281	0.102561675363411	0.748776914136071	0.791036724445071
"hsa-miR-4746-5p"	1.03303518130946	2.93971693889617	0.901636259405795	0.342343348466174	0.4226892363715
"hsa-miR-4775"	-0.308338698432023	5.16465933477134	0.247093474402952	0.619129128100581	0.687290133029086
"hsa-miR-483-5p"	4.40274536709041	1.85313300868312	4.66634275967363	0.0307593624335594	0.0568226389993999
"hsa-miR-484"	0.31545704674433	10.2343693640342	1.24124719174852	0.265230824887748	0.345513105871783
"hsa-miR-485-3p"	-1.62680038662154	5.29700963783901	9.03737301337548	0.00264515469099058	0.00731574211679679
"hsa-miR-485-5p"	-4.38792301856957	5.77280901086178	101.260746101409	8.06380574174581e-24	4.87860247375622e-22
"hsa-miR-486-3p"	-2.72946039538698	2.93476383547391	6.71900088553243	0.00953910509676914	0.0205196749637167
"hsa-miR-486-5p"	-1.31066896162316	7.82147526277185	4.02778572616233	0.0447566473384229	0.0782029505841036
"hsa-miR-487a-3p"	-0.361852503389955	3.38008491214641	0.242243089252815	0.622590710893452	0.688043167650727
"hsa-miR-487b-3p"	-2.12466478426851	6.8482275902184	13.049892613326	0.00030330179741292	0.0011205959538004
"hsa-miR-490-3p"	-7.13066767816439	2.50461886686569	29.4028410612562	5.87913907405734e-08	4.90604019283405e-07
"hsa-miR-493-3p"	-3.54006971818206	5.65469156292754	26.8005302787842	2.25575430752783e-07	1.6055663012404e-06
"hsa-miR-493-5p"	-2.5679089024581	4.79390543193797	19.6784352344467	9.16295794236752e-06	4.82051265663682e-05
"hsa-miR-494-3p"	-1.15656985630788	5.64862504724409	3.9254365969942	0.0475608392058087	0.081588646522382
"hsa-miR-495-3p"	-2.88066313109353	5.65314863939376	61.281584918154	4.94685658224572e-15	1.49642411612933e-13
"hsa-miR-496"	-3.99586281531692	3.98763388851612	56.4115396019376	5.87843651840491e-14	1.35483965471808e-12
"hsa-miR-497-5p"	4.90621636384388	8.54176600948572	42.3342083508201	7.69350364478783e-11	1.20117927873462e-09
"hsa-miR-500a-3p"	-0.884113735369125	9.63133636975352	7.08586781791892	0.0077694186006965	0.0175719560875566
"hsa-miR-500b-3p"	0.0666338324833212	2.8344941601483	0.00920627304331845	0.923560819264041	0.939082849839908
"hsa-miR-501-3p"	-0.825365651761028	8.63835596179447	2.1325672593042	0.144199066931998	0.208278232844109
"hsa-miR-501-5p"	0.937046013973604	4.30961665185724	4.22541466095612	0.0398228875812026	0.0706017494113629
"hsa-miR-502-3p"	-0.834448952404591	5.73430455576872	3.32092989751279	0.0684031286029106	0.111471765130669
"hsa-miR-502-5p"	-0.534916124097925	2.87537330161	0.599958088010231	0.438594017850098	0.513993957964764
"hsa-miR-503-5p"	-0.732109257035976	4.4724707996426	2.39307570365123	0.121873634792598	0.180941224661403
"hsa-miR-504-5p"	-3.58172745807772	2.07333985550891	7.71737976396211	0.00546917170088615	0.0131695477772582
"hsa-miR-505-3p"	2.28670492319193	7.48648186095779	28.3946286336793	9.89394399406381e-08	8.11638795445234e-07
"hsa-miR-505-5p"	0.728771923004712	3.38132406009602	2.24229710915188	0.134281363288412	0.196427523382653
"hsa-miR-515-5p"	3.8783363456287	1.61863230670327	2.29417057795299	0.129860564711613	0.191216742363423
"hsa-miR-532-3p"	-0.490216212828803	6.11827697777814	1.02844360828132	0.310524499826176	0.389672568956284
"hsa-miR-532-5p"	-1.21012420447904	9.48117487894905	16.8403134523226	4.06603260370051e-05	0.000178905434562823
"hsa-miR-539-3p"	-1.01441203552866	5.68095090481308	1.89056163915271	0.169138587936382	0.236598487171124
"hsa-miR-539-5p"	-2.20752823162896	3.26285141390658	11.5448746453785	0.000679362806910506	0.00224649937833565
"hsa-miR-541-5p"	-3.41830457687028	2.33480149177946	21.8468615461953	2.95299202507053e-06	1.68146840015781e-05
"hsa-miR-542-3p"	-0.843729550579331	5.21522446251323	2.96598801133352	0.0850324972406459	0.133190060402824
"hsa-miR-542-5p"	-1.64577427954743	3.47388207220681	7.3357647019628	0.00675959165200688	0.0157290498056314
"hsa-miR-543"	-2.84108004655071	4.96371847864105	32.5362855132909	1.1698776800599e-08	1.28777645371856e-07
"hsa-miR-548ar-3p"	4.53387485002152	1.97479588123739	4.44731123187677	0.0349562433451263	0.0628952482492235
"hsa-miR-548e-3p"	-0.430739946583912	5.61615781622454	1.9729642423847	0.160133575581953	0.225961080413019
"hsa-miR-548e-5p"	1.3749773602287	3.86831011487061	6.82120048165242	0.00900819950644003	0.0197283645299411
"hsa-miR-548h-5p"	0.681816641010281	2.46600304873012	0.292173605246644	0.588830988170957	0.658185215415111
"hsa-miR-548k"	0.578822900138829	6.5347013764652	3.07863605084157	0.0793270251387474	0.127133378036933
"hsa-miR-548n"	1.75727523866456	2.94086392148972	4.85247115509376	0.0276065544665084	0.0521115517330492
"hsa-miR-548o-3p"	2.4997284646298	4.85339457790045	14.7178838272872	0.000124856372396534	0.000503587368666022
"hsa-miR-548s"	1.97061502646461	2.36544836670954	3.34506507215504	0.0674068134425464	0.110969039816981
"hsa-miR-549a"	-6.10276533060078	2.44768261668576	55.6116733070491	8.82977466071236e-14	1.94255042535672e-12
"hsa-miR-549a-5p"	-9.55552175382825	4.54047345367259	250.654354889142	1.86975690231105e-56	4.52481170359275e-54
"hsa-miR-550a-3p"	0.18089042967211	3.88792787785402	0.0638002742664998	0.800587251855813	0.83151122295754
"hsa-miR-550a-5p"	0.118170185725001	4.01322791218686	0.0404451799406811	0.840612664270199	0.865983576597253
"hsa-miR-551a"	5.86729667401724	2.7902635277917	8.18546038686983	0.0042227460482247	0.0105570659532598
"hsa-miR-556-5p"	5.49599957601041	2.54303136430749	11.0036444174136	0.000909329134443566	0.00280328217242475
"hsa-miR-561-5p"	1.89028524030104	6.88649281394694	11.4430416022565	0.000717622266225863	0.00231552784568878
"hsa-miR-5690"	5.1872655444114	2.33452754563997	11.4975425656985	0.000696882645268827	0.00226369933094035
"hsa-miR-574-3p"	-0.625851273924628	9.46646630002236	4.98416381091473	0.0255803449061575	0.0489363119943883
"hsa-miR-574-5p"	-1.05896562397722	4.28438615690858	7.7849730970097	0.00526825752753596	0.0128132494639568
"hsa-miR-576-3p"	1.5726427997145	3.0498196324566	6.77740145922893	0.00923191944868107	0.0199475402373287
"hsa-miR-576-5p"	1.37784206886857	5.29348345376494	7.74515790473874	0.00538567511354916	0.013033333774789
"hsa-miR-582-3p"	4.23991200236242	7.33908403878134	30.553058320097	3.24859368034865e-08	3.0236910409399e-07
"hsa-miR-582-5p"	5.73733949518	6.3989015495118	35.703407222496	2.29761814843128e-09	2.85140303548907e-08
"hsa-miR-584-5p"	0.810044098701953	7.4992551519091	3.14592424708447	0.0761168660677812	0.122393897597362
"hsa-miR-585-3p"	-4.93322712305767	2.1017758463251	31.7887952627465	1.71881459172787e-08	1.77001332424742e-07
"hsa-miR-589-3p"	2.73202734006369	5.60136677717875	25.4963434843865	4.43222117525354e-07	3.02140147721509e-06
"hsa-miR-589-5p"	-0.285770360797595	7.77735808101807	0.511549442052715	0.474468882677634	0.552026296192248
"hsa-miR-590-3p"	0.948726304625828	5.87114563781604	4.02932807383369	0.0447157469343012	0.0782029505841036
"hsa-miR-598-3p"	2.76374525448904	4.69432387979876	18.1403376658718	2.05208005484932e-05	9.73732104457914e-05
"hsa-miR-605-3p"	-4.79538661871226	2.75557402372311	25.5634125365597	4.28079974974321e-07	2.95986725553673e-06
"hsa-miR-605-5p"	-2.28913840440863	2.06567407045837	8.72848754270954	0.00313276257950781	0.00837711098608719
"hsa-miR-615-3p"	-5.30693596738831	2.81977147431233	10.2313594196999	0.00138072863472073	0.00405013732851413
"hsa-miR-616-5p"	-1.50426060377379	3.54144236153525	8.22558471436496	0.00413038953866964	0.0105216238774532
"hsa-miR-624-5p"	1.89725341459521	3.05381489858903	8.3226083210754	0.0039154656428796	0.010134146369806
"hsa-miR-625-3p"	-1.48833803001933	5.94544740320412	12.7900284449831	0.000348471820612745	0.00125865941176544
"hsa-miR-625-5p"	-1.78787189151592	5.62850322881349	23.579927895598	1.19831016070266e-06	7.1602730590134e-06
"hsa-miR-628-3p"	0.549407032947577	3.05223673398336	0.592477257545058	0.441462774254014	0.516106238499862
"hsa-miR-628-5p"	0.747034860805817	3.7885004828813	2.03141603683821	0.154076992838613	0.218689925319321
"hsa-miR-629-3p"	0.459546184180609	3.07242062009027	0.727238906803678	0.393779632916012	0.47144452399299
"hsa-miR-629-5p"	-1.13685857625177	5.35189088014628	4.66826360721799	0.0307249767253786	0.0568226389993999
"hsa-miR-641"	-0.134416494944666	4.56065976760698	0.0907108174330755	0.763275435992298	0.799906307690738
"hsa-miR-6511a-3p"	5.53945520278672	2.60244811372425	15.1230807898899	0.000100724264390564	0.0004131402030935
"hsa-miR-652-3p"	1.457952148302	5.87133399517124	18.1435061643907	2.04866848954477e-05	9.73732104457914e-05
"hsa-miR-652-5p"	1.75468996874697	3.18598677221895	6.93763452619056	0.00844006557096938	0.0187384942034366
"hsa-miR-654-3p"	-1.85788025227848	10.0395530011728	9.0475720717626	0.00263043905039392	0.00731574211679679
"hsa-miR-654-5p"	-4.30768199433526	4.25097810966045	90.6584539250806	1.70740972472779e-21	6.88655255640207e-20
"hsa-miR-655-3p"	-1.40661692629123	2.82279604762512	3.52613037741697	0.0604086200133097	0.100819903746351
"hsa-miR-656-3p"	-2.1109139880899	4.20047422810419	10.7072827239539	0.00106714641085473	0.00322811789283554
"hsa-miR-659-5p"	0.12857438003509	2.91168729133107	0.0394330515966033	0.842593200149607	0.865983576597253
"hsa-miR-660-5p"	-1.37824256237407	8.66692937383004	26.8027186232427	2.25320133341263e-07	1.6055663012404e-06
"hsa-miR-664a-3p"	1.22544677447693	4.39808812475757	3.03956576638798	0.0812576506902961	0.12894656699706
"hsa-miR-665"	-2.35266351251857	5.01056873753352	13.9530946719992	0.000187428858443016	0.000725724539891357
"hsa-miR-668-3p"	-4.2388543201715	2.44786807058623	30.9275581943733	2.6784135587578e-08	2.59270432487755e-07
"hsa-miR-671-3p"	-0.721934846755889	7.55104303080353	8.18168171273651	0.00423155122919917	0.0105570659532598
"hsa-miR-671-5p"	0.406256552674826	5.54284135212668	1.25171204665612	0.263225737418123	0.344327721379383
"hsa-miR-6716-3p"	0.737896348155345	2.97186343379009	1.005804127107	0.315910142975217	0.393060434961452
"hsa-miR-6852-5p"	-2.11240396394924	2.16501152559748	7.01267638552596	0.00809346019512347	0.0180517729697685
"hsa-miR-7-1-3p"	0.190241088143097	4.0757222024429	0.214048435584661	0.643612618676978	0.707361171341694
"hsa-miR-7-5p"	-1.04315461135831	5.82462430471778	3.00428591359065	0.0830445631527235	0.130923676110483
"hsa-miR-708-3p"	-6.88449002418121	4.94147090310171	27.7068729252032	1.41160298663553e-07	1.10004605475921e-06
"hsa-miR-708-5p"	-6.93528701046787	5.10995579419983	24.9365918607202	5.92471451964439e-07	3.82341577001051e-06
"hsa-miR-744-3p"	1.60007454392424	3.78288646267105	6.60532432956738	0.0101674282861537	0.021583488116221
"hsa-miR-744-5p"	0.350030085428656	8.29978447643009	1.65871993986593	0.197776243656542	0.269644230788075
"hsa-miR-758-3p"	-0.50112212575888	6.12981001390682	0.363963507484744	0.546313202532893	0.620693873300283
"hsa-miR-758-5p"	-2.87130088510835	2.49115780039922	19.7550678596921	8.80279638553608e-06	4.68192686879062e-05
"hsa-miR-760"	1.36205624907754	2.64225186935095	3.56415639401663	0.059039732742697	0.0995502673524187
"hsa-miR-766-3p"	2.35439961969421	4.67652373361281	15.7929416586458	7.06656398029173e-05	0.000292326236449675
"hsa-miR-769-3p"	1.15248889833958	2.90723749154558	2.46614047256254	0.116323243746637	0.174304798679172
"hsa-miR-769-5p"	0.764365339062592	10.1062021832141	8.60526705139715	0.00335192216177458	0.00891390289175219
"hsa-miR-7705"	2.08310290355112	3.19103252889428	9.85932538267886	0.00168973055340138	0.00483922833045129
"hsa-miR-7706"	-0.0927674498904285	5.86380601020437	0.090001406357759	0.76417536773733	0.799906307690738
"hsa-miR-7974"	0.85315368358395	6.58892462665461	2.44307414621115	0.118044683580818	0.176338354484925
"hsa-miR-7976"	0.705148480354661	3.85757026219487	1.02247609403826	0.311932391876929	0.390116996559259
"hsa-miR-874-3p"	4.45272961579208	7.68890048166567	39.7660435259453	2.86279293604192e-10	4.0752699442479e-09
"hsa-miR-874-5p"	7.30051525591935	3.97374586723504	37.1737689299501	1.08057573001233e-09	1.37631224559466e-08
"hsa-miR-877-5p"	1.47184276585154	6.35255894470364	17.8981714305753	2.33044913691546e-05	0.000109508483715251
"hsa-miR-887-3p"	2.02154098803639	7.08590415772641	26.8253059131074	2.22701908156011e-07	1.6055663012404e-06
"hsa-miR-887-5p"	1.52143486669363	4.55613782831296	7.56478474005474	0.00595197628973135	0.0141213555109312
"hsa-miR-889-3p"	-0.309031497246698	6.3604424049766	0.208205109043673	0.648177873108294	0.708167247368881
"hsa-miR-92a-1-5p"	1.33346083100404	4.19850345672303	7.80278422753147	0.00521657932991522	0.0128132494639568
"hsa-miR-92a-3p"	0.790097171211452	14.9846590279597	6.23882709321651	0.0124979218712191	0.0259613484363521
"hsa-miR-92b-3p"	-0.672375837129027	11.9308702846659	4.63871723697195	0.0312583587519541	0.0575248883496038
"hsa-miR-92b-5p"	-1.32874386909175	2.99028618063343	2.93942475383164	0.0864415124305049	0.134960296826982
"hsa-miR-93-3p"	1.00544776403067	5.27561887452459	9.71810473067931	0.0018246157976557	0.00519478850626681
"hsa-miR-93-5p"	1.88435227908997	9.8724966863844	38.5321759944639	5.38583948199343e-10	7.04526029536438e-09
"hsa-miR-935"	0.621024991000052	6.99979059237913	2.6696620094316	0.102277741890492	0.156653250237335
"hsa-miR-937-3p"	0.960256235777698	2.80841457513585	2.10546667162598	0.146773558942393	0.210796446670974
"hsa-miR-939-3p"	-2.79567348766083	1.82435314894646	5.59830339679017	0.0179778791151596	0.0361049522478723
"hsa-miR-940"	0.0734752030840772	5.12356437831944	0.0333675321439859	0.855058667480009	0.876797447161704
"hsa-miR-941"	0.559499121144284	8.21943838040604	1.82017697132799	0.177292212815371	0.245169802864684
"hsa-miR-941-3-5p"	0.554390213698395	5.93385809353745	1.75003810513022	0.185871942092281	0.255573920376887
"hsa-miR-942-5p"	0.960295740032161	4.07421455567017	5.82795864092774	0.0157734165660931	0.0320770320083575
"hsa-miR-98-3p"	1.22471115145089	4.97166824699109	4.00020357225467	0.0454947687145556	0.0792067196325357
"hsa-miR-98-5p"	0.0143097020419025	11.6603253531842	0.00195406109253327	0.964741185255472	0.968744260712964
"hsa-miR-99a-3p"	0.663882076256045	4.68800009148615	1.56973696663642	0.210245216638853	0.285038332922142
"hsa-miR-99a-5p"	1.76149960736176	9.50106330986857	13.7978275455341	0.00020357148674012	0.000779077327285125
"hsa-miR-99b-3p"	1.18661000288187	6.82688282079306	14.6505948515038	0.000129393800497529	0.000517575201990117
"hsa-miR-99b-5p"	0.522150387805257	14.7333603008259	0.697271906642356	0.40370189426138	0.48007792831083
