"logFC"	"logCPM"	"LR"	"PValue"	"FDR2"
"hsa-let-7a-2-3p"	-5.81048055724932	2.44291244782546	17.0693228402918	3.60397886200976e-05	6.30696300851707e-05
"hsa-let-7a-3p"	0.0260620091789872	5.39454902157303	0.00205588570241133	0.963834809670137	0.968090150993184
"hsa-let-7a-5p"	-1.52520642828877	15.4949999077837	13.1018325962335	0.000295007043778836	0.000462855879032311
"hsa-let-7b-3p"	-1.36499025893537	6.34783114436016	9.56127434273929	0.00198725105894916	0.00284747127802568
"hsa-let-7b-5p"	-1.39803678614763	12.2568881082052	10.3713856410521	0.00127983455306885	0.00187030982866033
"hsa-let-7c-5p"	-4.09073920680496	8.22368147509086	48.2451923942109	3.76119227765771e-12	1.48812390116022e-11
"hsa-let-7d-3p"	0.528548253807255	6.93849888927901	1.58382075672398	0.20821120162821	0.239838219597052
"hsa-let-7d-5p"	0.244263172875874	10.0501723606512	0.375174016661923	0.540197405352541	0.581150017129673
"hsa-let-7e-3p"	-3.0167011251695	3.0005307912561	12.5797871768328	0.000389941133355301	0.00059537991837806
"hsa-let-7e-5p"	-4.01876176176688	10.6352876425692	73.4026314818846	1.05725045214185e-17	7.40075316499293e-17
"hsa-let-7f-1-3p"	0.0864257877100373	3.58673660686287	0.020674207320805	0.885670025359574	0.901520943039388
"hsa-let-7f-2-3p"	1.30596939658877	3.6247475738528	1.99123557722127	0.15821174884042	0.185054873322343
"hsa-let-7f-5p"	0.490012282797736	14.7616302230986	1.41890174590287	0.233584254899268	0.266368009972849
"hsa-let-7g-3p"	4.69270417599751	4.96076756775773	45.0894624152083	1.88235565978052e-11	6.79739543809631e-11
"hsa-let-7g-5p"	3.22278646008793	14.4416356598852	56.5711968151592	5.41999671229328e-14	2.46609850409344e-13
"hsa-let-7i-3p"	2.77404180253408	7.00314532647618	35.5893041536819	2.43621532268746e-09	7.06036924727893e-09
"hsa-let-7i-5p"	-0.568268729019863	13.5052155377507	2.25009261343205	0.133606406092452	0.158309673885588
"hsa-miR-100-3p"	-11.686477760028	7.60729948858152	133.514769451252	6.97617843978304e-31	1.22083122696203e-29
"hsa-miR-100-5p"	-9.79805470434475	16.7919954304128	110.500651705855	7.61203792870923e-26	1.11725072824603e-24
"hsa-miR-101-3p"	3.9127905403727	13.1577431192461	39.7617117578465	2.86914938655032e-10	8.88070048217957e-10
"hsa-miR-101-5p"	5.17462690681128	5.08817685866169	44.549810127225	2.47967548350897e-11	8.74614220927584e-11
"hsa-miR-103a-3p"	0.809796584761186	11.7884506267695	4.23521406836062	0.039593630278547	0.0499033290214374
"hsa-miR-106a-5p"	6.60415046086297	3.54937021570224	37.1256983085173	1.10754448092139e-09	3.27229051181319e-09
"hsa-miR-106b-3p"	2.58974323144182	8.24957290194617	32.8496146611003	9.95708082894907e-09	2.64939870010048e-08
"hsa-miR-106b-5p"	2.51387150107776	7.89310817804452	30.0422402298411	4.22736767858479e-08	1.0568419196462e-07
"hsa-miR-107"	-4.0937796693857	6.85762380991623	64.2618803530493	1.08933093233872e-15	5.63233607061499e-15
"hsa-miR-10a-3p"	-2.85491301743487	3.37295683097067	8.36951247261115	0.0038156796996983	0.00532556522503903
"hsa-miR-10a-5p"	-3.26549909742561	14.5430037090531	23.0978684992435	1.53961280194946e-06	3.11343922172003e-06
"hsa-miR-10b-5p"	-4.49177277234143	6.50112138583317	29.3286341839437	6.10863319081194e-08	1.49431618377389e-07
"hsa-miR-1180-3p"	-5.0509468384062	3.12452653656627	23.5305796136045	1.22944107379576e-06	2.5085008456371e-06
"hsa-miR-1185-1-3p"	-6.87997400070772	3.20490590321061	29.0578819045475	7.02477125573904e-08	1.66472443820899e-07
"hsa-miR-1185-5p"	-8.09368504528009	4.20260085692983	47.2072506959585	6.38637622209159e-12	2.4625433737726e-11
"hsa-miR-1248"	7.00014923219886	3.09509812015893	29.4530997353762	5.72863418698889e-08	1.40893435409727e-07
"hsa-miR-1249-3p"	-1.07589779950171	3.28072136048339	2.47717218397402	0.115509763839963	0.138672671628452
"hsa-miR-125a-3p"	-2.21784556838624	4.38299029360314	11.8173845130803	0.000586802324161483	0.000884089594349254
"hsa-miR-125a-5p"	0.682462359256614	13.17076020332	2.7961745914385	0.0944895027333632	0.114342350382128
"hsa-miR-125b-1-3p"	-12.5053935655646	9.99948566639722	251.184461592233	1.43290951021866e-56	3.25986913574746e-54
"hsa-miR-125b-2-3p"	-3.85771388467979	6.10832343580478	42.7543098243131	6.20649926895451e-11	2.12327606569496e-10
"hsa-miR-125b-5p"	-6.03444793657108	13.2915156371509	106.686538447617	5.214567319238e-25	6.7789375150094e-24
"hsa-miR-126-3p"	-1.1227468530108	3.48470359582187	2.10805949324448	0.146525018455746	0.172561352391939
"hsa-miR-126-5p"	0.607248432634395	4.87624886863204	0.55924183640639	0.454565879561429	0.498379458314337
"hsa-miR-1260a"	2.13252767702418	4.33807185954477	15.339446467901	8.98212672183168e-05	0.000148742357338352
"hsa-miR-127-3p"	-11.4510133749831	13.505004319276	242.619118329965	1.05592593904158e-54	1.60148767421307e-52
"hsa-miR-127-5p"	-9.66400346550135	5.64279522185782	80.9812189690472	2.27873073872451e-19	1.9562688417352e-18
"hsa-miR-1271-5p"	-0.0167863015916458	6.85003738055778	0.00151337006906305	0.968968476253413	0.971102768051328
"hsa-miR-1273h-3p"	6.75769846373881	2.90117201020578	29.1711600495093	6.62581460456967e-08	1.58670823425221e-07
"hsa-miR-128-1-5p"	-0.64193478113107	3.67433604328054	0.878533592550512	0.348603631324488	0.388761402580005
"hsa-miR-128-3p"	0.478698360725253	9.17104250146852	1.51778910625112	0.21795437419725	0.249796574961584
"hsa-miR-1285-3p"	-0.194849265723512	2.886028278443	0.0467521247485312	0.828814396563528	0.851265350872246
"hsa-miR-1296-5p"	-2.87263885495319	3.98602368319026	17.9633450098095	2.25199981872795e-05	4.0500391996886e-05
"hsa-miR-1301-3p"	-0.0602890739236972	5.00226480556776	0.0166849783216381	0.897222859958344	0.911241967145193
"hsa-miR-1304-3p"	-3.59866976539264	5.91084369700642	27.9765525898298	1.22794363638132e-07	2.80760982187688e-07
"hsa-miR-1307-3p"	0.156933610992861	6.95672108109264	0.123255614037925	0.725529990394909	0.763107968818469
"hsa-miR-1307-5p"	-1.11719776855262	8.64492690711157	2.28868348533035	0.130320421515041	0.15481929971108
"hsa-miR-130a-3p"	-6.81472863042911	9.8639192113552	156.902114199751	5.37699099354454e-36	1.35918383447931e-34
"hsa-miR-130b-3p"	-2.07040786948272	8.37594091703907	24.3004704914591	8.2418928499478e-07	1.72021158106709e-06
"hsa-miR-130b-5p"	-2.82250898957017	6.67101430212632	34.054526748869	5.35890929583524e-09	1.46006211353595e-08
"hsa-miR-132-3p"	0.0250595169932358	5.90042246680027	0.00247119199008417	0.96035262268395	0.966726644515923
"hsa-miR-132-5p"	-0.786014234795001	4.01407897880849	1.55866347209169	0.211861020988497	0.24342617310547
"hsa-miR-134-5p"	-8.74526426511759	6.28892678354606	93.8966297976103	3.32439675895976e-22	3.60142982220641e-21
"hsa-miR-1343-3p"	-3.30745763036243	2.30789092964382	8.32085297901636	0.00391925115084711	0.00543676607815681
"hsa-miR-136-3p"	-9.28199967537983	8.01322632328168	137.904730193571	7.64583139149403e-32	1.65659680149037e-30
"hsa-miR-136-5p"	-10.1413901546297	7.75702818669488	146.545830877223	9.86315531996807e-34	2.36196614241341e-32
"hsa-miR-137"	-7.88424105964178	4.00416005494724	34.8077201340008	3.63927491201729e-09	1.0158712177717e-08
"hsa-miR-138-1-3p"	-6.40794862261806	2.84781666441501	20.5408617128516	5.83717843668881e-06	1.10845021051537e-05
"hsa-miR-138-5p"	-7.76424088290774	7.60487399529395	134.854669656842	3.55242391595339e-31	6.73480367399497e-30
"hsa-miR-140-3p"	2.39541297426742	12.0111730816024	33.9495229422675	5.65605522080569e-09	1.53184828896821e-08
"hsa-miR-140-5p"	3.1163148572633	6.19713063969408	30.9380107914088	2.66402701450155e-08	6.73406828665669e-08
"hsa-miR-141-3p"	8.49650139237913	7.72486821951102	108.464820677639	2.12590274925792e-25	3.0227679716011e-24
"hsa-miR-142-3p"	13.4225748852064	11.9971582849433	174.565804287125	7.4477401408861e-40	3.0806561491847e-38
"hsa-miR-142-5p"	15.9848627985758	15.1149886242385	207.572706620045	4.64993375189303e-47	3.52619976185221e-45
"hsa-miR-143-3p"	-11.6744774169033	14.3780050838831	226.403332278073	3.62862600088289e-51	3.30204966080343e-49
"hsa-miR-143-5p"	-9.01829382597921	5.03999375869682	69.7181694081917	6.84130038678963e-17	4.04258659219387e-16
"hsa-miR-145-3p"	-10.583438460661	6.52613862788037	98.4404904089702	3.34940250063803e-23	3.90763625074437e-22
"hsa-miR-145-5p"	-11.5178753248792	7.4389949433657	104.605460252277	1.49045511724126e-24	1.83285696849939e-23
"hsa-miR-1468-5p"	1.90653405251983	4.14458237920371	12.5433768732218	0.000397613094319605	0.000605063404399398
"hsa-miR-146a-5p"	3.40963912820546	10.2575714518942	35.8277444088708	2.15556319178135e-09	6.28705930936228e-09
"hsa-miR-146b-3p"	5.91552938955613	8.60169422705987	126.863693174335	1.98981223126771e-29	3.12194677664416e-28
"hsa-miR-146b-5p"	2.62709414985179	11.7223923198201	39.6018562048443	3.11387190537085e-10	9.57305214151175e-10
"hsa-miR-148a-3p"	0.813707146421415	11.2901651796713	2.85192338466459	0.0912646916046278	0.110734492480282
"hsa-miR-148a-5p"	0.432396264227588	4.93858103428368	0.646114415182866	0.421505312669401	0.463966984761392
"hsa-miR-148b-3p"	-0.943079680196401	9.71690935541397	5.77632009893766	0.0162435148864803	0.0210564081861781
"hsa-miR-148b-5p"	-0.677572647867799	6.24038999119698	2.30873603016553	0.128648624886346	0.153233309746826
"hsa-miR-149-5p"	-4.78214922174532	5.57590628245822	53.5174381586855	2.56307606794477e-13	1.10018831218384e-12
"hsa-miR-150-3p"	11.6743791782681	7.5763676482158	165.406123683665	7.45750922610162e-38	2.82763891489687e-36
"hsa-miR-150-5p"	20.0454884315186	17.8835565696755	476.375546739344	1.31347790493369e-105	5.97632446744828e-103
"hsa-miR-151a-3p"	-1.85843545130177	11.2386192577199	21.2051490073068	4.1265442128523e-06	7.92371562329755e-06
"hsa-miR-151a-5p"	-1.65165486811365	11.6842755154935	16.8507606636623	4.04371196187567e-05	7.0224768803566e-05
"hsa-miR-151b"	2.32529895737253	4.46811616078359	17.330544460731	3.14097423522396e-05	5.56086878220585e-05
"hsa-miR-152-3p"	-3.18013962352129	7.19625426433623	34.3212303621739	4.67256698417628e-09	1.28073372156639e-08
"hsa-miR-152-5p"	-8.16951431217771	5.73905465662959	83.1507208203389	7.60296346522452e-20	6.91869675335431e-19
"hsa-miR-153-3p"	5.725139854722	3.76348438798938	23.558997714251	1.2114160518585e-06	2.48285722340368e-06
"hsa-miR-154-5p"	-7.50128120856868	3.69249886044613	34.8692835259854	3.52599928054424e-09	9.90326958424462e-09
"hsa-miR-155-5p"	2.63432390697297	10.0562045629181	42.9877207834882	5.50845161864019e-11	1.89874658066764e-10
"hsa-miR-15a-5p"	3.65194528046412	10.4533427258388	72.2649488534064	1.88159937763229e-17	1.23561923632845e-16
"hsa-miR-15b-3p"	1.68141012637295	5.47660243102402	13.2955211805008	0.000266040881474799	0.000420307642607756
"hsa-miR-15b-5p"	1.65799646526059	8.54877312769064	15.8427806705881	6.8828621459906e-05	0.000115988973200953
"hsa-miR-16-2-3p"	1.73397547713854	7.45986839903421	16.5179452315296	4.81918026282181e-05	8.337365093475e-05
"hsa-miR-16-5p"	3.8743535823047	13.0746173225118	81.992904377058	1.36576122002788e-19	1.21847324531899e-18
"hsa-miR-17-3p"	-0.350508910926482	7.38334864456222	0.710041770174644	0.399429945559252	0.441118022401601
"hsa-miR-17-5p"	2.44784896933193	7.93326938154211	33.401757950725	7.4956180995721e-09	2.00618013841488e-08
"hsa-miR-181a-2-3p"	-2.2076962673575	8.0286948845967	22.8224784016364	1.77675418770963e-06	3.56133548637833e-06
"hsa-miR-181a-3p"	-1.36026891493112	9.17048979909482	11.6807194271299	0.00063151109425143	0.000948308738892411
"hsa-miR-181a-5p"	1.61659837505901	14.224637239444	14.425534840841	0.000145811727504732	0.000238648690700191
"hsa-miR-181b-3p"	-2.53761507621091	3.28108430352648	11.3093952829006	0.000771158835539128	0.0011504172792469
"hsa-miR-181b-5p"	-0.760494918998773	10.5067043957483	3.5797415981522	0.0584882485869782	0.0723156334431388
"hsa-miR-181c-3p"	0.0248639213707894	5.532364197957	0.00273860700780926	0.958264393574547	0.966726644515923
"hsa-miR-181c-5p"	3.09568755840634	9.46140965096473	40.7620260241874	1.71942036215072e-10	5.58811617698985e-10
"hsa-miR-181d-5p"	1.82506378821552	5.24477244605978	13.8300831673491	0.000200106515532148	0.000321726023205397
"hsa-miR-182-5p"	-0.241259563871881	4.22229009068367	0.215409929248574	0.64255980155874	0.684694870513411
"hsa-miR-185-3p"	-1.55393957411184	3.28395034936731	5.44341539607464	0.0196422251762323	0.0253178823093079
"hsa-miR-185-5p"	0.455280736859608	5.84179328210708	1.06825494215476	0.301339945926573	0.340222519594518
"hsa-miR-186-5p"	2.29144164123243	13.0219013697077	30.2062227484544	3.88461094426706e-08	9.76518220796415e-08
"hsa-miR-188-3p"	-3.51198205166398	2.11472200984691	6.72461262744815	0.00950913810511485	0.0126510463094364
"hsa-miR-188-5p"	-3.77145838896809	3.10059088243323	16.9797763666209	3.77801028647124e-05	6.58618651472955e-05
"hsa-miR-18a-3p"	0.470047074039359	3.660173668485	0.479633873779708	0.488588203563352	0.531836441677812
"hsa-miR-18a-5p"	1.36139686069745	4.54137187748346	6.31066802302672	0.0120013611873054	0.0158738934308836
"hsa-miR-190a-5p"	-5.94767261103392	5.87100161943114	72.1603054361281	1.98406863711676e-17	1.27148060547623e-16
"hsa-miR-191-3p"	-0.323161133213249	2.95644443380271	0.164825292476643	0.68475228960618	0.727949279838346
"hsa-miR-191-5p"	-0.397391538920116	13.1815970293114	0.99807778648028	0.317776074720484	0.355253351345996
"hsa-miR-1910-5p"	-6.10233278221623	2.64202350298699	19.6935981808113	9.09053908297313e-06	1.68824297255215e-05
"hsa-miR-192-5p"	3.86568366059481	11.7892737609969	69.0369848377299	9.6634151760132e-17	5.56563785453925e-16
"hsa-miR-193a-3p"	-5.26817756301105	6.50621499424599	53.8999396634999	2.1096418136537e-13	9.14178119249938e-13
"hsa-miR-193a-5p"	-6.10016824798447	7.48371337266949	74.2734231688136	6.80130184700989e-18	5.07310219735984e-17
"hsa-miR-193b-3p"	-3.38280416509279	7.50762174311878	42.3215857591397	7.74331862345928e-11	2.60978516568442e-10
"hsa-miR-193b-5p"	-3.39023800368964	2.77372799569012	12.5826836199641	0.000389337278005972	0.00059537991837806
"hsa-miR-194-5p"	5.47948120727951	6.7882204992287	96.2373385610989	1.01904790076558e-22	1.15916698712085e-21
"hsa-miR-195-5p"	-2.09474283715613	4.69567800901937	14.9554602945528	0.000110079040152499	0.000181470881410823
"hsa-miR-197-3p"	1.79867334927066	9.44647160328353	17.8792133949185	2.35378026428286e-05	4.21641740255393e-05
"hsa-miR-1976"	6.64501816959978	2.81738793929361	31.3283135257441	2.17878869435517e-08	5.53826176498103e-08
"hsa-miR-199a-3p"	-7.49251711180992	12.491253012136	158.204751359286	2.79191363680245e-36	7.4724747337948e-35
"hsa-miR-199a-5p"	-8.81333119372845	10.3614179945545	198.937777241725	3.56152249694642e-45	2.02561592013828e-43
"hsa-miR-199b-3p"	-7.68026423360207	11.375618900859	161.377367537244	5.65871643681855e-37	1.83908284196603e-35
"hsa-miR-199b-5p"	-5.03470119379082	9.57906014462371	49.4382756087469	2.04712330843713e-12	8.46764641217178e-12
"hsa-miR-19a-3p"	2.54733331303218	7.899503393929	17.1901235829159	3.38190023676526e-05	5.94117609161465e-05
"hsa-miR-19a-5p"	-0.349378789634503	2.48188909454869	0.140112507125691	0.708169190607848	0.747603205862114
"hsa-miR-19b-3p"	4.09116931787135	10.5462824646546	42.6975951944146	6.38907869745234e-11	2.16942597562747e-10
"hsa-miR-200b-3p"	4.46026440143658	3.37012888511473	27.8617756187631	1.30298630302752e-07	2.9642938393876e-07
"hsa-miR-200c-3p"	5.27863580112071	3.97758320581035	43.4433495424248	4.36412315610956e-11	1.51578323361057e-10
"hsa-miR-204-5p"	-9.97486523800667	7.59380942650638	134.55651960464	4.12801231184967e-31	7.51298240756639e-30
"hsa-miR-20a-3p"	3.63702385716089	2.75941340996009	16.353532804014	5.25580991549786e-05	9.024126458685e-05
"hsa-miR-20a-5p"	3.29447823769395	8.88149600070145	54.3028016151442	1.71856626271913e-13	7.51872739939619e-13
"hsa-miR-20b-5p"	8.20771869069587	4.18357399964994	55.087429977911	1.1528583898181e-13	5.14265262124742e-13
"hsa-miR-21-3p"	-1.8529580527274	11.4196872229971	16.0795317339787	6.07369714278851e-05	0.000102733539032296
"hsa-miR-21-5p"	-0.129634153291414	15.4558088560622	0.0845392762894335	0.771237643404508	0.799346532457975
"hsa-miR-210-3p"	-2.51748532083817	6.93287036112836	23.215292984739	1.4484091959658e-06	2.94208117930553e-06
"hsa-miR-210-5p"	-3.73478488134332	3.67758840941074	19.1063885757936	1.2363035764347e-05	2.25910894489072e-05
"hsa-miR-2110"	1.3794483695038	2.94109822812329	3.62077663112307	0.057062229782975	0.0707447262976938
"hsa-miR-2110-3p"	2.40206616487073	4.1974374574152	14.343208399634	0.000152328202290324	0.000247533328721777
"hsa-miR-212-3p"	-0.534554842892084	3.13483387563099	0.644297250830645	0.422158970749926	0.463966984761392
"hsa-miR-212-5p"	-1.03079742042204	3.43911539646319	2.37127896507562	0.12358576343056	0.147589297535184
"hsa-miR-214-3p"	-9.33206754219663	7.44547566367854	142.978541834316	5.94186307119471e-33	1.3517738486968e-31
"hsa-miR-214-5p"	-10.0964847371188	6.05803115964873	106.900352531527	4.68125359550866e-25	6.26461878222482e-24
"hsa-miR-215-5p"	1.2596318434265	4.08475169282048	3.78979415428914	0.0515659896833678	0.0641052603987223
"hsa-miR-218-1-3p"	-8.75291192707508	4.8010123788525	62.2625436789986	3.0058821821929e-15	1.50294109109645e-14
"hsa-miR-218-5p"	-9.4494904068533	5.44348408066262	77.2478043895783	1.50799046421096e-18	1.22524225217141e-17
"hsa-miR-22-3p"	-1.74470947818153	14.9752183325436	16.2336300414772	5.59912942301919e-05	9.54158759353457e-05
"hsa-miR-22-5p"	-1.90085326234593	6.46508384945628	15.605465882772	7.80287077417864e-05	0.000131007608939162
"hsa-miR-221-3p"	-1.89585298481602	12.6058497856854	16.3693728401652	5.21206654427177e-05	8.98291771834717e-05
"hsa-miR-221-5p"	-3.45582291049036	9.3469734869982	46.5659129984399	8.85879248832039e-12	3.35895881848815e-11
"hsa-miR-222-3p"	-3.4001859397337	12.7041995645132	50.8642123977294	9.89819557424331e-13	4.13181558374377e-12
"hsa-miR-222-5p"	-3.27315238013332	5.134763679938	27.0157617847701	2.01803177840692e-07	4.4790461423178e-07
"hsa-miR-223-3p"	4.38498996456658	5.86916544148124	44.9341685368183	2.0377101101704e-11	7.30045748131914e-11
"hsa-miR-224-3p"	-6.08073007243305	2.59539384643998	13.4231551826953	0.000248537316168284	0.00039678764511077
"hsa-miR-224-5p"	-12.252165557204	8.16460213744255	119.189026026084	9.5210197956947e-28	1.44402133568036e-26
"hsa-miR-2277-5p"	-0.389277963381913	3.28816465675398	0.340057919841898	0.559795791397225	0.600724257277682
"hsa-miR-2355-5p"	-1.02194785741775	4.11632612262906	3.05304825577897	0.0805857612995194	0.0985659177184982
"hsa-miR-23a-3p"	0.337082774417808	10.637335427235	0.728081438033932	0.39350577682634	0.436695435258499
"hsa-miR-23a-5p"	-1.18937077610347	5.08710067053142	6.15578266178689	0.0130983142886764	0.017175023058639
"hsa-miR-23b-3p"	-2.78451194311971	9.34052423915011	40.2608952994392	2.22212610336198e-10	7.02130122937292e-10
"hsa-miR-23b-5p"	-5.70394256663275	2.37377484046087	15.4433128490934	8.501722929522e-05	0.000142216321063695
"hsa-miR-24-2-5p"	-2.05053273724598	6.3221402269832	19.362973259596	1.08082463380093e-05	1.98296454991704e-05
"hsa-miR-24-3p"	-0.495700472632906	9.31034736398811	1.60076995893149	0.205794130458095	0.237655658270135
"hsa-miR-2467-5p"	-1.27705327796703	2.61828459930153	2.15986714578507	0.141656937629932	0.167412744471738
"hsa-miR-25-3p"	2.52247736780056	11.4229500758501	40.3685562257913	2.10298544742241e-10	6.7384392857549e-10
"hsa-miR-25-5p"	0.175465110481494	4.60139073866539	0.106916662962094	0.743682153366011	0.776090320599851
"hsa-miR-2682-3p"	-5.88232203725043	2.47359026003315	16.292490896333	5.42786207970481e-05	9.28450092581087e-05
"hsa-miR-2682-5p"	-7.581110380792	3.77170200100989	40.8541180511696	1.6402725118942e-10	5.4081448761729e-10
"hsa-miR-26a-2-3p"	0.273033005679053	4.64209987699358	0.146172535488663	0.70222018738566	0.743046942466222
"hsa-miR-26a-5p"	2.96091992741675	15.8124123455176	45.6156393995748	1.43888128736178e-11	5.27976601410975e-11
"hsa-miR-26b-3p"	4.9422324261848	6.45639579107981	85.8201131480322	1.97071486431087e-20	1.94929405056836e-19
"hsa-miR-26b-5p"	3.89911569674538	12.3942954953	70.0402315189431	5.81071731442291e-17	3.62174846309921e-16
"hsa-miR-27a-3p"	1.34585548785363	11.9939234729241	10.6391633963688	0.00110717747764383	0.00163030987808396
"hsa-miR-27a-5p"	-0.406204517127977	6.01613491988794	0.851076542071288	0.356247967557935	0.396314976134133
"hsa-miR-27b-3p"	-2.24953465452767	13.1650601469728	27.5382664288043	1.54016893340097e-07	3.46919239949228e-07
"hsa-miR-27b-5p"	-3.47969780053442	6.00423619298664	43.7966997310125	3.64318849459049e-11	1.27511597310667e-10
"hsa-miR-28-3p"	0.931559034483352	12.3626410488382	5.20711986615584	0.0224945687000071	0.0289125106172407
"hsa-miR-28-5p"	2.93342878454738	9.4069032864115	46.3946174187944	9.66807322438388e-12	3.63551513809476e-11
"hsa-miR-296-3p"	-2.80048448558384	3.67536826726623	12.9901534063789	0.000313133313167665	0.000489607070416795
"hsa-miR-296-5p"	-0.34059968946639	4.19075177833563	0.37706052635377	0.539180606415734	0.581150017129673
"hsa-miR-299-3p"	-8.06805368486746	4.170243803533	40.2862804134946	2.19343920443252e-10	6.97912474137619e-10
"hsa-miR-299-5p"	-8.24927669952882	4.34757160052351	57.4948955669077	3.38857541848475e-14	1.62294927937954e-13
"hsa-miR-29a-3p"	1.13843704026359	14.2829189182455	7.49308394359377	0.00619363955391585	0.008462780771867
"hsa-miR-29a-5p"	0.527415772720237	5.74195493900961	1.02266038308774	0.311888788956789	0.351260888552819
"hsa-miR-29b-1-5p"	-0.15508757838433	4.04945144978364	0.0807596974075062	0.776270520290921	0.802734288028111
"hsa-miR-29b-2-5p"	4.6778990376343	2.85350604326709	22.5432753885738	2.05462485611089e-06	4.10023819969498e-06
"hsa-miR-29b-3p"	0.550707731859497	9.96758163771234	1.33397266932853	0.24809970361483	0.282213412861869
"hsa-miR-29c-3p"	5.30708349710631	11.8879107540001	95.7717313263194	1.28923527833745e-22	1.43073671132571e-21
"hsa-miR-29c-5p"	4.72964905147978	6.09649811785295	69.33685318672	8.3004057704282e-17	4.84190336608311e-16
"hsa-miR-301a-3p"	0.635691111072282	6.05261027680987	1.66306648713719	0.19718980104342	0.228679302434019
"hsa-miR-301a-5p"	-2.55231354616872	2.29895169605371	5.9099176280304	0.0150558758503985	0.0196287206645596
"hsa-miR-301b-3p"	-1.60267608833361	3.94305418525778	6.7016420394067	0.00963241620021355	0.012777694959467
"hsa-miR-302a-5p"	-5.99481040831651	2.58019873870818	15.3990859904819	8.70303799839291e-05	0.000145050633306549
"hsa-miR-30a-3p"	-9.42394061592928	6.42073850209277	90.7279519321267	1.64847943210754e-21	1.74432125955565e-20
"hsa-miR-30a-5p"	-10.5826132876497	11.9623074622357	232.304935794991	1.87363580952036e-52	2.13126073332941e-50
"hsa-miR-30b-5p"	4.35506733310288	11.0395966248346	81.4444106497443	1.80261301857857e-19	1.57728639125625e-18
"hsa-miR-30c-1-3p"	0.341701341474306	3.64890075855802	0.31331123480394	0.575655351889691	0.614843157534764
"hsa-miR-30c-2-3p"	-8.45292182252725	4.52432237190762	57.4205906522332	3.51903885250337e-14	1.66787778946774e-13
"hsa-miR-30c-5p"	1.2807981041729	11.380394974114	9.55864381518091	0.00199010080530146	0.00284747127802568
"hsa-miR-30d-3p"	1.85219502192666	5.00318579496336	10.3675473264052	0.00128249816822423	0.00187030982866033
"hsa-miR-30d-5p"	2.3267508989042	12.324044980011	28.6007372729129	8.89483097873695e-08	2.07546056170529e-07
"hsa-miR-30e-3p"	4.02733782065448	7.80567110912097	71.0882804317127	3.41593138119685e-17	2.15867885895079e-16
"hsa-miR-30e-5p"	2.48695407485698	12.4919733384687	28.2318572081724	1.07618638194842e-07	2.48560814104839e-07
"hsa-miR-31-3p"	-2.7013113756422	6.15547141827024	24.7306660251599	6.5926815124345e-07	1.38233644615562e-06
"hsa-miR-31-5p"	-4.57134678665914	12.4241435644019	99.2429106658988	2.23354713981305e-23	2.67437881214457e-22
"hsa-miR-3117-3p"	-6.39823925506227	2.81952418387215	14.371739695435	0.000150037277061243	0.000244684448253999
"hsa-miR-3129-3p"	-5.59583548519695	2.27715623643084	12.9532301108897	0.000319369977413244	0.000497648423708993
"hsa-miR-3152-5p"	-6.54447818190284	2.93587675790583	22.4478641869357	2.15925458654218e-06	4.27156885598562e-06
"hsa-miR-3158-3p"	-1.11246328300782	2.94773773962792	1.7590148876932	0.184747437188982	0.215538676720479
"hsa-miR-3168"	-2.95279134328771	3.91915357071121	13.3722390671496	0.000255376290287638	0.000406280461821242
"hsa-miR-3176"	-1.61777947950356	3.02203995932034	3.89109051887108	0.0485428941012132	0.0605123748384987
"hsa-miR-32-3p"	3.51543671723187	2.57686156361767	12.8707897884748	0.000333750727766324	0.000514768071639584
"hsa-miR-32-5p"	7.33381548310627	7.18701502636932	73.7731247887209	8.76316280574902e-18	6.32895091526318e-17
"hsa-miR-3200-3p"	-2.98775181899487	2.8709409957836	8.46797700611851	0.00361453195585175	0.00507596308614983
"hsa-miR-3202"	6.3734176315036	2.60800889610163	25.5178437613558	4.38310428163053e-07	9.40713418934854e-07
"hsa-miR-320a"	0.253430007371436	10.2969388933341	0.425218902828654	0.514344334080735	0.558536210039939
"hsa-miR-320b"	2.70216507736309	4.13451284148787	21.753518410912	3.10020784612101e-06	6.08014900855629e-06
"hsa-miR-320d"	4.46711255977428	3.1025797031327	26.187086190692	3.09887969462844e-07	6.71423933836162e-07
"hsa-miR-323a-3p"	-6.49788235006363	4.21609955061448	49.0802493819427	2.45701771577875e-12	9.98163447035116e-12
"hsa-miR-323b-3p"	-7.3646354435946	3.57976469519913	32.5587718830313	1.15642010589682e-08	3.05913458245961e-08
"hsa-miR-324-3p"	0.0122324294004702	5.0938954509452	0.000697747875558541	0.978926395721135	0.978926395721135
"hsa-miR-324-5p"	1.79831343454165	4.20765051397125	9.43017117569443	0.00213444365170423	0.00303491206726695
"hsa-miR-326"	2.93163128702949	3.87813650762847	21.509740444713	3.52036004113394e-06	6.84514452442711e-06
"hsa-miR-328-3p"	1.34890869002932	6.35499984890552	8.35733257120046	0.00384134040296415	0.00534498435274828
"hsa-miR-329-3p"	-8.94270121369193	4.97127874524356	73.1143199155688	1.22353571778307e-17	8.43498108471662e-17
"hsa-miR-330-3p"	1.97070222904931	5.38290174194892	12.9074042061418	0.000327284868983639	0.000506512297236584
"hsa-miR-330-5p"	2.23389127684991	4.82690322047746	20.5377187615448	5.84677034117997e-06	1.10845021051537e-05
"hsa-miR-331-3p"	0.602412007073566	7.85702554299971	2.0002112027392	0.157277290825968	0.184435998262411
"hsa-miR-331-5p"	1.11188944681741	3.68503162345916	3.35496052522393	0.0670028172188839	0.0823953563097086
"hsa-miR-335-3p"	-2.44491484167331	7.402553886457	25.0030173026203	5.72406670685652e-07	1.21137225656731e-06
"hsa-miR-335-5p"	-0.455254497722227	6.95207712716366	0.71771137672927	0.396895646653801	0.439385691551045
"hsa-miR-337-3p"	-8.96306933077986	4.98643128406038	66.8804937043689	2.88475257549522e-16	1.64070302731291e-15
"hsa-miR-337-5p"	-7.13440968473799	3.39104639610283	29.1418212268326	6.72691149558282e-08	1.6024841520891e-07
"hsa-miR-338-3p"	8.80445686941465	4.746062557462	76.884453574728	1.81258355246121e-18	1.4468868708243e-17
"hsa-miR-339-3p"	3.27397512253578	9.11842790556283	55.7595463380562	8.18996089129802e-14	3.68953683716891e-13
"hsa-miR-339-5p"	-0.103744565834634	7.04008487932066	0.0629205255837668	0.801938091913404	0.825524506381446
"hsa-miR-33a-3p"	4.71927449175371	3.61312941712558	28.8624419615809	7.77051389130246e-08	1.83190871530706e-07
"hsa-miR-33a-5p"	-0.937152270135879	4.59790548918765	2.42835445140644	0.119157924956898	0.142675936461549
"hsa-miR-33b-3p"	-1.15070098052234	3.10624571214087	1.49808459437539	0.220966313714255	0.252612243065291
"hsa-miR-33b-5p"	-0.215239263259024	4.82037525295246	0.0926688085242322	0.760811345637724	0.790340553116814
"hsa-miR-340-3p"	-0.421795313842833	3.22650409039049	0.396628354563665	0.52883567221085	0.572905311561755
"hsa-miR-340-5p"	0.465170931609377	7.50718483906966	1.01046194082243	0.314792197727678	0.353549806109783
"hsa-miR-342-3p"	7.75137410305197	13.1405354029978	197.608207604735	6.94688133311724e-45	3.5120344517426e-43
"hsa-miR-342-5p"	6.51187724354833	8.07167339883888	130.247938232948	3.61660883758856e-30	5.87698936108141e-29
"hsa-miR-345-5p"	-2.59124895452042	7.48527963296902	32.506555127479	1.18791173631993e-08	3.12427653193969e-08
"hsa-miR-34a-3p"	-3.23823231475263	2.62497094237213	9.00077531974238	0.00269865094337476	0.00382519058951874
"hsa-miR-34a-5p"	-2.93551088567676	7.37179431699072	27.4707299904688	1.59490110408397e-07	3.57477833673994e-07
"hsa-miR-34b-5p"	-5.5629272198903	3.41520813442581	24.116121740202	9.06977908754647e-07	1.87579522037893e-06
"hsa-miR-34c-5p"	-5.44934506861597	5.91431171405931	64.0988927016434	1.18328027559949e-15	5.98213917108631e-15
"hsa-miR-3605-3p"	0.40113566408827	3.30402765014012	0.333355743157129	0.563689754237614	0.603479619242622
"hsa-miR-3607-3p"	6.81041064706642	9.08636040314665	161.109057545849	6.47646006409363e-37	1.96452621944173e-35
"hsa-miR-3607-5p"	6.85158404529689	2.97925518729087	32.0519274546085	1.50106092542767e-08	3.85865944107113e-08
"hsa-miR-3609"	7.01971945785256	3.11886496933976	36.8614545836909	1.26828750325385e-09	3.72303750955162e-09
"hsa-miR-361-3p"	3.74672188381309	10.7637688465799	74.1658218743191	7.18231130176999e-18	5.27088974565378e-17
"hsa-miR-361-5p"	1.42010747268559	7.80291018201436	11.3382048928881	0.00075928683500001	0.00113643259843752
"hsa-miR-3613-5p"	1.39419548748942	3.84018133941393	4.18296740780514	0.0408321482868627	0.0513221753329351
"hsa-miR-3615"	3.6456205405306	4.28898407415828	27.8090056845166	1.33901372855058e-07	3.03110072880853e-07
"hsa-miR-362-3p"	0.919863956742892	3.4224364537164	1.30726363566497	0.252890687258298	0.286945792275625
"hsa-miR-362-5p"	-1.00968724536886	3.46671443912036	2.67115532720514	0.102181823566247	0.123322890510988
"hsa-miR-363-3p"	13.0646993979246	8.9642906077662	161.604846755432	5.04683661801676e-37	1.76639281630587e-35
"hsa-miR-3651"	2.38088385249163	2.99937322972562	7.85414131094306	0.00507044284874042	0.00694895028968943
"hsa-miR-3653-3p"	7.60873802932968	3.62971633655271	48.3002911274292	3.65697917385442e-12	1.45958379307348e-11
"hsa-miR-3653-5p"	7.0222512073611	3.12169260333409	37.8046077205775	7.81968588420022e-10	2.34076123507309e-09
"hsa-miR-365a-3p"	-4.20867833996013	5.78213087441614	40.6896543883195	1.78429343853671e-10	5.75782634421421e-10
"hsa-miR-365b-3p"	-4.09532645212154	5.75377765768475	39.0801164815607	4.06765669601573e-10	1.2338558644581e-09
"hsa-miR-365b-5p"	-6.30005839091053	2.76767191596212	21.3225338517147	3.88142049004119e-06	7.51509073603719e-06
"hsa-miR-3661"	-1.7718562052472	2.87424082941527	4.64210031880663	0.0311967996086149	0.0396495637483793
"hsa-miR-3677-3p"	-2.92444593438604	2.75297973504214	10.4715761525905	0.00121225248184423	0.00177927380399718
"hsa-miR-369-3p"	-7.05099001934308	4.69648238076925	45.8750414301117	1.26041604035004e-11	4.66251462080706e-11
"hsa-miR-369-5p"	-8.80960267585807	4.84693906241393	65.8647803860871	4.82945020987508e-16	2.679755909138e-15
"hsa-miR-370-3p"	-9.73159532733149	5.70624972451573	84.1718819345228	4.53575882524929e-20	4.29952138643422e-19
"hsa-miR-370-5p"	-5.36704828967212	2.15590738207629	10.3615174922671	0.00128669393325906	0.00187043367294848
"hsa-miR-374a-3p"	1.34059934168681	6.88334683948078	4.96732435598634	0.0258305763792196	0.0329213228362603
"hsa-miR-374a-5p"	2.19980594934832	6.49342769856971	15.3378074107789	8.98992269627403e-05	0.000148742357338352
"hsa-miR-374b-5p"	3.56062856153623	6.17612591179774	44.8337404555664	2.14494608885839e-11	7.6246130502388e-11
"hsa-miR-376a-3p"	-6.90663339446245	5.11591643561059	56.7257546299871	5.01030357295495e-14	2.3027152784793e-13
"hsa-miR-376a-5p"	-8.287736587581	4.36147241524558	34.9721601477089	3.34453235010673e-09	9.51101387061602e-09
"hsa-miR-376b-3p"	-8.63838504735589	4.70374241206893	65.1467872409738	6.95216984674061e-16	3.7214556238435e-15
"hsa-miR-376c-3p"	-7.88628681933879	6.1740175391422	83.6271675009794	5.97463325540365e-20	5.54787373716053e-19
"hsa-miR-377-3p"	-6.86603204012623	3.19729356594246	29.202337170877	6.5200510589393e-08	1.57522897563906e-07
"hsa-miR-377-5p"	-8.88192266235451	4.91301189769505	64.6606480305581	8.89741797717595e-16	4.65324733289087e-15
"hsa-miR-378a-3p"	2.1025253521369	9.41970538051689	20.2509774999821	6.79187511598408e-06	1.27698478420362e-05
"hsa-miR-378c"	3.37247576818262	2.82191367089924	13.5016376828761	0.00023835534339531	0.000381872117059387
"hsa-miR-379-3p"	-7.47061377083164	3.67906028404251	39.3704022937056	3.50570701481068e-10	1.07053469244219e-09
"hsa-miR-379-5p"	-8.49312988014649	4.5642161520752	60.1064870601595	8.98616846351704e-15	4.39645876440887e-14
"hsa-miR-380-3p"	-6.69687851370843	3.06769032889807	26.9608377310895	2.07619718525949e-07	4.58577533637412e-07
"hsa-miR-381-3p"	-7.82684546460386	7.70606405315266	131.692152172552	1.74717011341787e-30	2.94430519113011e-29
"hsa-miR-382-3p"	-7.04567287887131	3.33422030142433	32.2721504804953	1.34020515864504e-08	3.50303926151942e-08
"hsa-miR-382-5p"	-6.95084344423578	5.40798475646647	73.5264705708112	9.92955683086709e-18	7.05929430944457e-17
"hsa-miR-3909"	-1.84350654803374	4.21662855019138	8.42856016838276	0.00369372713811402	0.00517121799335963
"hsa-miR-3912-3p"	3.46984165714166	4.03685684536238	20.1087153848133	7.3162522215425e-06	1.36991553942462e-05
"hsa-miR-409-3p"	-10.1376957693536	10.0990875645394	202.652430127043	5.50846816650058e-46	3.58050430822538e-44
"hsa-miR-409-5p"	-9.89183015412497	7.40717482790421	136.019237931837	1.97606593026032e-31	4.08686362849293e-30
"hsa-miR-410-3p"	-7.01167903536206	7.33120189209224	105.782195285239	8.23017665665995e-25	1.04020288299452e-23
"hsa-miR-411-3p"	-6.67298751068776	3.02497085258392	21.6645675907122	3.24734427496947e-06	6.34138045112064e-06
"hsa-miR-411-5p"	-9.48983628109778	8.80723450816548	159.30026452206	1.60891885798376e-36	4.57536300239131e-35
"hsa-miR-412-5p"	-7.49444375909236	3.70051434967713	40.8159510868881	1.67262242022198e-10	5.47513094389211e-10
"hsa-miR-421"	-0.0816666842860113	5.97497632875131	0.0306129966391278	0.861106584195339	0.878483174459371
"hsa-miR-423-3p"	0.923818475568555	11.5793151418882	5.03212915110112	0.0248812925528978	0.0318005284032823
"hsa-miR-423-5p"	1.09928861875107	11.5391760798939	7.26799712294707	0.00701940353167262	0.00947723622228796
"hsa-miR-424-3p"	-4.59879413431127	5.10366800872916	34.4715845084827	4.32519688806531e-09	1.1927058085271e-08
"hsa-miR-424-5p"	-3.98719640369159	6.01725125224317	28.1395017461306	1.12878294109635e-07	2.59392039494363e-07
"hsa-miR-425-3p"	1.45302559131058	4.34311104270199	7.27953500281922	0.00697445878010347	0.00944457959805679
"hsa-miR-425-5p"	2.5773227101925	8.28966297226691	32.2618585836641	1.34732279289208e-08	3.50303926151942e-08
"hsa-miR-431-3p"	-8.35540203677469	4.43039069803958	48.1969703572302	3.8548348506127e-12	1.51202573881791e-11
"hsa-miR-431-5p"	-7.24972732916397	5.57129931698392	75.7859624563663	3.16140587253209e-18	2.43803334237644e-17
"hsa-miR-432-5p"	-10.0311412897039	5.99155932974092	88.0452713680129	6.39734025012375e-21	6.46842180845846e-20
"hsa-miR-4326"	-2.62696369498165	4.21185246394627	12.4738531098218	0.000412687953858413	0.000625910063351927
"hsa-miR-433-3p"	-6.39109260532066	2.82773207847601	20.3042820924581	6.60525908408013e-06	1.24705098890309e-05
"hsa-miR-4443"	4.62535861232587	3.52636898812142	28.8499256257617	7.82089037963695e-08	1.83428099110042e-07
"hsa-miR-450a-5p"	-3.09570185418367	4.56027624222359	18.6305771513244	1.58655366640864e-05	2.87602357854952e-05
"hsa-miR-450b-5p"	-5.78286196218902	5.54247156552399	57.7283253628888	3.0093788971176e-14	1.45666744488139e-13
"hsa-miR-451a"	5.51435435539591	4.29265248682049	46.0562768533925	1.14904414678666e-11	4.2853695638355e-11
"hsa-miR-452-3p"	-6.75272915947607	3.0968672790491	25.2454336700826	5.04789396802937e-07	1.0732671754455e-06
"hsa-miR-452-5p"	-9.64954781925276	5.63168775836413	69.879611831726	6.30366442744728e-17	3.82422308598468e-16
"hsa-miR-4521"	-5.22094829762383	4.41155728644488	37.2979863153319	1.01389240242348e-09	3.0151702163574e-09
"hsa-miR-454-3p"	1.9324694225667	6.77488022789889	19.6054028876376	9.51996072897583e-06	1.76080574458699e-05
"hsa-miR-454-5p"	-0.0401599989501934	3.57822388906996	0.00368567959642263	0.951590328248576	0.962163554118004
"hsa-miR-455-3p"	-2.83123062150845	4.72001644187668	22.5259893029975	2.07319647342523e-06	4.11923316772261e-06
"hsa-miR-455-5p"	-3.15997717820894	5.24207347108498	32.1406860062982	1.43402520912604e-08	3.70728108041108e-08
"hsa-miR-4636"	-0.94532190380612	2.23900759110179	1.00761366044993	0.315475211605652	0.353549806109783
"hsa-miR-4677-3p"	-1.75803328358695	4.57534075129442	11.2436458205558	0.000798960632987949	0.00118799701963894
"hsa-miR-4772-5p"	6.32085339103038	2.57318861451368	24.9463934618993	5.89466967050564e-07	1.24170125003707e-06
"hsa-miR-4775"	-5.45065032372696	4.0163876672333	39.9638494380889	2.58706751541926e-10	8.06243643503946e-10
"hsa-miR-484"	0.804058950637215	9.89180617352777	3.9083127097759	0.0480478138253456	0.060059767281682
"hsa-miR-485-3p"	-8.89313828302451	4.91825978731213	57.2990639812018	3.7433333952459e-14	1.75589349983184e-13
"hsa-miR-485-5p"	-10.1479864987762	6.10492424637047	89.7984800192886	2.63696793965911e-21	2.72686457396567e-20
"hsa-miR-486-3p"	0.260008029515462	3.72685559400492	0.122137152604877	0.72672803570386	0.763107968818469
"hsa-miR-486-5p"	1.32934066535401	8.81529282781867	6.29470856512988	0.0121098926154561	0.0159248587862212
"hsa-miR-487a-3p"	-5.93311701721809	2.5226555398606	18.0222911101337	2.18333372159051e-05	3.94213033064953e-05
"hsa-miR-487b-3p"	-8.32872389155034	6.60285081234521	107.53389266266	3.40040347892398e-25	4.68843509972852e-24
"hsa-miR-490-3p"	-6.49620592170474	2.93455119943476	14.6926180827428	0.000126541002646067	0.000207856159581085
"hsa-miR-493-3p"	-8.22347958822299	5.79356058229753	85.7113724449091	2.08212010480859e-20	2.01566946316576e-19
"hsa-miR-493-5p"	-8.69788674675143	4.74725533898188	65.4673266558638	5.90854722382508e-16	3.20046307957192e-15
"hsa-miR-494-3p"	-7.25280926017554	4.98271559292372	61.3762689154451	4.71458899535458e-15	2.33167173139819e-14
"hsa-miR-495-3p"	-8.02854434699621	5.70453728192556	78.2136059316722	9.24793374583525e-19	7.65056337155461e-18
"hsa-miR-496"	-8.21673003966603	4.31118217719742	49.2516169786022	2.25147679263602e-12	9.22902649233682e-12
"hsa-miR-497-5p"	-1.7609377027628	3.18818146650747	5.80919415290083	0.0159425980717168	0.0207253774932319
"hsa-miR-500a-3p"	-2.48899261933048	8.93737597300288	35.5678057683443	2.46325110386833e-09	7.09353957126638e-09
"hsa-miR-501-3p"	-2.27123644315184	7.92578333573055	27.2316478210382	1.80480110459935e-07	4.02541422839561e-07
"hsa-miR-501-5p"	-1.07330868217741	2.87347588320808	2.10548330017101	0.146771963463034	0.172561352391939
"hsa-miR-502-3p"	-1.78407625499342	5.14759968327887	12.7217705584172	0.000361423430259426	0.000555566421513645
"hsa-miR-502-5p"	-3.00704437196603	2.25390182455939	7.21795446977669	0.00721779124454474	0.00965910298902311
"hsa-miR-503-5p"	-7.48977746409558	3.68225808078804	34.8828677219088	3.50148396514627e-09	9.8954981623699e-09
"hsa-miR-504-5p"	-5.61578846399101	2.31463903190017	14.0420106112548	0.000178771704928911	0.000288443708307286
"hsa-miR-505-3p"	1.03175197047758	5.64648431427177	4.52892036094843	0.0333266364161229	0.0422384946221056
"hsa-miR-514a-3p"	6.10432399143159	2.42867714913044	21.1959466918782	4.14640486884513e-06	7.92695048455686e-06
"hsa-miR-532-3p"	-0.950490720672981	5.56503243316315	4.50519135500851	0.0337921150093903	0.0427094786924239
"hsa-miR-532-5p"	-1.14249635130556	9.3030302928627	7.96691048899639	0.00476401815557177	0.00654872586339926
"hsa-miR-539-3p"	-8.89325103302981	4.92573023394832	69.8452312514374	6.41449890302948e-17	3.84025921168212e-16
"hsa-miR-539-5p"	-6.82426240917057	3.16168195842672	26.8489591483145	2.19992802101473e-07	4.83559057759277e-07
"hsa-miR-541-5p"	-6.00776825885456	2.56843186566031	17.6830950551101	2.609353236851e-05	4.6559047951655e-05
"hsa-miR-542-3p"	-5.8635278135986	4.41583614113455	41.6342460835217	1.10048596298903e-10	3.65489863620444e-10
"hsa-miR-542-5p"	-3.82230194169424	3.31499392546552	12.4110610267392	0.000426798301302095	0.000645160222898516
"hsa-miR-543"	-8.97075173728244	4.99633107086958	72.2447550475088	1.90095267127454e-17	1.23561923632845e-16
"hsa-miR-548e-3p"	0.158038880386837	5.45505218475835	0.10058308612644	0.751131026814928	0.782070062244376
"hsa-miR-548e-5p"	1.38925125916395	3.0446726506003	3.44303128823511	0.0635190528807829	0.0783229513841632
"hsa-miR-548k"	-0.471691241768852	5.35142864373679	1.10166881004404	0.293900161774812	0.332648193053581
"hsa-miR-548o-3p"	1.95053017315448	3.48580326997863	10.022752164546	0.00154618258107916	0.00222630719743993
"hsa-miR-548w"	1.99821699137957	3.18600865599871	5.0680872376604	0.0243702605585372	0.0312351226877025
"hsa-miR-549a"	-6.5372150232258	2.93336391339124	21.2047989209123	4.12729802795939e-06	7.92371562329755e-06
"hsa-miR-549a-5p"	-7.44015208543847	5.05785902039587	69.8996442495448	6.2399703517982e-17	3.82422308598468e-16
"hsa-miR-550a-3p"	-0.930601098628336	3.00155305774058	1.66062761183556	0.197518606278175	0.228679302434019
"hsa-miR-550a-5p"	-2.77356474509864	2.91562709826362	7.48496537248558	0.00622162655639668	0.00847556911125895
"hsa-miR-561-5p"	-7.83998638870581	3.98811774947576	40.0128152517218	2.52302155166581e-10	7.91706762764099e-10
"hsa-miR-5690"	7.23548055754443	3.30594891282499	41.9407733840763	9.40802633082253e-11	3.14753822097371e-10
"hsa-miR-574-3p"	-7.39161644669406	8.42280972408714	135.085289050613	3.16286526261961e-31	6.25697258474748e-30
"hsa-miR-574-5p"	-7.41785608779331	3.63639973731218	38.578980354016	5.25821741238264e-10	1.58442975008881e-09
"hsa-miR-576-5p"	2.86135801914183	5.57626131148239	34.4984526486187	4.26590309090058e-09	1.18352799168278e-08
"hsa-miR-582-3p"	0.41493790899467	3.38679664417402	0.375024897629806	0.540277928012861	0.581150017129673
"hsa-miR-582-5p"	3.40230007417995	3.27325388795257	17.1965441058633	3.37048944911678e-05	5.94117609161465e-05
"hsa-miR-584-5p"	-5.85810648173326	5.40018536656805	65.6145237671441	5.48331803878201e-16	3.00591531041664e-15
"hsa-miR-585-3p"	-5.81503949353363	2.45464768331992	16.2137846829518	5.65809013143699e-05	9.60608585747698e-05
"hsa-miR-589-3p"	1.77955464249228	3.85086301385905	8.280731592612	0.00400679818452382	0.00554131663817124
"hsa-miR-589-5p"	-0.560736481008546	7.15684323780257	1.66960804428626	0.196311041918749	0.228443795583199
"hsa-miR-590-3p"	2.08572421764589	5.93393888150038	10.1112629838319	0.0014736594009003	0.00212861913463377
"hsa-miR-598-3p"	3.39907913098369	4.32207317338009	19.5141484784842	9.9857317709708e-06	1.83947690517883e-05
"hsa-miR-605-3p"	-6.70468754132813	3.08897606180349	23.0819530930257	1.55240978204714e-06	3.12542677359048e-06
"hsa-miR-605-5p"	-5.1471656328082	2.05318135673712	11.0026470754995	0.000909818567128578	0.00134842816952281
"hsa-miR-615-3p"	-5.55641471530123	3.36484329924888	12.9386320226067	0.000321870134658043	0.00049983246167034
"hsa-miR-616-5p"	0.155352855693412	3.91034166268477	0.0636749458442045	0.800779083990478	0.825524506381446
"hsa-miR-625-3p"	0.355818891474831	6.47168625087365	0.527554794021384	0.467636692806024	0.511477632756588
"hsa-miR-625-5p"	-0.920692553417309	5.75949236458078	4.07615846272807	0.0434924330803654	0.0545153086820007
"hsa-miR-628-5p"	1.10357795047972	3.33321069736614	3.09086391543486	0.0787329969123825	0.0965593358359408
"hsa-miR-629-3p"	1.97374678708756	3.34864896282211	8.11222286115336	0.0043967778559929	0.00606222401356597
"hsa-miR-629-5p"	-1.44670215395499	5.02463008578955	8.93549624525525	0.00279681473414637	0.00395202081998943
"hsa-miR-641"	-1.05677801488699	3.73730971660166	2.51142584479024	0.113023628450181	0.136046960171515
"hsa-miR-642a-5p"	7.0874864673387	3.18260517498518	35.4482291901664	2.61920399413135e-09	7.4952063983004e-09
"hsa-miR-6516-3p"	6.82419353815813	2.95549102032971	29.6075387716852	5.28987997181331e-08	1.30809531911688e-07
"hsa-miR-652-3p"	3.63024720806721	6.84087034225587	52.5294546498631	4.23843624714213e-13	1.8023256938782e-12
"hsa-miR-652-5p"	2.91061194053255	3.14984114839009	13.1538553550944	0.000286928260365808	0.000451738264589767
"hsa-miR-654-3p"	-9.32144544908364	9.66842642431815	186.311675910614	2.02979937355553e-42	9.23558714967768e-41
"hsa-miR-654-5p"	-8.54690565442377	4.60632656347189	57.1432059307498	4.05205236831854e-14	1.8813100281479e-13
"hsa-miR-656-3p"	-7.86181334523402	4.01033711176193	45.521374309407	1.50982191667851e-11	5.49575177670978e-11
"hsa-miR-659-5p"	2.13188709146129	3.42741127549185	7.40094469748294	0.00651896333431159	0.00885411437943813
"hsa-miR-660-5p"	-1.50670162349529	8.47339048705387	10.1381389017942	0.00145232721281955	0.00210448688481814
"hsa-miR-664a-3p"	4.40337809502255	6.34203715870781	33.4589162610161	7.27853335412151e-09	1.95960513380195e-08
"hsa-miR-664a-5p"	4.50409901166222	3.30480189861342	26.1965159286828	3.08378410402753e-07	6.71350127910299e-07
"hsa-miR-664b-3p"	5.80851098910413	3.19667818620348	31.6277538794369	1.86741567733341e-08	4.77345018644214e-08
"hsa-miR-665"	-8.8251772339035	4.86484380209917	72.5341850427525	1.64163519055073e-17	1.09844707603027e-16
"hsa-miR-668-3p"	-6.39730984699478	2.82169695618274	19.7321935410622	8.90878822144861e-06	1.66126993473734e-05
"hsa-miR-671-3p"	-2.26832367106596	6.78527263959368	25.3699469752645	4.73233505723622e-07	1.01089786433919e-06
"hsa-miR-671-5p"	-0.352701139685441	4.57903250136854	0.519110641850486	0.471221303585176	0.514162333648093
"hsa-miR-6731-3p"	6.44360578381898	2.65988204580357	26.6241465079825	2.47135691882218e-07	5.40609325992353e-07
"hsa-miR-6769b-3p"	5.18182091262302	3.25022532384086	29.8095420255947	4.76640270105397e-08	1.18508919616369e-07
"hsa-miR-6803-3p"	4.53843875318633	3.45623345789815	25.6844170191561	4.02060525848618e-07	8.67002555739911e-07
"hsa-miR-6842-3p"	3.21694374185167	3.41065224733241	17.409768635707	3.01273636378821e-05	5.3546681465767e-05
"hsa-miR-6852-5p"	-3.03997227268669	2.23744419822772	6.2985534106236	0.0120836541227037	0.0159248587862212
"hsa-miR-7-1-3p"	3.75205277654596	6.05266230849601	51.4250448385684	7.43835266867316e-13	3.13375042985767e-12
"hsa-miR-7-5p"	-1.4641892012141	5.37900104779161	6.83003498798032	0.00896375093666033	0.0119604301354265
"hsa-miR-708-3p"	-7.07727379128909	5.46472306788199	64.93149819337	7.75475377434142e-16	4.1028057759597e-15
"hsa-miR-708-5p"	-7.18098345722232	5.61932417077173	66.2942834707378	3.88383410133122e-16	2.1816598964268e-15
"hsa-miR-744-5p"	-1.6979514518684	6.89229919518594	14.1695663928729	0.000167050733035852	0.000270491400467305
"hsa-miR-758-3p"	-9.01648329969722	5.03945968078489	76.3433663556014	2.38390858269216e-18	1.87013518124988e-17
"hsa-miR-758-5p"	-6.05236458335799	2.60337701835341	18.838175186763	1.42290479424696e-05	2.58968672552946e-05
"hsa-miR-766-3p"	5.26062568475644	6.34560748111505	64.1090235326634	1.17721129772471e-15	5.98213917108631e-15
"hsa-miR-769-5p"	0.684492435211261	9.35933100544554	2.87056411430184	0.0902132440730347	0.109751406559441
"hsa-miR-7706"	-1.42787247224531	4.89325292247349	7.25922915281293	0.00705375613748541	0.00949544095430728
"hsa-miR-7974"	-4.98276417586032	4.47271868947548	29.2192971411896	6.46322908142369e-08	1.57260386740523e-07
"hsa-miR-7976"	-0.0823870687830271	2.87907843907973	0.0142330069702792	0.905035967012695	0.9171299888436
"hsa-miR-874-3p"	5.28691535248149	7.4179317498166	80.6027444903243	2.75975919051792e-19	2.32535265126973e-18
"hsa-miR-874-5p"	8.25758799029955	4.22232352169268	55.0510982910583	1.17436680532472e-13	5.18773685847327e-13
"hsa-miR-877-5p"	0.101095312710351	4.6675452158084	0.0363378802766259	0.84881942344378	0.867894017229033
"hsa-miR-887-3p"	-7.855502879882	4.0076659523615	47.1315516988022	6.6378494406727e-12	2.5380012567278e-11
"hsa-miR-889-3p"	-7.43035347863963	5.14690051381133	72.5613733214107	1.61917398466881e-17	1.09844707603027e-16
"hsa-miR-9-5p"	3.02654191909443	2.81609699252366	7.23934276964763	0.00713230830848866	0.00957286218395971
"hsa-miR-92a-1-5p"	1.84776770535801	3.71278569320614	8.88552974453773	0.00287439630908593	0.00404907220010556
"hsa-miR-92a-3p"	2.85111395578282	15.828975375331	47.9372772032717	4.40074520037319e-12	1.71140091125624e-11
"hsa-miR-92b-3p"	-2.44804137247682	11.0698839366935	28.5699865545065	9.03721642681049e-08	2.09792524193815e-07
"hsa-miR-92b-5p"	-2.17671263340086	2.78172855072076	5.99753199671241	0.014325905135446	0.018730709300655
"hsa-miR-93-3p"	-0.103878399484849	3.95050141906436	0.0366309912773621	0.848218295703351	0.867894017229033
"hsa-miR-93-5p"	2.15370093435261	9.15398357140378	29.1954527775566	6.54325882188531e-08	1.57522897563906e-07
"hsa-miR-935"	-9.06969681195016	5.08734872276529	74.7729594938629	5.28080613218159e-18	4.00461131690437e-17
"hsa-miR-939-3p"	-1.98097585815339	2.01608002436209	2.87148224106123	0.0901617971259914	0.109751406559441
"hsa-miR-940"	-3.24889379206171	3.82415963453469	21.9614955682366	2.78175667821251e-06	5.47921769950949e-06
"hsa-miR-941"	-0.143405342215897	7.10857083054701	0.111014437294649	0.738992156057556	0.772968806910777
"hsa-miR-941-3-5p"	-0.166855077392815	4.86130711310142	0.121060059867911	0.727887601026848	0.763107968818469
"hsa-miR-942-5p"	1.77631588334458	3.847437201839	9.45235378649175	0.00210878307793302	0.00300782539329004
"hsa-miR-95-3p"	7.51781495784886	3.54935292770478	48.8680095449449	2.73779945159865e-12	1.10238827475875e-11
"hsa-miR-98-3p"	-2.74775678046449	2.99817524372518	10.7261923059217	0.00105629583779744	0.00156043703310986
"hsa-miR-98-5p"	-2.09019580355905	10.4403090212032	24.0835425189554	9.22453132137379e-07	1.89916821322402e-06
"hsa-miR-99a-3p"	-1.71362472545416	3.24989797191139	5.60269119093667	0.0179329103869041	0.0231803245057993
"hsa-miR-99a-5p"	0.238628386759363	7.63295092539619	0.158406490057089	0.690627879863978	0.73248411500725
"hsa-miR-99b-3p"	-1.89582742816279	4.76114030733985	13.2998957183758	0.000265420879256007	0.000420307642607756
"hsa-miR-99b-5p"	-1.96514541479001	13.1105010603585	24.1530365545064	8.89757624232057e-07	1.84858319189765e-06
