"logFC"	"logCPM"	"LR"	"PValue"	"FDR2"
"hsa-let-7a-2-3p"	-4.7547826984019	2.24581722142487	19.0531934239261	1.27124862010003e-05	2.34071174494609e-05
"hsa-let-7a-3p"	-0.0489697662316779	5.19618558524173	0.00635809665197851	0.936445895330639	0.944588903116123
"hsa-let-7a-5p"	0.161728495511373	15.9897474307858	0.123537070220664	0.725229469538637	0.770037697633702
"hsa-let-7b-3p"	-2.17143643032957	5.88959030984198	30.0954106944204	4.11303418250309e-08	9.30950175942162e-08
"hsa-let-7b-5p"	-1.53464208909527	11.9501349957846	15.0925274880093	0.000102367706444859	0.000172309192366638
"hsa-let-7c-5p"	-5.71757047703808	7.7800310435749	118.09431173972	1.65336547691617e-27	3.06864632515641e-26
"hsa-let-7d-3p"	1.25228462032722	7.34158286178321	11.1343439478811	0.000847438975580817	0.001310705615565
"hsa-let-7d-5p"	1.22708259420078	10.5768788060221	5.53499214426596	0.0186398491015336	0.024996791858704
"hsa-let-7e-3p"	-6.35701954938919	2.65013563265573	32.7686644182638	1.03804782481831e-08	2.53502205639839e-08
"hsa-let-7e-5p"	-3.82857041170517	10.2848335599221	7.37711351508372	0.00660591103264918	0.0092046327902379
"hsa-let-7f-1-3p"	0.0523558972011591	3.44685101002073	0.0137459562955975	0.906667373682166	0.922573818834485
"hsa-let-7f-2-3p"	1.14131692402222	3.40981313601845	1.32443458563131	0.249797729338956	0.29122147340019
"hsa-let-7f-5p"	1.37644321748666	15.2612902561975	8.64382806616732	0.0032817116383785	0.00480351482715338
"hsa-let-7g-3p"	4.07831567011749	4.44281206516936	30.8897568204736	2.73109465250639e-08	6.43262902925363e-08
"hsa-let-7g-5p"	3.02130858103631	14.2526057575407	51.4723633600502	7.26121113492685e-13	2.5916938204662e-12
"hsa-let-7i-3p"	3.63428751817468	7.79459689810007	67.5820159454362	2.02102642381244e-16	9.87111853314708e-16
"hsa-let-7i-5p"	0.25260840263252	13.7690728284446	0.314460791058423	0.574955678982959	0.623316437028255
"hsa-miR-100-3p"	-10.6494996741834	7.28235953046616	113.917936776029	1.35814533787104e-26	2.25064084561487e-25
"hsa-miR-100-5p"	-12.0634983676352	16.4165479213627	145.976507560972	1.3136417026595e-33	3.80956093771255e-32
"hsa-miR-101-3p"	3.93492040033788	13.1945370296604	28.0114935669661	1.20597042579622e-07	2.66462036937831e-07
"hsa-miR-101-5p"	4.06494959240696	4.14710859326961	24.5578048660259	7.21136551521267e-07	1.48714382180386e-06
"hsa-miR-103a-3p"	1.25731531079683	12.009214576372	6.86888180459054	0.00877095154945667	0.0121141502488816
"hsa-miR-106a-5p"	7.15976616962605	4.17860145325406	82.8692721165968	8.76633785168735e-20	5.89504458432309e-19
"hsa-miR-106b-3p"	3.67066381338755	9.26579331779292	34.3592357760235	4.58220745078596e-09	1.13697553859074e-08
"hsa-miR-106b-5p"	2.56180516796796	7.95358443316941	12.5374305279869	0.000398880426759344	0.000638208682814951
"hsa-miR-107"	-4.33150400498449	6.50180337229746	78.0713438462345	9.93853406327422e-19	6.067736585999e-18
"hsa-miR-10a-3p"	-4.67226912365385	2.9814708645067	14.4333994229178	0.000145204093717086	0.000239767613824654
"hsa-miR-10a-5p"	-3.33662705105452	14.1199921306616	24.5628259992135	7.19259871511778e-07	1.48714382180386e-06
"hsa-miR-10b-5p"	-0.0458744584928296	7.33699843465818	0.00219154209036176	0.962661543285593	0.966733058480371
"hsa-miR-1180-3p"	-3.08217573868758	2.98324033400199	19.2072589151403	1.1726662999236e-05	2.1764686526582e-05
"hsa-miR-1185-1-3p"	-5.84547585882865	2.9431304253475	35.9588482293466	2.01529127054162e-09	5.25334353669276e-09
"hsa-miR-1185-5p"	-7.2101959650657	3.87216004013231	57.992099763816	2.63172579863475e-14	1.04805787730998e-13
"hsa-miR-122-5p"	3.44418919419432	4.82733718011615	9.60830597490462	0.00193699244639869	0.00285322061945712
"hsa-miR-1248"	7.38601504499605	3.63117869593491	23.5260897872296	1.23231338275531e-06	2.49691445239504e-06
"hsa-miR-1249-3p"	-1.40395008902989	3.04805882282257	5.01611157489461	0.0251125015514926	0.0331028429542402
"hsa-miR-125a-3p"	-4.67377161870086	3.89229473089974	41.371070192226	1.2590699867271e-10	3.67361642368683e-10
"hsa-miR-125a-5p"	-4.10434623078987	11.5064530708797	30.4396332313996	3.44418976251474e-08	7.95076641694946e-08
"hsa-miR-125b-1-3p"	-13.2587411224273	9.64900011960043	234.179135803089	7.3110135329037e-53	6.78462055853463e-51
"hsa-miR-125b-2-3p"	-5.73854052272601	5.68378609464832	94.0846607768571	3.02312997625235e-22	2.98453682761934e-21
"hsa-miR-125b-5p"	-10.1992006710388	12.8971259955503	272.128295303378	3.89998723199595e-61	6.03198025215373e-59
"hsa-miR-126-3p"	0.627218072245993	4.02939231604136	0.749359971646042	0.386678943209656	0.43867733410582
"hsa-miR-126-5p"	3.76948951301373	7.32690196278613	10.4814127695174	0.00120581514111655	0.00182246978983088
"hsa-miR-1260a"	0.718916348765296	3.37318887581492	1.70038935957506	0.192237065245268	0.226966916727238
"hsa-miR-127-3p"	-9.4093092601689	13.0953681813352	149.338659513339	2.41832734031437e-34	7.48069257270579e-33
"hsa-miR-127-5p"	-8.16431042933923	5.27475977625645	86.859421348953	1.16515653456606e-20	9.32125227652852e-20
"hsa-miR-1271-5p"	0.241527115662261	6.86842908882384	0.0958234062096537	0.756900476713283	0.801830641997633
"hsa-miR-1273h-3p"	9.40290970448952	5.50563086175141	110.336331252713	8.26989931580284e-26	1.23781718791371e-24
"hsa-miR-128-1-5p"	2.33164957160876	5.36619578667158	3.86982783233355	0.0491615642284074	0.0633637938943917
"hsa-miR-128-3p"	0.0620976454274079	8.81428090021866	0.0277305735577578	0.867743815564357	0.896733029892787
"hsa-miR-1285-3p"	-2.00483048324762	2.31264900303218	3.21311807853751	0.0730501490822772	0.0911163149843458
"hsa-miR-1296-5p"	-4.16251707530152	3.63731247447325	36.0075615918856	1.96553292367709e-09	5.15258348353768e-09
"hsa-miR-1299"	4.31511694270267	3.06256371726264	3.20425296558463	0.0734470428089289	0.0913657583467641
"hsa-miR-1301-3p"	-0.629849337306156	4.62179033920612	1.47117548998335	0.225160319420766	0.263824212654635
"hsa-miR-1304-3p"	-1.41577463583344	6.06452671825625	2.96942848875302	0.0848518261671251	0.103881919106982
"hsa-miR-1307-3p"	0.474877821209276	7.01102253507485	0.765328349125955	0.381666156171926	0.434051707019053
"hsa-miR-1307-5p"	-1.38260307404928	8.32924275865736	10.8104114536838	0.00100930868487482	0.00154052378217736
"hsa-miR-130a-3p"	-5.79510209371278	9.50126999927566	127.230515504614	1.65401777854316e-29	3.61442943948741e-28
"hsa-miR-130b-3p"	-2.01552880509581	8.12352095217801	30.610336145994	3.15408961727554e-08	7.35425920811985e-08
"hsa-miR-130b-5p"	-3.58760396047015	6.30574777439528	48.2304319224909	3.78961133772006e-12	1.25598547193008e-11
"hsa-miR-132-3p"	0.265190667157478	5.86026686671558	0.0899732363788672	0.764211182776296	0.807731181795448
"hsa-miR-132-5p"	-2.12663894618582	3.48160466011164	10.4199500048903	0.00124661268831834	0.00187193620511233
"hsa-miR-134-5p"	-10.1785692103483	5.90221481708481	108.973132311317	1.64500616798316e-25	2.24494959395349e-24
"hsa-miR-1343-3p"	-2.75987085056708	2.16109400685525	7.85855295638017	0.0050580857548848	0.00722139012389707
"hsa-miR-136-3p"	-8.16015292317044	7.62172072558197	141.290803048387	1.38980502047672e-32	3.79335017353647e-31
"hsa-miR-136-5p"	-10.4823455422593	7.37479680376774	163.11608159878	2.35972684852239e-37	9.95375688831265e-36
"hsa-miR-137"	-7.69291235438914	3.6541881716941	36.5923581787022	1.45601396733035e-09	3.86051703337875e-09
"hsa-miR-138-1-3p"	-2.80316846875103	2.73205907152171	10.9136904740825	0.0009545616976133	0.00147148381293213
"hsa-miR-138-5p"	-2.79203136365442	7.48086300214407	34.3931346682217	4.50308887332376e-09	1.12335120280765e-08
"hsa-miR-140-3p"	2.47407380274937	12.0588878806717	32.0275145169453	1.52004334658621e-08	3.61692365546668e-08
"hsa-miR-140-5p"	2.66551886102425	5.77167100104654	19.6458896069337	9.32035915408627e-06	1.75086908805507e-05
"hsa-miR-141-3p"	10.4341505030805	9.73881699951651	91.560498649828	1.0823210441487e-21	9.47541442424526e-21
"hsa-miR-142-3p"	12.3542792361653	11.0052015578373	65.6978923343738	5.25620477551359e-16	2.43887901583831e-15
"hsa-miR-142-5p"	16.6780914081305	15.8719152216908	238.504593102637	8.33249647437521e-54	9.66569591027524e-52
"hsa-miR-143-3p"	-7.56983253386255	14.0049421184951	133.888139660868	5.7802100468311e-31	1.41158813775244e-29
"hsa-miR-143-5p"	-7.96304523156871	4.69366610690072	81.8788858271815	1.44686763276517e-19	9.32425807782001e-19
"hsa-miR-144-5p"	4.04339076318847	2.52719423982821	7.64813055768923	0.00568311846739536	0.00806411917086069
"hsa-miR-145-3p"	-8.62414853920993	6.15331885616917	91.5634907433166	1.08068576040594e-21	9.47541442424526e-21
"hsa-miR-145-5p"	-7.95686550790182	7.04999542841756	83.3904654834468	6.73460313073102e-20	4.8074705425526e-19
"hsa-miR-1468-5p"	3.0483683048663	5.07307990450869	49.1929676445932	2.319808689512e-12	7.7438218124717e-12
"hsa-miR-146a-5p"	6.28573044508631	13.0668100974155	66.1433695876583	4.19287734158307e-16	2.00566503762324e-15
"hsa-miR-146b-3p"	3.88987326793391	6.67571234716288	14.855907821424	0.000116044026456217	0.000193684993797428
"hsa-miR-146b-5p"	5.21274858842093	14.176429893393	14.6463857035856	0.000129683087328926	0.000215673664948465
"hsa-miR-148a-3p"	0.591899377294699	11.0993684895217	1.2353131520299	0.266376239345801	0.30899643764113
"hsa-miR-148a-5p"	1.58569235720059	5.65502355744607	3.34670621858017	0.0673396315805694	0.0842199165859412
"hsa-miR-148b-3p"	0.71660794893042	10.4054262299365	3.65642204071831	0.0558534561987512	0.0709065841909619
"hsa-miR-148b-5p"	-0.783850725540678	5.99352753653012	4.57931335931533	0.0323601795762125	0.0424156026083689
"hsa-miR-149-5p"	-6.15165203561895	5.18416142204553	83.2819742857029	7.11454048946456e-20	5.00173755622963e-19
"hsa-miR-150-3p"	10.767220176132	6.85046835985805	103.994487506133	2.02879734531304e-24	2.54422153574393e-23
"hsa-miR-150-5p"	15.8424999730092	13.771012659357	324.76706735483	1.32603300363361e-72	6.15279313685994e-70
"hsa-miR-151a-3p"	1.75687743154685	12.9759231126857	15.0901952154831	0.000102494260976707	0.000172309192366638
"hsa-miR-151a-5p"	0.588222846874908	12.5039438718303	2.41353014974281	0.120290829905096	0.144973883314194
"hsa-miR-151b"	5.93111679873544	7.81691653058069	75.2831243407692	4.07830563901817e-18	2.39535926139801e-17
"hsa-miR-152-3p"	-2.98164053894271	6.86795072173003	33.6333704930106	6.65413170098439e-09	1.63360693611469e-08
"hsa-miR-152-5p"	-6.24003739974544	5.39171824267689	84.1381108767971	4.61390267061628e-20	3.39817593518406e-19
"hsa-miR-154-5p"	-7.3406495345163	3.37585801453302	42.3373781739493	7.68104443231260e-11	2.29935781715681e-10
"hsa-miR-155-5p"	6.39760220556199	13.6719632708292	20.8975257699042	4.84520029144126e-06	9.28997080673035e-06
"hsa-miR-15a-5p"	4.80739107151795	11.5989074689215	69.4372667278194	7.88840176875091e-17	4.02221804472574e-16
"hsa-miR-15b-3p"	1.28512777375207	5.16409553795221	10.6942936246886	0.00107466498550121	0.00163490017466413
"hsa-miR-15b-5p"	1.29066131266747	8.235787158189	11.9000838333921	0.00056131417797147	0.000885883600608034
"hsa-miR-16-2-3p"	1.04031881935009	6.90506344991098	7.59627757803828	0.00584889341420598	0.00822389861876235
"hsa-miR-16-5p"	5.52025958345271	14.7174688611645	92.2858406079122	7.50191323987569e-22	7.10385253735167e-21
"hsa-miR-17-3p"	0.243813257572769	7.5660215598005	0.41402056574715	0.519935846833421	0.57033151993075
"hsa-miR-17-5p"	3.31541600023608	8.72431856764063	57.6816023359512	3.08171764507786e-14	1.21179405704756e-13
"hsa-miR-181a-2-3p"	0.273758808357993	8.7253663303254	0.24757231107975	0.618789699103847	0.666168028733608
"hsa-miR-181a-3p"	0.0892933066548668	9.61157357752244	0.0530412321997744	0.817853359997953	0.848957402771925
"hsa-miR-181a-5p"	4.25765703163326	16.5459569712173	55.4914655468439	9.38656559794194e-14	3.51239228826215e-13
"hsa-miR-181b-3p"	-0.629236824880456	3.48594420534495	1.81260646303113	0.178195876188067	0.212552407586794
"hsa-miR-181b-5p"	0.808701384287948	11.1937687419375	2.83235847855697	0.0923825983095661	0.112213417841986
"hsa-miR-181c-3p"	-1.37779167466398	4.78996110136903	8.29712610369897	0.00397078654764211	0.00570416395698433
"hsa-miR-181c-5p"	1.56746436906519	8.11954157665263	12.7968665329082	0.000347200399628223	0.000557442856150503
"hsa-miR-181d-5p"	-0.0725542832274592	4.0099775703537	0.0156787011251254	0.900353643051077	0.920185221091849
"hsa-miR-182-5p"	4.52311885111161	7.82918536393373	14.6354425141079	0.000130438242860426	0.00021615480245442
"hsa-miR-183-5p"	4.32403598383744	5.51126425789533	25.3756773405835	4.71829812901547e-07	9.90629109440352e-07
"hsa-miR-185-3p"	-0.669291353720958	3.34701948110073	0.936542575301929	0.333168591828709	0.382649075763666
"hsa-miR-185-5p"	0.44476765684818	5.72432919432241	1.49391531368893	0.221609969142687	0.260982298685804
"hsa-miR-186-5p"	2.75478213694822	13.3952563631823	26.3086865423392	2.90976995266687e-07	6.25061693535846e-07
"hsa-miR-188-3p"	-3.34441600015742	1.95465620385099	5.74700531452797	0.0165167894966614	0.0222784602513108
"hsa-miR-188-5p"	-0.855619520444047	3.28862748296923	0.609783365632164	0.434869388465153	0.485046625595748
"hsa-miR-18a-3p"	0.583810095479627	3.64657609097279	0.397572469158417	0.528345605220423	0.578189530241217
"hsa-miR-18a-5p"	1.8570009348346	4.87341678842292	16.7049254222919	4.36674791755356e-05	7.67489027933656e-05
"hsa-miR-190a-5p"	-4.99391497017428	5.52678256724758	58.174925922309	2.39816285114256e-14	9.84732356575353e-14
"hsa-miR-191-3p"	-0.264117594128141	2.82910235024995	0.0882063173159988	0.766469957176886	0.808277409386535
"hsa-miR-191-5p"	2.15288376186987	14.7805070302065	16.3710075139668	5.20757316902294e-05	8.982579741363e-05
"hsa-miR-1910-5p"	-0.0536072887843786	3.17750839868475	0.00922112216618265	0.923499387470403	0.933559293651998
"hsa-miR-192-5p"	4.0976848958352	12.0301657215381	88.2048740682459	5.9014311843259e-21	4.88975726701289e-20
"hsa-miR-193a-3p"	-6.46563039761867	6.08666573955399	74.9929245596919	4.72403988236699e-18	2.73994313177285e-17
"hsa-miR-193a-5p"	-1.71426149602172	7.52274728394699	7.52416766593585	0.00608766752558816	0.00850806545744851
"hsa-miR-193b-3p"	-3.58782163230575	7.13344003457703	58.769512122123	1.77266867641585e-14	7.47743878051778e-14
"hsa-miR-193b-5p"	-3.23141512592459	2.56929377491508	16.6452435817383	4.50631656831333e-05	7.87196687137623e-05
"hsa-miR-194-5p"	4.54433386931603	5.94157370998646	68.813894120181	1.08207648211896e-16	5.45742921416517e-16
"hsa-miR-195-5p"	1.78542747593357	6.40511086258541	8.57269121774812	0.00341242389588638	0.00497913423802289
"hsa-miR-197-3p"	1.61706309810648	9.24848349789183	17.4869516196057	2.89286336627844e-05	5.14286820671723e-05
"hsa-miR-1976"	6.89854481409828	3.18490420751715	41.2984908139964	1.30669739784313e-10	3.7658856683181e-10
"hsa-miR-199a-3p"	-7.71018829198704	12.0978208915445	198.337165456121	4.81622772317313e-45	3.1924709479319e-43
"hsa-miR-199a-5p"	-8.25104477441408	9.97705489776808	181.231693172319	2.60913579562675e-41	1.34515445463423e-39
"hsa-miR-199b-3p"	-7.77644414476522	10.9821909564698	202.185009518524	6.96669078306484e-46	5.38757420557014e-44
"hsa-miR-199b-5p"	-6.27214414705896	9.1582154494325	60.356474944757	7.9143786208651e-15	3.46440724535982e-14
"hsa-miR-19a-3p"	1.83142773761932	7.26594517207654	5.05415763166313	0.0245669214625385	0.0324759303664327
"hsa-miR-19a-5p"	-0.550481274245804	2.3139788598316	0.352912169842341	0.552469232694877	0.601750525752167
"hsa-miR-19b-3p"	3.54139190526612	10.0494889063608	27.7625733377823	1.37153910203594e-07	3.01608598741552e-07
"hsa-miR-200a-3p"	8.52899221839233	4.67253847517944	68.096797367681	1.55663286654391e-16	7.76642634490726e-16
"hsa-miR-200b-3p"	6.15630819139687	4.96830224107261	49.5540782629842	1.92978287638579e-12	6.48854532350005e-12
"hsa-miR-200c-3p"	6.37714952333388	5.0971183719788	99.8175800637776	1.67100400600092e-23	1.84606156853435e-22
"hsa-miR-204-5p"	-8.04070807734525	7.25529966602065	115.77655343076	5.31982334547356e-27	9.14221493444346e-26
"hsa-miR-20a-5p"	4.51584460138855	10.0494324038411	99.5590851137164	1.90397507037285e-23	2.05452193640233e-22
"hsa-miR-20b-5p"	9.8260219018946	5.92063766418438	109.725180805801	1.12562824899838e-25	1.5827015379856e-24
"hsa-miR-21-3p"	0.44332274169094	12.2015782037508	0.159179079850778	0.68991344507768	0.735907674749525
"hsa-miR-21-5p"	-0.0212127776722406	15.3385739152858	0.000885348741121561	0.976262598881235	0.976262598881235
"hsa-miR-210-3p"	-1.24715887526846	6.93968663524531	5.41048137188101	0.0200161956952941	0.0266882609270589
"hsa-miR-210-5p"	0.183639099513138	4.32158328565118	0.0293440531123812	0.863987047126667	0.894843727381191
"hsa-miR-2110"	2.01566442001947	3.33126112293186	8.50047778847184	0.00355053235514762	0.00514890058534142
"hsa-miR-2110-3p"	1.43491673397605	3.51747890004968	8.50025561360138	0.00355096592092512	0.00514890058534142
"hsa-miR-212-3p"	0.130538432484738	3.22966631817825	0.0147631819587497	0.903291977192654	0.921159291027233
"hsa-miR-212-5p"	-2.17869435806528	3.02324366191994	9.83139639614163	0.00171558056985924	0.00255137623209835
"hsa-miR-214-3p"	-8.74811297541763	7.08857218133272	155.364327727352	1.16567526946686e-35	4.5072777086052e-34
"hsa-miR-214-5p"	-8.462096233083	5.71715771310958	116.457238660815	3.77429978537337e-27	6.73567346312786e-26
"hsa-miR-215-5p"	0.921254816193135	3.82479034498903	1.87111544056756	0.171347381386103	0.205439754426749
"hsa-miR-218-1-3p"	-8.65340090308189	4.48990355796873	66.8668709433609	2.90475639102072e-16	1.40396558899335e-15
"hsa-miR-218-5p"	-7.09292987717711	5.11844161466268	72.272662639592	1.87425879172493e-17	9.99604688919965e-17
"hsa-miR-22-3p"	-3.16843894526232	14.4085889611081	44.4345527592288	2.63003999820622e-11	8.4161279942599e-11
"hsa-miR-22-5p"	-3.74628644270267	5.88459156644173	58.748688894905	1.79152886401406e-14	7.48891344957228e-14
"hsa-miR-221-3p"	-1.03107712009887	12.5755969477173	5.84440414146199	0.0156266646315459	0.0211392781021495
"hsa-miR-221-5p"	-3.18796890314942	9.00287154436606	35.7558239047887	2.23662358356328e-09	5.79772817191821e-09
"hsa-miR-222-3p"	-3.10829952153316	12.3937189415435	50.4562868909579	1.21848837094098e-12	4.18798966012309e-12
"hsa-miR-222-5p"	-2.81331222224305	4.92721502542459	7.54991646171885	0.00600128565912867	0.00841267838621059
"hsa-miR-223-3p"	8.09076088211825	9.60201427565648	69.9785439397586	5.99530468553976e-17	3.12564199336005e-16
"hsa-miR-223-5p"	9.23152644618277	5.33852927869391	111.802486247125	3.94740498681751e-26	6.31584797890802e-25
"hsa-miR-224-3p"	-5.93437312018285	2.36038859969973	11.3173817416496	0.000767849070128381	0.00119960258767532
"hsa-miR-224-5p"	-7.991168013748	7.8114097317829	85.1371541518455	2.78370381937216e-20	2.08328801965916e-19
"hsa-miR-2277-5p"	-0.933010711784195	2.97671132444311	2.95635308516439	0.085540677252495	0.104449669066204
"hsa-miR-2355-5p"	0.394243610803786	4.53389413938151	0.66137433564315	0.416075170037779	0.467271679804535
"hsa-miR-23a-3p"	-1.80589355028397	9.54115586420252	20.0095026718825	7.70582687278432e-06	1.45345677600485e-05
"hsa-miR-23a-5p"	-0.34431801469572	5.21530025835243	0.220115795085044	0.638951702495447	0.68469651260482
"hsa-miR-23b-3p"	-3.4774647013185	8.91632676178943	62.747629562311	2.34964210077911e-15	1.05847954831214e-14
"hsa-miR-23b-5p"	-4.85983410357565	2.17423229819074	16.5915986461548	4.6355915089599e-05	8.05585940133856e-05
"hsa-miR-24-2-5p"	-3.16351717198092	5.85907556622917	49.9471937304915	1.57939798649445e-12	5.38853430686342e-12
"hsa-miR-24-3p"	-0.724828334916114	9.01603246583321	4.09803025732953	0.0429332043176131	0.0559578842791362
"hsa-miR-2467-5p"	0.110755062639503	2.89029839761008	0.0176977127477214	0.894167479410371	0.915880155510843
"hsa-miR-25-3p"	3.97739231182292	12.7818932557115	61.8156097384589	3.77172472212794e-15	1.68276949141093e-14
"hsa-miR-25-5p"	-0.0603349735557077	4.40389260854051	0.0105450592291731	0.918209694046857	0.930238642003803
"hsa-miR-2682-3p"	-5.72749965133035	2.24303403946275	19.5197718022648	9.95637940045169e-06	1.86280646847161e-05
"hsa-miR-2682-5p"	-7.46660125051436	3.47866015104278	53.4752440193288	2.61872100484287e-13	9.4928636425554e-13
"hsa-miR-26a-2-3p"	-0.415606094208601	4.17772139343367	0.617576937904147	0.431949138672357	0.482950362274635
"hsa-miR-26a-5p"	2.89223645694377	15.7324029668808	35.6496489857507	2.36190438206654e-09	6.08846462932709e-09
"hsa-miR-26b-3p"	3.35014331808059	5.02589423185759	58.5472968739865	1.98462153544052e-14	8.22200350396788e-14
"hsa-miR-26b-5p"	4.71348874311041	13.1785554140644	82.1394619294366	1.26815208131877e-19	8.28764177087195e-19
"hsa-miR-27a-3p"	-0.987733457342537	10.5280491786359	5.51841572846426	0.0188172929309407	0.0251620285877709
"hsa-miR-27a-5p"	-0.0307227798657035	6.06076908035282	0.0041878397716868	0.948402097363846	0.954573911446474
"hsa-miR-27b-3p"	-0.745203144858981	13.358176890867	3.19437135588447	0.0738921744769857	0.0916737137896293
"hsa-miR-27b-5p"	-2.35165775323559	5.87664741074006	16.6425129089982	4.51280859436654e-05	7.87196687137623e-05
"hsa-miR-28-3p"	2.89636058654948	13.8901949379635	27.4818985195149	1.58571732174771e-07	3.45433256944103e-07
"hsa-miR-28-5p"	3.14044335371204	9.58643100280285	50.916787979932	9.63658391166004e-13	3.36193604136109e-12
"hsa-miR-296-3p"	-4.16704011157076	3.29894470589791	22.3955210210593	2.21890874767421e-06	4.3998874312856e-06
"hsa-miR-296-5p"	-1.61793571396475	3.61258035010739	11.1853376663635	0.000824462507897273	0.00127943345707135
"hsa-miR-299-3p"	-7.88954967627859	3.82101217325013	44.4040208351995	2.6713787432961e-11	8.48986121157116e-11
"hsa-miR-299-5p"	-8.13315280640857	4.03294265206045	82.9479447435589	8.42428987910949e-20	5.74833897633354e-19
"hsa-miR-29a-3p"	0.315947600554528	13.6218602597945	0.461832373188827	0.496768854026868	0.547507715602058
"hsa-miR-29a-5p"	-1.51281724004055	4.69270898878403	10.4560997284087	0.00122245113846331	0.00184161470210057
"hsa-miR-29b-1-5p"	-0.241081841382761	3.88642467151884	0.13773229146837	0.710545910488286	0.75617729923524
"hsa-miR-29b-3p"	0.252284659563588	9.6653643349671	0.279988853814736	0.59670852242562	0.645391035910228
"hsa-miR-29c-3p"	4.7582504839182	11.381274452984	41.3591606237395	1.26676428402994e-10	3.67361642368683e-10
"hsa-miR-29c-5p"	4.43222301533001	5.87924378973304	58.1121552938477	2.47591722653012e-14	1.00774174834209e-13
"hsa-miR-301a-3p"	0.838235115778535	6.06208984909077	1.71719745453305	0.190054194139469	0.224962107348759
"hsa-miR-301a-5p"	-3.64029181328048	2.07213167626085	9.67018017913692	0.00187282944676825	0.00276749319522442
"hsa-miR-301b-3p"	-0.755802963848214	3.95632526813903	3.02057972317017	0.0822140721388416	0.101186550324728
"hsa-miR-302a-5p"	-5.3152085404415	2.38092935632677	14.0204661433834	0.000180831649652034	0.000296487227698034
"hsa-miR-30a-3p"	-4.44977072674573	6.09988805179279	43.5046138513763	4.22960977017859e-11	1.30835928890858e-10
"hsa-miR-30a-5p"	-1.94139225805783	11.9845620166201	12.9085835608003	0.000327078715885195	0.000526960153370591
"hsa-miR-30b-3p"	3.80954175476159	3.35198298235357	10.0055155334626	0.00156072095629567	0.00232853544604884
"hsa-miR-30b-5p"	4.24983224441853	10.9353200872908	38.5317064454876	5.38713539484247e-10	1.47907149302184e-09
"hsa-miR-30c-1-3p"	1.55319075852324	4.28387137596247	4.67517112678162	0.0306016538306409	0.0402242701909841
"hsa-miR-30c-2-3p"	-7.39194638792014	4.18879692703856	74.0389663569944	7.65901407539005e-18	4.28166569997709e-17
"hsa-miR-30c-5p"	1.18077543653435	11.2166201400657	7.61525707176759	0.00578765077127356	0.0081625226683007
"hsa-miR-30d-3p"	3.45014961442443	6.38991699729261	44.213476847121	2.94447133113841e-11	9.29411358944369e-11
"hsa-miR-30d-5p"	3.66817304826013	13.5120085001316	66.0819652312372	4.32555603157353e-16	2.04801836596951e-15
"hsa-miR-30e-3p"	5.62964881287853	9.38563837262773	15.8614996041827	6.81511351433219e-05	0.000116257818773902
"hsa-miR-30e-5p"	3.46982916054182	13.3670858923822	23.7351919930545	1.10542611573105e-06	2.24963911271583e-06
"hsa-miR-31-3p"	-8.90058719396448	5.59338012769161	109.756733890185	1.10785257846614e-25	1.5827015379856e-24
"hsa-miR-31-5p"	-11.6756864635504	11.9973208597584	299.426657357221	4.39221724532145e-67	1.01899440091458e-64
"hsa-miR-3117-3p"	-6.23387365053658	2.55628457204055	11.7515233931479	0.000607934594633638	0.000956208989525451
"hsa-miR-3129-3p"	-2.58191905744387	2.17417784402962	6.43354711277361	0.0111984718024875	0.0153730500483853
"hsa-miR-3150b-3p"	9.44790886364148	5.54994876748945	106.220472965713	6.59715568006954e-25	8.50300065431186e-24
"hsa-miR-3152-5p"	-6.38786618151185	2.66819689860165	27.5120942413591	1.56115211654086e-07	3.41686123620264e-07
"hsa-miR-3158-3p"	0.17141414490335	3.25398526483069	0.0538563982189304	0.816483790416736	0.848957402771925
"hsa-miR-3168"	-6.58412923298845	3.51605417754678	29.0328170230675	7.11625058413543e-08	1.58747128415329e-07
"hsa-miR-3176"	0.320609706879757	3.45658270931904	0.0783070210212831	0.779604928931046	0.820264596426316
"hsa-miR-32-3p"	3.72213804383347	2.77462879544872	18.1694856682801	2.02091003232138e-05	3.64864690660357e-05
"hsa-miR-32-5p"	7.50312347952847	7.4296626180815	42.0700150300437	8.80632102009189e-11	2.61931599571964e-10
"hsa-miR-3200-3p"	-2.71812727995155	2.6538532425999	7.73129736539069	0.00542717393869487	0.00772456658759025
"hsa-miR-320a"	0.308253505149418	10.1893580092871	0.59332691852373	0.441135495932697	0.490855803627749
"hsa-miR-320b"	1.89299540946798	3.54763876291934	15.5535522967631	8.02008121867493e-05	0.000135814514068072
"hsa-miR-323a-3p"	-6.10519585720302	3.91364228902215	69.5254798272944	7.54337190739986e-17	3.88902729448171e-16
"hsa-miR-323b-3p"	-7.20611868416131	3.26987692797725	39.0083800709442	4.21990235065481e-10	1.17247586269691e-09
"hsa-miR-324-3p"	-0.294356527672245	4.80430132886519	0.317630499595984	0.573035119562538	0.622689216573812
"hsa-miR-324-5p"	1.79314676188971	4.18619398941079	13.3630029583698	0.000256637044628212	0.000414911458911117
"hsa-miR-328-3p"	0.776252370547562	5.86177681100676	1.38423820591847	0.239380543843638	0.27977977920264
"hsa-miR-329-3p"	-8.8092068314273	4.62870793674122	101.251266619675	8.10248893045682e-24	9.39888715932992e-23
"hsa-miR-330-3p"	0.298617831196452	4.26005985219838	0.251526561345059	0.616002224010752	0.664709376606951
"hsa-miR-330-5p"	1.98647660016735	4.63211067054148	20.1183363817514	7.27954175955041e-06	1.37865607201281e-05
"hsa-miR-331-3p"	-1.60962351356128	6.6776609249205	13.7341354894876	0.000210591988401569	0.000342858535502906
"hsa-miR-331-5p"	0.24420942039696	3.18024306247126	0.175214022004546	0.675518912789724	0.722213768512516
"hsa-miR-335-3p"	-0.968966649540517	7.52143221077999	4.08471763503578	0.0432726809316189	0.0561914183110997
"hsa-miR-335-5p"	-1.3386095670538	6.3868670698827	3.73085141200048	0.0534161592540713	0.0682785065947358
"hsa-miR-337-3p"	-8.80756864575666	4.62647741781292	83.722595858744	5.6930787589483e-20	4.12748210023752e-19
"hsa-miR-337-5p"	-6.97802858892648	3.09398055752182	34.6688176854524	3.9084216705115e-09	9.85601986476813e-09
"hsa-miR-338-3p"	7.56228085883728	3.76875573511898	42.5569539695348	6.86537551813958e-11	2.06852872754335e-10
"hsa-miR-339-3p"	2.18848488081302	8.19372519781496	22.4226552900412	2.1877809724403e-06	4.37556194488061e-06
"hsa-miR-339-5p"	-0.471810616001528	6.70924284997307	1.23599638125694	0.266244046207198	0.30899643764113
"hsa-miR-33a-3p"	3.90821039540355	3.04299084337264	22.1082822556185	2.57695529351394e-06	5.08811598378923e-06
"hsa-miR-33a-5p"	-1.11692775668787	4.3299409590938	3.6205292267653	0.0570707159029882	0.07215480157762
"hsa-miR-33b-3p"	-0.213871541798407	3.26876134473182	0.0737185290489002	0.785997607328941	0.825119660182418
"hsa-miR-33b-5p"	-1.87147039514439	4.10760868209375	16.5142380189602	4.82861175167197e-05	8.35998452528282e-05
"hsa-miR-340-3p"	0.435305095754693	3.48866725396263	0.518260916952912	0.47158446952038	0.522231966246913
"hsa-miR-340-5p"	2.10282987842418	8.62437590766941	16.8965205290437	3.9473874976941e-05	6.99079312568727e-05
"hsa-miR-342-3p"	6.22397210429537	11.6480975444669	149.548268964062	2.17619770071745e-34	7.21254095094925e-33
"hsa-miR-342-5p"	4.49600961843879	6.15977210416371	80.5600700726764	2.82000660707117e-19	1.79244255572743e-18
"hsa-miR-345-5p"	-0.626550193139906	7.78978073143324	2.27996723140205	0.131054642600569	0.157537186960269
"hsa-miR-34a-3p"	-3.72484950378794	2.37143383372186	11.570104819754	0.000670206401891053	0.00105059381918057
"hsa-miR-34a-5p"	-3.68686055387298	6.92730236810868	40.6508457975866	1.82008445900103e-10	5.18109931887408e-10
"hsa-miR-34b-5p"	-6.98245941629133	3.09478119378273	32.4855824821994	1.20080070889831e-08	2.90193504650424e-08
"hsa-miR-34c-5p"	-7.02600135826322	5.55567204371792	83.1100450591002	7.76103011126731e-20	5.37480294272841e-19
"hsa-miR-3607-3p"	5.22239341959123	7.58232687954303	16.7578495625364	4.24662175903416e-05	7.49213876879031e-05
"hsa-miR-3609"	9.34140901879616	5.45284288326173	51.2567488312779	8.10416421081001e-13	2.84873651046655e-12
"hsa-miR-361-3p"	3.90949821312148	10.9436962572482	74.513984960224	6.02102272479902e-18	3.44907968432931e-17
"hsa-miR-361-5p"	2.51264419823978	8.64559904424886	42.6497475248682	6.54728789002562e-11	1.98558273266136e-10
"hsa-miR-3613-5p"	1.51905723347161	3.91421412708583	3.41410791826767	0.0646413426441089	0.081063737802342
"hsa-miR-3614-5p"	1.92823550273958	2.84435956464534	2.44799019064361	0.117675451977673	0.142191171139688
"hsa-miR-3615"	5.39086770200261	5.98153328527826	30.3192911985644	3.66463006932249e-08	8.37629730130854e-08
"hsa-miR-362-3p"	0.52606979983441	3.16489006750947	0.50531384933802	0.477174521986719	0.527164233813899
"hsa-miR-362-5p"	2.93690424204505	5.74573411744229	7.01503038223746	0.00808282614509852	0.0112288363213345
"hsa-miR-363-3p"	13.6705461797436	9.74233960901841	191.577138046315	1.43907414197818e-43	8.34663002347345e-42
"hsa-miR-3651"	3.64093971684456	4.01326941475182	22.0135491158102	2.70732532944999e-06	5.32287691891862e-06
"hsa-miR-3653-3p"	7.33247335815849	3.5644691673497	40.4493052507976	2.01784187554383e-10	5.67441594092324e-10
"hsa-miR-3653-5p"	7.55031629079984	3.75535505759715	47.993417511349	4.27652475224626e-12	1.40731027307962e-11
"hsa-miR-365a-3p"	-4.01422891998876	5.43461317039466	52.9126176325571	3.48722173312171e-13	1.25431851485928e-12
"hsa-miR-365b-3p"	-3.97384394583625	5.39991530861124	49.6588403359943	1.82943897662817e-12	6.19605609602532e-12
"hsa-miR-365b-5p"	-3.78778123144532	2.58530580545103	19.2386840106094	1.15352082413874e-05	2.14953278072439e-05
"hsa-miR-3661"	-1.41250913398133	2.77104198299932	3.97280746759859	0.0462406157410274	0.0597650298157011
"hsa-miR-3677-3p"	-2.78727378532989	2.55555083486131	13.8336748069679	0.000199724388344988	0.000326310268281952
"hsa-miR-3681-5p"	6.44605394931438	2.82196730574679	29.236200738719	6.40708966813557e-08	1.43617855363039e-07
"hsa-miR-369-3p"	-6.66799902982603	4.34253995302193	47.250435071539	6.24721157036388e-12	2.04134237228791e-11
"hsa-miR-369-5p"	-8.66447548720757	4.49881708535986	86.7247464802351	1.24726330721909e-20	9.80898600931621e-20
"hsa-miR-370-3p"	-8.65777017288277	5.33145548618574	95.1313589746908	1.78161988060223e-22	1.83704805466541e-21
"hsa-miR-370-5p"	-5.22520419439171	1.95760011143647	9.31434565850707	0.0022736656432945	0.0033385470205337
"hsa-miR-374a-3p"	1.27869742324324	6.78227943004834	2.83687881394475	0.0921229987336651	0.112191788484044
"hsa-miR-374a-5p"	2.68138917678195	6.86982006304524	10.8663738444461	0.000979260795673058	0.00149959408974356
"hsa-miR-374b-3p"	1.11772691306302	3.00427004294941	3.48688883806473	0.0618567326300595	0.077781907697419
"hsa-miR-374b-5p"	2.89256706833324	5.56659926291111	36.7390297029322	1.35048432134322e-09	3.60129152358191e-09
"hsa-miR-376a-3p"	-8.9301629900679	4.73598425821415	72.4572323376587	1.7069124972466e-17	9.20938835723748e-17
"hsa-miR-376a-5p"	-8.10185140349545	3.99910220800395	32.3907821871418	1.26083135015746e-08	3.03122148431639e-08
"hsa-miR-376b-3p"	-8.52633032791624	4.37601720668045	85.9821560141057	1.81566629678462e-20	1.40411526951344e-19
"hsa-miR-376c-3p"	-9.32233095546394	5.78213766998581	97.7259020465196	4.80495742343929e-23	5.06704601017234e-22
"hsa-miR-377-3p"	-5.84741341548059	2.94566074421529	34.9193543436785	3.43647840425713e-09	8.76113175590829e-09
"hsa-miR-377-5p"	-8.73385340958472	4.56030438803739	78.9664595518284	6.31734067834094e-19	3.90832809966693e-18
"hsa-miR-378a-3p"	4.26630019633111	11.3364398615872	51.2842888570597	7.99126460856803e-13	2.83049372395081e-12
"hsa-miR-378a-5p"	4.81549900529208	3.72476487488854	36.2192386883337	1.76321287617246e-09	4.64847030990922e-09
"hsa-miR-378c"	5.24030558976269	4.38450692166492	60.1335099047948	8.8636382277066e-15	3.80808160894061e-14
"hsa-miR-378d"	3.66583563090274	3.0274272861504	18.4204463600441	1.77146942847921e-05	3.21078833911856e-05
"hsa-miR-379-3p"	-7.35217841109137	3.38727394226451	54.2754493622954	1.74265513363914e-13	6.46873585606851e-13
"hsa-miR-379-5p"	-6.15967879121884	4.25532503861039	68.0491292271505	1.59472237545031e-16	7.8718210873292e-16
"hsa-miR-380-3p"	-4.70133519026657	2.84105306636637	29.3992972081133	5.88989984130599e-08	1.32665705163397e-07
"hsa-miR-381-3p"	-6.67779364570066	7.34165721022317	125.301361651812	4.37237871925216e-29	8.8207988075348e-28
"hsa-miR-382-3p"	-6.92266660174318	3.05567189654309	45.9828321948088	1.19293815893239e-11	3.87079234786452e-11
"hsa-miR-382-5p"	-9.262881885562	5.04211691064404	106.701448962511	5.17548076493873e-25	6.86120878551877e-24
"hsa-miR-3909"	-2.873309004079	3.80603311621945	26.8600295549593	2.18736232953431e-07	4.74269215375664e-07
"hsa-miR-3912-3p"	3.56633336377266	4.14555110109738	26.2706559399072	2.96763658212658e-07	6.34554550279601e-07
"hsa-miR-409-3p"	-8.21257785525764	9.70894098142281	132.590190259223	1.11141047378237e-30	2.57847229917509e-29
"hsa-miR-409-5p"	-8.35530226008202	7.03212928593011	141.029598069088	1.58514913540782e-32	4.08616221571794e-31
"hsa-miR-410-3p"	-5.37826481494393	6.97774984012356	65.6196914138272	5.4689591580092e-16	2.51247232605571e-15
"hsa-miR-411-3p"	-6.504774840901	2.74480378628339	24.1137674097362	9.08087442975382e-07	1.86439191832114e-06
"hsa-miR-411-5p"	-6.9600655656094	8.42064732777637	110.75285816937	6.70268059925736e-26	1.03668126601847e-24
"hsa-miR-412-5p"	-7.38392146025837	3.41159859149916	57.9838899174945	2.64273214752733e-14	1.04805787730998e-13
"hsa-miR-421"	0.361852761395435	6.07809240783144	0.696202392254563	0.404062695247472	0.45728070876787
"hsa-miR-423-3p"	0.460914534043832	11.1723523370729	1.18474941470871	0.276391225797362	0.319814286209416
"hsa-miR-423-5p"	0.84195645848456	11.2936698262792	4.08152217621938	0.0433545856796847	0.0561914183110997
"hsa-miR-424-3p"	-5.66562416683488	4.73687448072585	40.1048317066418	2.40692915924936e-10	6.7278019872994e-10
"hsa-miR-424-5p"	-5.40226112733134	5.57107646309511	42.6837861905542	6.43434145744872e-11	1.96416739227382e-10
"hsa-miR-425-3p"	2.39069145686506	5.00769699136149	26.5182557757581	2.61059376099284e-07	5.63402560511943e-07
"hsa-miR-425-5p"	3.34863490794243	8.97374881049126	55.8332344674161	7.8886618271491e-14	3.02507362627866e-13
"hsa-miR-429"	5.96701124195704	2.47057634312285	21.5827474837203	3.3888653889369e-06	6.55180641861135e-06
"hsa-miR-431-3p"	-8.18789439177287	4.07780234667281	55.5597787901423	9.06597226225963e-14	3.42000904852721e-13
"hsa-miR-431-5p"	-6.55989849315728	5.21929340374903	85.8348513502824	1.95608159285147e-20	1.48790468702144e-19
"hsa-miR-432-5p"	-8.39619037049553	5.60812190530097	92.0017368346927	8.66004422261907e-22	8.0365210385905e-21
"hsa-miR-4326"	-2.46076416358351	4.01874359960971	10.895834669947	0.000963807487285471	0.00148081680165715
"hsa-miR-433-3p"	-4.3758625170128	2.60532586565575	17.648669048559	2.65701142452086e-05	4.74174346529877e-05
"hsa-miR-4424"	8.4194203913529	4.57286271743379	35.0703065794837	3.18013272060315e-09	8.15238443292742e-09
"hsa-miR-4443"	3.52087647027066	2.75279158685389	11.2622751443271	0.00079098203975003	0.00123159619612085
"hsa-miR-4464"	7.70706009676044	3.92038064757278	21.6522187421239	3.26831743416485e-06	6.3451853115167e-06
"hsa-miR-4482-3p"	4.3220281369549	3.21875163535096	5.28740807992547	0.0214801670074491	0.0285581590013077
"hsa-miR-4485-3p"	4.44523529769146	2.36259682675478	6.28022092497273	0.0122092878668525	0.0167112376702642
"hsa-miR-450a-5p"	-4.23559372749866	4.14272648458215	30.3014648723405	3.69846480700406e-08	8.41219446298964e-08
"hsa-miR-450b-5p"	-4.95643676474476	5.19489724951323	55.8060917863775	7.99833156871577e-14	3.04198839990501e-13
"hsa-miR-451a"	7.38835308178396	6.25429058252193	15.9868429224708	6.37842293911279e-05	0.000109209898293296
"hsa-miR-452-3p"	-6.60794330673392	2.82342859141717	31.2062174776756	2.32021762077175e-08	5.49276008182701e-08
"hsa-miR-452-5p"	-7.86066592342121	5.30029707072396	60.2314403492388	8.4334295125635e-15	3.65711335871913e-14
"hsa-miR-4521"	-3.41234580063019	4.19926566584904	25.8835489092055	3.62646643740123e-07	7.68347226919714e-07
"hsa-miR-454-3p"	1.75851566203154	6.60552021821032	16.2081337308442	5.67499307864064e-05	9.75258069810836e-05
"hsa-miR-454-5p"	0.342330716257254	3.6561249399489	0.228745400896345	0.632455659161745	0.67930422650706
"hsa-miR-455-3p"	-5.23561581618813	4.25266834931068	57.249771369212	3.83833723687574e-14	1.4966289730339e-13
"hsa-miR-455-5p"	-4.3030934472127	4.84438353316908	71.5168272767048	2.74903667888935e-17	1.44949206705075e-16
"hsa-miR-4636"	-4.93020353830399	1.82094814629649	10.5678380646025	0.00115072227481875	0.00174488606377745
"hsa-miR-4661-5p"	4.11999796903477	3.05606140261503	12.5196571337614	0.000402692779698994	0.000642094329142039
"hsa-miR-4662a-5p"	4.75343519511991	4.19960531921931	21.8441415156251	2.95718104564221e-06	5.78958651973834e-06
"hsa-miR-4677-3p"	0.659853359020398	5.39417624258509	1.48865982788607	0.222424511575797	0.261278413597899
"hsa-miR-4775"	-2.54090417318275	3.91536880047424	25.7611201987483	3.86394272337393e-07	8.14940647111592e-07
"hsa-miR-484"	0.335416503410054	9.49542672732612	0.812701419028093	0.367322778760352	0.419797461440402
"hsa-miR-485-3p"	-7.37706901757842	4.55394684975289	59.0743195617765	1.51827835154462e-14	6.46312986345598e-14
"hsa-miR-485-5p"	-9.07928229464381	5.72821364990882	91.5053755971949	1.1128944573275e-21	9.56264867036966e-21
"hsa-miR-486-3p"	4.51978875625105	7.08673285808595	24.8150006152978	6.31044676052004e-07	1.31302569366874e-06
"hsa-miR-486-5p"	8.05016584332652	15.1720114121446	38.7264910095924	4.87547009500984e-10	1.34655840719319e-09
"hsa-miR-487a-3p"	-4.35057095057253	2.32880513291598	18.4283557176195	1.76413194643906e-05	3.2100283260695e-05
"hsa-miR-487b-3p"	-9.1425926750985	6.2277420899759	127.160121239419	1.71373809630869e-29	3.61442943948741e-28
"hsa-miR-490-3p"	-5.48283663340408	2.71485772315697	10.0406366391945	0.00153124273498416	0.00229192460978275
"hsa-miR-493-3p"	-8.79025896055197	5.45674757458362	91.8584758423733	9.31022643483609e-22	8.47048052110578e-21
"hsa-miR-493-5p"	-6.30359359248846	4.42345450966922	80.1964412663318	3.3897716134139e-19	2.12547841705953e-18
"hsa-miR-494-3p"	-7.34215080482561	4.63718456854297	72.6974099262378	1.51132309980729e-17	8.34826093226885e-17
"hsa-miR-495-3p"	-8.65517632108902	5.32905197388736	92.4514321892088	6.8997443997162e-22	6.66975291972566e-21
"hsa-miR-496"	-6.54406281568442	3.98124706519192	56.437000660058	5.80280862614663e-14	2.2437526687767e-13
"hsa-miR-497-5p"	1.32759290266225	4.33198560682006	2.65421445901759	0.103275764785943	0.125117375615346
"hsa-miR-5000-3p"	3.18991182212365	3.20803282714282	15.7327265720722	7.29510332234455e-05	0.000123990034489666
"hsa-miR-500a-3p"	0.0906537177889016	9.59848882716585	0.0108230459974319	0.917142470440343	0.930238642003803
"hsa-miR-501-3p"	-0.322386374515513	8.33533335140599	0.807108465428803	0.368976517012713	0.42065136091867
"hsa-miR-501-5p"	-0.702134971054295	2.81806687991021	0.691132873853163	0.405779315444972	0.458106088482888
"hsa-miR-502-3p"	-3.45200860159914	4.64564377576314	43.2876027812961	4.72568158911435e-11	1.45212997175434e-10
"hsa-miR-502-5p"	-0.542851881908685	2.46778460091922	0.419142348061527	0.51736530639277	0.568856640204372
"hsa-miR-503-5p"	-6.59843890715254	3.37111149515622	40.6302297848808	1.83938886241138e-10	5.20412458633462e-10
"hsa-miR-504-5p"	-4.58575952369493	2.12736676683104	13.4832001070481	0.000240708924840494	0.000390520773167795
"hsa-miR-505-3p"	0.019493803792414	4.92825557618727	0.00196423433041648	0.964649582061233	0.966733058480371
"hsa-miR-5196-3p"	7.90847797821975	4.07537129640924	88.0357108566714	6.42833589272582e-21	5.23289097232418e-20
"hsa-miR-532-3p"	-0.576046641901572	5.50666983280473	0.658983238042254	0.41691912810146	0.467271679804535
"hsa-miR-532-5p"	0.879460523288947	10.1629764093762	1.73183669267095	0.188176504804583	0.223309202632549
"hsa-miR-539-3p"	-8.02896928765587	4.58571472922153	89.4829436219364	3.09293573043061e-21	2.60931305258146e-20
"hsa-miR-539-5p"	-6.71042644684145	2.89862240653164	32.3443470928177	1.29132324498523e-08	3.08852569934611e-08
"hsa-miR-541-5p"	-5.8803891311994	2.33733519840506	21.095403083166	4.36975137483103e-06	8.41313127768297e-06
"hsa-miR-542-3p"	-5.00599207538388	4.10485985568911	41.5129390105031	1.17093359198216e-10	3.43869105493496e-10
"hsa-miR-542-5p"	-6.06217325189143	2.9439102462548	19.1792824397636	1.18997907699301e-05	2.19980195906277e-05
"hsa-miR-543"	-8.10125828541364	4.65084380358529	95.059462584783	1.84751529237149e-22	1.86358064273994e-21
"hsa-miR-548e-3p"	0.563701576644636	5.57479062726589	0.867179320729371	0.351737377256898	0.402978130980742
"hsa-miR-548e-5p"	2.6802753487573	3.9748317911833	12.0007693861603	0.000531785918238896	0.000842145617961938
"hsa-miR-548k"	-0.0539077253637541	5.38214587943923	0.0186309663923581	0.891429741369201	0.915096017688737
"hsa-miR-548o-3p"	1.91652043818828	3.47410834423138	14.8846212259875	0.000114290942249425	0.000191447643334778
"hsa-miR-549a"	-6.38775166884679	2.66692287719999	24.039682366777	9.43705853707201e-07	1.92898465251163e-06
"hsa-miR-549a-5p"	-5.81181365756472	4.73611990894174	82.4727345466811	1.07137870929553e-19	7.10171030161607e-19
"hsa-miR-550a-3p"	-0.0891969794570336	3.13402133646082	0.0255330219106007	0.873046063405444	0.900207496489169
"hsa-miR-550a-5p"	-2.20718515983645	2.75320753167485	6.15567112876353	0.0130991402786158	0.0178240501151839
"hsa-miR-561-5p"	-5.83741475350671	3.69039506670306	38.2338637294773	6.27538677045591e-10	1.7128114479362e-09
"hsa-miR-574-3p"	-5.48093008196814	8.06477941540926	120.480768670284	4.9645731878329e-28	9.59817482981026e-27
"hsa-miR-574-5p"	-7.3003288290496	3.34584669858348	53.6850460036874	2.3534780817703e-13	8.59853409402692e-13
"hsa-miR-576-5p"	3.11709594126351	5.83936952478713	34.4382598442523	4.39988719633337e-09	1.10353927518848e-08
"hsa-miR-577"	11.5933426482915	7.67021702871262	154.840056349589	1.51756215430349e-35	5.41652953536015e-34
"hsa-miR-582-3p"	4.46057965005206	6.50234086328764	41.5577860993242	1.14437803030393e-10	3.38211086663071e-10
"hsa-miR-582-5p"	6.0624201533135	5.7088534619958	43.8786185573399	3.49384883156427e-11	1.08801735425894e-10
"hsa-miR-584-5p"	-2.88360881957832	5.25020116602378	22.4069604675042	2.2057318836168e-06	4.39253044634418e-06
"hsa-miR-585-3p"	-5.72826794054652	2.24783110975575	18.4733780525226	1.72294258115172e-05	3.1474226679307e-05
"hsa-miR-589-3p"	-0.406050262422366	2.70393938154091	0.369239419020055	0.543419142063356	0.59328583980564
"hsa-miR-589-5p"	0.500730459595065	7.58512053247255	1.79078350208637	0.180830730151309	0.215142202026172
"hsa-miR-590-3p"	1.45819408163789	5.42249607473474	3.71864648733433	0.0538079722975047	0.0685903822693467
"hsa-miR-598-3p"	5.31957739220832	6.07864096850855	64.7928683892891	8.31997235526208e-16	3.78477173808e-15
"hsa-miR-605-3p"	-5.7210808041322	2.86175595547258	21.6927016023378	3.20006465146334e-06	6.23878150537392e-06
"hsa-miR-605-5p"	-5.06605226111269	1.88388432970063	12.1779105668557	0.000483587828446011	0.000768440932873113
"hsa-miR-615-3p"	-4.10748619386698	3.08507928944	7.62724825625513	0.00574929543127566	0.00813314963448751
"hsa-miR-616-5p"	0.541070728717527	4.04245840529685	0.954868689774423	0.328483102714045	0.379144675769445
"hsa-miR-625-3p"	-0.104941534105829	6.12040830043697	0.0574797722362357	0.810524540038	0.847034654454126
"hsa-miR-625-5p"	-1.53706722272904	5.36599447994311	8.47225428046509	0.00360604268546593	0.00521247291606289
"hsa-miR-628-3p"	1.56851053995317	2.97604881196542	3.65412207435871	0.0559306245989053	0.0709065841909619
"hsa-miR-628-5p"	0.926980473452631	3.17558356625094	3.10200923083075	0.0781957303943154	0.0967541837412329
"hsa-miR-629-5p"	1.12529331688016	6.11938091532812	5.58254499394946	0.0181403428100536	0.0243974465619271
"hsa-miR-641"	-0.138216014859949	3.92742333241239	0.0682393000285844	0.79391782014944	0.831552750675712
"hsa-miR-650-3p"	5.87538116638036	2.42527870650821	14.3777804572539	0.000149556700952889	0.000246079110787732
"hsa-miR-651-5p"	7.71780183314907	3.91966781172335	33.9854801586407	5.55248824562053e-09	1.37040135423826e-08
"hsa-miR-6516-3p"	8.27530353017403	4.44219955752366	25.9429731461638	3.51653123312583e-07	7.48472702830452e-07
"hsa-miR-652-3p"	3.93225384774964	7.13925662937772	75.4886680861849	3.6751003763929e-18	2.18621355723885e-17
"hsa-miR-654-3p"	-8.77287340799086	9.27850385736795	178.370252678837	1.09968686129744e-40	5.10254703642012e-39
"hsa-miR-654-5p"	-8.3933570920556	4.25854010522736	72.6693794335583	1.53294173296709e-17	8.36805840113801e-17
"hsa-miR-656-3p"	-7.74353224420034	3.70488078181651	58.0904012549939	2.5034485485042e-14	1.01008706652691e-13
"hsa-miR-659-5p"	3.6183956600855	4.67380430175764	20.1826989718488	7.03866666608756e-06	1.33850054633796e-05
"hsa-miR-660-5p"	-0.103814815183384	8.8171006581184	0.0535457954523881	0.817004341354404	0.848957402771925
"hsa-miR-664a-3p"	5.24177919581073	7.12192146607411	30.68825828923	3.02993018586289e-08	7.10044245575951e-08
"hsa-miR-664a-5p"	6.04784633358728	4.77957521787278	75.8761487041421	3.02026262033339e-18	1.82000241017493e-17
"hsa-miR-664b-3p"	5.96915820408672	3.43534307267068	37.733064581272	8.11178962813235e-10	2.18829673689152e-09
"hsa-miR-665"	-8.70438445842656	4.534236861102	103.875884069276	2.15395346413959e-24	2.63009054568624e-23
"hsa-miR-668-3p"	-4.85899387779453	2.57855431068396	18.8636089998796	1.40405790658178e-05	2.57503110139899e-05
"hsa-miR-671-3p"	-1.30183484806499	6.77322910052018	3.51709218344947	0.0607389237681092	0.0765838604032682
"hsa-miR-671-5p"	-2.05853392954153	3.89308304720663	20.7343845354551	5.27600575961949e-06	1.00743484463516e-05
"hsa-miR-6842-3p"	6.12981876141066	6.13631727480356	50.7229533419074	1.06368299036407e-12	3.68320080245469e-12
"hsa-miR-6852-5p"	-0.680133180972893	2.38381778696397	0.554797543564038	0.456364019325681	0.506585897050517
"hsa-miR-7-1-3p"	3.2728553969288	5.66690706749629	32.6195137216591	1.12083757386822e-08	2.7228724307584e-08
"hsa-miR-7-5p"	0.0978967812187098	5.85728829158745	0.0240072851776016	0.876866376166583	0.902141903639234
"hsa-miR-708-3p"	-1.91070999032734	5.47381919008891	3.85870709516654	0.049488449984348	0.0636084232485803
"hsa-miR-708-5p"	-1.78533676663136	5.66830434594469	3.06042945975664	0.080220464235565	0.0989954665034632
"hsa-miR-744-5p"	-1.27007936374028	6.77138572816105	5.25412239277368	0.0218948403170232	0.0290263025917108
"hsa-miR-758-3p"	-7.39085994506432	4.70409602853956	101.335732556429	7.76424513347092e-24	9.23746087674489e-23
"hsa-miR-758-5p"	-5.94052775504985	2.3750179748415	23.3508515527375	1.34983738847104e-06	2.72315020978506e-06
"hsa-miR-766-3p"	4.84352984877906	5.97903578919145	44.5392451609096	2.49309263287365e-11	8.03329848370399e-11
"hsa-miR-769-5p"	0.765714171052331	9.3015561635818	3.7685025568744	0.0522263687065768	0.0669420858559437
"hsa-miR-7706"	2.07068406151543	6.69895424371849	6.12958338260964	0.0132938193696474	0.0180360590278258
"hsa-miR-7974"	-1.7996424749185	4.53495019368309	2.98405710331328	0.0840882487626287	0.10321943763455
"hsa-miR-7976"	-1.97069026193807	2.31807961098696	6.19007271774009	0.0128468907643741	0.017532227396087
"hsa-miR-874-3p"	2.67275255363982	5.01835524624388	30.5862011309752	3.19357009651078e-08	7.409082623905e-08
"hsa-miR-877-5p"	0.718430284451224	4.90045299433727	0.68302466706269	0.408547132691725	0.460111333905244
"hsa-miR-887-3p"	-6.26330947868964	3.72788584460961	54.0282387128022	1.97628804277285e-13	7.27775914163971e-13
"hsa-miR-889-3p"	-4.78820864899633	4.84674233886205	74.4868592824	6.10432437499606e-18	3.45415428048557e-17
"hsa-miR-9-5p"	5.23907219340374	4.61809954356354	22.8689126433413	1.73434332126741e-06	3.4837026020263e-06
"hsa-miR-92a-1-5p"	2.42315574416126	4.16559465256963	18.04001087129	2.16310617981319e-05	3.89023747067178e-05
"hsa-miR-92a-3p"	3.86866514035876	16.7876664640023	65.9086814391023	4.72306697798654e-16	2.21363947251086e-15
"hsa-miR-92b-3p"	-3.51562234901318	10.6354377218535	25.2245912205246	5.10274008248736e-07	1.06651864787123e-06
"hsa-miR-92b-5p"	-3.77317380654702	2.44151355719787	17.741542905095	2.53039870855456e-05	4.53322394119427e-05
"hsa-miR-93-3p"	-0.573200091185087	3.63652009060272	1.8190428657639	0.177427249306145	0.212181040407348
"hsa-miR-93-5p"	3.24581764505121	10.1228380773531	61.3458367933178	4.78802632945917e-15	2.11585163511339e-14
"hsa-miR-935"	-8.92953963332486	4.73740844530089	100.36257994531	1.26903151244443e-23	1.4361722482298e-22
"hsa-miR-939-3p"	-4.77064341604174	1.75513052483239	8.01293001906916	0.00464445308802953	0.00665131553347438
"hsa-miR-940"	-3.59852744024798	3.54378042553949	34.7604401036958	3.72873745586187e-09	9.45428513398856e-09
"hsa-miR-941"	1.54499827419954	8.12469560695787	6.86860388535048	0.008772315697466	0.0121141502488816
"hsa-miR-941-3-5p"	1.47375525686976	5.78321689551048	6.54204794328433	0.0105353999072532	0.0145057138188887
"hsa-miR-942-5p"	1.47478930331422	3.63968027558699	8.3622947794281	0.00383086486295951	0.00552025247333296
"hsa-miR-944"	6.19163548945185	2.6239636171159	28.511608127055	9.31384087758458e-08	2.06776180248768e-07
"hsa-miR-95-3p"	6.96870672837225	3.24511886992874	43.8795075116498	3.4922623195574e-11	1.08801735425894e-10
"hsa-miR-96-5p"	6.81603369123413	3.11737387428416	37.4713623521742	9.27650765074238e-10	2.48803442193322e-09
"hsa-miR-98-3p"	-1.29507422876782	3.00773689558874	4.27470949782405	0.0386835757689489	0.0505610680473022
"hsa-miR-98-5p"	0.69895492164001	11.4089344381677	0.947842811026817	0.330268999678666	0.380260088960053
"hsa-miR-99a-3p"	-6.49685671813042	2.74606408366279	30.3464043870726	3.61376221559481e-08	8.30091914869303e-08
"hsa-miR-99a-5p"	-3.69032909484179	6.29688115416832	38.0672662593077	6.83471977238422e-10	1.8545672364832e-09
"hsa-miR-99b-3p"	-3.27068321168143	4.30195344767526	9.71855220629173	0.00182417160084336	0.00270420326770389
"hsa-miR-99b-5p"	-4.9088897690959	12.4732664280796	40.8592181979867	1.63599738867591e-10	4.68581968114581e-10
