"logFC"	"logCPM"	"LR"	"PValue"	"FDR2"
"hsa-let-7a-3p"	-0.198328696727129	5.49530109628221	0.121265570043484	0.727665909757434	0.7786613643496
"hsa-let-7a-5p"	0.22658569641455	14.7851438761632	0.253801474150464	0.614410971371901	0.677558765651791
"hsa-let-7b-3p"	-0.015742743032313	4.82113604554733	0.000850653184166106	0.976732230189553	0.981677709836082
"hsa-let-7b-5p"	0.0146244298852557	11.0003107475919	0.00116424762929768	0.972780604366392	0.980187563282888
"hsa-let-7c-5p"	-1.59247456099991	5.07093380733968	4.6070234140876	0.0318412565952204	0.0517215720565199
"hsa-let-7d-3p"	-1.55181547198475	8.07078412760654	12.2450411162305	0.000466496255267711	0.00128610425931445
"hsa-let-7d-5p"	-0.93889918898221	10.890842873801	4.37404422071112	0.0364902894771354	0.0577157168224013
"hsa-let-7e-3p"	-5.15523785110163	3.32047230584377	20.1571364174703	7.13336090229585e-06	3.14660475356828e-05
"hsa-let-7e-5p"	-4.83846702217988	10.5449411389525	82.5001290325888	1.05663236526571e-19	5.9926149858641e-18
"hsa-let-7f-1-3p"	-1.30038169675143	4.32101998311955	4.60284992038334	0.031918854291807	0.0517215720565199
"hsa-let-7f-2-3p"	-0.267961634880819	4.28122060250443	0.0916379660052495	0.762105057890481	0.808972481236687
"hsa-let-7f-5p"	0.498076281560097	15.3763083963275	1.49064960373204	0.222115697514302	0.283536758563273
"hsa-let-7g-3p"	2.14859171358537	5.16630220507438	11.6145387214071	0.000654382656547887	0.0016869474977241
"hsa-let-7g-5p"	2.62082299848312	15.0193281461926	28.8274559349015	7.91215022071001e-08	4.90800568378418e-07
"hsa-let-7i-3p"	1.69088418970556	7.04183717521458	8.64363927489632	0.00328205171624681	0.00668727896267804
"hsa-let-7i-5p"	-0.342814360001142	13.620304319925	0.780943331669619	0.376852790637081	0.444948488679584
"hsa-miR-100-5p"	0.0972310501802901	7.05825264222552	0.0148231486900769	0.903096733138271	0.92883265040387
"hsa-miR-101-3p"	3.60002520261544	13.998214290014	41.5745188506307	1.13462513613044e-10	1.12611544760946e-09
"hsa-miR-101-5p"	2.80329897582262	5.55941554340294	18.5475763640755	1.65715801105095e-05	6.51377950878444e-05
"hsa-miR-103a-3p"	-0.347876101764593	12.8650543667606	0.77816849275132	0.37770186570534	0.444948488679584
"hsa-miR-106a-5p"	2.44275386651763	3.36140344526517	7.50070492672281	0.00616748479189237	0.0117715935691407
"hsa-miR-106b-3p"	2.44648273808628	8.35445047190193	28.4714233244996	9.50917042432969e-08	5.80790870532136e-07
"hsa-miR-106b-5p"	1.70064205853983	8.42881117200142	11.7079120644778	0.00062234910916664	0.00161485357084416
"hsa-miR-107"	-0.902425268617641	4.9861306859302	2.09992423525131	0.147306437743334	0.199592681857009
"hsa-miR-10a-5p"	0.971644154362625	10.5447846044315	1.83215343514398	0.17587340409601	0.231197819291775
"hsa-miR-10b-5p"	1.82142299386655	5.36558550513623	5.62995492735646	0.017656085441419	0.0311531818677481
"hsa-miR-1226-3p"	-2.96777074989079	4.12986282148462	16.0117074242143	6.29519974292001e-05	0.000206544983300764
"hsa-miR-1228-3p"	-7.68703855709146	3.87199444966042	43.9795386348664	3.318266171963e-11	3.56040991964678e-10
"hsa-miR-1228-5p"	-5.45425301568384	2.23208636087234	10.8241110917728	0.00100186782564918	0.0024551946097699
"hsa-miR-1237-3p"	-1.43418957048076	2.38797718310161	1.68831212227207	0.193823618107157	0.251463975125951
"hsa-miR-1248"	0.94289606469387	3.31479412102974	1.67221368151759	0.195962292259098	0.253410521260136
"hsa-miR-1249-3p"	-3.82709963538073	6.85355830335206	35.6804616934572	2.32484017959946e-09	1.70918805796479e-08
"hsa-miR-125a-3p"	-1.77701368387443	3.23066764552348	6.43516855198583	0.011188254056581	0.0201897130021029
"hsa-miR-125a-5p"	-0.689222898125003	13.0483127686082	2.40012645150364	0.121325442919495	0.169599298729012
"hsa-miR-125b-2-3p"	-0.65079118020516	2.78567648759616	0.652882578802091	0.419083963884186	0.492237673556278
"hsa-miR-125b-5p"	1.44105073150793	6.08044546507741	4.92513537728657	0.026468728265062	0.0443379119039225
"hsa-miR-126-3p"	0.356585720113012	4.4599179013568	0.380279441072953	0.537453722163664	0.604445120960268
"hsa-miR-126-5p"	1.26149933256616	5.96465217587981	3.52754788404396	0.0603569903885867	0.0911092212329617
"hsa-miR-1260a"	0.696643640874757	5.33986326439747	1.21733711640867	0.269883877729646	0.336314626741836
"hsa-miR-1260b"	-0.503557308017881	4.05399439963209	0.507448967464075	0.47624526868084	0.543302792144522
"hsa-miR-127-3p"	-0.0796799951039586	3.79839858777219	0.0149288074405769	0.902753694384783	0.92883265040387
"hsa-miR-1271-5p"	1.42545154093158	7.12690177790464	9.18364173640227	0.00244187675602572	0.00529740476580443
"hsa-miR-1273h-3p"	2.06539286209753	4.53610933525445	9.06120165546638	0.00261090334647518	0.00554293384251682
"hsa-miR-128-1-5p"	-0.621479600949765	3.99493774837679	1.09533267567004	0.295292673387714	0.361824664613958
"hsa-miR-128-3p"	0.540936239427936	9.6355624031276	1.69143322936016	0.193412145718886	0.251463975125951
"hsa-miR-1285-3p"	-0.966234315269904	4.49665715792593	1.96448046998781	0.161034949772562	0.215982686012525
"hsa-miR-1287-5p"	6.44005099522939	2.74579112503974	24.5351742185552	7.29656017788409e-07	3.76199271509089e-06
"hsa-miR-1296-5p"	-3.6704879906922	3.9662524566653	26.9190675426027	2.12155480044001e-07	1.18627782503477e-06
"hsa-miR-1301-3p"	-3.26898021331821	7.49708833446581	40.1679206803865	2.33043821292872e-10	2.20281897745881e-09
"hsa-miR-1303"	-7.50999169314515	3.73181440648663	17.3249428861698	3.15024632458732e-05	0.000112670972149654
"hsa-miR-1304-3p"	-1.43253487995168	4.74219558556913	6.44129904824244	0.0111497081864028	0.0201897130021029
"hsa-miR-1306-5p"	-0.0445600587346365	3.49932086349731	0.00528082377205452	0.942069297551692	0.96010042927241
"hsa-miR-1307-3p"	-1.23397430773212	8.35376440649364	8.20929012977179	0.00416764524823224	0.00819086714627822
"hsa-miR-1307-5p"	0.229251257327076	9.2328503922477	0.233163935783026	0.629187677330134	0.690020740055423
"hsa-miR-130a-3p"	-1.65381010446364	5.26499279092687	9.99711137035244	0.00156785965068783	0.00361883884490155
"hsa-miR-130b-3p"	-1.2411096032619	7.71915133240334	7.03805092365296	0.00797958231036681	0.0149428970623379
"hsa-miR-130b-5p"	-1.46941570989871	5.82233429609	9.02124540959855	0.00266859506547318	0.00560697492481299
"hsa-miR-132-3p"	-1.67168588951058	7.25037635366403	12.7886072757568	0.000348736650559781	0.00100324963965386
"hsa-miR-132-5p"	-1.18559239237816	4.73992200020503	3.08973301917576	0.0787877341461027	0.116277808386627
"hsa-miR-133a-3p"	-5.15397543361837	4.41827691894489	11.7652565251445	0.000603465651692049	0.00157909181318234
"hsa-miR-1343-3p"	-3.14659227625158	2.83281262874296	11.3719337760903	0.000745622096405286	0.00187349349539809
"hsa-miR-139-5p"	-4.56585262122413	3.71790635804407	27.8132711769955	1.33606484261911e-07	7.91668272417593e-07
"hsa-miR-140-3p"	1.43503942055888	12.5311781381066	10.7857062923454	0.00102286868103109	0.002478442735044
"hsa-miR-140-5p"	1.18210729072751	6.91571839850632	4.39530733185511	0.0360379638617369	0.0574581190887934
"hsa-miR-141-3p"	4.15885726767026	8.36708564719623	53.6173036772379	2.43604337357688e-13	4.02962174712508e-12
"hsa-miR-142-3p"	3.4926714923142	12.4355086621928	38.6631109413108	5.03638131854446e-10	4.44320751880478e-09
"hsa-miR-142-5p"	3.28551547755075	15.8469862847628	55.4059821038272	9.80376452548562e-14	1.69221500722513e-12
"hsa-miR-143-3p"	-1.6556072189589	6.22280423252201	8.07871289685873	0.00447882455397609	0.00875908053166752
"hsa-miR-1468-5p"	3.76544623478108	4.71331784891122	35.0461940140349	3.21975676748503e-09	2.28257756552064e-08
"hsa-miR-146a-3p"	-2.22383627173299	4.90849901094148	4.99682706394581	0.0253938305319069	0.0428993647709235
"hsa-miR-146a-5p"	-2.19437215367056	13.563723622511	7.4399116778809	0.00637930208492169	0.0121176216637029
"hsa-miR-146b-3p"	-0.721653291328969	10.0048992514617	1.90167944452891	0.167890456180953	0.222918097337251
"hsa-miR-146b-5p"	-1.93819085115485	15.7290241322783	4.15091816427048	0.0416119543920646	0.0655553408478161
"hsa-miR-147b"	-5.54153746336346	6.1437748912143	55.6114962421945	8.83057000945485e-14	1.66760333477841e-12
"hsa-miR-148a-3p"	1.46720380337415	11.7522623352532	10.2726749934792	0.00135014906364022	0.00313455659804191
"hsa-miR-148a-5p"	0.0996812797076947	5.04964924811399	0.0334538110170657	0.854873477713329	0.895474328897604
"hsa-miR-148b-3p"	-0.92976339544443	10.6798384303067	4.74722981745131	0.0293454992312082	0.0483133543201184
"hsa-miR-148b-5p"	-1.37320138453411	7.06518470819676	8.55404651325052	0.00344755027032125	0.00694760130618038
"hsa-miR-150-3p"	11.3183150005146	7.26557567033618	135.802057378032	2.20446726657777e-31	8.75173504831374e-29
"hsa-miR-150-5p"	10.8116111874595	17.1283402831279	133.378726861341	7.47097056078344e-31	1.48298765631551e-28
"hsa-miR-151a-3p"	-1.21616698748308	9.0579799651989	4.55512233536541	0.0328204190736607	0.0529662860660297
"hsa-miR-151a-5p"	-1.79907540254667	9.784865538186	12.7699519554524	0.000352231883538136	0.00100601480406216
"hsa-miR-151b"	0.870553055981231	2.79500903344504	1.28327593059669	0.257290818871601	0.3257510404541
"hsa-miR-152-3p"	0.806933121358196	6.65687491967523	2.47947414870707	0.115340809722303	0.162376955531044
"hsa-miR-152-5p"	-3.05726354485501	2.77788672846664	9.4977285763423	0.00205726416623515	0.0045374104110853
"hsa-miR-153-3p"	3.21661198296568	3.34363110307032	16.7085880777654	4.35832555378403e-05	0.000149159934901057
"hsa-miR-155-5p"	-0.414159745924343	10.9105223607689	0.788292262195597	0.374617007902241	0.443949110857283
"hsa-miR-15a-5p"	0.963404797388483	11.0879096855491	3.63813303499779	0.0564702246993299	0.0865586069715598
"hsa-miR-15b-3p"	1.2252923095587	5.45023809188836	4.74841153044844	0.0293253527698891	0.0483133543201184
"hsa-miR-15b-5p"	0.910798416730399	8.62573324426406	4.37838640153548	0.0363974386691492	0.0577157168224013
"hsa-miR-16-2-3p"	2.28480654675658	7.39864443683018	22.5631747334683	2.03345217373615e-06	9.61048229730061e-06
"hsa-miR-16-5p"	0.760851412967829	13.3265548395587	2.26654381580283	0.132194419407627	0.183500645121776
"hsa-miR-17-3p"	2.06449171682587	7.34308107824866	9.14920909292773	0.00248825594652738	0.00533966276092632
"hsa-miR-17-5p"	1.03979080961149	8.17667325991971	4.77963918401823	0.0287981541423804	0.0478362644122386
"hsa-miR-181a-2-3p"	3.49282308865407	7.92909289075159	48.1721562940734	3.90392698421289e-12	4.99954520236295e-11
"hsa-miR-181a-3p"	-1.00225175876551	8.50509717207607	5.02550768089244	0.0249766024003987	0.0423748339870012
"hsa-miR-181a-5p"	0.416436852448808	14.3428980708559	0.795637942274254	0.372400761495257	0.442644018903045
"hsa-miR-181b-3p"	-2.02596902012392	3.02878350791674	4.88597819426251	0.0270756879713668	0.0451640677505573
"hsa-miR-181b-5p"	-0.17214006022313	10.3770517645058	0.165723569200253	0.683940714085524	0.739848674364994
"hsa-miR-181c-3p"	-0.205247036011647	7.45825227926484	0.124561645889808	0.724138730455643	0.776981286461866
"hsa-miR-181c-5p"	1.92193729334075	11.2503097165275	14.1241575273374	0.000171131853401217	0.000518620960307505
"hsa-miR-181d-5p"	0.67016479212195	6.95462513536668	1.03603823751044	0.308744666482323	0.372558153779581
"hsa-miR-182-5p"	0.145788442163856	4.52047644275939	0.0502267727669627	0.822669141126312	0.866312066385002
"hsa-miR-185-3p"	-2.33354363734458	4.61525942807722	14.1829580718669	0.000165865976988013	0.000506529175878777
"hsa-miR-185-5p"	-1.53689660182633	7.94308439499424	10.6380978554616	0.0011078155766178	0.00261787371379326
"hsa-miR-186-5p"	1.92711426130037	13.8378777380473	22.5798574702917	2.01587067347796e-06	9.61048229730061e-06
"hsa-miR-188-5p"	-2.38860012437904	3.59464740788259	9.44710629798488	0.00211482491778771	0.00463859388045149
"hsa-miR-18a-3p"	0.430513347847646	3.86810806872151	0.522518247320266	0.469769441788341	0.539012914421882
"hsa-miR-18a-5p"	-0.634268854343759	5.44667220000011	1.13077174935254	0.287610783228114	0.355705548104553
"hsa-miR-1908-5p"	-5.02158361517329	3.19560168674501	21.8288530723622	2.98083740261683e-06	1.36022120556193e-05
"hsa-miR-190a-5p"	-1.6954976736537	3.77486600033736	5.08160118317256	0.0241810289410864	0.0412011523159283
"hsa-miR-191-3p"	-2.00145260684138	4.49400098706924	7.29840147575428	0.00690159854734988	0.01304730772999
"hsa-miR-191-5p"	-1.75178988748072	14.8257534271401	13.8609662528295	0.000196844668766395	0.00059202525378984
"hsa-miR-192-5p"	5.33199571782777	12.2934375488412	78.8994859442378	6.53517589527586e-19	3.24308103803064e-17
"hsa-miR-193a-3p"	-5.4426373756792	7.52706902463196	34.9895297620777	3.31482987963829e-09	2.30874993371298e-08
"hsa-miR-193a-5p"	-6.02768904649951	7.8305850768595	55.5221621588573	9.24112679222294e-14	1.66760333477841e-12
"hsa-miR-193b-3p"	2.78386080193472	4.24184825899153	11.9981264890608	0.000532540598015417	0.00141891689538336
"hsa-miR-194-5p"	5.07864354770527	6.79194054618805	57.6567653257073	3.12087706166813e-14	6.88326774156803e-13
"hsa-miR-195-5p"	5.03992922969222	3.60715030568135	35.7400045897808	2.25485887194305e-09	1.6890169286064e-08
"hsa-miR-196a-5p"	8.30091679322345	4.36698987133882	61.7053438837795	3.98896256489775e-15	9.89761336415255e-14
"hsa-miR-196b-5p"	0.419834843949932	3.02550699670747	0.168965456714222	0.681032880293301	0.738715993105029
"hsa-miR-197-3p"	-0.0203517054834245	10.790015791023	0.00258929537306685	0.959417063172262	0.971654525712725
"hsa-miR-1976"	-0.776805911876284	4.81213123121388	2.14916069033145	0.142647851050552	0.195279989196791
"hsa-miR-199a-3p"	0.0444986425479193	6.47832497582287	0.00825086156613608	0.927624292375672	0.949141350703973
"hsa-miR-199a-5p"	3.13341747787528	3.01389081498698	15.9592825601279	6.47196313890096e-05	0.00021060404640522
"hsa-miR-199b-3p"	-0.0360208773297197	5.31080479213027	0.00508141271253049	0.943171706338136	0.96010042927241
"hsa-miR-199b-5p"	-0.25177217277605	6.12616398618953	0.22838790649295	0.63272175635803	0.691984951168424
"hsa-miR-19a-3p"	1.42703806671982	8.24853565452982	9.01110667308187	0.00268343888089287	0.00560697492481299
"hsa-miR-19b-3p"	1.93039059147687	10.4288230281673	17.5252570974959	2.83516262478707e-05	0.000103262345141327
"hsa-miR-200b-3p"	0.847216506884921	4.60227761965767	2.79653213315011	0.0944684300258436	0.135393381661588
"hsa-miR-200c-3p"	0.508964035237581	5.02034686933664	0.840870886022886	0.359147815739039	0.428173221766962
"hsa-miR-20a-3p"	1.2626798685546	3.12833625855162	1.88668745155085	0.169576017856786	0.224405596963813
"hsa-miR-20a-5p"	2.00503975500412	8.93332159152433	18.2573829563523	1.92976527030091e-05	7.36650781066789e-05
"hsa-miR-20b-5p"	1.26389528135384	3.58316724465913	3.03390560733144	0.0815415188722815	0.119014643354029
"hsa-miR-21-3p"	-2.56658664520252	11.7240761514582	27.3733754960251	1.67724647131646e-07	9.65024419003816e-07
"hsa-miR-21-5p"	-2.67069774120825	16.7440600307962	23.3480259282687	1.35182174692085e-06	6.70841541909471e-06
"hsa-miR-210-3p"	-3.99329507029872	8.27587032311997	26.5833047911599	2.52415587623038e-07	1.39179150397703e-06
"hsa-miR-210-5p"	-5.09402253394449	5.09987846981881	25.9113047801192	3.57469555108026e-07	1.94195244855291e-06
"hsa-miR-2110"	0.330719226251922	3.91702466192506	0.207974146743502	0.64835990181178	0.707139783019991
"hsa-miR-2110-3p"	1.24393611808829	5.15762173618206	4.03915058261688	0.0444561924980921	0.0692121898891865
"hsa-miR-2116-3p"	-7.38221404707772	3.60768314062382	29.7447656508983	4.9283518364425e-08	3.15573496623818e-07
"hsa-miR-212-3p"	-1.51149858547981	4.48319798951292	6.62466774640596	0.0100575902791012	0.0184854784296443
"hsa-miR-212-5p"	-2.28311728641336	4.96485414878711	10.7625650208577	0.00103573739556329	0.00249204694568864
"hsa-miR-215-5p"	1.82328482405243	4.5458446576157	7.8034991209752	0.00521451591791633	0.0100412950325848
"hsa-miR-218-5p"	-3.67163491205595	2.29632179658324	9.69386442571448	0.00184884303340975	0.0041704016151345
"hsa-miR-22-3p"	-1.79123951003556	15.9744185283434	10.6488084256621	0.00110141844143524	0.00261787371379326
"hsa-miR-22-5p"	-0.722923054861607	6.78568889603896	2.16576278456021	0.141114584250654	0.194075212241386
"hsa-miR-221-3p"	0.0756986648090171	11.2085507956083	0.0204298407239847	0.886343100789088	0.916349507847051
"hsa-miR-221-5p"	-0.832776559634429	7.70100170292318	1.63365294413303	0.201198538649418	0.258497798847311
"hsa-miR-222-3p"	-1.05980282126663	10.4586598883353	2.95216280922438	0.0857627113537948	0.124262030684148
"hsa-miR-222-5p"	-0.0841981413273041	3.19237673605527	0.00957473269114129	0.922050956478123	0.945876562588669
"hsa-miR-223-3p"	-4.74730262566526	10.0323424323396	62.1939526109461	3.11242236410225e-15	8.23754452365729e-14
"hsa-miR-223-5p"	-3.95931762384183	4.47045364412352	31.8948069029539	1.62751691219688e-08	1.07687369023694e-07
"hsa-miR-2277-5p"	-0.402329574049288	4.38014794737103	0.597504535725138	0.439531745865649	0.510216675756323
"hsa-miR-2355-5p"	-1.06588385556432	4.22612610708034	1.91913943513601	0.165951559525721	0.221083117891649
"hsa-miR-23a-3p"	-0.19557478838931	11.730522690846	0.170094833170822	0.680027540201389	0.738715993105029
"hsa-miR-23a-5p"	-0.595309905831868	5.33106317079743	1.04021783191739	0.307770815384301	0.372515285693803
"hsa-miR-23b-3p"	1.9369609829129	7.53346892549138	18.6236698199868	1.59231229709634e-05	6.32147981947247e-05
"hsa-miR-24-2-5p"	-1.97475983002596	7.51380953097086	15.8108201291052	7.00010512699758e-05	0.000224116268985326
"hsa-miR-24-3p"	-0.880501691175912	10.4047772238152	4.12651965082774	0.0422160887576572	0.0662052564749436
"hsa-miR-2467-5p"	-2.76512931141854	4.07317415664675	18.9474735349943	1.34367094515533e-05	5.5566392211111e-05
"hsa-miR-25-3p"	2.07791254316851	11.9035894326146	25.8871218252011	3.61976023155958e-07	1.94195244855291e-06
"hsa-miR-25-5p"	1.46948535798369	4.50986273769405	8.48532552867751	0.00358022511663354	0.00714245915227898
"hsa-miR-26a-2-3p"	1.51621991047586	4.42613927660084	7.14317503606503	0.00752498114054631	0.0141583768378999
"hsa-miR-26a-5p"	1.70792045695306	15.7668532532292	17.2204349971504	3.32836852188412e-05	0.000117978777070357
"hsa-miR-26b-3p"	1.35786853079102	7.42229060304223	4.74108699368044	0.0294504577971502	0.0483133543201184
"hsa-miR-26b-5p"	1.59985674133061	13.4410101759044	13.4995131500672	0.000238625356404725	0.000706972138005042
"hsa-miR-27a-3p"	0.333128351886806	13.0431775254456	0.511675553186024	0.474414420164106	0.542773846700721
"hsa-miR-27a-5p"	0.718178824307278	6.18924463653379	1.94463681960455	0.163165958684206	0.218103991911212
"hsa-miR-27b-3p"	1.90656520848483	11.5250843057217	11.5909185352735	0.000662746691136954	0.00169748668633142
"hsa-miR-27b-5p"	2.17050800130733	2.92795282331111	5.35848958941083	0.0206216265327023	0.03559472058036
"hsa-miR-28-3p"	0.834568534912366	12.982527968856	3.57061776016121	0.0588104288759337	0.0891135124570445
"hsa-miR-28-5p"	0.988113328181686	10.3897220744834	3.99943115372594	0.0455156229065757	0.0703101256572396
"hsa-miR-296-5p"	4.42861453766726	3.12286394580228	17.7448617033211	2.52598821143408e-05	9.37212448541431e-05
"hsa-miR-29a-3p"	2.63199637167257	14.2074949187308	31.6542386868436	1.84212094141627e-08	1.19888854711846e-07
"hsa-miR-29a-5p"	1.86262839954315	5.63004935772494	9.71250071480175	0.00183018804324004	0.0041519123038074
"hsa-miR-29b-1-5p"	1.2858902581574	3.48281328922488	2.91048670958597	0.0880053125194422	0.127047669346249
"hsa-miR-29b-2-5p"	-0.286226329220808	3.13791354914236	0.13104974271319	0.717346103134483	0.771778869767993
"hsa-miR-29b-3p"	3.55360967105247	10.0831126322076	52.0178708259102	5.49978057393267e-13	8.39774187635104e-12
"hsa-miR-29c-3p"	3.49457049131947	12.1935476566499	65.2689878660794	6.53415642163345e-16	1.85290007099177e-14
"hsa-miR-29c-5p"	1.54760553755413	6.43710272829915	9.96160590870086	0.00159838570953007	0.00366797183054011
"hsa-miR-301a-3p"	-0.2466517337102	6.81625582697981	0.105128330512174	0.745760131462296	0.793744697561747
"hsa-miR-301b-3p"	-3.58411142350891	5.09280786918036	15.8875745419346	6.72185802944585e-05	0.000216957531519512
"hsa-miR-30a-3p"	-3.20315935604461	2.60478585038116	11.0209505210052	0.000900878641951563	0.00223530513034232
"hsa-miR-30a-5p"	-6.18034252318926	7.82747490802316	68.7483798523184	1.118627304284e-16	3.70079199833955e-15
"hsa-miR-30b-5p"	1.4949262970757	11.5103237910874	9.93428931296225	0.00162228057977417	0.00370141028833531
"hsa-miR-30c-1-3p"	-0.942542608968157	4.28396469219599	2.19969889948417	0.138037698435272	0.190944133375621
"hsa-miR-30c-5p"	-0.066238522211939	11.9714487911683	0.0281669699024576	0.866716877670698	0.903760751271408
"hsa-miR-30d-3p"	1.68606487213306	5.42867429756366	6.46689018058525	0.0109902682323461	0.0201066197614812
"hsa-miR-30d-5p"	0.284315609809851	13.182116507029	0.477092770042567	0.489742131752915	0.557099215776238
"hsa-miR-30e-3p"	0.932598923884496	8.44823982303797	4.0042331688408	0.0453861384862538	0.0703101256572396
"hsa-miR-30e-5p"	0.565092924491992	13.501491264238	1.21554005296457	0.270237697558302	0.336314626741836
"hsa-miR-31-3p"	8.12744165371655	4.17126622728294	50.2729423572423	1.33781474566515e-12	1.96708316307061e-11
"hsa-miR-31-5p"	8.67660693677038	9.11289100831129	124.074984071847	8.11194692344042e-29	1.07348097620195e-26
"hsa-miR-3158-3p"	-0.109815661875555	3.32099004490653	0.0265390123713307	0.870590881778794	0.904776387607805
"hsa-miR-3168"	-1.11459927789896	3.46324565566631	2.6438358288622	0.103952283202839	0.147917764987552
"hsa-miR-3174"	-5.97809050883499	2.57262452717708	12.0031692109421	0.000531101583076193	0.00141891689538336
"hsa-miR-3176"	-1.5995874286489	3.88467776363955	5.5424690335095	0.0185603785556977	0.032460221526925
"hsa-miR-3194-5p"	7.14442003253136	3.30707919681974	42.3012045230647	7.82443549036082e-11	8.17447602545591e-10
"hsa-miR-32-3p"	0.862706623128143	3.60067049372871	1.83803175667359	0.175181812697172	0.231053752959393
"hsa-miR-32-5p"	4.02352064460063	7.44082076578324	14.4550609849193	0.000143543626345874	0.000445209528588374
"hsa-miR-3200-3p"	-1.28582610826227	2.50181835003452	1.12539594127637	0.288759527892984	0.356017181905324
"hsa-miR-320a"	0.501168313480543	10.4615425987436	1.2479274579524	0.263948691051282	0.330560348098925
"hsa-miR-320b"	3.01293070650854	4.43450233735497	20.4564173967913	6.10046614401753e-06	2.75214211269882e-05
"hsa-miR-320d"	2.38833643168899	4.06019893915959	9.66277226498191	0.0018803964440778	0.00419391791179149
"hsa-miR-324-3p"	-1.03408402189895	5.89948237420709	4.50145697835276	0.0338659865680808	0.0544323751721785
"hsa-miR-324-5p"	-0.595290618509562	5.3159367840552	1.08246245936006	0.298147339485809	0.364198442387281
"hsa-miR-326"	-4.46818771837583	8.48966179583346	77.7167522528948	1.18928388082747e-18	4.72145700688505e-17
"hsa-miR-328-3p"	-0.335387430735023	6.91133844497609	0.534735966801711	0.464622537843531	0.534652601518497
"hsa-miR-330-3p"	1.76945283630874	5.85297247930551	10.3465577304494	0.00129716354103478	0.00302925838700475
"hsa-miR-330-5p"	0.623277786130786	5.89138764071358	0.950361978686784	0.329627175872052	0.395353440547446
"hsa-miR-331-3p"	-0.519467901930412	8.69351668240993	1.43138019679195	0.23153932167672	0.294618944569416
"hsa-miR-331-5p"	0.627024567815046	3.32013746875187	0.943169251360328	0.33146412189362	0.396359205999298
"hsa-miR-335-3p"	5.01364920743989	5.64962151909859	42.1480445968274	8.46185142112586e-11	8.61373080560761e-10
"hsa-miR-335-5p"	3.60471629721204	6.93539092476033	32.6306138495147	1.1144546396521e-08	7.49895749054042e-08
"hsa-miR-338-3p"	-3.94494996509338	7.5719290809711	38.6809963270206	4.99044231879846e-10	4.44320751880478e-09
"hsa-miR-338-5p"	-6.27406620132169	5.78675298502937	36.776734348488	1.32461626376067e-09	1.03112285629998e-08
"hsa-miR-339-3p"	2.34434732897633	9.17039127740459	23.1266364035	1.51674947688124e-06	7.43394496693644e-06
"hsa-miR-339-5p"	0.208502862813388	7.60369247042477	0.134052653776367	0.714266567726318	0.770553878769968
"hsa-miR-33a-3p"	0.834527766612912	4.52237214887276	1.20798660685325	0.271731236139256	0.337116564835264
"hsa-miR-33a-5p"	2.61160233325487	4.11511616027849	18.7738156229218	1.47173919580741e-05	5.9620455177096e-05
"hsa-miR-33b-3p"	0.602448204049585	3.43292024627246	1.07031986736068	0.300873206528216	0.366400806723011
"hsa-miR-33b-5p"	3.87587900265782	4.59443576967659	35.4286795545182	2.64562507544468e-09	1.90966028173007e-08
"hsa-miR-340-3p"	-3.62927672617833	6.16560438543769	37.9390213193182	7.29906521947288e-10	6.16538062155475e-09
"hsa-miR-340-5p"	-2.16775561629093	10.5518883021285	19.9722448800075	7.85744640773932e-06	3.42791892733243e-05
"hsa-miR-342-3p"	1.956237945981	13.0765207423593	14.5873561240221	0.00013380935598878	0.000421173362560718
"hsa-miR-342-5p"	2.60851322123425	8.05602721796121	19.3087433783231	1.11195996526129e-05	4.7467538302014e-05
"hsa-miR-345-5p"	-2.25181241431151	8.73819627697514	12.4314198677956	0.000422170819129173	0.00118029447319917
"hsa-miR-34a-3p"	-7.43724563190078	3.65927925706104	39.7865312512203	2.83291967584579e-10	2.61550956118786e-09
"hsa-miR-34a-5p"	-5.89306783886458	8.7839365780961	93.3957065382057	4.28178565063336e-22	2.893564596295e-20
"hsa-miR-34c-5p"	-3.92243486245551	2.752508184027	11.0761888732797	0.000874433374310853	0.00218333364529188
"hsa-miR-3605-3p"	-0.80524207007662	3.86908677576515	1.98026368078023	0.159362631310062	0.214464286881676
"hsa-miR-3605-5p"	-2.72227642451772	3.05053746684447	8.53830235179491	0.00347749821039047	0.00697255954305563
"hsa-miR-3607-3p"	3.44805844327393	8.87421121971667	25.5307552455784	4.353870909096e-07	2.27432467225146e-06
"hsa-miR-3607-5p"	3.69388480825225	2.5650052217787	12.4392725860693	0.000420399485582185	0.00118029447319917
"hsa-miR-3609"	3.7157256448295	3.28832081083003	17.3256563512329	3.14906382392659e-05	0.000112670972149654
"hsa-miR-361-3p"	2.51274291316757	11.2264929204899	16.6460458995145	4.5044108867004e-05	0.000152841976241031
"hsa-miR-361-5p"	-0.0949859821666959	8.55400894394104	0.0464255032653591	0.829404187427306	0.871093815895875
"hsa-miR-3613-3p"	-0.936347687139359	3.81651552218643	1.65464101768551	0.198328439027229	0.255637630824058
"hsa-miR-3613-5p"	1.21871820502363	4.20632511684156	3.08182936573478	0.0791714299711399	0.116411324809417
"hsa-miR-3614-5p"	-3.0984344377392	2.64229649161728	9.15113315958508	0.00248564088941615	0.00533966276092632
"hsa-miR-3615"	0.946554724018109	5.28206932298433	2.70204100426117	0.100219874278967	0.143119748520683
"hsa-miR-362-3p"	0.987837454869369	3.84395961202283	3.43453189838939	0.0638466757303466	0.0952899634020587
"hsa-miR-362-5p"	-2.46991700811831	4.85420385290295	19.0701361693628	1.26001222596299e-05	5.26552477586638e-05
"hsa-miR-3620-3p"	-3.95421409885812	2.46440795291944	10.6428900998197	0.00110494866475266	0.00261787371379326
"hsa-miR-363-3p"	2.16173684940916	8.15540411544484	13.1456460013817	0.000288188138540024	0.00084577310772536
"hsa-miR-3651"	1.6050212741938	3.38689330479272	5.46618558045159	0.0193878962581455	0.0337587491863323
"hsa-miR-3653-3p"	1.4445509218018	3.61944926808963	2.54300177108623	0.110783990253638	0.157075871895337
"hsa-miR-3653-5p"	3.18659257622695	3.05078408373246	16.2757490192495	5.4760326498165e-05	0.000182687811930853
"hsa-miR-365a-3p"	-4.85445719249051	6.23614116331626	36.883939105955	1.25374499534329e-09	9.95473526302575e-09
"hsa-miR-365b-3p"	-4.85445719249051	6.23614116331626	36.883939105955	1.25374499534329e-09	9.95473526302575e-09
"hsa-miR-365b-5p"	-6.86308771866745	3.18037911435315	18.2613306363059	1.92577005311127e-05	7.36650781066789e-05
"hsa-miR-3677-3p"	-1.82237246492879	2.66848709449747	4.4534795950428	0.0348302087148655	0.0557564228217807
"hsa-miR-3690"	-10.3592572165008	6.33772660185293	52.242619221734	4.90499502245148e-13	7.78913209565295e-12
"hsa-miR-371b-5p"	-7.75357806729403	3.92504871494283	40.7641840647381	1.717522606615e-10	1.66306457274672e-09
"hsa-miR-374a-3p"	1.25259655323535	7.53045889198246	3.01351588101683	0.0825730079580898	0.120078696554438
"hsa-miR-374a-5p"	1.3623283425164	7.44014718645634	8.69831890266714	0.00318503656935348	0.00655160372037996
"hsa-miR-374b-3p"	-0.435147951326307	4.10920091739395	0.343105246372011	0.558042275510975	0.624064178529174
"hsa-miR-374b-5p"	0.291367770740664	7.37490345090011	0.268488153921483	0.60434773898644	0.668317694645172
"hsa-miR-378a-3p"	-4.66068599474344	13.9658095666561	76.9605543061965	1.74406793335422e-18	6.29449972310568e-17
"hsa-miR-378a-5p"	-4.42359432323496	6.39831471964085	50.1888962910924	1.39635702356844e-12	1.97983477984525e-11
"hsa-miR-378c"	1.42389855435123	3.69020096215292	3.4226989744489	0.0643057992414897	0.095615738947084
"hsa-miR-378d"	1.47335787025259	3.2253882770018	3.4520694007237	0.063172629551211	0.0946397506861539
"hsa-miR-3909"	-4.0634305938667	5.97676929861845	44.279208864733	2.84724194922392e-11	3.2295858681197e-10
"hsa-miR-3912-3p"	3.4257824633994	4.32005028455972	22.2291184692254	2.41976079099572e-06	1.13017062826506e-05
"hsa-miR-3922-3p"	-1.32599989271468	3.44012846250617	2.4398618493813	0.118286642862065	0.165935679209328
"hsa-miR-3928-3p"	-2.67056491339894	2.53241236286357	6.10099086110854	0.01351061053226	0.0240525218892701
"hsa-miR-421"	-2.23943173310334	8.02499104036383	16.1843667166899	5.74664194150102e-05	0.000190118070897992
"hsa-miR-423-3p"	0.0233138511589677	12.1828346582429	0.00303922428003034	0.956035565159214	0.970706187642475
"hsa-miR-423-5p"	0.770820936238617	11.85917811673	2.87770459591354	0.0898139671890803	0.129188931065452
"hsa-miR-424-3p"	-1.00113903561138	3.69610077902888	2.34702100288608	0.125522676137627	0.174850885707502
"hsa-miR-424-5p"	-3.97631179298566	7.72927189813214	17.0526015417177	3.63585303062035e-05	0.000125515969839676
"hsa-miR-425-3p"	-1.26223529796416	6.48274156212043	6.43966247234687	0.0111599849049344	0.0201897130021029
"hsa-miR-425-5p"	-0.378407574960038	9.35224121769591	0.628113466412557	0.428048152305995	0.499809166074941
"hsa-miR-4326"	-5.79616120493418	4.23234170076913	43.9836069401542	3.31137630052885e-11	3.56040991964678e-10
"hsa-miR-4433b-5p"	5.44171527356131	2.07894822004081	12.1843750402518	0.000481914821001404	0.00131599868634307
"hsa-miR-4443"	7.01085159125021	3.19639983216868	37.2351414562982	1.04709770817236e-09	8.6603706280089e-09
"hsa-miR-450a-5p"	-1.05270940280531	4.22123763126378	2.10707994485634	0.146618859330367	0.199341394363547
"hsa-miR-450b-5p"	-2.82919884991062	4.41069670788169	10.8768810012652	0.000973720860226302	0.00240103839447107
"hsa-miR-451a"	2.487528080837	4.7132259751627	9.08939447943245	0.00257095978551317	0.00548747868198241
"hsa-miR-4521"	-2.27291594446274	3.30520930900397	6.97252640472316	0.00827705557467349	0.0154182984736897
"hsa-miR-454-3p"	1.01108925857021	6.9753614672497	3.03594896008277	0.0814389174882649	0.119014643354029
"hsa-miR-454-5p"	0.179756759904668	3.9490752116926	0.110888676850654	0.739134649415623	0.788807676930113
"hsa-miR-4645-3p"	0.708906125033556	3.20405276017144	1.28135677313866	0.257646918646316	0.3257510404541
"hsa-miR-4662a-5p"	-0.363345789947313	3.57438464988474	0.306884396483507	0.57959836683788	0.646349864142242
"hsa-miR-4677-3p"	-1.8260918053022	5.50918283287986	11.8926610592525	0.000563555503191863	0.00149154356511446
"hsa-miR-4707-3p"	-3.0443340786956	2.43413692183585	6.96517656691995	0.00831112310672442	0.0154182984736897
"hsa-miR-4772-3p"	7.12837292966092	3.28817316359596	32.9702923447121	9.35778968504443e-09	6.40524569821145e-08
"hsa-miR-4772-5p"	9.59436078558515	5.56477684504565	55.9554285279546	7.41327577255185e-14	1.47153524085154e-12
"hsa-miR-4775"	-4.74845052243384	3.00709366247405	19.6310312198184	9.39311897627513e-06	4.05333503650133e-05
"hsa-miR-4787-3p"	-2.07667621973783	3.41848459774874	5.24884673068774	0.021961321814602	0.0377430509108095
"hsa-miR-4802-3p"	-5.41703526197573	2.21588379424934	10.5117724795117	0.0011861642403175	0.0027864331562488
"hsa-miR-484"	0.09503620156199	10.4357061215312	0.0520709526814525	0.819498064107583	0.865267902794443
"hsa-miR-486-3p"	1.69923905152956	2.84239661444497	4.71707958012656	0.0298644228030488	0.0487908471309068
"hsa-miR-486-5p"	1.70586266495429	7.98636849434808	9.01196999600891	0.00268217165747118	0.00560697492481299
"hsa-miR-497-5p"	2.65540040973383	2.91237948379519	7.93582930341084	0.00484654102220839	0.0093857404186182
"hsa-miR-500a-3p"	-3.33232703047125	10.2362646901565	49.7515303028202	1.74502029452993e-12	2.30924352309461e-11
"hsa-miR-500a-5p"	-2.36888059357112	3.09436013082922	8.63286014425162	0.00330152815285868	0.00668727896267804
"hsa-miR-500b-3p"	-3.66959383443004	2.80882814505242	14.9095906949919	0.000112788124903796	0.000358215084694458
"hsa-miR-500b-5p"	-2.36888059357112	3.09436013082922	8.63286014425162	0.00330152815285868	0.00668727896267804
"hsa-miR-501-3p"	-3.42979894058146	9.72255076394668	56.0110474454638	7.20649391590362e-14	1.47153524085154e-12
"hsa-miR-501-5p"	-3.24178567759459	4.09491005000803	22.9183392263337	1.69031443140235e-06	8.1835954788626e-06
"hsa-miR-5010-3p"	-5.41929484004909	4.18147219608848	44.2920878569447	2.82857149547196e-11	3.2295858681197e-10
"hsa-miR-502-3p"	-1.49572430757472	5.55307626004437	7.79619490595437	0.00523563746031498	0.0100412950325848
"hsa-miR-502-5p"	-1.36752922382911	2.97896832371356	3.5725461415597	0.0587421771633376	0.0891135124570445
"hsa-miR-505-3p"	-0.00544928978004636	6.83180287410363	8.89806949935235e-05	0.992473700134363	0.992473700134363
"hsa-miR-511-3p"	-11.2545501386833	7.21435809750422	78.1549935894262	9.52644986494483e-19	4.20222288487011e-17
"hsa-miR-511-5p"	-11.2274733816229	7.18824972335896	93.3539201214233	4.37314548558438e-22	2.893564596295e-20
"hsa-miR-532-3p"	-2.57276050456659	6.67848060096995	23.9847440234952	9.71020686548152e-07	4.87968623493185e-06
"hsa-miR-532-5p"	-1.5766918743524	10.0085301069364	9.52756415143028	0.00202408588391542	0.00448917372019231
"hsa-miR-542-3p"	-2.16322462352399	2.4935527784752	5.11122345213067	0.0237715512736274	0.0406780424811642
"hsa-miR-548au-5p"	1.15321529137779	3.6464387524441	3.61784380721489	0.0571629136738671	0.0872833720327893
"hsa-miR-548e-3p"	-0.134679102216778	6.78522928480873	0.0646227478468653	0.799333289353704	0.846227508995788
"hsa-miR-548e-5p"	-0.377534566348972	4.3533013225486	0.547016335471975	0.459539387063889	0.530340513559197
"hsa-miR-548j-3p"	3.22675423990619	2.87338915024239	9.68320225754882	0.00185960245506627	0.00417097273819948
"hsa-miR-548j-5p"	2.04240765335987	3.52515315100861	5.67431277075745	0.0172150820936632	0.0305106588892155
"hsa-miR-548k"	-1.26631243138289	6.86290888913351	6.11838097765337	0.013378327664539	0.0239652663316267
"hsa-miR-548o-3p"	-0.276601307913956	4.70705168912772	0.269355693849949	0.603764306040772	0.668317694645172
"hsa-miR-548w"	2.85053720604359	3.74453768386021	22.0460649409707	2.66184821183055e-06	1.22878341871713e-05
"hsa-miR-550a-3p"	-0.704531842845495	3.85561035442263	0.954297598060641	0.32862778786358	0.3953491872177
"hsa-miR-5690"	1.56832263503903	3.92589226924133	6.11535730719471	0.0134012320544613	0.0239652663316267
"hsa-miR-5696-3p"	4.32763275884661	3.02801952698299	24.420671822013	7.74333466528061e-07	3.94115879758513e-06
"hsa-miR-574-3p"	-8.31243118041994	7.38512578889963	96.0250912504796	1.13436668186185e-22	1.12585893174788e-20
"hsa-miR-576-5p"	1.75244505756208	6.26712638072951	13.1356103440262	0.00028973587569433	0.00084577310772536
"hsa-miR-577"	3.50247395135889	2.74229756293535	12.8545175292528	0.000336665497722645	0.00097559271967803
"hsa-miR-582-3p"	-6.88009450465753	3.21291100767177	28.0974602924067	1.15357142037092e-07	6.93890687707962e-07
"hsa-miR-582-5p"	-5.26089069919608	3.39502443421907	25.5652693935092	4.27668214057604e-07	2.26379041307825e-06
"hsa-miR-584-5p"	1.73338328468384	2.84561712025522	2.16397355214827	0.141278932840707	0.194075212241386
"hsa-miR-589-3p"	0.263415973346488	5.32985422979498	0.28367432449531	0.594302985332884	0.660891555118081
"hsa-miR-589-5p"	0.42479023769532	8.23041087417707	0.39016889098167	0.532210638849722	0.600248930748123
"hsa-miR-590-3p"	1.66900816750116	6.62691239561441	8.44893825488674	0.00365256615665671	0.00725034382096358
"hsa-miR-590-5p"	1.34780654005838	2.77039603523795	1.5259980030732	0.21671406821649	0.277533822844989
"hsa-miR-598-3p"	2.65038239178992	5.38072837900032	17.0691615225894	3.60428502037389e-05	0.000125515969839676
"hsa-miR-616-5p"	-0.326821363093992	4.85103296327642	0.408826659875978	0.522565647975384	0.591050034889537
"hsa-miR-618"	-6.99477890257655	3.300453018174	29.5649719253067	5.40733499677254e-08	3.40747935510905e-07
"hsa-miR-625-3p"	2.20988842355314	5.89967527407127	18.32952732541	1.85804900662077e-05	7.23181819243574e-05
"hsa-miR-625-5p"	1.04291679872774	4.86099902071302	4.12084073742998	0.0423580230343468	0.0662052564749436
"hsa-miR-627-5p"	1.52804077313527	2.66008673334079	3.25493920949237	0.0712085775801648	0.105484348131811
"hsa-miR-628-3p"	-0.40308826503766	4.03516162818491	0.640676687326055	0.423465865085299	0.495917252032047
"hsa-miR-628-5p"	-0.453428465594183	4.62558530084811	0.602768514656407	0.437523657707253	0.509375050175307
"hsa-miR-629-3p"	1.20231304376533	3.73645630253412	2.1265405432823	0.14476716086153	0.197500216020713
"hsa-miR-629-5p"	-0.631814484890403	5.70493332395486	1.051424799696	0.305179170788706	0.370508045269469
"hsa-miR-641"	0.678294959191616	3.92034610261424	1.1055302206599	0.293055647358769	0.360195331273781
"hsa-miR-642a-3p"	4.50347154829466	3.16254814055702	27.5791597167593	1.50794769219777e-07	8.8037534382723e-07
"hsa-miR-642a-5p"	7.86966078482993	3.93654257228044	49.7617307885755	1.73597149667828e-12	2.30924352309461e-11
"hsa-miR-6503-3p"	-8.03428292567591	4.1717584965713	45.8170087346001	1.29831349411589e-11	1.61072017863752e-10
"hsa-miR-6503-5p"	-5.78172914327141	2.42189072138087	14.4070250805785	0.000147251953432018	0.000453170740407063
"hsa-miR-651-5p"	2.43881711756231	3.20999830915492	11.7617938682021	0.000604589308825482	0.00157909181318234
"hsa-miR-6511b-3p"	0.113726348208406	3.16206604440491	0.021251232420914	0.884096624482933	0.916349507847051
"hsa-miR-6516-3p"	0.390912753789657	3.32363875724771	0.367318541526871	0.544469533034187	0.610605662753029
"hsa-miR-652-3p"	-1.0591323931492	8.10453836140169	5.58805478131939	0.0180833671459413	0.0317659148537111
"hsa-miR-652-5p"	-0.240508306222283	4.28030607206554	0.240026757289409	0.624186789912746	0.686432563976067
"hsa-miR-653-5p"	-5.62243130318898	2.3308266432733	14.5743932536264	0.000134733040416149	0.000421173362560718
"hsa-miR-659-5p"	2.70082472638604	3.51089806389183	12.3305919814422	0.000445595075137821	0.00123707164216584
"hsa-miR-660-3p"	-1.62236581695945	3.34103069722927	3.51546700817835	0.0607985199147317	0.091428077296017
"hsa-miR-660-5p"	-1.58397944871992	9.43028153055581	11.5061813506846	0.000693651314105036	0.00176525366474166
"hsa-miR-664a-3p"	1.55741922883179	7.13829949418188	11.4072953211335	0.000731562586211206	0.00184987481990986
"hsa-miR-664a-5p"	2.49365516222255	4.09132396041686	18.1570544283995	2.03414504304564e-05	7.69100554370588e-05
"hsa-miR-664b-3p"	2.73185442474788	3.88717155300953	17.0731335798238	3.59675421029204e-05	0.000125515969839676
"hsa-miR-671-3p"	-0.836811055713772	6.06331860155098	2.51843925970036	0.112521902843091	0.158972225724936
"hsa-miR-671-5p"	0.380354288064564	4.6023371576681	0.573640948705757	0.448815716923313	0.519474751074505
"hsa-miR-6731-3p"	6.93224380876486	3.13236348603024	38.0990106111267	6.72442205280493e-10	5.80346859774686e-09
"hsa-miR-6769b-3p"	1.05648182303141	3.7042880664345	1.72590433898889	0.188934797561998	0.246733929710899
"hsa-miR-6803-3p"	2.76283364392071	3.95523229663627	17.9307286291375	2.29092273045469e-05	8.58015399991049e-05
"hsa-miR-6810-3p"	-3.92205797839446	2.7568323309953	13.6573818849492	0.000219377166195464	0.000654832593831574
"hsa-miR-6842-3p"	0.0892025642226446	4.7969846414406	0.0279029693760737	0.86733714416727	0.903760751271408
"hsa-miR-7-1-3p"	3.32589506832396	6.56885226053412	36.4437742952146	1.5713423286233e-09	1.19965943166048e-08
"hsa-miR-7-5p"	2.52130139362842	5.83307355606627	8.78062062222592	0.00304447598784317	0.00629508837069656
"hsa-miR-708-5p"	-1.13731157878876	2.90689700435695	1.25731035534755	0.262160818289648	0.329360268547438
"hsa-miR-744-3p"	-2.07920616976776	3.05510719425788	8.06100756669527	0.00452280250991999	0.00880172841391293
"hsa-miR-744-5p"	-1.92164387534986	8.00783983798699	16.4313438095603	5.04441837619972e-05	0.00016971475384333
"hsa-miR-766-3p"	2.17092278055361	6.8811576009188	20.2347807460214	6.849620579561e-06	3.05539255065811e-05
"hsa-miR-769-5p"	1.480062894197	9.26391741676958	12.1764397649599	0.000483969290191659	0.00131599868634307
"hsa-miR-7705"	-0.837830350574301	3.48185201515019	1.77615280839994	0.182622449907924	0.23927759938431
"hsa-miR-7706"	-1.25825217364182	5.55969609987078	5.3715689238468	0.020467559575426	0.0354830617966992
"hsa-miR-7976"	-1.27003391630804	3.80690989922785	3.94395650634088	0.0470400194605216	0.0723832857590197
"hsa-miR-7977"	0.0308688491650715	2.42038051275599	0.000453340871978014	0.983012882673221	0.985495238437547
"hsa-miR-873-5p"	7.29951054725415	3.43853436106194	44.519739554253	2.51805530373951e-11	3.0292968351048e-10
"hsa-miR-874-3p"	3.10562242982848	6.92544525918082	19.1419013422639	1.21351303760434e-05	5.12515612690342e-05
"hsa-miR-874-5p"	2.93739985222453	3.55791498913639	18.9086233154238	1.37131391747601e-05	5.61249098183482e-05
"hsa-miR-877-5p"	-1.24186449501522	5.62378595421925	4.95282199888044	0.026048116750106	0.0438182302957291
"hsa-miR-9-5p"	0.0285479892476578	5.53800211481773	0.00197369608598308	0.964564598382332	0.974382049765359
"hsa-miR-92a-1-5p"	2.66691574989688	3.59450609475444	17.7135799175578	2.56786856736467e-05	9.43929464114604e-05
"hsa-miR-92a-3p"	1.97591936782178	15.8000176661315	18.7044470457286	1.52626119050484e-05	6.12046154172141e-05
"hsa-miR-92b-3p"	1.34960640896842	8.96569956729449	8.40020615893501	0.00375178458995091	0.00741024120502742
"hsa-miR-93-3p"	-1.29888496576318	4.92047714824651	6.87942658435218	0.0087193532951528	0.0161003872473287
"hsa-miR-93-5p"	0.54269575195992	9.66426367255376	1.2755932037621	0.258720015243638	0.326069352545156
"hsa-miR-940"	-2.14365787959042	3.85655352574835	9.25481921039662	0.00234876520953548	0.00512340542959113
"hsa-miR-941"	-2.11010463118248	9.84524178632258	12.0974603908526	0.000504905458019244	0.00136358820975265
"hsa-miR-941-3-5p"	-2.11115809205753	7.53333825291344	10.7839487787857	0.00102384032379651	0.002478442735044
"hsa-miR-942-5p"	0.744232417967735	4.19639940310231	2.01574477331094	0.15567486477091	0.210214018075004
"hsa-miR-95-3p"	8.02160893904499	4.07582977110366	57.6948853762932	3.06097702500461e-14	6.88326774156803e-13
"hsa-miR-98-3p"	-2.55205879061634	4.13058401858328	8.80401730359063	0.00300567989942884	0.00624740795849869
"hsa-miR-98-5p"	-1.63008206221737	11.1169995026516	12.6396134618333	0.000377658057029506	0.00107093034743367
"hsa-miR-99a-5p"	0.585165781795194	5.69736968062348	0.456395351147078	0.499313446673364	0.566364109512358
"hsa-miR-99b-3p"	-3.21498126780742	5.32867955187382	27.2887164298209	1.75231002413623e-07	9.93810113688692e-07
"hsa-miR-99b-5p"	-3.94930926709843	14.2952585091602	66.9287618898748	2.81497779347693e-16	8.59650910777186e-15
