"logFC"	"logCPM"	"LR"	"PValue"	"FDR2"
"hsa-let-7a-2-3p"	6.4387310992034	2.68327956549815	27.6535320449719	1.45106869169573e-07	4.0646894931126e-07
"hsa-let-7a-3p"	0.470378865140254	5.7580497020396	0.917780782563502	0.338058341744883	0.402810810188555
"hsa-let-7a-5p"	2.14532165893056	15.9728867122646	27.8289681650031	1.32526889142622e-07	3.73413999407742e-07
"hsa-let-7b-3p"	2.8142932353807	6.6706916472242	36.8819032550519	1.25505483708642e-09	4.32497314362875e-09
"hsa-let-7b-5p"	2.51638366853161	12.6397835120828	43.069946881803	5.28173702827241e-11	1.97652502854881e-10
"hsa-let-7c-5p"	4.21063081921563	8.80666183279226	34.7998033026011	3.65410377448553e-09	1.23261669575956e-08
"hsa-let-7d-3p"	-1.26413481223807	8.04184447217679	10.4632418872505	0.001217733852693	0.00222631494442728
"hsa-let-7d-5p"	-0.61625253478966	10.8791203689463	2.66858257367533	0.102347137197214	0.139670309736369
"hsa-let-7e-3p"	0.14593096654544	4.09104656233176	0.0461279787149973	0.829943329473042	0.849450544482024
"hsa-let-7e-5p"	0.796981524487421	11.8144093838286	4.19881940725059	0.0404521324116564	0.0603631508572692
"hsa-let-7f-1-3p"	-0.663835407276507	4.45341498002946	1.167800472887	0.279853645417816	0.34416066538894
"hsa-let-7f-2-3p"	-1.01433485942779	3.98573111981096	0.894059187453221	0.34437967201299	0.408311541817382
"hsa-let-7f-5p"	0.118710004325187	15.0485859092867	0.108963726984712	0.741327016078661	0.778718510310698
"hsa-let-7g-3p"	-1.81693938465035	3.30790445513504	3.72202579998787	0.0536991828650201	0.0770117023722892
"hsa-let-7g-5p"	-0.363345382904734	12.8846022986071	1.01134377061413	0.314581128278943	0.379557582986432
"hsa-let-7i-3p"	-0.232967209286745	5.82778968165719	0.158786642320279	0.69027609104158	0.736396987993133
"hsa-let-7i-5p"	0.720088461375081	14.0837706212792	4.58385193302479	0.0322745854795803	0.0490778617292665
"hsa-miR-100-3p"	12.3521710747972	8.26271170314355	146.717414678131	9.04703306294132e-34	1.73341153485956e-32
"hsa-miR-100-5p"	11.508172872646	17.41906160062	401.253404452354	2.93822679193733e-89	1.40741063333798e-86
"hsa-miR-101-3p"	-0.405034610622831	10.9983638388736	1.14964090193114	0.283624334026973	0.347457943731253
"hsa-miR-101-5p"	-2.00801158364333	3.1618871134145	4.86962205225276	0.0273334862176375	0.0419639099302832
"hsa-miR-103a-3p"	-0.973714219161998	12.5133848170117	7.97241292854994	0.00474955858054475	0.00809622263373998
"hsa-miR-106b-3p"	0.509182301721728	6.87334978405608	1.16605013417022	0.280214320462811	0.34416066538894
"hsa-miR-106b-5p"	-0.472152537999609	7.07065896241271	0.964142418786397	0.326145400411826	0.392521725621269
"hsa-miR-107"	3.22809880828029	7.51846122971936	46.3463901727994	9.90898922815983e-12	3.92264945478393e-11
"hsa-miR-10a-3p"	7.53458365730222	3.55422437586126	25.6938689390246	4.00096129102343e-07	1.07064830078225e-06
"hsa-miR-10a-5p"	6.0085353709787	14.965691211682	43.4248695645955	4.40553271614512e-11	1.6616143079004e-10
"hsa-miR-10b-5p"	4.104178569679	7.19053342038437	19.6910612075381	9.10261561896375e-06	2.16923028929534e-05
"hsa-miR-1180-3p"	3.13089793233209	3.59545711280068	21.5689791644649	3.413281059306e-06	8.42763725467823e-06
"hsa-miR-1185-1-3p"	7.5081282733853	3.55721458942297	44.732508753957	2.25875753894029e-11	8.72536178348709e-11
"hsa-miR-1185-5p"	8.68908401686134	4.64518934681799	70.5328835914386	4.5265799103789e-17	2.35677367072988e-16
"hsa-miR-1226-3p"	-2.35236583989879	4.09550403446555	11.029391095123	0.000896785994294515	0.00167144160026098
"hsa-miR-1228-3p"	-1.38220111708836	4.18969299712774	5.28865507325947	0.0214647909242121	0.03316656404096
"hsa-miR-1228-5p"	-0.868419644753893	2.54410997061212	0.505714175501348	0.477000065757961	0.537607132936619
"hsa-miR-1237-3p"	-5.2142254027807	2.08463584177147	9.43855122283502	0.00212471270331883	0.00378341035274988
"hsa-miR-1249-3p"	-3.53025126070346	6.74266205877439	40.57534475083	1.89178715955931e-10	6.81327856713464e-10
"hsa-miR-125a-3p"	2.13998148854833	4.90457306795073	17.3230328788529	3.15341417750135e-05	7.12493108973184e-05
"hsa-miR-125a-5p"	0.183700427167172	13.3130641041501	0.228951622259558	0.632302276643713	0.680613012387278
"hsa-miR-125b-1-3p"	14.7348034661838	10.6421123821602	319.731062549714	1.65760754709512e-71	1.9849850376464e-69
"hsa-miR-125b-2-3p"	5.03750230542466	6.6275340309134	86.2310952943919	1.60090502921214e-20	1.14452762536211e-19
"hsa-miR-125b-5p"	9.83825335935148	13.8966402583097	360.312430228082	2.40742772487197e-80	3.84385960071224e-78
"hsa-miR-126-3p"	0.218468960361113	4.29434626958908	0.123296546355173	0.72548626155763	0.765131368436254
"hsa-miR-126-5p"	-0.0215818941474763	5.13518228957977	0.00166186777479238	0.96748243492253	0.96748243492253
"hsa-miR-1260a"	-1.27040788133534	4.38199296565158	3.34802228810602	0.0672858087524095	0.0939647300070093
"hsa-miR-1260b"	-0.968866096378502	3.78539103582738	1.59133798502505	0.207135077214428	0.263176928344061
"hsa-miR-127-3p"	11.5985497397125	14.0996542804443	271.611773222412	5.05398681424646e-61	2.68984409336006e-59
"hsa-miR-127-5p"	10.2682869839224	6.18869705901118	109.539732123834	1.23602016016468e-25	1.19763087992057e-24
"hsa-miR-1271-5p"	1.35228885272651	6.97026397973344	11.0715732395082	0.000876612733826273	0.00164022460743275
"hsa-miR-1273h-3p"	-6.06893020273031	2.60915157521256	14.0184899457508	0.000181021794061753	0.000365862613314681
"hsa-miR-128-1-5p"	0.439247973371441	4.32447914890483	0.40153007268608	0.526300119777727	0.580870408694772
"hsa-miR-128-3p"	0.329328188372839	9.39505816353043	0.80993384920091	0.368139808918406	0.431146622180725
"hsa-miR-1285-3p"	-1.47263815030697	4.28122130265768	2.82032108619481	0.0930777823232199	0.128115683140294
"hsa-miR-1296-5p"	0.680647047309411	4.99190987539906	2.06006045018608	0.151204171934624	0.197887427204058
"hsa-miR-1301-3p"	-2.62635857672103	7.46078024691283	34.5712922681442	4.10922005156028e-09	1.36688639215095e-08
"hsa-miR-1303"	-2.48961609041412	3.89232114593471	3.21593537939486	0.0729245000259806	0.101543126489665
"hsa-miR-1304-3p"	2.37053648970364	6.68284542533109	12.2277607669334	0.000470836723963937	0.000909398349914216
"hsa-miR-1306-5p"	-0.882643232555435	3.14742246748564	1.33516542635548	0.24788835784199	0.310022254324577
"hsa-miR-1307-3p"	-1.24818658014234	8.2528332875636	9.87379133163309	0.0016764969110774	0.00303034724681537
"hsa-miR-1307-5p"	0.706096744512426	9.42133882284639	3.52366393599193	0.0604985668727274	0.0854832257582195
"hsa-miR-130a-3p"	5.80062729922338	10.4934202885879	167.258250885266	2.93778319179406e-38	7.40630604668081e-37
"hsa-miR-130b-3p"	1.62956648363013	9.10716308414949	18.216012064962	1.97213853834487e-05	4.63065862679996e-05
"hsa-miR-130b-5p"	1.88181786252636	7.45413851414983	18.0018833525696	2.20686526408181e-05	5.10670754345502e-05
"hsa-miR-132-3p"	-1.27397854057852	7.2402885889563	8.48290462575985	0.00358499252130069	0.00620319144519088
"hsa-miR-132-5p"	-0.186194280980987	4.95805562148749	0.101424761417509	0.750126517874013	0.786237641272762
"hsa-miR-133a-3p"	-3.07688043171501	4.3722924461564	6.13929950761426	0.0132209677498212	0.0210393473493832
"hsa-miR-134-5p"	10.9330947159716	6.84798631454636	133.803707564731	6.03132627194547e-31	9.96208718710993e-30
"hsa-miR-1343-3p"	-0.0324084149256069	3.34539309387407	0.00195192226194774	0.964760474365263	0.966778801717492
"hsa-miR-136-3p"	12.6933542892356	8.60237774552711	198.053552810284	5.55392984779908e-45	1.77355493139717e-43
"hsa-miR-136-5p"	12.447448656645	8.35706209327698	202.124959132278	7.18009501577859e-46	2.86605459379829e-44
"hsa-miR-137"	4.31376840512113	4.47039887034589	22.878057289917	1.72611147816347e-06	4.35161788442265e-06
"hsa-miR-138-1-3p"	7.02179651582623	3.14131302104925	29.8645296610533	4.63311750883464e-08	1.38703955420737e-07
"hsa-miR-138-5p"	7.5983020331375	8.21747773653274	150.321834911274	1.47439811224077e-34	3.21016679892423e-33
"hsa-miR-139-5p"	-4.96757875565175	3.66535000316227	24.3140760144988	8.1838831291822e-07	2.14212022889523e-06
"hsa-miR-140-3p"	-0.524308763294196	11.2813319938157	2.01723351949128	0.15552226363918	0.202432511639041
"hsa-miR-140-5p"	-1.61851421463693	5.59310292643236	7.73125529477567	0.00542730039427683	0.00918613741646149
"hsa-miR-141-3p"	-4.21560875099654	4.30284335142157	31.7627359585738	1.74203170992892e-08	5.56288792703969e-08
"hsa-miR-142-3p"	-9.60820674573088	8.77096079551818	116.610061647816	3.49438879416515e-27	4.40476903264502e-26
"hsa-miR-142-5p"	-12.6254518459136	12.3344937495829	315.450594965175	1.41867211876171e-70	1.35908788977372e-68
"hsa-miR-143-3p"	9.33534531317387	15.0140982137972	191.212431197241	1.72857337550232e-43	4.87050968744478e-42
"hsa-miR-143-5p"	9.63540344430655	5.56583360564913	96.7849975598544	7.72794537109738e-23	6.38221695302697e-22
"hsa-miR-145-3p"	8.83500055822245	7.11480235634655	107.826831036759	2.93318496147358e-25	2.70191460874201e-24
"hsa-miR-145-5p"	7.8921133778686	8.03794882374524	83.0428409410575	8.02942086610954e-20	5.12812345982196e-19
"hsa-miR-1468-5p"	1.74076409192092	3.074597608597	6.27069694444966	0.0122750851251528	0.0196647684780875
"hsa-miR-146a-3p"	-5.94980677274061	4.52081345962222	22.2833277886219	2.35240182528988e-06	5.86875247038465e-06
"hsa-miR-146a-5p"	-5.72271610946521	13.1212648518882	49.9376483885742	1.5871000704655e-12	6.55362873924978e-12
"hsa-miR-146b-3p"	-5.91389117529954	9.22469648554724	139.470501312483	3.47539668621409e-32	6.40275004883288e-31
"hsa-miR-146b-5p"	-5.70353997075521	15.2450158523233	72.6940720432311	1.51388137441688e-17	8.33504802696193e-17
"hsa-miR-147b"	-5.8069521506306	6.01766839905558	64.2850411642296	1.07660042172728e-15	5.37178752091007e-15
"hsa-miR-148a-3p"	0.745869848951167	11.1714249518117	2.64106170658912	0.104133931777313	0.141704981026514
"hsa-miR-148a-5p"	0.468091970365986	5.14623092830178	0.690539581410338	0.405980909706571	0.468590013854091
"hsa-miR-148b-3p"	-0.212118587621296	10.8427550437345	0.351277322486908	0.553390957920301	0.60657727424216
"hsa-miR-148b-5p"	-0.341595679023401	7.32403080207133	0.744852194933624	0.388110966668675	0.451226099597805
"hsa-miR-149-5p"	4.98132320863692	6.11213728102594	73.2332678274428	1.1519761938001e-17	6.56900710512198e-17
"hsa-miR-150-5p"	-7.90849565700489	6.32379514634428	55.929144023977	7.51305264087654e-14	3.46033866824987e-13
"hsa-miR-151a-3p"	3.0801574479916	11.676852775058	71.7484597130098	2.44454693534793e-17	1.31566065396815e-16
"hsa-miR-151a-5p"	2.60369927196346	12.1359777681141	54.004755931944	2.0000490918711e-13	8.87058810190979e-13
"hsa-miR-151b"	1.65878645398624	3.10657543481415	5.91039403546803	0.0150518047191677	0.0238735578161633
"hsa-miR-152-3p"	2.52899124840746	7.85012681781899	28.5331159551445	9.21095307243066e-08	2.65785935041824e-07
"hsa-miR-152-5p"	4.29868772533976	6.36035551428683	55.6485223510093	8.66580424762385e-14	3.95325736629697e-13
"hsa-miR-154-5p"	8.09414102342897	4.07998109771273	50.9531067899192	9.45991641273126e-13	4.0458035372306e-12
"hsa-miR-155-5p"	-2.14745115735005	10.2905756107049	35.272652633125	2.86628721108336e-09	9.80679695792092e-09
"hsa-miR-15a-5p"	-2.11006605617005	9.74973169174836	27.0983507057893	1.93362841795727e-07	5.26254552387235e-07
"hsa-miR-15b-3p"	0.451521209920937	4.88186996160064	0.72252809881821	0.395315896932482	0.458489865933798
"hsa-miR-15b-5p"	0.155531805502495	8.07091704697468	0.154058804488009	0.694686407434043	0.737815497030835
"hsa-miR-16-2-3p"	1.26794833848162	6.50521650164989	9.57606852518927	0.00197130086959591	0.0035233325243897
"hsa-miR-16-5p"	-2.0697624217808	12.13502520805	23.0281615280866	1.59645648001912e-06	4.04604578798497e-06
"hsa-miR-17-3p"	2.39532897503594	7.44870928896165	18.4382292427927	1.7550151399729e-05	4.14114409875379e-05
"hsa-miR-17-5p"	-0.589639708403949	7.22991877695637	1.77355434013033	0.182942812468584	0.23619840208208
"hsa-miR-181a-2-3p"	4.11620087506524	8.42765721481947	63.5591923595796	1.55619731930582e-15	7.68472696853081e-15
"hsa-miR-181a-3p"	1.51246501865977	9.77098345588575	16.9036233765435	3.93264420320032e-05	8.64099345565575e-05
"hsa-miR-181a-5p"	-0.241018092485776	13.9444187795097	0.275848664694422	0.599435149044613	0.651087157352312
"hsa-miR-181b-3p"	1.07622357999615	4.01188596160751	2.16631591889707	0.14106381999202	0.186656270099937
"hsa-miR-181b-5p"	1.07497312261335	11.017453001758	7.58735230437031	0.00587792144709094	0.00987903288826863
"hsa-miR-181c-3p"	-1.3251987706565	6.910270550569	7.0801600022189	0.00779420504497335	0.012829636482963
"hsa-miR-181c-5p"	-2.05291314683659	9.18457602718045	21.3628254893473	3.80069613424293e-06	9.33606896565315e-06
"hsa-miR-181d-5p"	-1.74859951233527	5.83144149380307	8.83809904110634	0.00295006263109118	0.00515722627844042
"hsa-miR-182-5p"	0.669324427690243	4.63762373140224	1.16620396430271	0.280182598702853	0.34416066538894
"hsa-miR-185-3p"	-0.937880519186755	4.81628108275046	3.46485544735626	0.0626859864191744	0.0880545087823594
"hsa-miR-185-5p"	-2.22690762751101	7.70588850136844	25.5923195027537	4.21714636766587e-07	1.11602934260329e-06
"hsa-miR-186-5p"	-0.394984187541997	12.2874586245718	1.280002745194	0.257898524870648	0.32170154534646
"hsa-miR-188-3p"	0.666666820747016	2.81928571613148	0.423233738533979	0.515327866183476	0.570074013630219
"hsa-miR-188-5p"	0.202406858695809	4.23331370820324	0.122843599656874	0.725970608773901	0.765131368436254
"hsa-miR-18a-3p"	0.533508001755553	3.82628006157741	0.530592678181152	0.466357791830609	0.526852316714296
"hsa-miR-18a-5p"	-1.34335197779112	5.16968074259768	5.29900787260427	0.0213375746628699	0.0330766934094326
"hsa-miR-1908-5p"	-2.18728476371569	3.28798779378324	7.92698567228562	0.00487028660105802	0.00827257901385387
"hsa-miR-190a-5p"	3.36261798416343	6.53504131245274	32.01423482937	1.530469823596e-08	4.92010097652672e-08
"hsa-miR-191-3p"	-1.55493358120364	4.47577632157999	3.94641788741347	0.0469712542706166	0.0685952158403211
"hsa-miR-191-5p"	-1.31781390480398	14.7950931906947	10.948370166027	0.000936859864359261	0.00173936385669801
"hsa-miR-1910-5p"	6.74591090222655	2.92484389573244	30.3217313543489	3.66002279554523e-08	1.10261064092212e-07
"hsa-miR-192-5p"	1.66830633188036	8.85649459598216	14.8227501762997	0.00011810215727205	0.000242793705293185
"hsa-miR-193a-3p"	-0.412857531576266	8.24274596680116	0.336265062414682	0.561993073566163	0.614599731137425
"hsa-miR-193a-5p"	0.397245229494418	8.83691197827098	0.429831190992331	0.512071791868739	0.567783306261866
"hsa-miR-193b-3p"	6.88707922811504	7.97324579224929	125.021977780072	5.03341186588656e-29	7.53438838674895e-28
"hsa-miR-193b-5p"	6.83241902116077	2.98773284142282	33.5815641185592	6.83373713377925e-09	2.22677556944235e-08
"hsa-miR-194-5p"	0.326747422730904	3.07352997484508	0.187245586641648	0.665219047694095	0.711249830012213
"hsa-miR-195-5p"	6.62563002593638	4.95483107650325	73.6259534493041	9.4415068817595e-18	5.44877324862988e-17
"hsa-miR-196b-5p"	-2.15407341479527	2.31246468173199	2.45240333570366	0.117345078994433	0.157991937746038
"hsa-miR-197-3p"	-1.78891196464623	10.0558632225703	23.539732998419	1.22360609342757e-06	3.11759212102025e-06
"hsa-miR-1976"	-8.03149044700069	4.16132019724832	50.9355076386594	9.54511642620723e-13	4.04611572402944e-12
"hsa-miR-199a-3p"	7.7614046421017	13.0943600192479	200.234218240821	1.85660870027865e-45	6.51771713845445e-44
"hsa-miR-199a-5p"	11.6431952537261	10.9673222518765	285.437113587704	4.90675930683529e-64	2.93792213496763e-62
"hsa-miR-199b-3p"	7.81123143977737	11.9780259981385	213.138833109642	2.83847433494121e-48	1.23602655130622e-46
"hsa-miR-199b-5p"	4.99353502735762	10.1634046420547	51.3919615802533	7.56476556399313e-13	3.26443486950695e-12
"hsa-miR-19a-3p"	-0.560750017517932	7.05859281810939	1.39236989072124	0.238005289234586	0.299224497489151
"hsa-miR-19a-5p"	5.827309775079	2.26269264628382	15.4736383729589	8.36639904129439e-05	0.000176542076686344
"hsa-miR-19b-3p"	-1.0914992216406	8.6541395235676	6.14889546791877	0.013149419959222	0.0209952405348912
"hsa-miR-200b-3p"	-3.68715043903519	3.38648477835323	15.837442513025	6.90230616128724e-05	0.000146942428944737
"hsa-miR-200c-3p"	-4.39010498282695	3.86791410852428	21.7220868224652	3.15141959663197e-06	7.82139889526795e-06
"hsa-miR-204-5p"	9.95868044255436	8.23487908354354	147.47138438282	6.18992424959907e-34	1.28911900676433e-32
"hsa-miR-20a-5p"	-0.449923650531163	7.33192690444656	1.09026057374433	0.296413481370253	0.361277500194278
"hsa-miR-20b-5p"	-5.60566581861389	2.32245432446023	12.0044389590502	0.000530739860794564	0.0010209814992795
"hsa-miR-21-3p"	0.284337852786974	12.5788606750752	0.439896987123007	0.50717217947507	0.566157652500406
"hsa-miR-21-5p"	-1.33458444589041	16.9495757636769	9.18911151698671	0.00243459037834647	0.00430320587168988
"hsa-miR-210-3p"	-0.860331529460402	8.7817049844076	1.44105219640711	0.229969148081142	0.289882162975965
"hsa-miR-210-5p"	-1.01438164003702	5.55850096213235	1.85562228025378	0.173130903286572	0.224134331552076
"hsa-miR-2110"	-0.994626615941531	3.31532160206859	1.46654863848577	0.22589103124994	0.285492886461006
"hsa-miR-2110-3p"	-1.09463266543334	3.94596376313879	2.59509972086056	0.107194692434901	0.145456820612797
"hsa-miR-2116-3p"	-2.03414604341571	3.73499700364808	7.25172768717307	0.00708328293741742	0.0117184114146822
"hsa-miR-212-3p"	-1.10151671823872	4.46984597840976	4.10247295051563	0.04282053829582	0.0636988752909869
"hsa-miR-212-5p"	-1.23863693563377	5.04447072695118	4.00247041943696	0.0454336251864205	0.0671688471120229
"hsa-miR-214-3p"	12.1468229175337	8.0573295166196	200.183042434113	1.90496951854618e-45	6.51771713845445e-44
"hsa-miR-214-5p"	10.7261755785669	6.6437896887787	147.069624945154	7.57723731285726e-34	1.51229028035776e-32
"hsa-miR-215-5p"	0.732110914912109	3.71680542083151	0.806216541311795	0.369241200915755	0.431381793264991
"hsa-miR-218-1-3p"	9.39070832439016	5.32997466776353	83.1760077405833	7.50632548566994e-20	4.92538343511767e-19
"hsa-miR-218-5p"	4.61704434817258	6.05611195441773	52.1525684891379	5.13516396075263e-13	2.25664544697295e-12
"hsa-miR-22-3p"	-0.326503779793757	16.3831915465998	0.619715582521167	0.431152996894909	0.491719727411099
"hsa-miR-22-5p"	0.718131092393376	7.38507225419764	2.90168121006092	0.0884872188018494	0.122501091925104
"hsa-miR-221-3p"	2.84011585696393	13.0422428465493	28.1413120975449	1.12772759220454e-07	3.2153661706308e-07
"hsa-miR-221-5p"	2.92295250177163	9.98088125011511	20.1062461525341	7.32570390654919e-06	1.77222836931165e-05
"hsa-miR-222-3p"	3.45846747300514	13.3096861970857	31.5410099763849	1.95272328019132e-08	6.113427785697e-08
"hsa-miR-222-5p"	3.75010176868887	5.68741896995765	27.1485408964358	1.88407343376105e-07	5.18661594696289e-07
"hsa-miR-223-3p"	-7.75084872769756	9.83209523854022	83.109704375048	7.76236780153122e-20	5.02455969855872e-19
"hsa-miR-223-5p"	-8.23172733648396	4.33584793218529	48.7530953226738	2.90300036977089e-12	1.188493313778e-11
"hsa-miR-224-3p"	6.65935878126331	2.83333844495718	16.0959027970303	6.02141688814642e-05	0.000128761548634917
"hsa-miR-224-5p"	10.5042081710522	8.775723547237	115.840684497361	5.15054362538999e-27	6.01734243063855e-26
"hsa-miR-2277-5p"	-0.508923377007832	4.23103251807494	0.947598236206504	0.330331399992073	0.39647970320149
"hsa-miR-2355-5p"	0.635273802195772	4.78137030177564	0.846715026244143	0.357483304986306	0.421759859823746
"hsa-miR-23a-3p"	-0.602449978113409	11.4087694592094	2.08845326362591	0.148416268157644	0.194770938212361
"hsa-miR-23a-5p"	0.733650082400202	5.83001569820444	2.14806652607041	0.142749557367371	0.188366495809837
"hsa-miR-23b-3p"	4.59960032667654	9.80946207053237	116.020594722875	4.70386287040737e-27	5.63287578731283e-26
"hsa-miR-23b-5p"	3.93466703417401	2.6714965289553	14.7524966161383	0.000122585100567424	0.000250932748597419
"hsa-miR-24-2-5p"	-0.448099420042896	7.8468330244005	1.21628582321686	0.270090794189904	0.334298424850036
"hsa-miR-24-3p"	-0.492527561073469	10.4275572174103	1.90448773613755	0.167576857600861	0.217532018403286
"hsa-miR-2467-5p"	-1.37963365824423	4.22929518071728	4.52776578901876	0.0333491292514639	0.0502334368284629
"hsa-miR-25-3p"	-0.094446040055755	10.369298418773	0.0711787954781755	0.789628124773163	0.818683705121959
"hsa-miR-25-5p"	1.66938720355514	4.55734236109717	7.43192569077911	0.00640767359879069	0.0106943402572151
"hsa-miR-2682-3p"	4.11563842221662	2.75294066598648	16.1755308286602	5.77351028331211e-05	0.000124013965278319
"hsa-miR-2682-5p"	4.9738482978467	4.23634966856401	43.884471133315	3.48341701498879e-11	1.32425138903145e-10
"hsa-miR-26a-2-3p"	1.72281902692667	4.49370409449014	8.48176864477215	0.00358723179607072	0.00620319144519088
"hsa-miR-26a-5p"	-0.30337510465687	14.4471001001871	0.633475339878032	0.426083394740077	0.48826302890071
"hsa-miR-26b-3p"	-3.41079826985394	5.70844870199127	34.7606440441264	3.72834687197553e-09	1.24886584033306e-08
"hsa-miR-26b-5p"	-2.32628948688665	11.5984922951458	34.9221735612409	3.43150619630413e-09	1.16573862980828e-08
"hsa-miR-27a-3p"	-0.998388634443589	12.3716934636231	6.94299146692062	0.00841482682714814	0.0137882983728688
"hsa-miR-27a-5p"	1.19542190748465	6.36557464700829	6.9388826285228	0.00843417833664	0.0137882983728688
"hsa-miR-27b-3p"	4.30142067129422	13.5879387177077	72.9250921444055	1.34665149283855e-17	7.58877723611372e-17
"hsa-miR-27b-5p"	6.40018870589876	6.50912811629042	80.102832179315	3.55422600180613e-19	2.21100552579888e-18
"hsa-miR-28-3p"	0.0747851172443147	12.4100107047315	0.0382515114197304	0.844938965626347	0.859290370562675
"hsa-miR-28-5p"	-1.82311240564556	9.10645539972904	16.3270180790067	5.32985997017469e-05	0.000115000131788904
"hsa-miR-296-3p"	5.5268277159804	3.954826349556	31.3886274829943	2.11214444820783e-08	6.56959214734773e-08
"hsa-miR-296-5p"	5.52460726138335	3.9532114502843	42.9986249303736	5.47783524787086e-11	2.01837160286934e-10
"hsa-miR-299-3p"	8.63820643119285	4.58992889537594	56.1947629003714	6.56361337535799e-14	3.05239884154998e-13
"hsa-miR-299-5p"	8.8813038262458	4.83408322677766	86.1088109207467	1.70302361080415e-20	1.19962986702233e-19
"hsa-miR-29a-3p"	1.98969799921204	13.537485217115	23.914716236073	1.00699035977304e-06	2.59327087274884e-06
"hsa-miR-29a-5p"	1.71716426880432	5.44047017627814	8.35363031032633	0.00384917509051877	0.00663221175668522
"hsa-miR-29b-1-5p"	2.27593480176182	3.99910231733491	10.5152644460286	0.00118392487660728	0.00217279699576585
"hsa-miR-29b-2-5p"	-3.49471307024218	2.5944803010557	8.32622865120486	0.00390766991165756	0.00670886698094613
"hsa-miR-29b-3p"	3.00030107050287	9.46232593689033	60.9079595825364	5.98065444901983e-15	2.8647334810805e-14
"hsa-miR-29c-3p"	-1.29955810212988	8.97270609990992	11.6183683176756	0.000653036655105015	0.00123638165136483
"hsa-miR-29c-5p"	-2.41933655694156	4.73284135432208	14.8983535813563	0.000113461966862547	0.000236296878813739
"hsa-miR-301a-3p"	-0.590496779119412	6.62289628158739	0.821578459630043	0.364719065226453	0.428187333930076
"hsa-miR-301a-5p"	1.81658329739236	2.71509723052399	4.54820294492251	0.0329533151716041	0.0499513859721468
"hsa-miR-301b-3p"	-0.864187219744053	5.50302526131699	1.74945925332797	0.18594472619378	0.239428827545217
"hsa-miR-302a-5p"	6.64035480510548	2.85690375889748	20.9962355229252	4.60186690440583e-06	1.12463992204612e-05
"hsa-miR-30a-3p"	5.18494447510854	7.00826801393804	72.7747994045079	1.45320647639725e-17	8.09402211853814e-17
"hsa-miR-30a-5p"	4.84079476231313	12.6097849168696	62.7838025566372	2.30688213725466e-15	1.12754749361733e-14
"hsa-miR-30b-5p"	-2.2924737204876	9.78356457566659	22.3349579691122	2.28999721786847e-06	5.74297731601569e-06
"hsa-miR-30c-1-3p"	-0.513618508940254	4.30433244759272	0.715153423479973	0.397738290446095	0.460185123487149
"hsa-miR-30c-2-3p"	6.64861511548826	5.01822971484919	71.1505132300963	3.30986626129744e-17	1.74222630677085e-16
"hsa-miR-30c-5p"	-0.68810734386729	11.5955618714093	3.68730886285996	0.0548280118679625	0.0781625526331966
"hsa-miR-30d-3p"	0.140552416904111	4.44590020919177	0.0390295942630061	0.843390044876918	0.859290370562675
"hsa-miR-30d-5p"	-1.60756740706661	12.3646189647139	15.7349790128753	7.28642205335065e-05	0.000154433458564379
"hsa-miR-30e-3p"	-2.51521408504264	7.0841147463841	28.1126429766567	1.14455709698814e-07	3.24404052933324e-07
"hsa-miR-30e-5p"	-1.74690179899835	12.5127413457465	12.6689935070988	0.000371769608124458	0.000729826402834489
"hsa-miR-31-3p"	10.6038940230864	6.52160791825542	134.155155075056	5.05284014122394e-31	8.64396581302238e-30
"hsa-miR-31-5p"	12.6340202149902	12.9959445198709	368.048129089862	4.97943309100595e-82	1.19257422529593e-79
"hsa-miR-3117-3p"	6.99776151148072	3.0981841531244	16.4681696560456	4.94737392140911e-05	0.000107230412142758
"hsa-miR-3129-3p"	6.16540616747387	2.45609041230366	19.2676291185502	1.13616406426991e-05	2.69417122170933e-05
"hsa-miR-3152-5p"	7.13419805116931	3.22349734758573	34.2537718332013	4.83736978660216e-09	1.59800008812582e-08
"hsa-miR-3158-3p"	0.626140230788684	3.5615919373175	0.663425366153787	0.415353258504337	0.477108419241193
"hsa-miR-3168"	1.66723366730423	4.64193752623173	5.34282525853939	0.0208077235811315	0.0323600636213051
"hsa-miR-3174"	-2.72674060038097	2.65573669742922	3.60210255974221	0.0577065437900722	0.0820220607579958
"hsa-miR-3176"	-0.315974786617132	4.17785503189925	0.247459798222792	0.618869418335898	0.669161289803375
"hsa-miR-32-3p"	-2.64633773821741	2.60388706570873	7.36718897963053	0.00664246894799242	0.0110477174516957
"hsa-miR-32-5p"	-2.84638947176525	3.74696977870141	5.46922281542449	0.0193542304431528	0.0301976429389909
"hsa-miR-3200-3p"	1.56644763426067	3.42320925883481	2.45137482216405	0.117421982959477	0.157991937746038
"hsa-miR-320a"	0.719185097073344	10.4701555938585	3.94004702906051	0.0471494593540768	0.0686461733452972
"hsa-miR-320d"	-2.2211698384284	2.21161503396814	3.68814587872607	0.0548005022515666	0.0781625526331966
"hsa-miR-323a-3p"	8.72267071178925	4.68204122213751	81.0437917463014	2.20770829645669e-19	1.3914372026352e-18
"hsa-miR-323b-3p"	7.96073274507209	3.95646372584636	47.2681638851582	6.19096175603799e-12	2.51311074673068e-11
"hsa-miR-324-3p"	-0.530092984577827	5.97114432006189	1.62374949162642	0.202569766081696	0.258749114541686
"hsa-miR-324-5p"	-1.86688954837598	4.91413828748482	7.50337763443068	0.00615833893747111	0.0103141410875827
"hsa-miR-326"	-7.05944824894143	8.35511459358692	138.095595176444	6.94516844497131e-32	1.2321243278301e-30
"hsa-miR-328-3p"	-0.84062913465549	6.6206320357426	3.8121322279545	0.0508826381131448	0.0734119989644468
"hsa-miR-329-3p"	9.5619270038053	5.49447016343021	106.417390731517	5.97312534116278e-25	5.39835290267353e-24
"hsa-miR-330-3p"	0.168531684653788	4.726444750036	0.07159724941266	0.789025226801329	0.818683705121959
"hsa-miR-330-5p"	-1.54520186446161	4.96948154396088	6.61828483982654	0.0100936993308948	0.0163894304389784
"hsa-miR-331-3p"	-0.671008178997802	8.51331746923575	2.84722206825561	0.0915319694895559	0.126351047220453
"hsa-miR-331-5p"	0.855945097406277	3.36894582872771	1.26451031047757	0.260799073873786	0.324474691910502
"hsa-miR-335-3p"	7.30147673407375	7.78150154145852	114.834716350764	8.55379289800453e-27	9.31196999578221e-26
"hsa-miR-335-5p"	3.6421895740958	6.86768959990586	52.023598158615	5.48376231073837e-13	2.38792922440334e-12
"hsa-miR-337-3p"	9.56124314979692	5.49199083906279	95.546096311629	1.44487477336525e-22	1.13458199416714e-21
"hsa-miR-337-5p"	7.72232877650036	3.73907718839416	43.0353126825415	5.37606951632696e-11	1.99623046381443e-10
"hsa-miR-338-3p"	-11.4241694242422	7.35653439422673	126.93733950406	1.91732568485613e-29	2.96257742918092e-28
"hsa-miR-338-5p"	-9.75693656976459	5.74011112399425	46.4913522290677	9.20236813273981e-12	3.67327861298531e-11
"hsa-miR-339-3p"	-0.0995685588258855	7.42226797225022	0.0522977076721851	0.819112261245086	0.841963032481537
"hsa-miR-339-5p"	0.374023281948409	7.54799358387466	0.682613532423372	0.408688213853964	0.470580900086656
"hsa-miR-33a-3p"	-3.58102812696026	3.34928576975296	12.3847249738928	0.000432860389565728	0.000839433710939206
"hsa-miR-33a-5p"	3.40924153327299	4.6782047121358	34.0471744366016	5.37919649200413e-09	1.76481857511642e-08
"hsa-miR-33b-3p"	1.07272114966977	3.60522863672446	1.65028832038732	0.198919693692135	0.255449150880785
"hsa-miR-33b-5p"	4.02385070421078	4.62103739514262	44.4555025894557	2.60204593572394e-11	9.97104002569415e-11
"hsa-miR-340-3p"	-3.14181458273751	6.11773208240868	39.0993440620629	4.02779295519258e-10	1.41861237171856e-09
"hsa-miR-340-5p"	-3.31995976915097	10.3341914292441	50.1471459754545	1.42638438557603e-12	5.94120104948625e-12
"hsa-miR-342-3p"	-4.65187593936952	10.7086153299262	78.3350095228195	8.69668142305623e-19	5.27305114132144e-18
"hsa-miR-342-5p"	-2.88946634082846	5.34083528365044	19.7142171176545	8.99298328090136e-06	2.15381949577587e-05
"hsa-miR-345-5p"	-0.421440592967601	9.10875188109899	0.835546686155017	0.360673534787155	0.424478189589797
"hsa-miR-34a-3p"	-0.763850605938343	4.10694206165174	1.34082808244666	0.246887987002416	0.309579439199364
"hsa-miR-34a-5p"	-0.917655711268722	9.29681432127529	3.37133271815532	0.0663400694651932	0.0929148926135309
"hsa-miR-34b-5p"	5.33281113205581	3.77254257737493	29.7052563118305	5.02982524704007e-08	1.48721376131617e-07
"hsa-miR-34c-5p"	4.42787995074138	6.52597433778103	44.847255778693	2.13019202358828e-11	8.3636227811376e-11
"hsa-miR-3605-3p"	-0.467670471005246	3.88684124169578	0.624045884899309	0.429547771327621	0.491058192042793
"hsa-miR-3605-5p"	0.112570592771965	3.60534977635692	0.0322329754545367	0.857517289577581	0.868394887331207
"hsa-miR-3607-3p"	-2.34670105675789	5.57857422934475	12.8051465248099	0.000345667142355224	0.000681376795012972
"hsa-miR-361-3p"	-0.766065574853645	8.98687165698815	2.22851625845462	0.135483897859739	0.180268852985597
"hsa-miR-361-5p"	-0.936429958355577	8.09227673301066	5.70785853045247	0.0168891298754688	0.026524240033933
"hsa-miR-3613-3p"	-1.60584979955657	3.59723781621517	3.73705740483799	0.053218089009513	0.0765509448515217
"hsa-miR-3613-5p"	0.196873655183364	3.61639614567425	0.0508857147645392	0.821529169371845	0.842639126614805
"hsa-miR-3614-5p"	-0.893931950945021	2.88940855756225	0.770669619764569	0.380009979786452	0.442882677172045
"hsa-miR-3615"	-2.4980564502326	4.04560562452762	8.74064493177412	0.00311194435927363	0.00542044126578934
"hsa-miR-362-3p"	0.318568209435039	3.4204108773972	0.247645318761058	0.618737982737756	0.669161289803375
"hsa-miR-362-5p"	-1.13250278808681	5.02148905156071	5.76434512866008	0.0163545788611968	0.025769221297741
"hsa-miR-3620-3p"	-1.41923132068476	2.61192452770457	1.63185357270565	0.201446864990782	0.258002803022954
"hsa-miR-363-3p"	-9.70731450545741	5.69387901754298	88.7604603544123	4.45634747492416e-21	3.2839852930595e-20
"hsa-miR-3653-3p"	-5.58616640246199	2.29808332193504	9.62901737898556	0.00191527049462029	0.00343600961394426
"hsa-miR-365a-3p"	0.241811978877305	7.13452137468144	0.205922424749108	0.649982313069147	0.698075174798479
"hsa-miR-365b-3p"	0.203415510058042	7.11419345036037	0.141132279233577	0.707157958213938	0.749399694655921
"hsa-miR-365b-5p"	0.206863179905002	3.89168732431208	0.0642331338986599	0.799926238714288	0.827569478065106
"hsa-miR-3661"	3.34133473926035	3.0717572172641	13.1833344358704	0.000282449737130462	0.000563722600356215
"hsa-miR-3677-3p"	1.02447984374722	3.46747582491412	2.49463324022427	0.11423498526273	0.154572197573016
"hsa-miR-369-3p"	5.46193892023408	5.20749781804179	42.6118240124092	6.67546375728801e-11	2.44087567919157e-10
"hsa-miR-369-5p"	9.41290751127531	5.34780834043661	96.8687752578978	7.40777459455473e-23	6.22512987858196e-22
"hsa-miR-3690"	-10.1972463814371	6.16225234381396	55.0540814454095	1.17258574365232e-13	5.24923898326599e-13
"hsa-miR-370-3p"	10.324980162304	6.24473954537002	117.942147558121	1.78519768942854e-27	2.37530470343408e-26
"hsa-miR-370-5p"	5.98097577856387	2.34100594220565	13.4968053706657	0.000238969942754302	0.00047893975974607
"hsa-miR-371b-5p"	-7.65260130544068	3.83573255599894	37.3631667392786	9.80566379193056e-10	3.40356011328604e-09
"hsa-miR-374a-3p"	-0.0306036442739962	6.72680355664451	0.00229276602310868	0.961809618256269	0.965842362986904
"hsa-miR-374a-5p"	-0.91100681161225	6.16245365465965	3.94931660949913	0.0468904067028713	0.0685952158403211
"hsa-miR-374b-3p"	-1.34288035465254	3.77432513806241	4.26345335424783	0.0389406829185898	0.0584720599310487
"hsa-miR-374b-5p"	-3.05538840011846	6.3546554939625	25.5560555335544	4.29715312392807e-07	1.13095403646239e-06
"hsa-miR-376a-3p"	9.68665552411357	5.61360362732427	87.3770215104878	8.96864274815776e-21	6.50906041873874e-20
"hsa-miR-376a-5p"	8.86508878691891	4.80453184041632	42.5323316534551	6.95234514351502e-11	2.52285857859371e-10
"hsa-miR-376b-3p"	9.27958195542183	5.21941080073496	93.2758049735793	4.5491943297544e-22	3.51461949024574e-21
"hsa-miR-376c-3p"	10.8071036454137	6.72246614277588	123.3155300699	1.18946299319949e-28	1.72652355679563e-27
"hsa-miR-377-3p"	7.50027491868409	3.55422755036886	44.8235198851757	2.15617130216737e-11	8.39679718486317e-11
"hsa-miR-377-5p"	9.49061659642003	5.42319382586937	90.4461033317233	1.90084912740913e-21	1.42266676879527e-20
"hsa-miR-378a-3p"	-6.18753996881128	13.8087126337412	129.326731606799	5.75251035900918e-30	9.18484153988466e-29
"hsa-miR-378a-5p"	-6.97564695563941	6.26241055894916	77.0549488666184	1.66267055832993e-18	9.83233577086464e-18
"hsa-miR-379-3p"	8.09477426651442	4.08942760386786	60.0822513290575	9.09750189148406e-15	4.27225824119693e-14
"hsa-miR-379-5p"	9.12537722541308	5.06956623308567	85.7894391684699	2.00152250302165e-20	1.38946272311213e-19
"hsa-miR-380-3p"	3.89670583761881	3.49307510176659	24.205171407432	8.6599437761438e-07	2.24222328041777e-06
"hsa-miR-381-3p"	10.0295694135483	8.30708090600687	192.194067243886	1.05542564458426e-43	3.15968052347413e-42
"hsa-miR-382-3p"	7.67023051824819	3.70119517980346	50.3928480732445	1.25852037208617e-12	5.28799349323927e-12
"hsa-miR-382-5p"	10.0154343430185	5.93989509260969	120.167704033964	5.81324998996907e-28	8.18984336822114e-27
"hsa-miR-3909"	-1.42515245759654	6.2207366819756	10.6735561117649	0.00108677985878533	0.00200218289368528
"hsa-miR-3922-3p"	-3.25318285382067	3.1186508164312	12.9623073882503	0.000317825230759494	0.000631694130845634
"hsa-miR-3928-3p"	0.611091053792254	3.26181645631545	0.595588961278309	0.440266003703456	0.499733212734491
"hsa-miR-409-3p"	14.7960904835155	10.7033363740114	299.3010705298	4.67783762973035e-67	3.73447370773473e-65
"hsa-miR-409-5p"	9.72419270852262	8.00229871804605	173.212288942152	1.47098407253367e-39	3.91445205968683e-38
"hsa-miR-410-3p"	8.09954623561006	7.91669796413646	153.921840632636	2.4088503414181e-35	5.49447292161558e-34
"hsa-miR-411-3p"	7.25911624872162	3.32302607484129	30.8822471574722	2.74168328372975e-08	8.41837367247788e-08
"hsa-miR-411-5p"	11.124662431291	9.39947115423116	215.910777096761	7.05317540738619e-49	3.37847102013799e-47
"hsa-miR-412-5p"	8.12695605160814	4.12025363043555	62.1185479633132	3.23391056174792e-15	1.56469005967399e-14
"hsa-miR-421"	-2.02907290498217	7.95882937928631	25.6310595248368	4.13332582808342e-07	1.09992392869553e-06
"hsa-miR-423-3p"	-0.376867909446532	11.8677221177415	1.05946745643939	0.303336677203686	0.367843717419154
"hsa-miR-423-5p"	0.239958431499264	11.4139512155994	0.395470934415396	0.529437573613201	0.582989879909708
"hsa-miR-424-3p"	2.74392963116992	5.77058195351442	17.2968349603037	3.1971893888368e-05	7.1899235551776e-05
"hsa-miR-424-5p"	-1.15082170345678	8.14461088917148	1.60791802629149	0.204784710532674	0.260882649854125
"hsa-miR-425-3p"	-2.86996335890791	6.06859176999088	30.7044857928235	3.00469613165851e-08	9.16719393034665e-08
"hsa-miR-425-5p"	-2.32813600085749	8.7019532890863	32.4978297431867	1.19325709996054e-08	3.86196047892634e-08
"hsa-miR-431-3p"	8.94308343429278	4.88683052467948	68.0355450900455	1.60574658827439e-16	8.18247463599399e-16
"hsa-miR-431-5p"	10.1952106018669	6.11724722642425	116.665857743435	3.39745011257176e-27	4.3983205511402e-26
"hsa-miR-432-5p"	10.6201045677867	6.5367929078546	119.415853897713	8.4922390488279e-28	1.16222357268245e-26
"hsa-miR-4326"	0.563750242320122	5.27603392576355	1.01701477434284	0.313228161106081	0.378879518105587
"hsa-miR-433-3p"	6.99808165222146	3.11073818682258	29.7070760998941	5.02510575171986e-08	1.48721376131617e-07
"hsa-miR-450a-5p"	1.40382918508377	5.34511427005894	4.22776716177373	0.0397677240286018	0.0595273119053133
"hsa-miR-450b-5p"	2.0134483958576	6.36965565311767	7.24884729248643	0.00709465409239632	0.0117184114146822
"hsa-miR-451a"	-2.46051298418604	2.58145989541712	4.02743753657394	0.0447658861753347	0.0663865618513478
"hsa-miR-452-3p"	7.35060440520647	3.41298066542977	38.5468254854566	5.34556459517553e-10	1.8689966723278e-09
"hsa-miR-452-5p"	10.270383576895	6.19300895239648	84.9779009772951	3.01718497074279e-20	2.06461657283686e-19
"hsa-miR-4521"	2.28303291941037	5.15068399611576	11.7713996168421	0.000601477360847971	0.00114328434859594
"hsa-miR-454-3p"	-0.177113142870217	6.25271239201833	0.12207486833752	0.726794932439448	0.765131368436254
"hsa-miR-454-5p"	0.430783057216308	3.97232028026965	0.437621690122112	0.508272603564378	0.566157652500406
"hsa-miR-455-3p"	9.09407706826931	5.03637513171544	83.2333588070302	7.29167814383493e-20	4.85099143180129e-19
"hsa-miR-455-5p"	9.71274709240672	5.64260485017564	115.735811552281	5.43024417527267e-27	6.1930641903705e-26
"hsa-miR-4636"	5.64543425930265	2.16370209616912	15.0632591398994	0.000103967336121243	0.000217468794768889
"hsa-miR-4662a-5p"	-2.59520779274482	3.05754656508604	9.1721419254463	0.00245726808640701	0.00432732137275353
"hsa-miR-4677-3p"	-0.264128350816476	5.88725301716874	0.375455894628449	0.540045254404361	0.593306598302039
"hsa-miR-4707-3p"	-3.13388553799598	2.38547279935317	6.33441282219373	0.0118417313395269	0.0190982805105501
"hsa-miR-4775"	1.95673442968419	4.78652185734295	12.8923797205825	0.000329922669138483	0.000653028754203856
"hsa-miR-4787-3p"	-6.77183610730194	3.13313883281731	17.35922890673	3.09392195233321e-05	7.02364272591284e-05
"hsa-miR-4802-3p"	-2.04525040162498	2.33638069834049	2.30422141670144	0.129022916972722	0.172631221312664
"hsa-miR-484"	-0.201151836320343	10.171992453859	0.309638782823409	0.577901927237606	0.630558139286591
"hsa-miR-485-3p"	9.48043557505262	5.41018352722687	76.8308192931942	1.8624833383225e-18	1.08796282811766e-17
"hsa-miR-485-5p"	10.7537965901431	6.66983593643151	116.129191356066	4.45321224375587e-27	5.46945811476683e-26
"hsa-miR-486-3p"	2.80830772031061	3.46652342944986	8.2223304678614	0.00413780281933509	0.00707859839450539
"hsa-miR-486-5p"	1.96058254221418	8.03269230878197	8.91207590504429	0.00283291050292152	0.00497056458204912
"hsa-miR-487a-3p"	6.56344660859498	2.77577072502628	28.6632385108111	8.61232038916547e-08	2.50018270691531e-07
"hsa-miR-487b-3p"	11.2684844255778	7.18204715313515	159.755381408695	1.27966060439929e-36	3.0647871475363e-35
"hsa-miR-490-3p"	7.13840336049157	3.26281779292104	16.6882923733226	4.40520237199382e-05	9.59132698265926e-05
"hsa-miR-493-3p"	10.4618457215715	6.38232823184202	115.109264976654	7.44785763182468e-27	8.29656698986981e-26
"hsa-miR-493-5p"	9.31690290693691	5.25487389694169	95.6196367357017	1.39218632510368e-22	1.11142874954111e-21
"hsa-miR-494-3p"	9.57075764310863	5.50250037792712	90.4585369481757	1.888941461656e-21	1.42266676879527e-20
"hsa-miR-495-3p"	10.3265901419372	6.24637955450296	114.35261064479	1.09079948389688e-26	1.13585424518828e-25
"hsa-miR-496"	8.81617474894906	4.76695433008862	72.2535087430208	1.89253899322788e-17	1.03014338381381e-16
"hsa-miR-497-5p"	3.43500513365087	3.40470861552362	16.8737173775618	3.99509630260118e-05	8.7381330088857e-05
"hsa-miR-500a-3p"	-0.655214281051835	10.6880778474672	3.57928790494167	0.0585042249719589	0.0829098336141075
"hsa-miR-500a-5p"	-1.03963542253046	3.23085975699562	2.19462018250156	0.138493343262563	0.183762635520132
"hsa-miR-500b-3p"	-0.658046995352405	3.15862115888195	0.944631716167769	0.331089522506463	0.39647970320149
"hsa-miR-500b-5p"	-1.02146449758457	3.23506809520841	2.13015059774164	0.144426565654345	0.190055837770416
"hsa-miR-501-3p"	-1.19770736427234	10.0005570969188	11.4700335538164	0.000707274036043569	0.00132856573829361
"hsa-miR-501-5p"	-1.15291506898898	4.34389076942487	5.09305419842839	0.024021849574488	0.0369982827851439
"hsa-miR-5010-3p"	-4.54775275061352	4.13588111764219	31.7258782034426	1.77540690963217e-08	5.63191993187954e-08
"hsa-miR-502-3p"	0.401358371024971	6.17412446382481	0.850930766301031	0.356289161808224	0.421388909891702
"hsa-miR-502-5p"	-0.0839402419794074	3.26726596116027	0.0129028523218233	0.909562241827715	0.915294776965285
"hsa-miR-503-5p"	2.88967037402084	4.25002613668273	17.0985348035152	3.54896738847342e-05	7.87016379203134e-05
"hsa-miR-504-5p"	3.51827742176151	2.61584129482544	10.8965649802463	0.000963427560217845	0.00178178301677354
"hsa-miR-505-3p"	-1.12478700597411	6.32655782773535	4.59336736962657	0.0320958976599074	0.0489615763665467
"hsa-miR-511-3p"	-8.67111644424312	7.05762472182683	78.1020684875338	9.78514304937181e-19	5.85885440081137e-18
"hsa-miR-511-5p"	-11.1085425566688	7.04713656500373	109.517221712891	1.25013661787116e-25	1.19763087992057e-24
"hsa-miR-532-3p"	-0.78294165120885	6.99255137747257	3.87633500200894	0.0489713490062622	0.0708679038489414
"hsa-miR-532-5p"	-0.0737258534050719	10.4157926808533	0.0347770181304554	0.852063677830699	0.864700215425645
"hsa-miR-539-3p"	9.51385126436888	5.44724942087469	99.6603129022481	1.80910374016575e-23	1.54742980632035e-22
"hsa-miR-539-5p"	7.44618206149022	3.50478177693211	40.2872156832738	2.192389396912e-10	7.83697403821527e-10
"hsa-miR-541-5p"	6.63074098980408	2.82293092069189	26.8911593639302	2.15241202015539e-07	5.82488902629621e-07
"hsa-miR-542-3p"	3.3018223151406	5.00497558999601	25.7604181786436	3.86534844799241e-07	1.0401696104429e-06
"hsa-miR-542-5p"	3.26372678610325	3.69068965323318	11.9547978345024	0.00054506841413036	0.00104039464277491
"hsa-miR-543"	9.58481972366557	5.51653394905993	104.810536416135	1.34390832882205e-24	1.17042198091957e-23
"hsa-miR-548au-5p"	-5.77022964384858	2.41737369314965	15.2841415627694	9.24897393727449e-05	0.000194309584033091
"hsa-miR-548e-3p"	-0.736451436073213	6.40280899236191	2.7764609515645	0.0956593362092779	0.130916634412126
"hsa-miR-548e-5p"	-1.73664678270357	3.90354709678583	5.63403296358369	0.0176150595318446	0.0275739003782796
"hsa-miR-548k"	-1.07570667668558	6.79884651552471	6.45894766638176	0.0110395004153827	0.0178645969559741
"hsa-miR-548o-3p"	-1.97186982409478	4.15723501444172	9.36983376025086	0.0022058552440765	0.00391335059967646
"hsa-miR-549a"	7.14353893163847	3.2316227129249	30.5480325187296	3.25702002806817e-08	9.87413033825731e-08
"hsa-miR-549a-5p"	7.27978620016247	5.58374443853575	95.6880994782661	1.3448645313405e-22	1.09184764493576e-21
"hsa-miR-550a-3p"	-0.162918696755219	3.91328338014497	0.0556968659506514	0.813431246550897	0.837921649672859
"hsa-miR-550a-5p"	2.1996090271805	3.35901522079106	3.96051345590288	0.0465794934153433	0.0684404213065934
"hsa-miR-561-5p"	8.46544339218149	4.43419484923435	55.227028492798	1.07381948089673e-13	4.85244840895786e-13
"hsa-miR-5690"	-5.74306677138916	2.40255718571808	14.6416966942541	0.000130006120903764	0.000264991199629374
"hsa-miR-574-3p"	1.78439974850995	9.37961425177488	18.1257855059203	2.06782201237401e-05	4.83164265330318e-05
"hsa-miR-574-5p"	3.33033368027578	4.18222674723225	19.8989162957177	8.16465937977195e-06	1.96526223261847e-05
"hsa-miR-576-5p"	-0.86244977806567	4.76046735660179	3.07403764196192	0.0795516629386712	0.110449989993112
"hsa-miR-582-3p"	-0.196486285450527	3.8469734738397	0.0988404012913855	0.753225660421717	0.787762208170311
"hsa-miR-582-5p"	-2.81087144097673	3.46441021390236	10.369055704545	0.00128145075408654	0.00233389700078879
"hsa-miR-584-5p"	5.67899797684939	5.97260680232713	71.5836316283715	2.65752107408337e-17	1.41439177165104e-16
"hsa-miR-585-3p"	6.46575947598212	2.71355589059979	24.2065437677744	8.65377523014286e-07	2.24222328041777e-06
"hsa-miR-589-3p"	-1.79471493965899	4.53366987133	10.1616284991803	0.0014339390252602	0.00260173027689256
"hsa-miR-589-5p"	0.221902532038245	7.9433107927534	0.154215418421257	0.69453906887384	0.737815497030835
"hsa-miR-590-3p"	-0.321517537907016	5.3844480367335	0.435250703026446	0.509423691498278	0.566157652500406
"hsa-miR-598-3p"	-1.09565089815066	3.29099854882694	1.12281377856165	0.289313380424999	0.353523237815241
"hsa-miR-605-3p"	7.36348588037066	3.45061341761021	31.7125826108342	1.78760281171463e-08	5.63330096586386e-08
"hsa-miR-605-5p"	5.78340916332242	2.242290368162	17.050852339925	3.63920369054885e-05	8.03308095747879e-05
"hsa-miR-615-3p"	7.66046460427809	3.64519679755881	17.2797376570725	3.22608683896642e-05	7.22100745731268e-05
"hsa-miR-616-5p"	-0.468443901415348	4.68406680842028	0.607095902441957	0.435883354153518	0.495933792492957
"hsa-miR-618"	-4.49564886671943	3.29539238951728	17.9313820043852	2.29013642618992e-05	5.24868587629172e-05
"hsa-miR-625-3p"	2.63071474596604	6.14875393362946	27.4660772868604	1.5987426920743e-07	4.45231249711389e-07
"hsa-miR-625-5p"	2.6567859736193	5.97571259508474	27.1333415429226	1.89894454264291e-07	5.19768249100545e-07
"hsa-miR-628-3p"	-1.62320500589164	3.62410131644091	4.52818947579377	0.0333408733407244	0.0502334368284629
"hsa-miR-628-5p"	-1.55020559221869	4.23133356966984	6.32218082511483	0.0119236896053044	0.019165930607184
"hsa-miR-629-3p"	-0.312789603550174	3.00258900221376	0.0914796533764637	0.76230444352168	0.795520323413692
"hsa-miR-629-5p"	0.328318022409106	6.00749647969811	0.48748389757673	0.485051832031861	0.545398656204839
"hsa-miR-641"	1.35063154693358	4.18786794497353	3.89065995059439	0.0485553402681435	0.070478812086184
"hsa-miR-6503-3p"	-7.98684234535407	4.12056943611965	40.171842574477	2.32576434151776e-10	8.25215644138524e-10
"hsa-miR-6503-5p"	-5.71755987187794	2.37900719300289	12.644192190402	0.000376734221770608	0.000736553845829067
"hsa-miR-6511b-3p"	-0.519560966275459	2.84126252958715	0.446315901727527	0.504089686009927	0.564156447660643
"hsa-miR-652-3p"	-3.72843336037657	7.5659958746151	60.1431436872259	8.82036095098398e-15	4.18312167873399e-14
"hsa-miR-652-5p"	-2.69991024643402	3.650691712698	14.8364839119968	0.000117245268726372	0.00024207105051695
"hsa-miR-653-5p"	-5.57954670387407	2.30208342218022	12.6322302336906	0.000379152562856879	0.000738268608164411
"hsa-miR-654-3p"	14.3650116349534	10.2724617741875	289.513555813381	6.34670630103784e-65	4.34296045456732e-63
"hsa-miR-654-5p"	9.14268043511325	5.08339915938354	84.250930812904	4.35798217505223e-20	2.94010346739439e-19
"hsa-miR-656-3p"	8.49670594443939	4.46659787184882	66.0613416275874	4.37105397521429e-16	2.20393142539752e-15
"hsa-miR-659-5p"	1.14888657438957	2.48339910964814	0.921614470821639	0.337051421732729	0.402612546159545
"hsa-miR-660-3p"	-0.584840586222111	3.47937066831658	0.548834336650469	0.458794375045321	0.519533110275907
"hsa-miR-660-5p"	-0.245287483578628	9.77937078447957	0.48045661444031	0.488215561825495	0.547670384342886
"hsa-miR-664a-3p"	-2.63108816798598	5.36360625215952	9.67724010335386	0.00186564663670655	0.0033595666879039
"hsa-miR-665"	9.45413722212385	5.38965919905838	105.981775909672	7.44164342675033e-25	6.60101333595076e-24
"hsa-miR-668-3p"	6.98143220120058	3.08905839085366	28.7616225537544	8.18571957644164e-08	2.39082907141192e-07
"hsa-miR-671-3p"	1.87890963453933	7.47550028013701	18.0560069104541	2.14500804422181e-05	4.98766433583616e-05
"hsa-miR-671-5p"	1.06700316295965	4.89305096252428	5.8042242960314	0.0159877190160886	0.0252743148802192
"hsa-miR-6769b-3p"	-3.34265584593949	2.51023567001692	6.89857181250716	0.00862646358227094	0.0140546804622714
"hsa-miR-6810-3p"	-6.16829555885859	2.6819973047275	17.1650833166892	3.42677495366732e-05	7.63453582700767e-05
"hsa-miR-6842-3p"	-3.01251131430823	3.92684922666067	14.0563031488514	0.000177418200461315	0.000360098805173601
"hsa-miR-6852-5p"	0.137076805568757	3.12642146128491	0.0269806405696063	0.869528163486899	0.876850505916263
"hsa-miR-7-1-3p"	-0.155981920424758	4.07297380087461	0.0715563543615874	0.789084063998413	0.818683705121959
"hsa-miR-7-5p"	2.65007178726437	5.77404040890291	14.8514056370785	0.000116321349639298	0.000241203144923047
"hsa-miR-708-3p"	6.15185086712974	5.99514591703618	79.1513717405239	5.75288033913124e-19	3.53285856723572e-18
"hsa-miR-708-5p"	4.32619522764289	6.21170091254751	46.8425798675598	7.69237960457119e-12	3.09634439545345e-11
"hsa-miR-744-3p"	-0.86711333277568	3.21393595389477	0.898128657274057	0.343283982938446	0.408022401557111
"hsa-miR-744-5p"	-0.428594935490024	8.34349087544585	1.24394026688729	0.26471301742279	0.328491024211182
"hsa-miR-758-3p"	9.63500243986719	5.56629756273152	112.582092190184	2.66403086570221e-26	2.71504422270501e-25
"hsa-miR-758-5p"	6.68582478872701	2.87114932543086	29.1689835269848	6.63326199116289e-08	1.94928373850738e-07
"hsa-miR-766-3p"	-2.65069999692533	4.64871322549067	13.5976768758349	0.000226465605397194	0.000455785819265781
"hsa-miR-769-5p"	1.33755599209253	9.07710938380225	11.5879537630797	0.000663804132281489	0.00125181960379068
"hsa-miR-7705"	-2.3458518716164	3.13919251923485	7.70169811224532	0.00551688989666224	0.00930489528345497
"hsa-miR-7706"	0.105872821740357	5.95956678613389	0.0593676300310682	0.807498232880127	0.833602701615476
"hsa-miR-7974"	3.91336772896101	5.06844027273805	23.7819002056642	1.07892272725824e-06	2.76365768105186e-06
"hsa-miR-7976"	-0.780444711288101	3.82842607684525	1.57583439220003	0.209361737467583	0.265302307531673
"hsa-miR-7977"	-0.842096794552065	2.15760513791316	0.231051368974063	0.630745347742582	0.680466264794362
"hsa-miR-874-3p"	-0.81346348204551	4.3216953693536	2.04345162615776	0.152862445892161	0.199512565619469
"hsa-miR-877-5p"	-0.751562275467952	5.64580323800076	2.27686196224876	0.13131733142775	0.175211704049839
"hsa-miR-887-3p"	8.49946732784833	4.47194410357653	68.3824541016497	1.34670509182304e-16	6.93625525788426e-16
"hsa-miR-889-3p"	9.74212965034976	5.67118227166151	114.783646196107	8.77694654386084e-27	9.34257198779854e-26
"hsa-miR-9-5p"	-4.60479024369475	4.61795056272119	27.2136220696029	1.8217062876747e-07	5.04391509708774e-07
"hsa-miR-92a-1-5p"	1.5707822736342	2.78478417505149	3.98151429579526	0.0460021892377974	0.0678001496766306
"hsa-miR-92a-3p"	0.0615088395923845	14.4008006927421	0.0298424797359225	0.862848128549414	0.871949902057319
"hsa-miR-92b-3p"	4.46077433731965	11.5335448143192	109.074980356263	1.56261581520907e-25	1.46763328526499e-24
"hsa-miR-92b-5p"	6.70779443783104	2.88446890737253	30.8893476693038	2.73167049937971e-08	8.41837367247788e-08
"hsa-miR-93-3p"	-0.758944663573038	4.99181900313959	2.79005705063459	0.0948508505455922	0.130182112926472
"hsa-miR-93-5p"	-0.936927625443466	8.90208263054272	4.77163962031441	0.0289322588836273	0.0442765239784584
"hsa-miR-935"	9.67876488890573	5.60870075971503	109.938573015903	1.01074805283418e-25	1.0086423277241e-24
"hsa-miR-939-3p"	5.48499982661342	2.08148298217365	11.9544318826607	0.000545175480869523	0.00104039464277491
"hsa-miR-940"	0.803547222593544	4.80127345136432	2.3049966662864	0.12895855735004	0.172631221312664
"hsa-miR-941"	-2.55295747970489	9.60505411033531	20.8313985506956	5.0153958221156e-06	1.21947949177328e-05
"hsa-miR-941-3-5p"	-2.5424094887881	7.30000806853881	17.9766205339557	2.23634829489058e-05	5.15005208294514e-05
"hsa-miR-942-5p"	-0.325673616646499	3.60691074370654	0.294753922019166	0.587190087518316	0.639236481639257
"hsa-miR-98-3p"	-0.678193781240743	4.48415030015619	1.0606902558103	0.303057806414915	0.367843717419154
"hsa-miR-98-5p"	0.17544502129836	11.6697749897104	0.201988310016191	0.653120703557169	0.699876548107123
"hsa-miR-99a-3p"	3.49259010333387	3.44332608019719	17.7859540156784	2.47201449466878e-05	5.63854734736355e-05
"hsa-miR-99a-5p"	2.85120179731916	7.30577667602591	28.3982614275929	9.87539547618187e-08	2.83252361262941e-07
"hsa-miR-99b-3p"	-0.0876007640351467	6.01047798360106	0.0384309114579513	0.844580395339832	0.859290370562675
"hsa-miR-99b-5p"	-0.666639444217134	14.7819323889983	3.47061955312108	0.0624679095802463	0.0880062608498176
