"logFC"	"logCPM"	"LR"	"PValue"	"FDR2"
"hsa-let-7a-2-3p"	8.36674913761732	4.37218560669905	33.8477875659107	5.95968269914773e-09	5.03153539354275e-08
"hsa-let-7a-3p"	2.36816926757631	7.07263505710832	7.24111021009661	0.0071252907895663	0.0175575347207017
"hsa-let-7a-5p"	1.37083487121813	15.3394952398439	2.7200773026043	0.0990932162337363	0.15371387457944
"hsa-let-7b-3p"	3.0003851170594	6.81283252629739	11.6232181484764	0.000651336080438621	0.00216411665436058
"hsa-let-7b-5p"	2.18922068622344	12.3337846035623	5.5994709283911	0.0179659022003157	0.037459269769889
"hsa-let-7c-3p"	4.97481434763227	3.44174139500973	4.48524908546036	0.0341885640397453	0.0628825374302459
"hsa-let-7c-5p"	5.07642241531435	9.61416849213054	12.16115592619	0.00048795126996096	0.0016752993601993
"hsa-let-7d-3p"	-1.72447324971528	7.88711536449012	4.35774515270626	0.036841038254497	0.0672806195073261
"hsa-let-7d-5p"	-1.5288787550847	10.548000052177	3.03898483780523	0.0812867362581467	0.131230937846224
"hsa-let-7e-3p"	0.554530828356446	4.27063183169096	0.413139841072886	0.520380132845567	0.606878739486947
"hsa-let-7e-5p"	0.324909784875209	11.4972761383579	0.136518924893039	0.711766494083339	0.760497395130538
"hsa-let-7f-1-3p"	1.06761637588203	5.2801128865596	1.65799974084543	0.197873611365223	0.287056084093211
"hsa-let-7f-2-3p"	2.34310821732918	5.83526201284874	4.16860704155352	0.0411796422524377	0.0744123360000191
"hsa-let-7f-5p"	-0.243784876245769	14.8367242070178	0.103455268168716	0.747721928985202	0.789091789810203
"hsa-let-7g-3p"	0.512437393322344	4.01656004453356	0.327940548311371	0.566874291615064	0.650201024903692
"hsa-let-7g-5p"	-0.800327610882744	12.6738968184671	1.03171060386933	0.309757234409724	0.405915968755745
"hsa-let-7i-3p"	0.628742547420203	6.24661557632189	0.475716900862428	0.490368816738723	0.584583195880653
"hsa-let-7i-5p"	0.718179311846691	14.0502203571123	0.891307157108088	0.345123326430658	0.444346282779472
"hsa-miR-1-3p"	5.09501752593913	5.71664214514464	4.31357397097682	0.0378094483146615	0.068805179795232
"hsa-miR-100-3p"	12.1629197198712	8.06300649561804	45.0141092833385	1.95619898341067e-11	4.79734512598332e-10
"hsa-miR-100-5p"	10.9941635979337	16.8757517134625	51.553857357015	6.96596905567805e-13	3.26134005788563e-11
"hsa-miR-101-3p"	0.311906299725628	11.3181296055133	0.111206805970312	0.738774365367355	0.78447174879214
"hsa-miR-101-5p"	0.659645585807326	3.97162178301899	0.284586325594758	0.593710812216161	0.666146118281749
"hsa-miR-103a-3p"	-0.529334105075416	12.6455173978769	0.463499693221365	0.495992912819596	0.587937972983043
"hsa-miR-106a-5p"	6.72975243316182	7.124827836166	4.72719230810154	0.0296893127509092	0.0555999856971572
"hsa-miR-106b-3p"	-0.347844565650863	6.41372436916748	0.182518384151398	0.6692178545529	0.730184735370219
"hsa-miR-106b-5p"	-0.0574662410029943	7.22720358135761	0.00386066011528641	0.950455953575533	0.961659756564636
"hsa-miR-107"	3.60050978965792	7.82353560343733	5.94010670946971	0.0148001225990791	0.0320254753719569
"hsa-miR-10a-3p"	8.07114482796879	4.0947504950561	10.3880337383106	0.00126834618672269	0.00395877749189202
"hsa-miR-10a-5p"	4.35622139387294	13.3341951188773	7.16962745345839	0.00741481717987289	0.0180977765290736
"hsa-miR-10b-5p"	10.0020879934594	12.9583846286311	12.3342312098067	0.000444727221900842	0.00154753053566847
"hsa-miR-1180-3p"	4.17848647702372	4.48081511746267	20.0490056597837	7.54827696276452e-06	3.38031533549889e-05
"hsa-miR-1185-1-3p"	8.95453588661506	4.92212605006418	43.8841647234251	3.48396239549341e-11	8.15563924399593e-10
"hsa-miR-1185-5p"	8.52642562452547	4.51979638574314	40.1042803860562	2.40760855640514e-10	3.44421779596847e-09
"hsa-miR-1197"	7.74482441939582	3.8080881068024	31.4452797293214	2.05140709558323e-08	1.53112268728313e-07
"hsa-miR-122-3p"	7.54980852231011	3.62916307842341	6.35903926889669	0.0116784762591434	0.0263790143572757
"hsa-miR-122-5p"	6.11680074999291	6.80451652736914	3.43071524438629	0.0639943807143428	0.107003591129502
"hsa-miR-1226-3p"	-2.14493581875851	4.06327391133663	5.27513118590086	0.0216321578023444	0.0431804700318114
"hsa-miR-1228-3p"	-3.40144359258607	3.85428947189176	12.2093172231899	0.000475514340183738	0.00164355627647399
"hsa-miR-1228-5p"	-5.43792855910769	2.14559442451963	6.80543743208511	0.00908806865603533	0.0213714856523205
"hsa-miR-1237-3p"	-1.42292736830533	2.23176097743909	1.39543065216372	0.237490129077725	0.327025177740717
"hsa-miR-124-3p"	11.0708170835692	6.9791163968098	9.25759025095923	0.00234521399264654	0.00674714879553203
"hsa-miR-124-5p"	6.90340870229411	3.0844517114582	5.88350740575366	0.0152833472442601	0.0329327356936985
"hsa-miR-1249-3p"	-4.34498653514031	6.64864862484474	20.0698164844591	7.46658173895765e-06	3.37306104873964e-05
"hsa-miR-125a-3p"	1.5664571576391	4.47290306253599	4.60330833225012	0.0319103214092837	0.0591144443373421
"hsa-miR-125a-5p"	-0.354007990298307	13.0157342482061	0.176966664434758	0.673993105795639	0.733840273752123
"hsa-miR-125b-1-3p"	14.0052662037757	9.89931076171422	64.6314885961914	9.03006780737884e-16	1.16262123020003e-13
"hsa-miR-125b-2-3p"	6.9943095917946	8.51046623819377	15.4961489869437	8.26735143809911e-05	0.000327514306970849
"hsa-miR-125b-5p"	9.88080694656674	13.9061349927158	59.1428676865242	1.46629858753145e-14	1.07877681796957e-12
"hsa-miR-126-3p"	5.18403181927767	8.24869859714231	10.8036631202189	0.00101299451398261	0.00324032406646613
"hsa-miR-126-5p"	5.7266966576092	9.79554883982093	13.2399416062294	0.000274046446694177	0.000993900845404936
"hsa-miR-1260a"	-0.591042248020588	4.53918691154412	0.519099743844241	0.471225958451044	0.567012543463289
"hsa-miR-1260b"	-0.478268846877364	3.89639952763436	0.298818028696444	0.58462436110463	0.659120428159062
"hsa-miR-127-3p"	10.6940669025169	13.1565548187921	71.2879978856709	3.08707985236578e-17	7.94923061984187e-15
"hsa-miR-127-5p"	9.96012371893872	5.89021569015197	42.3374734303939	7.68067033291655e-11	1.41269472194715e-09
"hsa-miR-1271-5p"	0.696309605756475	6.50937322670003	0.281336646446853	0.595826466760849	0.667066587786603
"hsa-miR-1273h-3p"	-6.05308802335408	2.53375052083796	11.0590336690266	0.000882561293250032	0.0028586104781369
"hsa-miR-1277-5p"	5.97441675723967	2.40886159332689	13.3812179079171	0.000254156637758055	0.000928302613087933
"hsa-miR-128-1-5p"	1.18467599853895	4.72685333953217	1.3475371863688	0.245709131054803	0.334762440458263
"hsa-miR-128-2-5p"	5.91219467051642	2.34959048219191	5.42668075216111	0.0198313380153346	0.0402092089680997
"hsa-miR-128-3p"	2.54975913219402	10.9612843021408	3.74356086101633	0.0530113592205215	0.0916135905992234
"hsa-miR-1285-3p"	0.0815715134615528	4.77096710884164	0.0101831026333992	0.919620824946082	0.941082543205089
"hsa-miR-129-2-3p"	5.44477001717813	3.93277256689979	6.40761009132276	0.0113632259542764	0.0257800060196139
"hsa-miR-129-5p"	7.51849183661823	3.60627348875796	13.6802925476497	0.00021671684298697	0.000814665504659048
"hsa-miR-1296-5p"	1.67057088897256	5.62187214543115	4.64532998986085	0.0311381499198997	0.0578922281904272
"hsa-miR-1301-3p"	-3.67774555367433	7.3172373796699	14.9377207407238	0.000111118894305946	0.000430272410282423
"hsa-miR-1303"	-4.01613266693403	3.70889473504694	5.15929902674725	0.0231222276755214	0.0457997971265136
"hsa-miR-1304-3p"	0.506548041950105	5.33846931872259	0.498952490237227	0.479960750810904	0.573502985307693
"hsa-miR-1306-5p"	-0.0226837908706936	3.39364688343831	0.000651239467047482	0.979640679397331	0.979640679397331
"hsa-miR-1307-3p"	-1.18933858156837	8.23645738129527	1.74668645678583	0.186293833723832	0.271788454299642
"hsa-miR-1307-5p"	0.478369500934251	9.25444829021495	0.289778377179044	0.590362586381045	0.663835659358598
"hsa-miR-130a-3p"	6.09528284223051	10.7489915965489	27.1052146913875	1.92677494991634e-07	1.12760124909877e-06
"hsa-miR-130b-3p"	1.72427165219973	9.14492340904874	2.58739597024236	0.107717300466464	0.165102409941158
"hsa-miR-130b-5p"	1.83680057082453	7.38990579949496	3.21563676691125	0.0729378068795517	0.120319325823061
"hsa-miR-132-3p"	-0.702375165340074	7.39149352846982	0.668372706717719	0.413619531420117	0.510825080770648
"hsa-miR-132-5p"	1.26003400070096	5.73052989759982	1.18496261962979	0.276348015596297	0.36966033255089
"hsa-miR-133a-3p"	5.98814032518113	9.99925082350385	4.85555890003115	0.027557184251168	0.0523488387228731
"hsa-miR-133a-5p"	4.70799691813604	3.21891743631561	2.85997359034658	0.0908089894001068	0.142147810155182
"hsa-miR-134-5p"	10.5105535215534	6.42904686032353	38.6852787010659	4.97950534118659e-10	6.10582202550261e-09
"hsa-miR-1343-3p"	-0.506150857012728	3.14995223812599	0.268581254196594	0.604285070493309	0.673607816675442
"hsa-miR-135a-5p"	9.30283316375804	5.25100204645228	8.97575455962152	0.00273585576848053	0.00765742239547539
"hsa-miR-136-3p"	13.5161648824813	9.41118078506171	56.4243993881489	5.84011617007945e-14	3.75957478448864e-12
"hsa-miR-136-5p"	10.4877406976387	6.40585776070291	40.7041147105111	1.77113839613398e-10	2.68275374708529e-09
"hsa-miR-137"	6.55697435850492	6.60125362267401	22.9216998392207	1.68736184840628e-06	8.68991351929234e-06
"hsa-miR-138-2-3p"	5.75873547908557	2.24951616944829	5.3507069327073	0.0207138706458216	0.0416704819632739
"hsa-miR-138-5p"	9.16566974668947	9.73999959341474	20.7088131490125	5.34693379948374e-06	2.48078460066138e-05
"hsa-miR-139-5p"	0.966244315713478	4.93436880856454	0.437133333828972	0.508509328132259	0.59790480362583
"hsa-miR-140-3p"	1.39611698255717	12.3447240908083	1.36877401712786	0.242022636228136	0.331493770365664
"hsa-miR-140-5p"	2.04408004956725	7.45625123645748	3.12156891915015	0.0772623602879301	0.125918087178114
"hsa-miR-141-3p"	-5.88441943514277	4.19075485581458	27.5562289836072	1.52593149687022e-07	9.13784559172283e-07
"hsa-miR-142-3p"	-5.37469202672655	8.77344937824102	7.60391769027203	0.00582416135180529	0.0147755817545799
"hsa-miR-142-5p"	-6.46115542203432	12.3193432521351	7.67172311011649	0.00560928657325004	0.0143009038872464
"hsa-miR-143-3p"	9.3100044982583	14.9556006227729	73.8055896001372	8.62021560334886e-18	4.43941103572466e-15
"hsa-miR-143-5p"	9.82649606978567	5.75968561542296	43.6933992950709	3.8406495768105e-11	8.24139388357253e-10
"hsa-miR-144-3p"	9.50792338800846	5.44861755071417	9.00477197663086	0.00269275584036171	0.00757797408626383
"hsa-miR-144-5p"	4.12376169837469	3.97355047027606	3.66894205205239	0.0554353610464135	0.0948478768734318
"hsa-miR-145-3p"	9.3787304769409	7.61434854585075	26.192050005106	3.09092416495874e-07	1.76869549439305e-06
"hsa-miR-145-5p"	10.1518413988195	10.2460732292401	38.9404692579384	4.36928230791171e-10	5.62545097143632e-09
"hsa-miR-1468-5p"	2.14886629625987	3.34523268095935	3.73741349783484	0.0532067475772711	0.0916437291046643
"hsa-miR-146a-3p"	-0.0332502934743318	5.32745944923514	0.00100573099402013	0.974700718568151	0.976597023468089
"hsa-miR-146a-5p"	-1.83961877868964	13.406325723527	2.87876878963243	0.089754624618049	0.140925706336266
"hsa-miR-146b-3p"	-9.17320765703245	9.16615304007119	41.9118202346798	9.54836809419054e-11	1.63913652283604e-09
"hsa-miR-146b-5p"	-9.54136276627052	15.1772368786068	39.3074690477124	3.62053729259543e-10	4.90616801349245e-09
"hsa-miR-147b"	-3.63986905393849	6.04506105378125	12.0304300722369	0.000523389985948596	0.00178507180638097
"hsa-miR-148a-3p"	2.84881193085728	12.7559178991015	4.87745456581739	0.0272097165974032	0.0520929518500471
"hsa-miR-148a-5p"	2.9938305032968	6.97515407975867	5.10495336817778	0.0238576203578526	0.0470753811658778
"hsa-miR-148b-3p"	0.360302398494512	11.100573380766	0.191654175910031	0.661543412653963	0.72488267556764
"hsa-miR-148b-5p"	-0.457593597013684	7.24100895924656	0.301290490506575	0.583074527980678	0.659120428159062
"hsa-miR-149-5p"	5.55641347684815	6.64838703127135	25.4392216637666	4.56541184704232e-07	2.55563815350738e-06
"hsa-miR-150-5p"	-2.10337425961596	6.57106034143248	1.53937060086748	0.214711514270768	0.30316532054827
"hsa-miR-151a-3p"	3.00192293367101	11.5752005148649	11.7370758357393	0.000612672100939079	0.00204887098690666
"hsa-miR-151a-5p"	2.33682645935594	11.8774625541575	7.84165436509429	0.00510558603873512	0.0132129487937115
"hsa-miR-151b"	1.68717500082632	3.13555190600003	3.66221053117148	0.0556597403088222	0.094916444566369
"hsa-miR-152-3p"	3.03422323096409	8.26154578738982	9.78422987209041	0.00176014934665818	0.0053010345820407
"hsa-miR-152-5p"	3.63687140902536	5.7267080243196	13.4922406557057	0.000239551974442048	0.000887548682285286
"hsa-miR-153-3p"	7.20034271006157	6.9042842045651	6.61004032256905	0.0101405365530794	0.0233141800215889
"hsa-miR-153-5p"	6.09653636157642	2.47507269817381	5.51506389658769	0.0188533845435136	0.0386832392028268
"hsa-miR-154-5p"	7.3783625596101	3.49314028670348	21.7731756009328	3.06860546386475e-06	1.51954982104841e-05
"hsa-miR-155-5p"	-0.398317534153372	10.7773071180884	0.154090409493044	0.69465666725901	0.749996192114026
"hsa-miR-15a-5p"	-0.0802276786940968	10.3772944388611	0.00583535295119475	0.939109237350914	0.952049718967954
"hsa-miR-15b-3p"	0.422615548049964	4.83865408588037	0.353830037421621	0.55195300519481	0.637405633632791
"hsa-miR-15b-5p"	1.10078855587835	8.60762406278166	1.19151441322196	0.275024293927635	0.368950711480073
"hsa-miR-16-2-3p"	-0.241506339052383	5.61955757399807	0.0944636568015453	0.75857743442667	0.798910794948333
"hsa-miR-16-5p"	-0.756001231719324	12.4687560258796	0.744568349583233	0.388201391227918	0.485096094298488
"hsa-miR-17-3p"	0.668766250403004	6.16041727980284	0.46797378603515	0.493920801469602	0.58745776618209
"hsa-miR-17-5p"	1.69490995185281	8.53570540973885	2.68342142133956	0.101397663948729	0.156816207007793
"hsa-miR-181a-2-3p"	4.14596871740471	8.43019590214626	13.6985876013375	0.000214615831006261	0.00081269965417812
"hsa-miR-181a-3p"	1.96741191298142	10.0902156296707	3.96833086070715	0.046363709109555	0.0820526123416524
"hsa-miR-181a-5p"	1.60381025631292	15.0460712589172	2.6645276841989	0.102608280490119	0.158213366623985
"hsa-miR-181b-2-3p"	6.413136999231	2.73480645961169	13.2249572888209	0.000276246018813674	0.000994872025797498
"hsa-miR-181b-3p"	2.25457772089307	4.82237292234779	5.52759759525719	0.0187187902232375	0.0385607078598693
"hsa-miR-181b-5p"	2.58650060946227	12.160953317988	5.80348519249804	0.0159944405135033	0.0341789911388142
"hsa-miR-181c-3p"	-0.819604341653408	7.02782353948138	0.741105373401748	0.389307017544438	0.485096094298488
"hsa-miR-181c-5p"	-1.21472578249859	9.35236178069388	1.61777992500124	0.203401623403146	0.29097732236839
"hsa-miR-181d-5p"	-0.295237617408696	6.24903962796332	0.0629254538888864	0.801930496709714	0.839112577747497
"hsa-miR-182-5p"	8.06892941787205	11.2043901236203	10.6861911965503	0.00107938208669245	0.00343136897930008
"hsa-miR-183-3p"	5.6237378620431	2.16824669132374	6.80993895598859	0.00906518638031101	0.0213714856523205
"hsa-miR-183-5p"	8.50915214977902	9.31572078025875	10.4127785371345	0.00125146306601108	0.00392989926216895
"hsa-miR-184"	6.40521486933834	5.05737379321223	4.85267719753189	0.0276032571733524	0.0523488387228731
"hsa-miR-185-3p"	-2.04976795313307	4.50549864763563	5.99719264533872	0.014328661069706	0.031401108301696
"hsa-miR-185-5p"	-0.965091609709506	7.98430728694627	0.793110230850715	0.373161313859372	0.473345016348711
"hsa-miR-186-5p"	-0.0698524791485229	12.4041475931299	0.0068856150772092	0.933867755421097	0.948662514757431
"hsa-miR-187-3p"	4.47789222201559	4.32638237834217	3.9945325008545	0.0456481141731586	0.0812947478121912
"hsa-miR-188-5p"	0.755098965950275	4.50058920343922	0.656788307764427	0.417696086394431	0.510958395470622
"hsa-miR-18a-3p"	1.82337775076708	4.6012335481743	3.04593905054413	0.0809392931693201	0.131080930761635
"hsa-miR-18a-5p"	2.22435404626198	7.09463890603342	3.58263479939317	0.0583864761749834	0.0985870007544802
"hsa-miR-18b-5p"	6.80929833448169	6.35873725610796	5.25285852882924	0.0219107479465489	0.0435677034458405
"hsa-miR-1908-5p"	-2.1349748843276	3.2256707369629	5.35289153219369	0.0206879346109732	0.0416704819632739
"hsa-miR-190a-5p"	2.21468244791774	5.53373109590531	6.630678781162	0.0100237060179191	0.023253191888416
"hsa-miR-190b"	3.77987087124465	5.3432240440405	3.80063200915019	0.0512332411216677	0.0888387851099626
"hsa-miR-191-3p"	-1.27333122659152	4.48869775335467	1.93131269325446	0.164614901188275	0.244313181878852
"hsa-miR-191-5p"	-1.61972534351778	14.6775029991957	3.86889158767053	0.0491889963305883	0.0858723156279762
"hsa-miR-192-5p"	0.536057356435759	8.0548500826099	0.347732026946365	0.55539979084888	0.639890139344907
"hsa-miR-193a-3p"	2.94409068130305	10.5224488446606	6.7183623572154	0.00954252099577919	0.0223381741492104
"hsa-miR-193a-5p"	-0.0616233005459452	8.55444910529436	0.0030554874723947	0.955918212498772	0.964375919080453
"hsa-miR-193b-3p"	6.87165580024613	7.93306549361885	30.926383620182	2.6800350530715e-08	1.91696951712753e-07
"hsa-miR-193b-5p"	6.24983599085924	2.59534709618526	17.7760887326828	2.484865645565e-05	0.00010463091755172
"hsa-miR-194-5p"	1.57923747650568	3.73397627272345	3.88466512723509	0.0487289792622265	0.0853585861226077
"hsa-miR-195-5p"	5.07880566219199	3.55803388713666	18.0780380751428	2.12033046227987e-05	9.17622006784987e-05
"hsa-miR-196a-5p"	12.1561289986147	8.09019647343329	7.78091334812101	0.00528010955792769	0.0135962821116638
"hsa-miR-196b-5p"	-3.75446758615095	2.13914710901572	4.40859420389201	0.0357582976183156	0.0655356700122155
"hsa-miR-197-3p"	-2.40992071390422	9.90377140392676	7.87883548167846	0.00500166772163123	0.013009388265859
"hsa-miR-1976"	-8.01337865446434	4.08738961457836	34.6799955454255	3.88604409234251e-09	3.57377269206499e-08
"hsa-miR-199a-3p"	7.85501333452046	13.1559211658872	43.3676936747794	4.53615865091108e-11	9.34448682087682e-10
"hsa-miR-199a-5p"	12.4127838253683	11.6886453630882	46.0525381822277	1.15123899390223e-11	3.56299269072221e-10
"hsa-miR-199b-3p"	7.72841898265526	11.864850538909	41.7917523790247	1.01530797494199e-10	1.68460915400239e-09
"hsa-miR-199b-5p"	3.89517898391241	9.08734848799993	8.65949169994919	0.00325362044397371	0.00877285093532179
"hsa-miR-19a-3p"	1.50203628830813	8.20794746074916	2.08832187346979	0.14842903488978	0.221567979618078
"hsa-miR-19a-5p"	7.88623882190592	3.92722751580523	6.61085743456386	0.010135884598724	0.0233141800215889
"hsa-miR-19b-3p"	0.989251629170769	9.64339822566743	0.995724728536175	0.318347214499374	0.415060292321969
"hsa-miR-200a-3p"	5.45749417253245	6.1239987080942	4.00510938572776	0.0453625535375864	0.0811170662217257
"hsa-miR-200a-5p"	6.99901931289021	3.16230218555272	5.95307868062669	0.0146916058365221	0.0319247974928644
"hsa-miR-200b-3p"	4.51892224632709	7.48430288170421	5.07440817323443	0.0242815599001904	0.0477290204144964
"hsa-miR-200c-3p"	-4.02612186913054	3.81083083247127	11.1895031958989	0.000822613673899607	0.00271567975678396
"hsa-miR-202-5p"	6.69073399332946	2.91521585786569	5.78389580150105	0.0161736545158804	0.0344191408085885
"hsa-miR-203a-3p"	9.52063144561837	8.10134511120202	4.95564367433457	0.0260056419852971	0.0503492692572481
"hsa-miR-203a-5p"	6.47482794149517	2.74939232318849	5.68859501415779	0.0170755204586431	0.0360405452303328
"hsa-miR-204-5p"	11.4601689486193	9.68389114281756	28.6880489711639	8.50268408967296e-08	5.27576181467659e-07
"hsa-miR-205-3p"	5.91219467051642	2.34959048219191	5.42668075216111	0.0198313380153346	0.0402092089680997
"hsa-miR-205-5p"	11.4161848989775	10.6080666139247	8.8293345349518	0.00296426461420955	0.0082075068619243
"hsa-miR-206"	10.0454416375808	5.97082678589837	7.22561163683463	0.00718706807210829	0.0176254288435037
"hsa-miR-20a-3p"	1.37665556043822	3.14264848860535	1.19113311330851	0.275101113025919	0.368950711480073
"hsa-miR-20a-5p"	1.69693710723218	8.58299157349694	2.99910011392977	0.0833107787830864	0.133939963980881
"hsa-miR-20b-5p"	5.94064175543318	7.45073110092941	4.2367674593825	0.0395574160143901	0.0717326381951088
"hsa-miR-21-3p"	0.433167456824556	12.6335711732162	0.235497236368133	0.627477332785945	0.696445746518883
"hsa-miR-21-5p"	-0.461675875951818	17.2269139541691	0.311198187541777	0.576945858694939	0.655909751054953
"hsa-miR-210-3p"	0.498704000995595	9.39147155450443	0.204651136720472	0.650992488198814	0.716472183011877
"hsa-miR-210-5p"	-0.398552374930963	5.75219740453628	0.159699490190536	0.689433339585836	0.746814110116244
"hsa-miR-2110"	-1.43639369496763	3.15196311376492	1.80899565655513	0.178628757296087	0.263592578818008
"hsa-miR-2110-3p"	-1.56021029408982	3.77598144255787	3.21141730324425	0.0731261145293554	0.120319325823061
"hsa-miR-2114-5p"	6.38246093347608	2.68490987989567	12.913219146874	0.00032626967598493	0.00115881988367061
"hsa-miR-2116-3p"	-1.01939467278106	3.89499529604816	1.23488775052984	0.266458588528091	0.359230819612478
"hsa-miR-212-3p"	-0.966230600464867	4.46281905867388	1.93807541237063	0.163877655267604	0.243921943534151
"hsa-miR-212-5p"	1.4534297447908	6.32894587257252	1.06354080220895	0.302408997142407	0.398704730940583
"hsa-miR-214-3p"	13.3300533478869	9.22534513369342	33.1026601372306	8.74190395160865e-09	7.14615957948961e-08
"hsa-miR-214-5p"	11.0688908626863	6.97774678718905	34.5254999325921	4.20703609273233e-09	3.80109401360903e-08
"hsa-miR-215-5p"	4.5620832473427	6.7207556737751	6.02250327952645	0.0141245984066643	0.0311967049624027
"hsa-miR-216a-5p"	6.55379166774432	2.8159591620416	11.8280963999216	0.000583436107140549	0.00196385356325087
"hsa-miR-216b-5p"	8.46281486534041	4.4553953169501	8.70031687046945	0.00318154739158845	0.00871540907802154
"hsa-miR-217"	7.10535110643869	3.25759161237828	10.8381504574164	0.000994299992191974	0.00320040309986792
"hsa-miR-218-1-3p"	7.7771081266909	3.83657127855211	24.9814352010722	5.78850004558094e-07	3.17135906752573e-06
"hsa-miR-218-5p"	6.11785464491101	7.48113137021669	21.1930513056271	4.15267357708044e-06	1.96204302036369e-05
"hsa-miR-219b-3p"	9.0467805345805	7.26978754665136	8.10324438521404	0.0044186097511867	0.0115511879282292
"hsa-miR-219b-5p"	3.626844466528	3.73173241296318	3.98975850171567	0.0457776249816222	0.0812947478121912
"hsa-miR-22-3p"	0.581363595272839	16.8284255558773	0.523005035520328	0.469562626794974	0.566334315689489
"hsa-miR-22-5p"	0.536817232150771	7.24443842589208	0.414370627864473	0.519759441779185	0.606878739486947
"hsa-miR-221-3p"	2.28838716813524	12.5319873362623	6.07030715710022	0.0137473052207627	0.0306487540636052
"hsa-miR-221-5p"	1.95931715901184	9.13143197021877	2.83287439125766	0.0923529296750271	0.144126541765573
"hsa-miR-222-3p"	2.89536241382076	12.7631613614414	8.46037731958245	0.00362966551187382	0.00963545226090216
"hsa-miR-222-5p"	3.8797979999422	5.78134926184623	13.9300700213071	0.000189738654949588	0.000729219457455507
"hsa-miR-223-3p"	-6.31155461826302	9.80319407635192	9.68978202212122	0.0018529551998253	0.00551602270468224
"hsa-miR-223-5p"	-5.10935965781397	4.30265759946981	20.326941858606	6.52749590365374e-06	3.00148249141221e-05
"hsa-miR-224-3p"	6.74267432330082	2.96456193024181	11.1578612149908	0.000836763358488796	0.00272742487102361
"hsa-miR-224-5p"	11.4597354032153	9.68645682389793	35.1730391036764	3.01671217650981e-09	2.93133353000482e-08
"hsa-miR-2277-5p"	-1.26547072744018	3.95900431837587	2.60481195755392	0.106539793860153	0.163785056232772
"hsa-miR-2355-5p"	-0.0748271766076752	4.393834267705	0.00687346186582394	0.93392600967382	0.948662514757431
"hsa-miR-23a-3p"	-0.430515542103429	11.44124570113	0.257842056348569	0.611606581998417	0.680296738075992
"hsa-miR-23a-5p"	-0.0332429418296276	5.38378405717661	0.00165216189015638	0.967577478471085	0.973246877759001
"hsa-miR-23b-3p"	4.64642966947876	9.82368964097005	21.7404863822769	3.12133892468394e-06	1.53094242496403e-05
"hsa-miR-24-1-5p"	6.47218217864402	2.77023021432705	16.490242000543	4.89011030000961e-05	0.000198299748386217
"hsa-miR-24-2-5p"	0.372797580625975	8.21229035361725	0.15880484883801	0.690259255175402	0.746814110116244
"hsa-miR-24-3p"	-0.403838534283374	10.429414533429	0.188151148263216	0.664459876006565	0.726532560813972
"hsa-miR-2467-5p"	-2.2341277349532	4.01480941488806	7.49377834019208	0.0061912517459582	0.0155536324349682
"hsa-miR-25-3p"	-0.446896815375589	10.1772081051366	0.273035557699544	0.601302725181562	0.671737317719099
"hsa-miR-25-5p"	-0.385515070613437	3.45560217422124	0.298396551092373	0.584889389647944	0.659120428159062
"hsa-miR-2682-3p"	3.58795807781084	2.43733320617429	8.66837092305906	0.0032378050794075	0.00877285093532179
"hsa-miR-2682-5p"	4.82922578514103	4.12321478353318	24.8136509509125	6.31486676025188e-07	3.40036656851182e-06
"hsa-miR-26a-1-3p"	2.0139422072673	3.1377822224179	2.88834205888054	0.089222698965508	0.140518929563415
"hsa-miR-26a-2-3p"	1.79987036880917	4.54468802927761	4.84986358984557	0.0276483187041194	0.0523488387228731
"hsa-miR-26a-5p"	0.615868078670732	14.9010315734799	0.532631243593642	0.465502725976247	0.564079773830041
"hsa-miR-26b-3p"	-0.839192633382137	6.15607734790341	0.949800749025009	0.329770020115921	0.427787305691938
"hsa-miR-26b-5p"	-0.953238258709602	11.904946991471	1.10079947423469	0.294090720072198	0.389348896753681
"hsa-miR-27a-3p"	-0.500671163156824	12.5271521773527	0.360927467091372	0.547991594720362	0.635620881263483
"hsa-miR-27a-5p"	0.943221376546988	6.16822411634494	1.24005476965562	0.265460498637037	0.358824558525129
"hsa-miR-27b-3p"	4.66409724171821	13.9072391100087	23.2179933153776	1.44637685145596e-06	7.52408160100825e-06
"hsa-miR-27b-5p"	6.06389668841062	6.18373146516843	21.5853070333518	3.38434583633474e-06	1.62891411748822e-05
"hsa-miR-28-3p"	-0.838756274615275	11.9765121546652	0.99641010435451	0.318180719498523	0.415060292321969
"hsa-miR-28-5p"	-0.757296338727084	9.3867188944575	0.739064416519581	0.389960743766163	0.485096094298488
"hsa-miR-296-3p"	5.3541595546975	3.84854488916705	15.3133016798343	9.10729641058406e-05	0.000358034935225251
"hsa-miR-296-5p"	5.11552371148513	3.63467224237496	17.8099191849559	2.44107338917896e-05	0.000103896925241914
"hsa-miR-299-3p"	9.3702430683769	5.31933428195697	38.2446491111733	6.2407974210763e-10	7.47444342291697e-09
"hsa-miR-299-5p"	6.73806247088543	2.96429321351429	21.0824772840171	4.39932712361683e-06	2.05968497151151e-05
"hsa-miR-29a-3p"	0.954485729721797	12.7421971016078	1.34761741921261	0.245695075023531	0.334762440458263
"hsa-miR-29a-5p"	2.15390611678525	5.75931031179922	6.04113701708675	0.0139762800289596	0.0310249319608371
"hsa-miR-29b-1-5p"	2.94192185845116	4.51352612644234	9.81898557983013	0.00172719579570108	0.0052323872634474
"hsa-miR-29b-2-5p"	-2.08092597360491	2.6346351653735	2.92675341829145	0.0871225312329179	0.138910537414714
"hsa-miR-29b-3p"	2.15201811640948	8.7058692598958	4.75716438191344	0.0291765773612031	0.0548833320769818
"hsa-miR-29c-3p"	-1.82042535771612	8.80762793601235	3.61325725750643	0.0573207483050082	0.0971058729509185
"hsa-miR-29c-5p"	-1.24307720047934	4.91940514377786	2.55771417318756	0.109757175542817	0.167729808322109
"hsa-miR-301a-3p"	4.75471752170371	10.6416621138521	9.70376781104773	0.00183890583939226	0.00550602620515706
"hsa-miR-301a-5p"	2.43277243901601	3.10206832070654	5.95555884944513	0.0146709514920254	0.0319247974928644
"hsa-miR-301b-3p"	1.3180373722836	6.60475463911316	1.7497896396953	0.185903179770084	0.271788454299642
"hsa-miR-301b-5p"	6.55707225657087	2.81358321809802	7.39110708313721	0.00655471321624986	0.0162292178190802
"hsa-miR-302b-3p"	6.09137839130253	2.48187523507955	17.7653339496121	2.49895201142942e-05	0.00010463091755172
"hsa-miR-302d-3p"	5.68193098650829	2.23040207871899	8.66330712984667	0.00324681493502881	0.00877285093532179
"hsa-miR-30a-3p"	6.07579017808547	7.84793302281697	29.0256590821063	7.14259336735326e-08	4.54127849899621e-07
"hsa-miR-30a-5p"	5.45384998352057	13.1781742925455	25.2098438369082	5.14190780475624e-07	2.84740055854781e-06
"hsa-miR-30b-5p"	-0.726796094598149	10.1673615867622	0.659033849761542	0.416901237961142	0.510958395470622
"hsa-miR-30c-1-3p"	1.51493517041968	5.36124552834972	1.75641338154361	0.185072508109133	0.271545132980637
"hsa-miR-30c-2-3p"	6.75493597540483	5.13679268431967	30.6755410629952	3.04985398983858e-08	2.12253351995523e-07
"hsa-miR-30c-5p"	0.0981093442121464	11.9156890857864	0.00984007123221886	0.920981751020126	0.941082543205089
"hsa-miR-30d-3p"	2.42149662473972	5.93374985342554	5.04379704616953	0.0247142618780312	0.0483948474037493
"hsa-miR-30d-5p"	0.0518995695843247	12.9511447519549	0.00292271977684777	0.956885620679829	0.964375919080453
"hsa-miR-30e-3p"	0.581907747144264	8.1234849005933	0.35373634968369	0.552005655534417	0.637405633632791
"hsa-miR-30e-5p"	0.0960302824260435	13.1578557637548	0.00856846387523547	0.926248357870813	0.944589909511819
"hsa-miR-31-3p"	12.2588329670795	8.15839798431157	51.679461978188	6.5342713738701e-13	3.26134005788563e-11
"hsa-miR-31-5p"	12.3636127885544	12.695202091263	62.8907001816568	2.18501484914523e-15	1.87547107884965e-13
"hsa-miR-3117-3p"	7.56249936439206	3.64795334917434	22.2529224745827	2.38994754055994e-06	1.19497377027997e-05
"hsa-miR-3120-3p"	6.180550089394	2.53409774019628	5.55443763344175	0.0184338941282581	0.038126327213064
"hsa-miR-3129-3p"	6.38094858461708	2.6939980324077	16.2019305747393	5.69360623406517e-05	0.000229078688323716
"hsa-miR-3158-3p"	0.622929442343514	3.54078947013352	0.413049540634661	0.520425723176589	0.606878739486947
"hsa-miR-3168"	-1.09027073109461	3.31264056644259	0.942965407179523	0.331516379867393	0.427897081783728
"hsa-miR-3174"	-1.37338786415332	2.76643209531588	0.961878818919232	0.32671396425105	0.424893160579016
"hsa-miR-3176"	-0.900240735263742	3.93300893166069	1.12747579103137	0.28831439831397	0.383674199306704
"hsa-miR-32-3p"	-0.253099572254522	3.00957591685194	0.104746073594643	0.746206829503899	0.789091789810203
"hsa-miR-32-5p"	0.202351964796428	4.49219647147087	0.0246822259307482	0.875161482820289	0.89961709311866
"hsa-miR-3200-3p"	0.519488490155118	2.87446810530067	0.160713018066662	0.688500905178976	0.746814110116244
"hsa-miR-320a"	0.674591037798898	10.4075694784915	0.513170608277065	0.473769535829354	0.5687443145737
"hsa-miR-320d"	-1.18234472391083	2.29319677575565	0.6580295944997	0.41725643352661	0.510958395470622
"hsa-miR-323a-3p"	9.91652308721618	5.84787252721001	41.7321273654483	1.04674743549663e-10	1.68460915400239e-09
"hsa-miR-323b-3p"	8.40950762110677	4.41187421830175	32.3927150970869	1.25957784634166e-08	9.97973216716853e-08
"hsa-miR-324-3p"	-1.7099157631168	5.57364559485347	4.65840003162231	0.0309019743081154	0.0576612926401429
"hsa-miR-324-5p"	-1.35733798405343	4.98551785990948	2.11362744158801	0.145992893310859	0.218564942020617
"hsa-miR-326"	-7.60325547544291	8.31813203058676	24.7835671621761	6.41419753968553e-07	3.4054760133382e-06
"hsa-miR-328-3p"	-0.574958870374745	6.68262413002411	0.462178074941932	0.49660780242257	0.587937972983043
"hsa-miR-329-3p"	9.27055802675435	5.22438961731556	36.3012765376414	1.69053099020982e-09	1.85239034033629e-08
"hsa-miR-330-3p"	-0.659032412093808	4.34866573120593	0.826123552609347	0.363395844605958	0.462095950548317
"hsa-miR-330-5p"	0.533009678785411	5.74729247443968	0.443711173183925	0.505336647655479	0.595534035566526
"hsa-miR-331-3p"	0.430901773492835	9.00325469641086	0.211287072705121	0.645760474654814	0.714401668620494
"hsa-miR-331-5p"	1.42563047120928	3.68734312571743	2.13239912006041	0.144214882088968	0.216532548909092
"hsa-miR-335-3p"	6.68606652514413	7.16603175040847	16.4996834177718	4.86581980296749e-05	0.000198299748386217
"hsa-miR-335-5p"	2.76351115956086	6.06983293095206	4.88002048968734	0.0271692966487072	0.0520929518500471
"hsa-miR-337-3p"	9.78663615439727	5.72117195899808	41.9946894829526	9.1521633295501e-11	1.62529797059252e-09
"hsa-miR-337-5p"	8.09633384065948	4.12410574112578	30.9648968721061	2.6273766983148e-08	1.90577323891848e-07
"hsa-miR-338-3p"	-1.79780633537536	7.67239364297749	0.883203955808714	0.34732564090048	0.446066596168945
"hsa-miR-338-5p"	-3.88256858659461	5.78553405963144	7.04561050939765	0.00794597362622294	0.0191223197079664
"hsa-miR-339-3p"	-0.518530435344209	7.20451780012165	0.366357002470231	0.544996741386465	0.633574089873655
"hsa-miR-339-5p"	-0.816241196715031	6.96782697776072	0.763585580253559	0.382208748612528	0.480091476915736
"hsa-miR-33a-3p"	-1.94745764369965	3.44677369858692	3.40032142707832	0.0651837160492017	0.10863952674867
"hsa-miR-33a-5p"	2.92439686454633	4.28066605257429	6.90089734893505	0.00861524962941582	0.0205409886997646
"hsa-miR-33b-3p"	-0.735396578293753	2.83246810907559	0.710048350324816	0.399427761227544	0.494483887096599
"hsa-miR-340-3p"	-3.03064428522559	6.08651980751311	12.3722368299148	0.000435765229094557	0.00152666049648773
"hsa-miR-340-5p"	-3.18650845201107	10.3176603370931	9.12879975017449	0.00251616739729565	0.00715926082655946
"hsa-miR-342-3p"	-3.7972565996783	10.7151515008973	13.0079930313597	0.000310164188769173	0.00110926775844531
"hsa-miR-342-5p"	-4.00574181236589	5.19059113786168	14.9873038988048	0.00010823694405507	0.000422288077184553
"hsa-miR-345-5p"	-1.50896793902709	8.70067275067413	2.76686942762967	0.0962342049941334	0.149729956410812
"hsa-miR-34a-3p"	0.536589230230889	4.62789135591323	0.318546301326185	0.572482577008258	0.652275502564718
"hsa-miR-34a-5p"	0.999454622271023	10.2359081353283	0.609461259332136	0.434990727646534	0.53085361312314
"hsa-miR-34b-5p"	4.57547617948007	3.19907161679968	8.21668729978661	0.00415069025843523	0.0109061504239497
"hsa-miR-34c-5p"	4.74647369411435	6.79711948051307	15.8243127967738	6.95036600932243e-05	0.000277475852310159
"hsa-miR-3605-3p"	-0.391915124321924	3.87594753445866	0.321194340925806	0.570890772352759	0.651904097032529
"hsa-miR-3605-5p"	-1.06894148323603	3.17944353028204	1.63962467932543	0.200376971395197	0.288251788459571
"hsa-miR-3607-3p"	-0.620652185168079	5.98380824812901	0.501730123056214	0.478740906008806	0.573375736266361
"hsa-miR-361-3p"	-2.59600208061498	8.50161874168001	6.01624017516497	0.0141748135168975	0.0311967049624027
"hsa-miR-361-5p"	-0.890607665583643	8.07190979778082	1.04711515892328	0.306172428408758	0.402241838343138
"hsa-miR-3613-3p"	-1.10353066760018	3.65187040117499	1.13366434634886	0.286995074758011	0.382907936529471
"hsa-miR-3613-5p"	1.1191856649061	4.08479784290905	0.772888641723585	0.379324908707519	0.478882310419763
"hsa-miR-3614-5p"	-4.42590352797649	2.46659059812195	9.31730189623756	0.00227000014173973	0.00656769703930316
"hsa-miR-3615"	-2.27950986782666	4.02350511895261	7.01005241355818	0.00810533071103832	0.0194150944938825
"hsa-miR-362-3p"	-2.03966917977164	2.74145607690581	4.08872854765318	0.0431701050784072	0.077465519565783
"hsa-miR-362-5p"	-0.44854748297227	5.21343294737955	0.146119300726932	0.702271826270452	0.755052172294954
"hsa-miR-3620-3p"	-3.44390935839205	2.33981050135703	6.59107484209686	0.0102491273368969	0.0234591136822307
"hsa-miR-363-3p"	5.50414227638847	11.1207156090589	3.86102260559543	0.0494201985477778	0.0859844670679242
"hsa-miR-363-5p"	6.00731132925378	2.41363400242473	5.47264549788991	0.0193163645895153	0.039475903823811
"hsa-miR-3651"	1.29688177115088	3.11391196159779	1.63983051741043	0.200348723400555	0.288251788459571
"hsa-miR-3653-3p"	-1.96061713504235	2.41006973721553	1.86419908968219	0.172140946386339	0.254748814336105
"hsa-miR-365a-3p"	0.326135274979672	7.14258761826028	0.138461364130965	0.7098154409682	0.759989505402542
"hsa-miR-365b-3p"	0.326135274979672	7.14258761826028	0.138461364130965	0.7098154409682	0.759989505402542
"hsa-miR-365b-5p"	0.359726358645491	3.92942605478241	0.1187669670514	0.730375679826648	0.777155940311413
"hsa-miR-3677-3p"	0.819662642935648	3.33941752473316	0.76967942626019	0.380316242644045	0.478882310419763
"hsa-miR-369-3p"	6.23133629164125	5.95231351712603	22.2544714335267	2.38802037065483e-06	1.19497377027997e-05
"hsa-miR-369-5p"	9.30980615638451	5.26104117586387	45.7645213486111	1.33357093574888e-11	3.61467911531933e-10
"hsa-miR-3690"	-10.1681486187965	6.10369140681838	28.7947379353214	8.04694463612869e-08	5.05387376537351e-07
"hsa-miR-370-3p"	9.66952246241775	5.60768601728788	46.8785515983457	7.55247526366655e-12	2.77823197199162e-10
"hsa-miR-371b-5p"	-7.63134515439249	3.75523241288894	27.4243567185524	1.63360709860905e-07	9.67020294004205e-07
"hsa-miR-374a-3p"	0.994904488302865	7.28927501745988	0.841814858990048	0.358878235620122	0.457480919169215
"hsa-miR-374a-5p"	-0.869056997915319	6.13994587470661	0.87275485560892	0.350193775515729	0.448631329329852
"hsa-miR-374b-3p"	-0.356016860612213	4.02591115108203	0.210431420516942	0.646429471023593	0.714401668620494
"hsa-miR-374b-5p"	-1.10384081962591	6.69181679638203	1.25003811102166	0.263545198409817	0.357173097844883
"hsa-miR-375"	8.36134085017702	4.36085003015977	6.83249189576276	0.00895142958271656	0.021244176198613
"hsa-miR-376a-2-5p"	6.03874386307854	2.47752690858808	7.42492342977657	0.00643265624268722	0.0160816406067181
"hsa-miR-376a-3p"	8.69545538499977	4.67901091482001	32.720628843921	1.06401976135156e-08	8.56203401712581e-08
"hsa-miR-376a-5p"	10.4139144100933	6.3335437769371	36.9334290558936	1.22232142057044e-09	1.39887895909728e-08
"hsa-miR-376b-3p"	8.21454287231464	4.23240212974408	31.500288635058	1.99410614322837e-08	1.51024215259207e-07
"hsa-miR-376c-3p"	11.585639878221	7.49055339144001	35.0838900977755	3.15802641003281e-09	3.0118214836424e-08
"hsa-miR-377-3p"	8.68429683445783	4.66785785385866	33.9088479831554	5.77554462848826e-09	4.95734247278576e-08
"hsa-miR-377-5p"	9.26652362219354	5.2197828057333	40.6332286299933	1.83656811889336e-10	2.70237880351451e-09
"hsa-miR-378a-3p"	-7.20113067197174	13.7643838861878	34.0404636482094	5.39778066816381e-09	4.71162210865146e-08
"hsa-miR-378a-5p"	-7.28561321723911	6.21214167849063	29.4972019573831	5.59974862717619e-08	3.79456650394176e-07
"hsa-miR-379-3p"	7.89953364126261	3.94775937931796	36.9940945686438	1.18487566907738e-09	1.38684311267011e-08
"hsa-miR-379-5p"	8.31397881920258	4.32392836609545	30.880952577696	2.74351279373513e-08	1.93549190242958e-07
"hsa-miR-380-3p"	4.28963518830046	3.84124697915113	20.1845047227184	7.03202533508389e-06	3.20486110404266e-05
"hsa-miR-381-3p"	11.6010611596852	9.83314156684874	51.8943590472491	5.85684356773459e-13	3.26134005788563e-11
"hsa-miR-382-3p"	7.96761601745594	4.00807643464379	30.277884907391	3.74370133589642e-08	2.57067491731554e-07
"hsa-miR-382-5p"	10.5584273644472	6.47719841366285	29.4258886574426	5.80963498341743e-08	3.83584873905125e-07
"hsa-miR-383-5p"	8.62323407742704	4.60518864324637	9.24745699035078	0.00235822676348692	0.00674714879553203
"hsa-miR-3909"	-2.07760124195606	6.03429016771521	5.61378999489166	0.0178196808410028	0.0373164694140741
"hsa-miR-3922-3p"	-3.92390394936137	3.00768353361983	13.4074925296908	0.000250621209781363	0.000921928021695727
"hsa-miR-3928-3p"	-0.336497677793582	2.87057038245566	0.105531533149111	0.745289928200521	0.789091789810203
"hsa-miR-409-3p"	14.3455667059924	10.2391592519213	63.7016896040116	1.44760373277014e-15	1.49103184475325e-13
"hsa-miR-409-5p"	9.78673295342446	8.01228531939005	17.7241215171668	2.55367799782657e-05	0.00010606001361941
"hsa-miR-410-3p"	8.84427014588295	8.6294273268222	45.4145053947738	1.59449105678262e-11	4.10581447121525e-10
"hsa-miR-411-3p"	8.70062061178606	4.68246638353949	38.7940387805472	4.70963941315943e-10	5.91576657994417e-09
"hsa-miR-411-5p"	11.4046236436893	9.63662320394882	49.2338555103025	2.27195514525044e-12	9.75047416503312e-11
"hsa-miR-412-5p"	6.91583584476057	3.12375955481206	11.880173385091	0.000567346594752995	0.00192225984406443
"hsa-miR-421"	-1.62469580307709	8.01132721863367	3.44721537626491	0.0633584291862733	0.106285312804335
"hsa-miR-423-3p"	-0.853761716114665	11.6437398332067	1.10307260543804	0.293592783381604	0.389348896753681
"hsa-miR-423-5p"	-0.965820148424923	10.8494069473648	1.31825408898089	0.250905627627258	0.340940364717779
"hsa-miR-424-3p"	0.151353877083269	4.01200585919091	0.0342803884122898	0.853111669176475	0.880465951154077
"hsa-miR-424-5p"	-1.98385296485446	7.90996183559076	2.2080823006545	0.137289240601782	0.207342988005623
"hsa-miR-425-3p"	-2.3053253820818	6.09702150317265	5.56415853899707	0.0183318187047152	0.0380680912618077
"hsa-miR-425-5p"	-0.481723185859018	9.18333250805673	0.301768481617174	0.582775859950221	0.659120428159062
"hsa-miR-429"	7.09882961093758	7.3831549840259	3.92700267862804	0.0475165630992533	0.0838048972469708
"hsa-miR-431-3p"	8.35317791863174	4.36017707540232	31.9754797286257	1.56130959171272e-08	1.21829460565462e-07
"hsa-miR-431-5p"	10.2871370984121	6.20920487449939	43.7271213281357	3.77503881517576e-11	8.24139388357253e-10
"hsa-miR-432-5p"	10.772194380336	6.68671066342912	34.7872171166437	3.67780337915421e-09	3.44376134593531e-08
"hsa-miR-4326"	-1.07345520931082	4.54752106363465	1.37831047860699	0.240389144013722	0.330134424445511
"hsa-miR-433-3p"	7.01091124410415	3.18302368039995	22.7553934788358	1.83987036191322e-06	9.38151719193376e-06
"hsa-miR-449b-5p"	10.0428862625827	5.98021697192573	9.55922839717972	0.00198946714846561	0.00582145216738515
"hsa-miR-450a-5p"	1.44383681904801	5.3628153154258	2.20295719921933	0.137746260202819	0.207424923989625
"hsa-miR-450b-5p"	1.46385877646943	5.94272771893126	1.48358384838468	0.223214636737598	0.311532623089059
"hsa-miR-451a"	6.48399946916166	8.20766954907318	6.51339640581343	0.0107064823408895	0.0243975150688412
"hsa-miR-452-3p"	9.06007758370538	5.02094132494972	28.0025720990976	1.21154309561017e-07	7.34052581457927e-07
"hsa-miR-452-5p"	11.5061635528912	7.41076837241238	39.2569944214168	3.71535053448943e-10	4.90616801349245e-09
"hsa-miR-4521"	0.248083946099159	3.82373840623701	0.0846659503682563	0.771071097200098	0.810411459302143
"hsa-miR-454-3p"	5.49866424196845	10.8077060394239	9.33996472878651	0.0022420984098878	0.00652361966718766
"hsa-miR-454-5p"	0.822227567071347	4.15597637938116	1.64525720278165	0.199605682368034	0.288251788459571
"hsa-miR-455-3p"	11.6884713068683	7.59154008957108	31.8920578060191	1.62982195336036e-08	1.2527735910158e-07
"hsa-miR-455-5p"	12.375200871689	8.27386238927245	26.6381762826815	2.45347626273508e-07	1.41970817450401e-06
"hsa-miR-4662a-5p"	0.122877624001763	3.66198463346509	0.0123616160085822	0.911471387133581	0.935075227836243
"hsa-miR-4677-3p"	-1.1058495597628	5.54164746167134	2.23640689838243	0.134793883504158	0.204173088248945
"hsa-miR-4707-3p"	-5.58114089594836	2.23172064593019	9.66912617883843	0.00187390419527001	0.00554632563542561
"hsa-miR-4775"	1.79164419676909	4.65427073595591	3.16583134977542	0.0751941430684124	0.123319528470218
"hsa-miR-4787-3p"	-3.38684202969203	3.13311943121312	5.84817178865123	0.0155932424354978	0.0334604993928389
"hsa-miR-4802-3p"	-5.38875874462307	2.11892432078692	6.64771212391525	0.00992832300273051	0.0231361373140553
"hsa-miR-484"	-0.889053228817322	9.85773927249508	1.06223528282852	0.302705921937413	0.398704730940583
"hsa-miR-485-3p"	9.6513461941025	5.5911656858221	36.6599158529466	1.406417993866e-09	1.57457666704563e-08
"hsa-miR-485-5p"	8.75672221518129	4.73546085471446	46.2212677791129	1.05624186548269e-11	3.56299269072221e-10
"hsa-miR-486-3p"	2.81315411558359	3.45576469171308	4.99485007812617	0.0254228558432316	0.0494066821104311
"hsa-miR-486-5p"	2.45228706185111	8.39720202728378	3.6758604585428	0.0552057516483911	0.0947698736630713
"hsa-miR-487a-3p"	8.2093175027236	4.22687238139661	35.340538492691	2.76810026977165e-09	2.74148392102385e-08
"hsa-miR-487b-3p"	11.1628033478448	7.07109296184756	47.9762723611888	4.31408461638278e-12	1.70904121341318e-10
"hsa-miR-490-3p"	9.19270933710526	5.14517750371132	7.10688884656236	0.00767882670343727	0.0185661772407051
"hsa-miR-493-3p"	9.89668231095495	5.82880442092154	35.4214874790595	2.6554120838517e-09	2.68144553565417e-08
"hsa-miR-493-5p"	9.9308756586819	5.86193481260107	29.1733351321308	6.61838051438863e-08	4.30287863465818e-07
"hsa-miR-494-3p"	10.1969832737189	6.12094746223732	45.9959590645203	1.18497156227124e-11	3.56299269072221e-10
"hsa-miR-495-3p"	9.62484193296951	5.56597497250459	33.5282409183313	7.02367320162752e-09	5.83418015941641e-08
"hsa-miR-496"	6.73419092179218	2.96257859827426	25.4985709008668	4.4271071766815e-07	2.50545076482525e-06
"hsa-miR-497-5p"	4.54475362822056	4.34946480373295	19.805719955707	8.57257539059521e-06	3.80592786737632e-05
"hsa-miR-499a-5p"	9.06002562631398	8.84409118658426	8.57672345084615	0.00340487519708412	0.0090855478056908
"hsa-miR-500a-3p"	-2.07999238419087	10.2509674323786	5.01403477974256	0.0251426424237209	0.0490472001826373
"hsa-miR-500a-5p"	-0.97141409514163	3.19317767915736	1.44420748570947	0.229459689504571	0.317665967996919
"hsa-miR-500b-3p"	-2.60733581128425	2.7720329241688	6.21144967675276	0.0126926645505937	0.0285446386181473
"hsa-miR-500b-5p"	-0.97141409514163	3.19317767915736	1.44420748570947	0.229459689504571	0.317665967996919
"hsa-miR-501-3p"	-3.11372837435515	9.60279459577525	7.10855319401515	0.00767170035779584	0.0185661772407051
"hsa-miR-501-5p"	-0.645805903289368	4.45225841972552	0.526224816650696	0.468198363645444	0.566014453702826
"hsa-miR-5010-3p"	-2.55602138539731	4.20691948005771	8.78094452203166	0.00304393544336738	0.00838303076649306
"hsa-miR-502-3p"	-1.26716004243461	5.4570462420126	1.76249331413081	0.184313825671146	0.271204629201829
"hsa-miR-502-5p"	-0.808569102952827	2.99856600848045	0.754679987839036	0.384998551947926	0.482419110105065
"hsa-miR-503-5p"	0.209714214568	2.64338605399183	0.036163467154831	0.849178312130558	0.878166326801682
"hsa-miR-505-3p"	0.330524470672053	6.90922339318311	0.132725443799593	0.715622774855052	0.763034635715014
"hsa-miR-511-3p"	-11.0899570439175	7.00502826772098	35.9809860720077	1.99252406530569e-09	2.09418345639271e-08
"hsa-miR-511-5p"	-11.0851823559212	7.00033461954032	39.7681517420904	2.85970443507076e-10	3.98039941638227e-09
"hsa-miR-532-3p"	-1.30154172067319	6.78882346501332	1.53834214886552	0.214864741747803	0.30316532054827
"hsa-miR-532-5p"	-1.69084557255675	9.80539347158936	2.89331155702041	0.0889479242763949	0.140515892645225
"hsa-miR-539-3p"	9.73300949849555	5.66925820007604	42.4888654902442	7.10857446060975e-11	1.35589475822742e-09
"hsa-miR-539-5p"	7.58645990883133	3.67132107469611	24.0231898696332	9.5182383247294e-07	5.00193136452617e-06
"hsa-miR-542-3p"	1.766983691411	3.81140972811912	3.65349374127147	0.0559517260750319	0.0950994684113578
"hsa-miR-543"	8.06301363481381	4.09305543118085	35.9045701806743	2.07222084504659e-09	2.13438747039799e-08
"hsa-miR-548au-5p"	-5.75679914235098	2.34132755108893	12.6933051628074	0.000366967058628401	0.00129443859721662
"hsa-miR-548e-3p"	-2.31833888042496	5.96257016749431	6.16609463993514	0.0130221768165884	0.0291583524371437
"hsa-miR-548e-5p"	-1.68999441759588	3.86428495161718	4.10391731630181	0.0427839764017404	0.0770410763877493
"hsa-miR-548k"	-1.47415664438439	6.64584631004463	2.9101356984316	0.0880244680956686	0.139484926366983
"hsa-miR-548o-3p"	-0.871463444164755	4.36642964442204	1.48965210314646	0.222270445846606	0.311316898292684
"hsa-miR-550a-3p"	-1.71604354242663	3.42196160755589	3.06441520688489	0.0800239514338417	0.130007365894096
"hsa-miR-551b-3p"	8.74379312067885	4.71925387237093	13.5887539742603	0.000227544617366524	0.000849170130027247
"hsa-miR-561-5p"	7.34657871428958	3.46251956318681	29.4562496681484	5.71933097453588e-08	3.82526682063114e-07
"hsa-miR-5690"	-4.20148213460591	2.34819961098189	9.08300541098846	0.00257995711127225	0.00730042808958905
"hsa-miR-574-3p"	1.75155661044333	9.31888472188072	3.50230356005692	0.0612835311625626	0.103140583492548
"hsa-miR-574-5p"	2.6172780784557	3.62735157014764	5.61327147181883	0.0178249543220626	0.0373164694140741
"hsa-miR-576-5p"	-0.839043862461866	4.73099530162053	1.49633751703971	0.221235755832311	0.311301678288634
"hsa-miR-582-3p"	1.00454238981284	4.42442097327347	1.62887122844383	0.201859244618579	0.289575239494619
"hsa-miR-582-5p"	-0.179870323015108	3.99995511073983	0.043007182703541	0.835711748362511	0.867724900013494
"hsa-miR-584-5p"	5.29698967387888	5.58050261337076	18.0222837581426	2.18334215338654e-05	9.37017674161722e-05
"hsa-miR-585-3p"	7.02278424172377	3.1944714546337	21.1978663052675	4.14225401110123e-06	1.96204302036369e-05
"hsa-miR-589-3p"	-0.692629882702045	4.78454844910129	0.852804268553039	0.355760232424928	0.454631562528134
"hsa-miR-589-5p"	-1.26475313712153	7.29496631530253	1.56597428546845	0.210792609528374	0.299058385419043
"hsa-miR-590-3p"	-0.174181557344982	5.4182639177931	0.0369207390313449	0.847626510938022	0.878166326801682
"hsa-miR-598-3p"	0.915198988040544	4.07369948636771	0.718683058137781	0.396576229969757	0.492136767311868
"hsa-miR-616-5p"	-2.57895210127525	4.14045354150074	11.1632909345848	0.000834317924071894	0.00272742487102361
"hsa-miR-618"	-3.628438218096	3.26064643860829	10.3421498422631	0.00130026482244356	0.00403395411782189
"hsa-miR-625-3p"	0.625041177619988	4.6886195161198	0.770316014821724	0.380119308367409	0.478882310419763
"hsa-miR-625-5p"	2.04295072789486	5.46392937551711	4.49509648078413	0.0339921954684325	0.0627454504166406
"hsa-miR-628-3p"	-2.11751791886371	3.48557545288203	7.58372045670337	0.00588977548535266	0.0148687959556697
"hsa-miR-628-5p"	-0.453550829666298	4.50886453600875	0.340913379749594	0.559302475729387	0.642948158483558
"hsa-miR-629-3p"	-1.10279699596442	2.75051002353504	0.574599260938543	0.448437058885816	0.545969468856254
"hsa-miR-629-5p"	-1.37266730322963	5.30034100748229	2.9159404566429	0.0877082670882429	0.139412831945818
"hsa-miR-641"	0.805155626310231	3.83595676081731	0.943004454117848	0.33150636885267	0.427897081783728
"hsa-miR-6503-3p"	-7.97275936368239	4.05173721623561	28.3050444322235	1.0362559257883e-07	6.35323573548779e-07
"hsa-miR-6503-5p"	-5.70274936200848	2.3064986099929	10.1674342462005	0.00142943060142435	0.00440812430978167
"hsa-miR-6511b-3p"	-0.522591214406043	2.79846037876226	0.323018838649186	0.569799056608909	0.651904097032529
"hsa-miR-652-3p"	-2.52726459195137	7.65290170093468	4.75577951173348	0.0292000640564913	0.0548833320769818
"hsa-miR-652-5p"	-1.52583723585545	3.76502326312735	1.60034195272095	0.205854757781992	0.292859669220238
"hsa-miR-653-5p"	-2.92136204282271	2.29784448052914	4.92376014098169	0.0264898037897898	0.0510945653623287
"hsa-miR-654-3p"	14.1169661455362	10.0108548417233	65.2586312055102	6.56858649309842e-16	1.1276073479819e-13
"hsa-miR-654-5p"	7.62021257327926	3.69884395932531	29.1541958757694	6.68408331597387e-08	4.30287863465818e-07
"hsa-miR-655-3p"	6.57918335254015	2.84163811016875	18.2234724337009	1.96442892200506e-05	8.57356690536106e-05
"hsa-miR-656-3p"	8.46845669313525	4.4654736808291	42.8186460611984	6.00569800267979e-11	1.18959018130003e-09
"hsa-miR-660-3p"	-3.00085636261515	2.993720885489	7.39966470434863	0.00652360353930299	0.0162292178190802
"hsa-miR-660-5p"	-1.72561359369841	9.24477118430566	3.28154746569086	0.0700628395570454	0.11602045778739
"hsa-miR-664a-3p"	-0.665732136317027	5.78013664854002	0.658223169938005	0.417187932774396	0.510958395470622
"hsa-miR-664a-5p"	0.202729812877517	2.67012205703074	0.0316731870402061	0.858746831474625	0.884509236418864
"hsa-miR-665"	7.67475128445346	3.74842509828527	36.2508467183923	1.73484620741161e-09	1.86134541003537e-08
"hsa-miR-671-3p"	1.04409515157598	6.83862304050241	1.4884598924571	0.222455570042151	0.311316898292684
"hsa-miR-671-5p"	1.12129551272684	4.90780698895238	1.40573055718493	0.23576644005028	0.325522028487653
"hsa-miR-6769b-3p"	-2.02091850940438	2.53938236664395	2.98513797022093	0.0840321255803434	0.134399207061729
"hsa-miR-6810-3p"	-6.15629576945751	2.6052895935163	13.8504135990026	0.000197953162966226	0.000755154658723008
"hsa-miR-6842-3p"	-5.38848117488871	3.74244289828872	21.6972575517819	3.19247355544621e-06	1.55106026514604e-05
"hsa-miR-7-1-3p"	0.579797364832355	4.39711665156062	0.452358430205591	0.501217096106533	0.592033955263451
"hsa-miR-7-5p"	1.66852693791449	4.97769808280007	2.27384382735519	0.131573212303699	0.200473977326642
"hsa-miR-708-3p"	5.28647453737484	5.16161291326799	34.3694888377248	4.55813149513951e-09	4.04730641378766e-08
"hsa-miR-708-5p"	3.52672999214089	5.46115262206838	17.2460387455665	3.28381483085896e-05	0.000135293171031389
"hsa-miR-744-3p"	-0.569256568622399	3.25717888390549	0.539452851049004	0.46265957118965	0.561956790477994
"hsa-miR-744-5p"	-1.02969592979044	8.08297213846899	1.60038355838323	0.205848863391134	0.292859669220238
"hsa-miR-758-3p"	10.4715120201163	6.39004943672633	45.898649400137	1.24531783365048e-11	3.56299269072221e-10
"hsa-miR-766-3p"	-1.61354137489922	4.76066780581403	2.23800729828111	0.134654413065519	0.204173088248945
"hsa-miR-769-5p"	1.8403816121341	9.42389458366355	3.91880709576014	0.0477487504561114	0.0839269845900933
"hsa-miR-7705"	-3.55985380373513	2.97450725222866	10.4488770512159	0.00122724041260106	0.00387747737723647
"hsa-miR-7706"	-1.25457816588289	5.39816471783536	3.16075158677499	0.0754284494526577	0.123319528470218
"hsa-miR-7974"	1.88671291550365	3.4447265324449	5.32543443390379	0.0210163690206158	0.0421145137961756
"hsa-miR-7976"	-1.61019729937455	3.57873804223265	2.99571777192035	0.083484909588083	0.133939963980881
"hsa-miR-7977"	-0.797985672136775	2.1350615536386	0.204534445380311	0.651085401261279	0.716472183011877
"hsa-miR-874-3p"	0.307368383541879	4.73684562344741	0.148690205961968	0.699790199765986	0.753958060417328
"hsa-miR-877-5p"	-0.252816584057003	5.80141803520193	0.07417490424444	0.785352375373305	0.823740271521898
"hsa-miR-887-3p"	8.39009123637938	4.39658171530397	24.8064360697452	6.33854738984727e-07	3.40036656851182e-06
"hsa-miR-889-3p"	11.3403394113502	7.24701858398759	40.7470825164327	1.7326192272734e-10	2.68275374708529e-09
"hsa-miR-9-3p"	10.9767014179458	11.8485344426091	7.69501959578045	0.00553734086472172	0.014187714155879
"hsa-miR-9-5p"	7.17718576828192	11.5576098296801	8.28023429715064	0.00400789570518349	0.0105849553239461
"hsa-miR-92a-1-5p"	2.30815439235907	3.24343917378217	5.75224349914753	0.0164676131534351	0.0349004970124241
"hsa-miR-92a-3p"	0.594705915149429	14.6618259239495	0.412199659748126	0.520855151171322	0.606878739486947
"hsa-miR-92b-3p"	4.26878210540921	11.3154542971948	18.7688149697117	1.47560331266565e-05	6.49517697455393e-05
"hsa-miR-93-3p"	-0.939655718262447	4.8949435531623	1.45648319458834	0.227490511213168	0.316642198039949
"hsa-miR-93-5p"	-0.214226553144364	9.16191552646232	0.0534041561341354	0.817242248096869	0.850262136908863
"hsa-miR-935"	9.58898464028211	5.53196546654226	31.0660653086382	2.49393574711263e-08	1.83482415680429e-07
"hsa-miR-940"	0.20725028915224	4.45927994604927	0.0620187407523747	0.803333227302079	0.839112577747497
"hsa-miR-941"	-3.35326230477887	9.47123486613794	10.0042727736735	0.00156177450800598	0.00475925367824306
"hsa-miR-941-3-5p"	-3.34101812360796	7.16309210226628	10.065489890102	0.00151072390729214	0.00463108816818721
"hsa-miR-942-5p"	-1.51161063687455	3.22571144342571	3.29266622772694	0.0695899339500396	0.115609083820227
"hsa-miR-96-5p"	10.2053250431312	6.12727507325022	9.59867366401991	0.00194717965548157	0.00573027155756006
"hsa-miR-98-3p"	0.0272302163587049	4.73455039044308	0.00106230679758035	0.973999113538663	0.976597023468089
"hsa-miR-98-5p"	-0.419980198893359	11.3485262759295	0.202671808020952	0.6525728280614	0.716577838916037
"hsa-miR-99a-3p"	4.5331011597677	4.33290630149937	8.61719689807435	0.00333003911248622	0.00893213616109584
"hsa-miR-99a-5p"	5.08671982189903	9.3619325533265	8.89163999545404	0.00286479299060836	0.00797496427115301
"hsa-miR-99b-3p"	0.220300592108524	6.13209180457	0.0610165881269946	0.804896336713133	0.839112577747497
"hsa-miR-99b-5p"	-1.32452526316699	14.5262871991115	1.69269451658465	0.193246153126396	0.281134940282751
