"logFC"	"logCPM"	"LR"	"PValue"	"FDR2"
"hsa-let-7a-3p"	-0.312562724310872	5.31442928586815	0.195218369506813	0.658608443776004	0.716827974717529
"hsa-let-7a-5p"	1.5402978091234	15.5079025916861	10.6974566308027	0.00107282919881194	0.00256178608686002
"hsa-let-7b-3p"	-0.107679816010535	4.64113503600647	0.0459352686244698	0.830293509183667	0.862318268925205
"hsa-let-7b-5p"	0.214755796086962	10.9518132769241	0.271870752184782	0.602079607812166	0.664480015344519
"hsa-let-7c-5p"	-2.29016267925368	4.74035592147477	9.27931246153031	0.00231756403135991	0.0050103696435885
"hsa-let-7d-3p"	-0.758421265091255	8.08418096195795	3.93524748967348	0.0472841824829586	0.0724901474641467
"hsa-let-7d-5p"	-0.171697269838883	10.9719410971652	0.12434552093265	0.724368391098088	0.771354448899045
"hsa-let-7e-3p"	-6.9221404221448	3.06210550957469	24.8006165344629	6.35771308257197e-07	3.09251722781896e-06
"hsa-let-7e-5p"	-3.93285776052464	10.1750998263395	8.06630633813224	0.00450959507328337	0.00870970813173356
"hsa-let-7f-1-3p"	-1.38200644163726	4.12378849813584	5.0712249675539	0.0243261873566258	0.0397697834792969
"hsa-let-7f-2-3p"	-0.625962188057009	4.0391264270595	0.689685866057769	0.406271249858487	0.477823499833563
"hsa-let-7f-5p"	0.722272309645838	15.3656309723913	2.74013665822213	0.0978563979433956	0.135758523907387
"hsa-let-7g-3p"	1.52323621836347	4.70418821134134	5.10804727312198	0.0238151101762513	0.0392600561064561
"hsa-let-7g-5p"	1.92255504166933	14.3459640327099	20.4201104163104	6.21730093039839e-06	2.4015848691931e-05
"hsa-let-7i-3p"	2.62904470206025	7.85236545171075	16.724294535894	4.32239296014557e-05	0.000149387967219066
"hsa-let-7i-5p"	0.186580468512099	13.7232122040017	0.177309922515178	0.673695316163743	0.729219655408007
"hsa-miR-100-5p"	-1.25594224654365	6.31515825338226	2.64346069637007	0.103976826448098	0.142246075071356
"hsa-miR-101-3p"	2.82346903226294	13.2811359416443	13.8242702806987	0.000200726530344509	0.000598363808065357
"hsa-miR-101-5p"	1.35107037903151	4.45260640176514	2.5856338931027	0.107837229114504	0.146006420175651
"hsa-miR-103a-3p"	-0.500508592181454	12.5836195271023	1.26536020930416	0.260638909485627	0.320911657304178
"hsa-miR-106a-5p"	3.53195357293212	4.25292522042677	27.8298214532014	1.32468453526532e-07	7.67537804256672e-07
"hsa-miR-106b-3p"	3.38463968068715	9.20400532403994	32.4919670205457	1.19686225926286e-08	8.2730478973608e-08
"hsa-miR-106b-5p"	1.36773175953126	8.16181889508191	3.15576107251057	0.0756594033254523	0.108399290582648
"hsa-miR-107"	-1.82858464471689	4.43358453457975	12.5312850015829	0.000400194492543368	0.00106143913226889
"hsa-miR-10a-5p"	1.87463377461469	11.2437829760977	7.45605362168709	0.00632234611594956	0.0118502928584951
"hsa-miR-10b-5p"	3.43376266991039	6.63687698183579	12.9366999530647	0.000322202508164482	0.000877315208893596
"hsa-miR-122-5p"	3.93330184219877	4.82724685890627	6.92079537746925	0.00851990731334498	0.0154693247993453
"hsa-miR-1226-3p"	-3.57782721068248	3.73728122576685	23.984207916459	9.71291103351687e-07	4.55581779429244e-06
"hsa-miR-1228-3p"	-7.58935453718066	3.58904492327398	44.0792732097048	3.15342431862314e-11	3.5498548043929e-10
"hsa-miR-1228-5p"	-5.42386704218435	2.07018998685599	10.4040619505068	0.00125738419862265	0.00293141641572381
"hsa-miR-1237-3p"	-1.1339870464897	2.20904211217684	1.03303037506305	0.309447980953653	0.372851695705624
"hsa-miR-1248"	1.93266026768975	3.89487302403817	4.54693785312226	0.0329776736433716	0.0526199041508252
"hsa-miR-1249-3p"	-5.64320222685863	6.3567926386003	86.8806482742252	1.15271780962062e-20	6.6171452026112e-19
"hsa-miR-125a-3p"	-3.26455004502211	2.82759131278352	14.2292791997505	0.000161832837673065	0.000490477984947597
"hsa-miR-125a-5p"	-4.74090581655634	11.9776744107027	42.3739035577391	7.53892776884668e-11	8.0279392997989e-10
"hsa-miR-125b-2-3p"	-1.4426057626219	2.44419873336158	3.52423777603657	0.060477627204667	0.0899176796929765
"hsa-miR-125b-5p"	-1.09647076135289	4.58966579765705	4.83145400361764	0.0279450535290746	0.0454973185556008
"hsa-miR-126-3p"	0.145170832863958	4.21121081663275	0.0503890807907306	0.822387622091878	0.859471414069496
"hsa-miR-126-5p"	3.07703673603605	7.41406471351041	7.55955034740315	0.00596928838212915	0.0112531082419085
"hsa-miR-1260a"	-1.26327845092952	4.19869052388577	4.13044489761682	0.042118276473411	0.0650768663942115
"hsa-miR-1260b"	-1.24284282210585	3.54833843027582	2.86122108264688	0.0907385932724645	0.126328642223855
"hsa-miR-127-3p"	1.50600638214658	4.5383642393336	4.53952021491027	0.0331208740141344	0.0526199041508252
"hsa-miR-1271-5p"	0.897260708460082	6.66231331324031	1.1608720411453	0.281284760184031	0.343115156385475
"hsa-miR-1273h-3p"	3.3528075061462	5.58811024561997	22.8272414477116	1.77235638702583e-06	7.93532291463837e-06
"hsa-miR-128-1-5p"	1.91636976513337	5.28206274791241	3.5035137101757	0.0612387713792677	0.0907070523437273
"hsa-miR-128-3p"	-0.330111379644343	8.96491369051345	0.672056269404113	0.412335615297323	0.483512596509361
"hsa-miR-1285-3p"	-4.22340107000422	3.75179230438325	28.8784522955481	7.70654821336646e-08	4.53191044189013e-07
"hsa-miR-1296-5p"	-4.21379571377538	3.64544393219199	37.9294676774162	7.33489525263091e-10	6.42210828785907e-09
"hsa-miR-1299"	6.63133544461828	2.93331025846045	7.44926870330489	0.00634622282523467	0.0118502928584951
"hsa-miR-1301-3p"	-4.02943114791285	7.07140227333072	50.9381106606244	9.53246660192255e-13	1.50231673646299e-11
"hsa-miR-1303"	-4.9582332568107	3.54327417957971	10.9430546168332	0.00093955143076861	0.0022850818748323
"hsa-miR-1304-3p"	0.168410139738988	5.12037395312597	0.0663003796807757	0.796801613762319	0.837172895526276
"hsa-miR-1306-5p"	-3.35677712688947	2.63682838501714	14.913207157343	0.000112572118935036	0.000357688829519389
"hsa-miR-1307-3p"	-1.58517127859013	7.99296981530297	9.82238707945317	0.00172400444378779	0.00388147286201364
"hsa-miR-1307-5p"	-1.41953998124234	8.33569520774903	8.19942496798895	0.00419036685031725	0.00817017010414429
"hsa-miR-130a-3p"	-0.70612594494388	5.29654193179272	2.05545869501847	0.151661575665022	0.194008639000061
"hsa-miR-130b-3p"	-1.12720489033141	7.46974813351871	8.27642605901243	0.0040163105540108	0.00795189124763948
"hsa-miR-130b-5p"	-2.44955528194764	5.32418567318815	26.4399664679572	2.71856916446305e-07	1.46728253534033e-06
"hsa-miR-132-3p"	-1.85775117712068	6.89832214601717	5.2495009934013	0.0219530657489265	0.0363424701893993
"hsa-miR-132-5p"	-3.03667133654783	4.07176980856084	21.6685409590627	3.24062470367503e-06	1.37290982069673e-05
"hsa-miR-133a-3p"	-3.45205140280118	4.05931280927657	5.93232150995088	0.0148656454686106	0.0252459668734163
"hsa-miR-1343-3p"	-3.5237575520741	2.57195294917802	14.8317256012544	0.000117541443041637	0.000367550226654007
"hsa-miR-138-5p"	4.10534217166139	4.93440189770896	29.5707206214696	5.39132123009861e-08	3.24134277491903e-07
"hsa-miR-139-5p"	-4.46657423654553	3.45682284438034	27.5071891372649	1.56511647714751e-07	8.93704191298725e-07
"hsa-miR-140-3p"	1.2248375240504	12.2568120723278	7.64781027771414	0.00568412756012625	0.0107720996818682
"hsa-miR-140-5p"	0.300996538670923	6.28069741709851	0.284572894505204	0.593719524334052	0.658945049542581
"hsa-miR-141-3p"	5.57268388416475	9.7698035632822	46.1833112716767	1.07690383297683e-11	1.32593784435272e-10
"hsa-miR-142-3p"	2.09985327191544	11.2496828976153	5.49323263858844	0.0190902143220248	0.0317364744425222
"hsa-miR-142-5p"	3.39787926303189	15.9663397170485	31.0180843968894	2.55635425773674e-08	1.62452189927141e-07
"hsa-miR-143-3p"	1.02143013714344	7.2868873838897	4.76363229523065	0.0290671450584681	0.0471294450742239
"hsa-miR-144-5p"	2.21390984076037	2.66917529661311	3.01464815457939	0.0825153599484588	0.116110899356046
"hsa-miR-1468-5p"	4.05708660101929	4.99548625062699	49.4818693341582	2.00213523898283e-12	2.92109132798672e-11
"hsa-miR-146a-3p"	-6.14938935922423	4.19181277109865	26.4112230681269	2.75932547462236e-07	1.46915437432596e-06
"hsa-miR-146a-5p"	-0.178393330897018	13.8661515279312	0.0886056205044952	0.765957361154944	0.811255914771634
"hsa-miR-146b-3p"	-2.85304744566192	9.13968869424308	12.5155654065144	0.000403575638702405	0.00106143913226889
"hsa-miR-146b-5p"	-1.32779737832339	15.4866236546552	1.4910544671875	0.22205292536941	0.27512217797342
"hsa-miR-147b"	-6.67721657326908	5.70767323362663	80.7219612792239	2.59818552278497e-19	1.1374278844192e-17
"hsa-miR-148a-3p"	0.579015392875659	11.053828259814	1.51705458686163	0.21806576676258	0.271034423042449
"hsa-miR-148a-5p"	1.22092293175159	5.62376641817295	2.62526125353	0.105175192735039	0.142893192888295
"hsa-miR-148b-3p"	-0.239076289346802	10.7304082309806	0.371180960404928	0.542361246258039	0.608804361896489
"hsa-miR-148b-5p"	-1.8763144086696	6.65569491174433	21.8732148469771	2.912713264902e-06	1.24740111562107e-05
"hsa-miR-150-3p"	10.7323684838223	6.84934997835145	86.8417149180477	1.17563493447407e-20	6.6171452026112e-19
"hsa-miR-150-5p"	7.30868534139972	13.7455709755036	76.2244654593496	2.53185433497441e-18	9.06864189072653e-17
"hsa-miR-151a-3p"	4.06318104614807	12.6897687534942	62.7709912898656	2.32193651188802e-15	5.08246103157711e-14
"hsa-miR-151a-5p"	2.45504556006055	12.0774835761949	30.7698037341896	2.90523687000403e-08	1.81692591552633e-07
"hsa-miR-151b"	6.80937133764535	7.73121498463238	88.7013533141316	4.59151002587584e-21	3.61810990039016e-19
"hsa-miR-152-3p"	-1.20679805237306	5.52573604979093	6.3150395500413	0.0119718074978791	0.0209639651296194
"hsa-miR-152-5p"	-2.65445698173395	2.55447913885703	9.2440435084025	0.00236262671110461	0.00505910284877834
"hsa-miR-155-5p"	3.35573824767891	13.5761241321665	8.40947809286831	0.00373269802239331	0.00746539604478662
"hsa-miR-15a-5p"	1.97296158386527	11.8108707889317	11.787812462444	0.000596197517129581	0.00150578090864779
"hsa-miR-15b-3p"	0.995367453753358	5.20426751495746	3.90636442878887	0.0481035520813013	0.0734604632559407
"hsa-miR-15b-5p"	0.696055177902493	8.35527322355048	2.94684428998595	0.0860454271272956	0.120219497475725
"hsa-miR-16-2-3p"	1.58146236357906	6.75228357485915	13.1970334801446	0.000280392597139168	0.000806384549436732
"hsa-miR-16-5p"	2.71141573329745	14.8423591491498	20.7900079096958	5.12496555428484e-06	2.0396327559477e-05
"hsa-miR-17-3p"	1.93984151448486	7.08704815945136	12.9733173748886	0.000315961687574421	0.000870551782547705
"hsa-miR-17-5p"	1.95196684534261	8.83092151529365	15.9677521603961	6.44307129208758e-05	0.000220745225137609
"hsa-miR-181a-2-3p"	3.5633021171941	8.02957444190055	31.7078711051926	1.79194473295809e-08	1.17671037464248e-07
"hsa-miR-181a-3p"	0.841591133862872	9.30853496094652	3.56807756551767	0.0589004633208743	0.0879044793500927
"hsa-miR-181a-5p"	3.20518248447175	16.5314623100414	24.8500214163555	6.19683570559692e-07	3.05194158500648e-06
"hsa-miR-181b-3p"	-0.316339542878351	3.32233929618064	0.170003793899863	0.680108435942977	0.730143661475566
"hsa-miR-181b-5p"	1.08083641900466	11.0453435950113	4.30322134313838	0.0380402542120939	0.0592405539903755
"hsa-miR-181c-3p"	-3.44194740629404	6.29371904580159	39.3872276774317	3.47562935491602e-10	3.42349491459228e-09
"hsa-miR-181c-5p"	-1.21956926642771	9.21994670335269	8.41278239261889	0.00372591991161907	0.00746539604478662
"hsa-miR-181d-5p"	-2.54000113470787	5.43860695119836	15.2793365302392	9.27253162480128e-05	0.000304448121680975
"hsa-miR-182-5p"	4.54710263004155	7.85012020578562	13.1252588634603	0.000291341100664251	0.000831537724736523
"hsa-miR-183-5p"	4.39101683248345	5.41326931354724	26.8071144585701	2.24808179654834e-07	1.24752708146485e-06
"hsa-miR-185-3p"	-2.38503024271258	4.30303041640828	13.0878834069152	0.000297211986855502	0.000831537724736523
"hsa-miR-185-5p"	-2.53659528952802	7.44193382920787	32.9823562028669	9.29990308624272e-09	6.87723616858664e-08
"hsa-miR-186-5p"	1.64268032873461	13.5497660132419	9.02082588559489	0.00266920762130736	0.00562389199355669
"hsa-miR-188-5p"	-1.5318811601922	3.54156463172204	2.01583260379836	0.155665857154057	0.198486562196435
"hsa-miR-18a-3p"	0.279814606712919	3.66367962539614	0.158033961407002	0.690973088572405	0.739791839395455
"hsa-miR-18a-5p"	-0.232542014974878	5.49427576811187	0.155654375230219	0.693189357783803	0.740153406414142
"hsa-miR-1908-5p"	-2.62470150400495	3.05480910467553	8.99926949836044	0.00270087543978034	0.00566034533656093
"hsa-miR-190a-5p"	-2.37455822998625	3.37070165845419	6.93375452872246	0.0084583941877416	0.0154287375461583
"hsa-miR-191-3p"	-2.60589252422303	4.09059711524801	9.16883921867934	0.00246170659570207	0.00524276972273845
"hsa-miR-191-5p"	0.0626964280187048	15.2496939996703	0.0156791118370165	0.900352344721871	0.921399542390694
"hsa-miR-192-5p"	5.04363578627371	11.9665913606419	83.5096680164541	6.3405123263778e-20	3.12270232074107e-18
"hsa-miR-193a-3p"	-7.6608085294974	7.21361131171169	49.4108884104412	2.07590246658955e-12	2.92109132798672e-11
"hsa-miR-193a-5p"	-2.06970899168074	7.69222559643109	10.4912728416973	0.00119939716255155	0.002846761940032
"hsa-miR-193b-3p"	2.53652504459294	4.04699767070746	19.7317537535047	8.9108385530499e-06	3.34368608562063e-05
"hsa-miR-194-5p"	4.14478743640431	5.94606813715852	36.8035932049135	1.30649232388274e-09	1.11903907741261e-08
"hsa-miR-195-5p"	7.69702416316557	6.14210680917161	47.4126087888237	5.7511563032264e-12	7.81363994300414e-11
"hsa-miR-196b-5p"	-0.240567824877045	2.56964217215285	0.0704660392220386	0.790659432519784	0.832940685595708
"hsa-miR-197-3p"	-0.910190195275455	10.16606931069	5.55004869535464	0.0184801728254022	0.0308524919203748
"hsa-miR-1976"	-1.146541439601	4.46847818889559	6.42835055864727	0.0112312832482075	0.0197550249990794
"hsa-miR-199a-3p"	-0.682569106420183	5.9529036510887	2.12958282606173	0.144480072937848	0.187253778741816
"hsa-miR-199b-3p"	-0.698747861128923	4.83233978561112	2.5688271322566	0.108988511355121	0.147059840664101
"hsa-miR-199b-5p"	-2.00112143447676	5.3408195515574	12.8631417945535	0.000335117492348812	0.000898206067928108
"hsa-miR-19a-3p"	0.54734262424455	7.59777339619876	0.422301725727735	0.515790756687319	0.592442300216579
"hsa-miR-19b-3p"	1.72546791570056	10.2619734045751	5.99507404066196	0.014345878985056	0.0244687286584937
"hsa-miR-200a-3p"	3.81620839547247	4.75029690360012	20.2627407677094	6.75024269998793e-06	2.58213167358761e-05
"hsa-miR-200b-3p"	1.84141656761717	5.22183949980231	9.5295800706465	0.00202186377083052	0.00447536138037766
"hsa-miR-200c-3p"	1.35129817861511	5.42764633890717	8.00576174360293	0.00466287434110478	0.00896181702631846
"hsa-miR-20a-5p"	3.30821355540477	10.0799565059643	38.6758026047277	5.00373911287575e-10	4.69398383445963e-09
"hsa-miR-20b-5p"	4.2087010658564	5.95001656219007	35.1809852231159	3.00442803399025e-09	2.36748929078431e-08
"hsa-miR-21-3p"	-0.200563677722869	12.2737864648025	0.0340175267199356	0.853669540593877	0.882797372687632
"hsa-miR-21-5p"	-2.22990006298333	16.5642269609835	9.31645395127271	0.00227105091302835	0.00494361358968602
"hsa-miR-210-3p"	-2.94852035266323	8.13913243270936	14.1603166499373	0.000167874026777218	0.000504903561452091
"hsa-miR-210-5p"	-1.75181116326205	5.22833964246802	2.52985278440859	0.111710638102762	0.150218400725216
"hsa-miR-2110"	0.31247201510302	3.69571676413695	0.18278291845667	0.668992472463553	0.726124061021047
"hsa-miR-2110-3p"	-0.353239556609036	4.06254906543668	0.389142148371537	0.532750669908026	0.601443449695593
"hsa-miR-2116-3p"	-1.4981620488343	3.64577824460554	6.09555925399695	0.0135522026940984	0.0233614541854109
"hsa-miR-212-3p"	-1.81197046572302	4.11563761683129	3.46417412245718	0.0627118169477862	0.0925410332487931
"hsa-miR-212-5p"	-4.11008291171165	4.39424122579207	27.4372251107648	1.62277293392953e-07	9.13389337097478e-07
"hsa-miR-215-5p"	0.963570167220382	3.81262153287772	2.2936966068488	0.129900215348058	0.170356863945547
"hsa-miR-218-5p"	-3.20731677070882	2.14151386256006	8.83097569696153	0.00296160000484744	0.00607745000994734
"hsa-miR-22-3p"	-4.30317968628678	15.365457781884	61.9045402637857	3.60517341212004e-15	7.47599118092262e-14
"hsa-miR-22-5p"	-3.76939391592242	5.87042692151227	63.2021416593967	1.86545449037357e-15	4.32346511298346e-14
"hsa-miR-221-3p"	1.10689137426267	11.6408095337736	4.67893142588988	0.0305347366381989	0.0491048417773484
"hsa-miR-221-5p"	-0.940901318875314	7.32353002998748	2.06796971192799	0.150421652455778	0.19304928686507
"hsa-miR-222-3p"	-0.368427142322987	10.4179518423411	0.416352065937616	0.518762927854618	0.592442300216579
"hsa-miR-222-5p"	0.0961529659156708	3.0938385885251	0.00769492913755165	0.930098630901201	0.944481599420292
"hsa-miR-223-3p"	-0.329614978076122	10.5382986579772	0.402399777888952	0.525852506908868	0.595361746327856
"hsa-miR-223-5p"	1.00282567326089	5.77597640907253	4.38474070084487	0.0362620073731727	0.0571489236201202
"hsa-miR-2277-5p"	-2.15846500075065	3.64742694281144	16.7515039145578	4.26084787663589e-05	0.000148564076406597
"hsa-miR-2355-5p"	0.321627278664806	4.54249262974194	0.22071790912416	0.638493451277434	0.696859888651825
"hsa-miR-23a-3p"	-3.1512151736643	10.5606006477187	45.8909470450746	1.2502237861688e-11	1.49269142954699e-10
"hsa-miR-23a-5p"	-0.394073893836975	5.14036608422549	0.280632740106292	0.59628679610932	0.659935386705259
"hsa-miR-23b-3p"	0.385883802608528	6.3463662071363	0.703523818323901	0.401602167449854	0.475168930856585
"hsa-miR-24-2-5p"	-4.34757517413931	6.85765929238828	69.7231312548174	6.82411236305574e-17	2.06823097772612e-15
"hsa-miR-24-3p"	-1.95746411611643	9.77477085582172	23.9082624458283	1.01037184789466e-06	4.68337068318228e-06
"hsa-miR-2467-5p"	-2.064151950704	3.92972759420179	10.4457584694408	0.00122931417323915	0.00290029810931871
"hsa-miR-25-3p"	3.11459683446969	12.7739230247383	44.3409126240027	2.75889712565059e-11	3.19707490443039e-10
"hsa-miR-25-5p"	0.833908410917614	4.03709745020187	2.62999665315083	0.104861934478274	0.142893192888295
"hsa-miR-26a-2-3p"	0.559659293530967	3.79591939862629	0.561945375256414	0.453477481592751	0.527050524329038
"hsa-miR-26a-5p"	1.8488870535512	15.8518761376191	12.9328270210744	0.000322869810379623	0.000877315208893596
"hsa-miR-26b-3p"	-0.808928635896572	6.09771304951597	2.69088156084026	0.100923963331699	0.139035110324088
"hsa-miR-26b-5p"	1.65062369518174	13.4273753623326	12.5014773517483	0.000406630336573712	0.00106143913226889
"hsa-miR-27a-3p"	-2.7381252097442	11.7746382045878	29.5569858203161	5.42966048590497e-08	3.24134277491903e-07
"hsa-miR-27a-5p"	0.411005667611572	5.82976729803945	0.778760172668923	0.377520591434559	0.449374963822405
"hsa-miR-27b-3p"	2.78709802038946	12.3046636621542	21.005806738621	4.57893481509967e-06	1.88683576522598e-05
"hsa-miR-27b-5p"	3.22559221018622	3.73066904008607	13.3463969858565	0.00025891960627358	0.000750105329939637
"hsa-miR-28-3p"	2.19926096612008	13.8924196594154	17.3780249732594	3.06347480036469e-05	0.000108739555976909
"hsa-miR-28-5p"	0.555930246793705	10.0423831635996	1.22208141951626	0.268952559071999	0.329091019485614
"hsa-miR-29a-3p"	1.60811290464442	13.2517621230935	9.14576409686322	0.00249294512212979	0.00528075472107063
"hsa-miR-29a-5p"	-0.560061770496876	4.12449461853919	0.819634329120492	0.365287101086714	0.436130660085349
"hsa-miR-29b-1-5p"	1.27640720138098	3.331792392127	2.72824316848807	0.0985876794629222	0.136293142836461
"hsa-miR-29b-2-5p"	0.0808763644939201	3.16620683334436	0.0137491336027242	0.906656636966606	0.925447448095447
"hsa-miR-29b-3p"	2.55106150435685	9.1320723911428	19.5129399145055	9.99205151309653e-06	3.7140266944906e-05
"hsa-miR-29c-3p"	2.74482551453111	11.4992146471407	15.4223549591979	8.59652978590104e-05	0.000284624599634034
"hsa-miR-29c-5p"	1.29176032747366	6.19791720249048	6.65203044451612	0.00990428949055473	0.0176574210827084
"hsa-miR-301a-3p"	-0.504233159624046	6.59386856329451	0.404203357908938	0.524926412925799	0.595361746327856
"hsa-miR-301b-3p"	-2.40996924241493	4.97189039147121	11.309775773863	0.000771000825102267	0.00188679705025027
"hsa-miR-30a-3p"	0.0210156907342905	3.06258841169862	0.000822295295513698	0.977123243592242	0.982108566263631
"hsa-miR-30a-5p"	2.16308855643147	10.2599291579151	8.96232159550337	0.00275604445863916	0.00571516587738858
"hsa-miR-30b-3p"	2.17970412262747	3.44229693275036	7.03411239774589	0.00799714992157334	0.0147237246219621
"hsa-miR-30b-5p"	1.21813236440638	11.2851641757167	3.28588495483132	0.0698779485008564	0.101593770145156
"hsa-miR-30c-1-3p"	0.273323657521806	4.56897111892419	0.170636920530858	0.679546375550045	0.730143661475566
"hsa-miR-30c-5p"	-0.236876374256883	11.6999861698133	0.294903556443877	0.587095216091222	0.653433658587405
"hsa-miR-30d-3p"	2.84476974349335	6.42792427232643	15.1152473921076	0.000101143069437243	0.000329341895522925
"hsa-miR-30d-5p"	1.30508430857369	13.7841436094944	7.64696432695848	0.0056867937406817	0.0107720996818682
"hsa-miR-30e-3p"	2.4169944493014	9.5776984888439	3.87866142450948	0.0489035325869511	0.0743937908851689
"hsa-miR-30e-5p"	0.987844548895115	13.7442970164456	1.68840136968311	0.193811837936699	0.242418616339871
"hsa-miR-3150b-3p"	9.37701967942098	5.51792706147144	93.6810938934403	3.70684808418258e-22	4.86832715055979e-20
"hsa-miR-3158-3p"	0.0532386858594621	3.26414855668798	0.00974709006927998	0.92135475105277	0.938020082467161
"hsa-miR-3168"	-5.60671095708184	2.76733783219434	25.7976552850213	3.79148786424627e-07	1.91518745963209e-06
"hsa-miR-3174"	-4.05178334883023	2.43147719017156	7.42624870736967	0.00642792030438189	0.0119462292449361
"hsa-miR-3176"	-0.875615336385056	3.87998045924185	0.697219115885883	0.403719692218198	0.476244187826257
"hsa-miR-32-3p"	0.438115118128249	3.27098225781445	0.578133093328162	0.447045020514242	0.521111651131986
"hsa-miR-32-5p"	3.95707302891431	7.51003084566919	8.19115828321871	0.00420950388614541	0.00817017010414429
"hsa-miR-3200-3p"	-1.83779598451684	2.1767913103097	2.41054223598929	0.120520613650197	0.159346046235495
"hsa-miR-320a"	0.269073025253415	10.1448619621221	0.428357088164883	0.512796203076274	0.590765216409509
"hsa-miR-320b"	1.93245625606405	3.53375224553673	12.9955215682734	0.00031223686536341	0.000866347358825236
"hsa-miR-320d"	0.734844191831475	2.87043039653032	1.10816151385337	0.292481944026263	0.354578110604147
"hsa-miR-324-3p"	-1.60027565411122	5.47071196515893	9.67278847972345	0.00187017248663083	0.00418663613484401
"hsa-miR-324-5p"	-0.847473182048669	5.07745580369089	2.27415532031782	0.131546777847334	0.171620630701488
"hsa-miR-326"	-8.30472247919952	8.07554236638915	131.786411112655	1.66614973844609e-30	6.56462996947759e-28
"hsa-miR-328-3p"	-0.880167202458453	6.48287319807767	2.22280984445051	0.135985370695338	0.176825861564235
"hsa-miR-330-3p"	-0.242126483046165	4.4469042519697	0.24318683217095	0.621913832180032	0.682546099941316
"hsa-miR-330-5p"	-0.341095688137014	5.28410450741312	0.373632904825491	0.541030652650908	0.608804361896489
"hsa-miR-331-3p"	-2.996573586973	7.73811087374102	38.2722526054698	6.15313831750517e-10	5.50985567522054e-09
"hsa-miR-331-5p"	0.35934772207004	3.12431668449978	0.30543724612582	0.580493664214506	0.647916441077947
"hsa-miR-335-3p"	5.58520926720868	6.23270949127904	54.4099317743177	1.62738293615002e-13	2.91449489474139e-12
"hsa-miR-335-5p"	1.58490418953602	5.20283928978119	4.28983612994857	0.0383408607742101	0.0594736186812551
"hsa-miR-338-3p"	-3.81799976116418	7.17277611838804	39.2739277699841	3.68326846409852e-10	3.53953115818248e-09
"hsa-miR-338-5p"	-5.97846207469546	5.5245727189951	32.5741342268529	1.14731535592183e-08	8.07218303987862e-08
"hsa-miR-339-3p"	1.3413179294302	8.30019451484215	9.95003408883383	0.00160846419128822	0.00364215454808942
"hsa-miR-339-5p"	-0.790352180994445	6.86423947796075	2.36554854857729	0.124040304686454	0.163451103834324
"hsa-miR-33a-3p"	-0.317537916611657	3.85464338149854	0.23158179390113	0.630353424576645	0.68988680356444
"hsa-miR-33a-5p"	1.53843084137453	3.34707577710954	3.20920841346268	0.073224901551754	0.105382449038755
"hsa-miR-33b-3p"	0.130316646399404	3.11352016739508	0.0489262334446003	0.824942352729408	0.859860547553933
"hsa-miR-340-3p"	-3.48697004740032	5.85332917592717	41.2467532861374	1.34174525106163e-10	1.35550674081611e-09
"hsa-miR-340-5p"	-1.96085192407249	10.3562621626796	10.826979922841	0.00100031667902273	0.00240319982643267
"hsa-miR-342-3p"	0.840444935545025	12.0974469643277	3.12867412001581	0.0769262808824853	0.109815053143838
"hsa-miR-342-5p"	0.898025129562654	6.56468591649458	3.04526878242857	0.0809727109367193	0.114417410369098
"hsa-miR-345-5p"	-1.78357967960529	8.45283912219233	12.5007200506435	0.000406795200438077	0.00106143913226889
"hsa-miR-34a-3p"	-5.21090471270916	3.37130181556542	38.4930034626903	5.49503254800912e-10	5.03498331143161e-09
"hsa-miR-34a-5p"	-5.35577451213998	8.46432651363246	63.5694518710047	1.54811356032238e-15	3.81222964229387e-14
"hsa-miR-34c-5p"	-3.30869736821416	2.52798152175488	10.2778247475879	0.00134638585454248	0.00310219898648969
"hsa-miR-3605-3p"	-1.61971438280909	3.42910030424492	8.37137446034673	0.00381177224488951	0.00758504173983063
"hsa-miR-3605-5p"	-2.28010469719083	2.85290455129176	10.4304524022406	0.00123954376583459	0.00290702526035018
"hsa-miR-3607-3p"	2.16229760949233	7.80234439662109	3.33333269219174	0.0678891813224847	0.0994361986656468
"hsa-miR-3609"	6.08718963047982	5.48262922326135	26.1829084630028	3.10559126408437e-07	1.63147061073232e-06
"hsa-miR-361-3p"	2.46238583967306	11.0389116743872	17.4545512598911	2.94258941740302e-05	0.000106365158757504
"hsa-miR-361-5p"	0.843149861481805	8.94081052213244	4.30556447296443	0.0379878865168059	0.0592405539903755
"hsa-miR-3613-3p"	-1.90311211357477	3.3850993744375	9.49232485139482	0.00206333203970475	0.0045416358862775
"hsa-miR-3613-5p"	0.962352788841032	4.04454059978619	1.08401762044398	0.297800522334471	0.359918422698717
"hsa-miR-3614-5p"	0.219251277036863	3.19844019040577	0.0559535849016646	0.813009714349155	0.851930392163742
"hsa-miR-3615"	2.10032745475047	6.10903279726923	9.27175086035542	0.00232715138268197	0.0050103696435885
"hsa-miR-362-3p"	0.118149407661583	3.29960111312134	0.0237996421244624	0.877395804919149	0.902595162240587
"hsa-miR-362-5p"	0.934946729091742	5.94252106427465	0.973662815358499	0.323768379089898	0.388916894394573
"hsa-miR-3620-3p"	-2.47462141093543	2.32652292969617	6.99647316040769	0.0081670466968698	0.0149665879003102
"hsa-miR-363-3p"	3.97581527531187	9.79919270371457	46.5938074919508	8.73358076429578e-12	1.14701027371085e-10
"hsa-miR-3651"	2.61241700812987	4.10534244992763	9.95090350519669	0.00160770474115422	0.00364215454808942
"hsa-miR-3653-3p"	1.73338641574755	3.85303414781385	3.09551477137659	0.0785083179751336	0.111668871054883
"hsa-miR-3653-5p"	4.18006013825196	3.81854250583575	24.2188712618212	8.59856223533469e-07	4.13150429356325e-06
"hsa-miR-365a-3p"	-4.48786221606989	5.81717804920154	52.233972590838	4.92664019285125e-13	8.08790098326413e-12
"hsa-miR-365b-3p"	-4.48786221606989	5.81717804920154	52.233972590838	4.92664019285125e-13	8.08790098326413e-12
"hsa-miR-365b-5p"	-4.22536264003905	2.86531668603809	13.0855606195482	0.000297580759360025	0.000831537724736523
"hsa-miR-3677-3p"	-2.46055483949008	2.35122486282102	8.22080118768181	0.00414129124549216	0.00815834375361956
"hsa-miR-3681-5p"	6.38770527158151	2.82767500320817	26.4747377775645	2.6700712776871e-07	1.46112233806766e-06
"hsa-miR-3690"	-6.25167576673091	5.840112780101	42.6299357374659	6.61393845426603e-11	7.23858819716893e-10
"hsa-miR-371b-5p"	-4.69252171313341	3.61654848296944	36.2374590325795	1.74680478871499e-09	1.46434273777384e-08
"hsa-miR-374a-3p"	0.502618583994827	7.01916749377982	0.310441974418623	0.577409098763785	0.646304502593555
"hsa-miR-374a-5p"	1.0643441382764	7.16373333430824	1.84273088298674	0.174631208081528	0.22052787174398
"hsa-miR-374b-3p"	-0.955000183382065	3.7547986289534	3.25962140451666	0.0710055183410202	0.102853581714566
"hsa-miR-374b-5p"	-0.934214459729504	6.67244878027564	3.20783777985491	0.0732862716665457	0.105382449038755
"hsa-miR-378a-3p"	-2.69591962129644	13.7589867962756	33.7023871986111	6.42218281093597e-09	4.86603851443995e-08
"hsa-miR-378a-5p"	-2.7969118150361	6.2129649360618	25.3548713348921	4.7694641659921e-07	2.3786947865834e-06
"hsa-miR-378c"	2.63070334234704	4.49630447462714	24.1346933440711	8.98273121501977e-07	4.26409168520216e-06
"hsa-miR-378d"	1.62481528059729	3.22917205194697	5.68430454484572	0.0171173225010683	0.0286988300656209
"hsa-miR-3909"	-5.02685231458941	5.55676015664735	71.1172574663979	3.36612848994922e-17	1.10521218753333e-15
"hsa-miR-3912-3p"	3.18648857369812	4.18105467742282	11.9186744601589	0.000555740105988522	0.00142182858285375
"hsa-miR-3922-3p"	-1.97807002068291	3.07788173869466	8.98789413858226	0.00271774012041143	0.00566555347852965
"hsa-miR-3928-3p"	-0.958266404882407	2.66075144916919	1.25813359837061	0.262004670818045	0.321588287546136
"hsa-miR-409-3p"	5.78927366587721	2.39841628933127	15.6766440722545	7.5146414399519e-05	0.00025523868339147
"hsa-miR-410-3p"	2.00104523554149	2.61020697731012	4.72009180525666	0.0298121514466824	0.0481392937294789
"hsa-miR-421"	-2.44062102818135	7.67154547175389	30.402887677351	3.51005253668541e-08	2.16087609289696e-07
"hsa-miR-423-3p"	-0.663520985968938	11.6184989038254	2.50451139101912	0.113520688570236	0.152133167675759
"hsa-miR-423-5p"	0.342554399471627	11.4048877657544	0.651160076759294	0.419698226984607	0.490685760925623
"hsa-miR-424-3p"	-3.64606816217704	3.09012811237612	19.2133166126696	1.16895103391737e-05	4.26450654966153e-05
"hsa-miR-424-5p"	-7.33897397195727	7.3900303451498	35.5774494965972	2.45108645553895e-09	2.01193346558822e-08
"hsa-miR-425-3p"	-1.19660140732971	6.22345803135059	6.84989945529692	0.00886462612154511	0.0160213884949026
"hsa-miR-425-5p"	0.284775121905802	9.54455576126039	0.406880268426935	0.523557220151757	0.595361746327856
"hsa-miR-429"	1.5358015642815	2.74375261380101	1.45957217560233	0.226998204345954	0.280367688126351
"hsa-miR-4326"	-2.67403435451563	4.08625265459381	22.9081449290625	1.69930272610242e-06	7.69569280556726e-06
"hsa-miR-4424"	8.4020072688386	4.5909942903086	32.0443610227299	1.50691871714784e-08	1.02366547337284e-07
"hsa-miR-4443"	6.23583572540622	2.71519355064016	20.7700368040943	5.1786893436262e-06	2.04040360138872e-05
"hsa-miR-4464"	7.70199458347758	3.94792942281512	20.5086314722515	5.93629535903272e-06	2.31574294203851e-05
"hsa-miR-4482-3p"	6.81641443666873	3.10815696719144	11.5388379072528	0.000681572299364246	0.00168892758458813
"hsa-miR-4485-3p"	3.02391465762399	2.39379013246365	4.31964608576223	0.0376747572009688	0.0591388619011224
"hsa-miR-450a-5p"	-3.61327580019135	3.6120436589362	15.5053427026106	8.22723881342623e-05	0.000274706109533045
"hsa-miR-450b-5p"	-3.75013574978448	4.10914787385635	13.607326995906	0.000225304455977846	0.000657555227076085
"hsa-miR-451a"	4.42310071774798	6.31195209609766	9.61778305215354	0.00192702214193546	0.00428952951368684
"hsa-miR-4521"	-1.8412703531596	3.07530153843737	5.87853377220466	0.0153265797357387	0.0259170489951976
"hsa-miR-454-3p"	0.824072581811043	6.81291715488409	1.93638330015018	0.164061768385988	0.207846741942377
"hsa-miR-454-5p"	-0.00635334289121932	3.72265280608744	0.000136934137349609	0.990663458863202	0.993184231023159
"hsa-miR-4661-5p"	3.12465560204163	3.0803559624811	7.07885685038399	0.00779987536828696	0.0144279384746716
"hsa-miR-4662a-5p"	1.5110361857279	4.50130507644711	3.95432566045405	0.0467510461013537	0.0719527818903648
"hsa-miR-4677-3p"	-0.388384573875343	5.73549554639403	0.545769541158974	0.460051428048466	0.533118419562046
"hsa-miR-4707-3p"	-4.6240098275354	2.16457397163709	12.0389953126832	0.00052099044868496	0.00134163553452205
"hsa-miR-4775"	-1.34367907950585	3.12844568457967	3.7995209347327	0.0512672491093071	0.0770965501872786
"hsa-miR-4787-3p"	-4.60713930116916	2.93501622057988	14.9553028447695	0.000110088226302632	0.000352640334660463
"hsa-miR-4802-3p"	-3.4772438032845	2.10536287033667	6.2260337412052	0.0125885392847411	0.0218497113576563
"hsa-miR-484"	-0.607137151474484	9.87546877731364	2.44126480113093	0.118180901186304	0.156778703930653
"hsa-miR-486-3p"	6.64918763494204	7.04325258319311	59.3262751955468	1.33580979008397e-14	2.63154528646542e-13
"hsa-miR-486-5p"	9.2110089952026	15.0378717779084	57.7018421929006	3.05017018814609e-14	5.72270025775980e-13
"hsa-miR-497-5p"	4.03647017576662	4.04972669933091	11.4427765442883	0.000717724639495374	0.00176739692475736
"hsa-miR-5000-3p"	3.54692373321488	3.19635366567326	17.4345772033718	2.97367144307132e-05	0.000106511504415464
"hsa-miR-500a-3p"	-1.42575411617051	10.2598908382352	2.9557403277182	0.0855731071543563	0.119985068394364
"hsa-miR-500a-5p"	-1.39012718890752	3.0152188324813	3.83135146498303	0.0503023579479069	0.0762274193518282
"hsa-miR-500b-3p"	-2.15104203013438	2.73555913592802	8.59839853922635	0.00336458739678704	0.00679819197094407
"hsa-miR-500b-5p"	-1.38775582481298	3.01577697984439	3.81442011637724	0.0508131911246235	0.0767065030770179
"hsa-miR-501-3p"	-2.26256298950342	9.5353613833075	32.9562439738054	9.42565363207306e-09	6.87723616858664e-08
"hsa-miR-501-5p"	-2.65146367937555	3.88246036278539	12.9181330195298	0.000325414270378082	0.0008781727570477
"hsa-miR-5010-3p"	-2.47586697248652	4.08572050791281	22.6571596819418	1.93637328672494e-06	8.47701194410695e-06
"hsa-miR-502-3p"	-3.76429208764904	4.87500459151462	49.5825343159012	1.90199434776387e-12	2.88225297314987e-11
"hsa-miR-502-5p"	-1.39138743156647	2.80490181844132	3.30429715906334	0.0690988989245756	0.100833208060307
"hsa-miR-505-3p"	-1.89051655508165	5.97046820171836	13.6718835398277	0.000217689477025918	0.000640072044389638
"hsa-miR-511-3p"	-10.9984323301634	6.72126071699114	89.2510914570816	3.47750979088465e-21	3.42534714402138e-19
"hsa-miR-511-5p"	-6.49281119148909	6.75057618167441	31.0216700960236	2.55163598351477e-08	1.62452189927141e-07
"hsa-miR-5196-3p"	7.84815607797021	4.06622795748816	68.8050905017716	1.08691771588144e-16	3.05889700040918e-15
"hsa-miR-532-3p"	-2.18591676600949	6.42189009988988	10.3511667738496	0.00129392873836728	0.00299887013480418
"hsa-miR-532-5p"	-0.00234910068141731	10.3577993522041	1.36582094114601e-05	0.997051263562106	0.997051263562106
"hsa-miR-542-3p"	-2.47344522356687	2.29635640201751	6.04633446832096	0.0139351965335379	0.0238715975400605
"hsa-miR-548au-5p"	-2.16053325593227	2.42623931482695	6.8374374402101	0.00892668030843529	0.0160598723357238
"hsa-miR-548e-3p"	-0.852926826094683	6.21060678064891	1.70515968045841	0.191614583486559	0.24043358564874
"hsa-miR-548e-5p"	0.250306910836404	4.51050236001206	0.174806597773036	0.675874889988252	0.729574538781839
"hsa-miR-548k"	-1.84364972837873	6.39623097467624	14.2958618504556	0.000156207901883872	0.00047710010342826
"hsa-miR-548o-3p"	-0.78352789783785	4.33030585524563	2.4470463339179	0.117746243514674	0.156729797110748
"hsa-miR-550a-3p"	-0.941220392472723	3.50234638013096	2.07805470815722	0.149430507399047	0.19240398665106
"hsa-miR-5690"	-0.45683717121719	2.76267594670919	0.456394880199599	0.499313668037422	0.57691960471186
"hsa-miR-574-3p"	-4.43085211877119	7.02819265950967	76.321001232909	2.41106088896286e-18	9.06864189072653e-17
"hsa-miR-576-5p"	1.5313408306661	6.04686629739297	8.68255514084062	0.00321270255374721	0.00655857412526633
"hsa-miR-577"	8.91290580208073	7.65344543781186	106.176098283833	6.74654891326766e-25	1.32907013591373e-22
"hsa-miR-582-3p"	3.53660675388982	6.54768246685885	21.0598964268756	4.45147761943692e-06	1.8658321085725e-05
"hsa-miR-582-5p"	2.57871495503304	5.87387130582637	12.2684775394731	0.000460673949117989	0.00119411536810847
"hsa-miR-584-5p"	2.09542458409038	2.98458325605806	4.53950554098607	0.0331211579426514	0.0526199041508252
"hsa-miR-589-3p"	-2.9447537011776	4.15957275141462	32.6754998282507	1.08901286859219e-08	7.80129218591497e-08
"hsa-miR-589-5p"	0.0264728297263782	7.72364859376048	0.00236599421131256	0.961205007611722	0.971063520510304
"hsa-miR-590-3p"	0.41406779660424	5.72416579038455	0.265501849812098	0.606365256643894	0.667340533848308
"hsa-miR-598-3p"	3.41997643146289	6.12250714724137	23.8585446835167	1.03680631257581e-06	4.75001961807989e-06
"hsa-miR-616-5p"	-0.64284373124928	4.50496630193149	2.29076543669527	0.130145726009161	0.170356863945547
"hsa-miR-618"	-5.41302935355125	3.05520946009758	26.0636718725199	3.30341336774039e-07	1.69076583565143e-06
"hsa-miR-625-3p"	1.79452573452428	5.53478984932903	14.5478020646052	0.000136647967612698	0.000423931490074038
"hsa-miR-625-5p"	0.393618094001014	4.38706701787013	0.418164783965896	0.51785420471048	0.592442300216579
"hsa-miR-628-3p"	-0.740031656630105	3.72515391405435	2.07844330946359	0.149392463984068	0.19240398665106
"hsa-miR-628-5p"	-1.37228717356973	4.12725449794647	6.25186106513113	0.0124062891677843	0.0216286634164026
"hsa-miR-629-3p"	-0.254178335596296	2.98744486317826	0.0728001997192607	0.787302488965668	0.831627830167488
"hsa-miR-629-5p"	0.746218625853397	6.20775833819093	1.97596840032662	0.159815772457997	0.203120691446616
"hsa-miR-641"	0.506151086181788	3.66457873049555	0.756828147163299	0.384322972260425	0.456094129730746
"hsa-miR-650-3p"	5.82920075593527	2.43795552676964	13.8125200405592	0.000201985752468763	0.000598363808065357
"hsa-miR-6503-3p"	-3.23910736682212	4.02059367985816	22.6603481055949	1.93316271604116e-06	8.47701194410695e-06
"hsa-miR-6503-5p"	-1.83453116914457	2.43542726977776	3.42134605323908	0.0643585171786105	0.0946166260013901
"hsa-miR-651-5p"	3.49467565614748	4.02660423637851	14.8336913292199	0.000117418997901492	0.000367550226654007
"hsa-miR-6511b-3p"	-1.41511895701663	2.50669303280626	3.57437012232605	0.0586776979954492	0.0879044793500927
"hsa-miR-6516-3p"	2.52581065428911	4.63201453791949	6.74894712529245	0.00938030224407321	0.0167992685643857
"hsa-miR-652-3p"	-0.558103078996282	8.09996035303771	1.7593418815769	0.184706624611407	0.232506102545989
"hsa-miR-652-5p"	-1.19477920665044	3.76261985028196	5.09176884132108	0.0240396597837847	0.0394651081450466
"hsa-miR-653-5p"	-4.20260302840828	2.17009537366915	11.8896133591803	0.000564478378463341	0.00143486762009391
"hsa-miR-659-5p"	4.08175415207688	4.61209227157082	35.3945472627796	2.69239579904161e-09	2.16490600984162e-08
"hsa-miR-660-3p"	-3.53681678366638	2.814329945312	14.5189873567774	0.000138753968331634	0.00042710205877081
"hsa-miR-660-5p"	-1.12292617254704	9.28798983101697	6.50474696894575	0.0107586873144239	0.0190086224299687
"hsa-miR-664a-3p"	1.86653854110119	7.34256853366434	15.0246649184544	0.000106115186930863	0.000342699865989837
"hsa-miR-664a-5p"	3.42725193706669	4.85622419195951	33.88157693017	5.85707032129151e-09	4.52487393448795e-08
"hsa-miR-664b-3p"	2.46624406392749	3.60576827494271	10.8620393981626	0.000981555423692968	0.00237259409162595
"hsa-miR-671-3p"	-0.221177366597221	6.064597860711	0.10484128619661	0.746095481789323	0.792349379582192
"hsa-miR-671-5p"	-1.73279068988808	3.645451718362	11.7141194676376	0.000620276544063156	0.0015467655592461
"hsa-miR-6769b-3p"	0.0318618711866035	2.98092190809249	0.00131541486905817	0.971068148302204	0.978518799056441
"hsa-miR-6810-3p"	-6.12149135191556	2.49688431875076	20.8813259829841	4.88635089703715e-06	1.96451250350269e-05
"hsa-miR-6842-3p"	2.40165932914854	6.24461336840514	19.2184086373994	1.16583717303109e-05	4.26450654966153e-05
"hsa-miR-7-1-3p"	2.41246610718596	5.75125707054896	15.6243289723539	7.7254204452196e-05	0.000260155184223634
"hsa-miR-7-5p"	2.08966497393977	5.33675353169792	7.7760780658452	0.00529426115148535	0.010125916959637
"hsa-miR-708-3p"	3.53948768386273	3.73198725903577	8.19328515320107	0.00420457178650496	0.00817017010414429
"hsa-miR-708-5p"	1.88049057502186	4.17353007058223	2.66796756216554	0.102386698396159	0.140558742745946
"hsa-miR-744-3p"	-1.72175089711504	2.90686194005843	6.51294548845466	0.0107091974899807	0.019006413563299
"hsa-miR-744-5p"	-2.48700100887709	7.55613812585835	20.9974711089685	4.59890004344416e-06	1.88683576522598e-05
"hsa-miR-766-3p"	1.46291182198763	6.24412705955047	13.1058331838216	0.000294377720781017	0.000831537724736523
"hsa-miR-769-5p"	1.31915306918326	9.09632289024667	8.62217957765028	0.00332094237063271	0.00674459429912004
"hsa-miR-7705"	-0.961047888754225	3.28267337926597	2.46997508769905	0.116039763760813	0.154981921768678
"hsa-miR-7706"	1.33936713240441	6.70501579327586	3.04429143110312	0.0810214657182188	0.114417410369098
"hsa-miR-7974"	1.27231469422069	3.06166561737813	1.59107337991058	0.207172844799568	0.258310445731107
"hsa-miR-7976"	-3.44788142417964	3.19536827802636	21.9120969566685	2.85428966114771e-06	1.2358133258156e-05
"hsa-miR-7977"	0.210985451219667	2.43411626559681	0.0212076118650657	0.88421479858809	0.907241225634655
"hsa-miR-874-3p"	1.11813383494072	5.23848135896575	6.09218539334542	0.0135781040823835	0.0233614541854109
"hsa-miR-877-5p"	-0.854114837872026	5.46060776367095	1.1111077571782	0.291841273446072	0.354578110604147
"hsa-miR-9-5p"	-0.108202740240051	5.35902570114113	0.0287268504179838	0.865411259879276	0.892596953906898
"hsa-miR-92a-1-5p"	3.2492232396068	4.05215783308688	26.0631604156721	3.3042885620599e-07	1.69076583565143e-06
"hsa-miR-92a-3p"	3.18229538509923	16.7745446716948	46.1897560981515	1.07336723701131e-11	1.32593784435272e-10
"hsa-miR-92b-3p"	0.135735884487526	8.01357992416964	0.0451777510834077	0.831677518252736	0.862318268925205
"hsa-miR-93-3p"	-2.06906482676744	4.48774041158233	20.0365457650154	7.59761851839171e-06	2.87832855408301e-05
"hsa-miR-93-5p"	1.5357074319626	10.3057519510011	10.1519045152674	0.00144152241302613	0.00330209203914125
"hsa-miR-940"	-3.53995816515707	3.47271963759511	20.9782565509032	4.64525556413502e-06	1.88683576522598e-05
"hsa-miR-941"	-1.75246404274913	9.52171617690629	8.89653897799337	0.00285711693072202	0.00589373859007579
"hsa-miR-941-3-5p"	-1.80208001111124	7.20124630452003	9.46963674139261	0.00208900735749609	0.00457260499363033
"hsa-miR-942-5p"	0.420365595397001	3.88657301282918	0.869014399702473	0.351228309014476	0.420619920217943
"hsa-miR-944"	2.02505132507799	2.83857935059762	5.77509957405022	0.0162547991852436	0.0273691917905384
"hsa-miR-95-3p"	6.88482088758022	3.22464405588556	41.4841994352922	1.18827474465244e-10	1.23205328787648e-09
"hsa-miR-96-5p"	6.76793895579107	3.12949242159849	31.7379016757201	1.7644496904494e-08	1.17671037464248e-07
"hsa-miR-98-3p"	-2.75681124091564	3.88369481774448	11.7498300937168	0.000608487926102586	0.00152703339416827
"hsa-miR-98-5p"	0.0461650289494701	11.5176201734161	0.00473913508926671	0.945115882676009	0.957263901733541
"hsa-miR-99a-5p"	-1.59520005415543	4.64637050761584	4.50785183902899	0.0337395893743068	0.0533871414195858
"hsa-miR-99b-3p"	-4.22742947146142	4.95824854615968	16.845293274891	4.05537772298317e-05	0.000142662394897801
"hsa-miR-99b-5p"	-6.39523790046885	13.7937076337288	66.3434784348404	3.7881011642407e-16	9.95007905807225e-15
