"logFC"	"logCPM"	"LR"	"PValue"	"FDR2"
"hsa-let-7a-3p"	0	5.85183064553287	0	1	1
"hsa-let-7a-5p"	0	14.8546940030439	0	1	1
"hsa-let-7b-3p"	0	5.07758460136821	0	1	1
"hsa-let-7b-5p"	0	11.2315368247768	0	1	1
"hsa-let-7c-5p"	0	5.90862794120686	0	1	1
"hsa-let-7d-3p"	0	8.85813501381052	0	1	1
"hsa-let-7d-5p"	0	11.4738329221597	0	1	1
"hsa-let-7e-3p"	0	4.33411333107222	0	1	1
"hsa-let-7e-5p"	0	11.6792874051637	0	1	1
"hsa-let-7f-1-3p"	0	5.04652369183949	0	1	1
"hsa-let-7f-2-3p"	0	4.67347711748706	0	1	1
"hsa-let-7f-5p"	0	15.3155134507426	0	1	1
"hsa-let-7g-3p"	0	4.10255642527675	0	1	1
"hsa-let-7g-5p"	0	13.3785055517027	0	1	1
"hsa-let-7i-3p"	0	6.28918961007448	0	1	1
"hsa-let-7i-5p"	0	14.0087493773139	0	1	1
"hsa-miR-100-5p"	0	7.26936796780916	0	1	1
"hsa-miR-101-3p"	0	11.5305299711941	0	1	1
"hsa-miR-101-5p"	0	3.99971765912105	0	1	1
"hsa-miR-103a-3p"	0	13.2497250525811	0	1	1
"hsa-miR-106b-3p"	0	6.94474277552024	0	1	1
"hsa-miR-106b-5p"	0	7.62117268897965	0	1	1
"hsa-miR-107"	0	5.50881281894273	0	1	1
"hsa-miR-10a-5p"	0	10.3055186779194	0	1	1
"hsa-miR-10b-5p"	0	4.43787462475982	0	1	1
"hsa-miR-1226-3p"	0	5.01703342152461	0	1	1
"hsa-miR-1228-3p"	0	4.97112512709	0	1	1
"hsa-miR-1228-5p"	0	3.05544515944139	0	1	1
"hsa-miR-1237-3p"	0	2.83957936133162	0	1	1
"hsa-miR-1249-3p"	0	7.91863366528071	0	1	1
"hsa-miR-125a-3p"	0	3.91385123758089	0	1	1
"hsa-miR-125a-5p"	0	13.537391861982	0	1	1
"hsa-miR-125b-2-3p"	0	3.17559656190415	0	1	1
"hsa-miR-125b-5p"	0	5.4427322073616	0	1	1
"hsa-miR-126-3p"	0	4.49804147875966	0	1	1
"hsa-miR-126-5p"	0	5.46741117874744	0	1	1
"hsa-miR-1260a"	0	5.10576464158803	0	1	1
"hsa-miR-1260b"	0	4.41756706194226	0	1	1
"hsa-miR-127-3p"	0	3.98288868401073	0	1	1
"hsa-miR-1271-5p"	0	6.47868658832337	0	1	1
"hsa-miR-1273h-3p"	0	3.56160079049404	0	1	1
"hsa-miR-128-1-5p"	0	4.40374036102726	0	1	1
"hsa-miR-128-3p"	0	9.54571683498864	0	1	1
"hsa-miR-1285-3p"	0	5.06235164851822	0	1	1
"hsa-miR-1296-5p"	0	4.95748727371063	0	1	1
"hsa-miR-1301-3p"	0	8.54835874029228	0	1	1
"hsa-miR-1303"	0	4.86807670572319	0	1	1
"hsa-miR-1304-3p"	0	5.41820027171921	0	1	1
"hsa-miR-1306-5p"	0	3.70336228165432	0	1	1
"hsa-miR-1307-3p"	0	9.07374417265855	0	1	1
"hsa-miR-1307-5p"	0	9.37019265234647	0	1	1
"hsa-miR-130a-3p"	0	6.02914063417643	0	1	1
"hsa-miR-130b-3p"	0	8.39731730758855	0	1	1
"hsa-miR-130b-5p"	0	6.56562820263295	0	1	1
"hsa-miR-132-3p"	0	8.05398622898897	0	1	1
"hsa-miR-132-5p"	0	5.3328073287266	0	1	1
"hsa-miR-133a-3p"	0	5.37713420188019	0	1	1
"hsa-miR-1343-3p"	0	3.62597927183235	0	1	1
"hsa-miR-139-5p"	0	4.76839993740675	0	1	1
"hsa-miR-140-3p"	0	11.8423231900287	0	1	1
"hsa-miR-140-5p"	0	6.48094589390699	0	1	1
"hsa-miR-141-3p"	0	5.43811940849215	0	1	1
"hsa-miR-142-3p"	0	10.10601584566	0	1	1
"hsa-miR-142-5p"	0	13.6775340364191	0	1	1
"hsa-miR-143-3p"	0	7.03027548117573	0	1	1
"hsa-miR-146a-3p"	0	5.66894375892312	0	1	1
"hsa-miR-146a-5p"	0	14.393815578779	0	1	1
"hsa-miR-146b-3p"	0	10.5191529169561	0	1	1
"hsa-miR-146b-5p"	0	16.5237074518535	0	1	1
"hsa-miR-147b"	0	7.25549244535313	0	1	1
"hsa-miR-148a-3p"	0	11.0825247810663	0	1	1
"hsa-miR-148a-5p"	0	5.22264358574203	0	1	1
"hsa-miR-148b-3p"	0	11.2645192131514	0	1	1
"hsa-miR-148b-5p"	0	7.80937729165265	0	1	1
"hsa-miR-150-5p"	0	7.62335504996243	0	1	1
"hsa-miR-151a-3p"	0	9.76724467998623	0	1	1
"hsa-miR-151a-5p"	0	10.6437053917788	0	1	1
"hsa-miR-152-3p"	0	6.45234775356205	0	1	1
"hsa-miR-152-5p"	0	3.52519720112698	0	1	1
"hsa-miR-155-5p"	0	11.3190866544413	0	1	1
"hsa-miR-15a-5p"	0	10.7934296680138	0	1	1
"hsa-miR-15b-3p"	0	4.95465982668787	0	1	1
"hsa-miR-15b-5p"	0	8.30958600925019	0	1	1
"hsa-miR-16-2-3p"	0	6.08185083829222	0	1	1
"hsa-miR-16-5p"	0	13.1723991845786	0	1	1
"hsa-miR-17-3p"	0	6.13990530684393	0	1	1
"hsa-miR-17-5p"	0	7.81773822646876	0	1	1
"hsa-miR-181a-2-3p"	0	5.62197083403862	0	1	1
"hsa-miR-181a-3p"	0	9.16039010281078	0	1	1
"hsa-miR-181a-5p"	0	14.4185764896177	0	1	1
"hsa-miR-181b-3p"	0	3.77050171915158	0	1	1
"hsa-miR-181b-5p"	0	10.721277621044	0	1	1
"hsa-miR-181c-3p"	0	7.71841779131332	0	1	1
"hsa-miR-181c-5p"	0	10.1972795550915	0	1	1
"hsa-miR-181d-5p"	0	6.72648072717336	0	1	1
"hsa-miR-182-5p"	0	4.58776533950337	0	1	1
"hsa-miR-185-3p"	0	5.4933417945618	0	1	1
"hsa-miR-185-5p"	0	8.76046157788672	0	1	1
"hsa-miR-186-5p"	0	12.8051007673493	0	1	1
"hsa-miR-188-5p"	0	4.45023297705921	0	1	1
"hsa-miR-18a-3p"	0	3.86831436757962	0	1	1
"hsa-miR-18a-5p"	0	5.98594960548512	0	1	1
"hsa-miR-1908-5p"	0	4.1145555066572	0	1	1
"hsa-miR-190a-5p"	0	4.44969795137618	0	1	1
"hsa-miR-191-3p"	0	5.27122865979458	0	1	1
"hsa-miR-191-5p"	0	15.6217700883038	0	1	1
"hsa-miR-192-5p"	0	8.12485316249761	0	1	1
"hsa-miR-193a-3p"	0	8.75934122030779	0	1	1
"hsa-miR-193a-5p"	0	8.92686250844112	0	1	1
"hsa-miR-194-5p"	0	3.23605053947925	0	1	1
"hsa-miR-196b-5p"	0	2.9851775121538	0	1	1
"hsa-miR-197-3p"	0	11.0122782662141	0	1	1
"hsa-miR-1976"	0	5.33200824620355	0	1	1
"hsa-miR-199a-3p"	0	6.69593502643093	0	1	1
"hsa-miR-199b-3p"	0	5.55660676311122	0	1	1
"hsa-miR-199b-5p"	0	6.4890507209143	0	1	1
"hsa-miR-19a-3p"	0	7.65292793109538	0	1	1
"hsa-miR-19b-3p"	0	9.44333135313295	0	1	1
"hsa-miR-200b-3p"	0	4.39237183826753	-1.4210854715202e-14	1	1
"hsa-miR-200c-3p"	0	4.93562939302301	0	1	1
"hsa-miR-20a-5p"	0	7.86350362952479	0	1	1
"hsa-miR-20b-5p"	0	3.15102660678779	0	1	1
"hsa-miR-21-3p"	0	12.7843059685824	0	1	1
"hsa-miR-21-5p"	0	17.8197494089181	0	1	1
"hsa-miR-210-3p"	0	9.51620832584367	0	1	1
"hsa-miR-210-5p"	0	6.31746347243959	0	1	1
"hsa-miR-2110"	0	3.91542548078744	0	1	1
"hsa-miR-2110-3p"	0	4.60224471813364	0	1	1
"hsa-miR-2116-3p"	0	4.58903937678496	0	1	1
"hsa-miR-212-3p"	0	5.17267029661275	0	1	1
"hsa-miR-212-5p"	0	5.78579110518789	0	1	1
"hsa-miR-215-5p"	0	3.65280859484388	0	1	1
"hsa-miR-218-5p"	0	3.04338535555932	0	1	1
"hsa-miR-22-3p"	0	16.8784971161629	0	1	1
"hsa-miR-22-5p"	0	7.31709380405647	0	1	1
"hsa-miR-221-3p"	0	11.316048339764	0	1	1
"hsa-miR-221-5p"	0	8.1798352809698	0	1	1
"hsa-miR-222-3p"	0	11.0197587539741	0	1	1
"hsa-miR-222-5p"	0	3.38080667158095	0	1	1
"hsa-miR-223-3p"	0	11.1334917501117	0	1	1
"hsa-miR-223-5p"	0	5.54301135084253	0	1	1
"hsa-miR-2277-5p"	0	4.72953408889405	0	1	1
"hsa-miR-2355-5p"	0	4.74222633746301	0	1	1
"hsa-miR-23a-3p"	0	11.9926053744715	0	1	1
"hsa-miR-23a-5p"	0	5.74085984775655	0	1	1
"hsa-miR-23b-3p"	0	6.51410747052284	0	1	1
"hsa-miR-24-2-5p"	0	8.36519660687201	0	1	1
"hsa-miR-24-3p"	0	10.9728950818224	0	1	1
"hsa-miR-2467-5p"	0	5.01670529187733	0	1	1
"hsa-miR-25-3p"	0	10.7431745821792	0	1	1
"hsa-miR-25-5p"	0	3.92464102087426	0	1	1
"hsa-miR-26a-2-3p"	0	3.84771607098744	0	1	1
"hsa-miR-26a-5p"	0	14.9334148947951	0	1	1
"hsa-miR-26b-3p"	0	6.86938896609596	0	1	1
"hsa-miR-26b-5p"	0	12.6664834536586	0	1	1
"hsa-miR-27a-3p"	0	13.1307051577736	0	1	1
"hsa-miR-27a-5p"	0	5.98650488246955	0	1	1
"hsa-miR-27b-3p"	0	10.5710688123705	0	1	1
"hsa-miR-28-3p"	0	12.6928275431769	0	1	1
"hsa-miR-28-5p"	0	10.0899018192921	0	1	1
"hsa-miR-29a-3p"	0	12.5394658393767	0	1	1
"hsa-miR-29a-5p"	0	4.72377662675776	0	1	1
"hsa-miR-29b-1-5p"	0	3.00221332301411	0	1	1
"hsa-miR-29b-2-5p"	0	3.47309505865488	0	1	1
"hsa-miR-29b-3p"	0	7.627462221167	0	1	1
"hsa-miR-29c-3p"	0	9.81129457925704	0	1	1
"hsa-miR-29c-5p"	0	5.72788107810205	0	1	1
"hsa-miR-301a-3p"	0	7.21091416834795	0	1	1
"hsa-miR-301b-3p"	0	6.15639880634216	0	1	1
"hsa-miR-30a-3p"	0	3.36938026833323	0	1	1
"hsa-miR-30a-5p"	0	9.04392818343349	0	1	1
"hsa-miR-30b-5p"	0	10.8616930302683	0	1	1
"hsa-miR-30c-1-3p"	0	4.81191350319227	0	1	1
"hsa-miR-30c-5p"	0	12.2270888057658	0	1	1
"hsa-miR-30d-3p"	0	4.70526126159868	0	1	1
"hsa-miR-30d-5p"	0	13.3027840114164	0	1	1
"hsa-miR-30e-3p"	0	8.1745260252217	0	1	1
"hsa-miR-30e-5p"	0	13.4929604940541	0	1	1
"hsa-miR-3158-3p"	0	3.56879149988039	0	1	1
"hsa-miR-3168"	0	3.98288868401073	0	1	1
"hsa-miR-3174"	0	3.46303752522192	0	1	1
"hsa-miR-3176"	0	4.60570836047981	0	1	1
"hsa-miR-32-3p"	0	3.39282907791883	0	1	1
"hsa-miR-32-5p"	0	4.76245500112934	0	1	1
"hsa-miR-3200-3p"	0	2.93514628280093	0	1	1
"hsa-miR-320a"	0	10.3932161562719	0	1	1
"hsa-miR-320d"	0	2.86101677701436	0	1	1
"hsa-miR-324-3p"	0	6.52819933200524	0	1	1
"hsa-miR-324-5p"	0	5.85323836710455	0	1	1
"hsa-miR-326"	0	9.67055618682959	0	1	1
"hsa-miR-328-3p"	0	7.29666142725087	0	1	1
"hsa-miR-330-3p"	0	4.93995582691342	0	1	1
"hsa-miR-330-5p"	0	5.81505160720642	0	1	1
"hsa-miR-331-3p"	0	9.12849549643815	0	1	1
"hsa-miR-331-5p"	0	3.27746210639684	0	1	1
"hsa-miR-335-5p"	0	4.5558927497285	0	1	1
"hsa-miR-338-3p"	0	8.66349164584609	0	1	1
"hsa-miR-338-5p"	0	7.05004530593569	0	1	1
"hsa-miR-339-3p"	0	7.80446537792014	0	1	1
"hsa-miR-339-5p"	0	7.65964921639923	0	1	1
"hsa-miR-33a-3p"	0	4.34115013661338	0	1	1
"hsa-miR-33b-3p"	0	3.37738271355796	0	1	1
"hsa-miR-340-3p"	0	7.25562560875532	0	1	1
"hsa-miR-340-5p"	0	11.545051840238	0	1	1
"hsa-miR-342-3p"	0	11.9547388877956	0	1	1
"hsa-miR-342-5p"	0	6.39871018145513	0	1	1
"hsa-miR-345-5p"	0	9.60744830195022	0	1	1
"hsa-miR-34a-3p"	0	4.70065576841634	0	1	1
"hsa-miR-34a-5p"	0	10.0388228594968	0	1	1
"hsa-miR-34c-5p"	0	3.55779799800728	0	1	1
"hsa-miR-3605-3p"	0	4.35154180233364	0	1	1
"hsa-miR-3605-5p"	0	3.85343101779842	0	1	1
"hsa-miR-3607-3p"	0	6.63846938197319	0	1	1
"hsa-miR-361-3p"	0	9.62829313044887	0	1	1
"hsa-miR-361-5p"	0	8.80055049677913	0	1	1
"hsa-miR-3613-3p"	0	4.37113311787806	0	1	1
"hsa-miR-3613-5p"	0	3.84797742416018	0	1	1
"hsa-miR-3614-5p"	0	3.44710610358491	0	1	1
"hsa-miR-3615"	0	5.04062883347425	0	1	1
"hsa-miR-362-3p"	0	3.58129532496055	0	1	1
"hsa-miR-362-5p"	0	5.75484450036701	0	1	1
"hsa-miR-3620-3p"	0	3.21169292095563	0	1	1
"hsa-miR-363-3p"	0	6.97663714643627	0	1	1
"hsa-miR-3653-3p"	0	3.16926179039828	0	1	1
"hsa-miR-365a-3p"	0	7.31114723487937	0	1	1
"hsa-miR-365b-3p"	0	7.31114723487937	0	1	1
"hsa-miR-365b-5p"	0	4.07651012717571	0	1	1
"hsa-miR-3677-3p"	0	3.25861792318418	0	1	1
"hsa-miR-3690"	0	7.41470018818976	0	1	1
"hsa-miR-371b-5p"	0	4.96808915814454	0	1	1
"hsa-miR-374a-3p"	0	7.09720772577676	0	1	1
"hsa-miR-374a-5p"	0	6.85687583674519	0	1	1
"hsa-miR-374b-3p"	0	4.50662529043288	0	1	1
"hsa-miR-374b-5p"	0	7.50684962406642	0	1	1
"hsa-miR-378a-3p"	0	15.1033163485995	0	1	1
"hsa-miR-378a-5p"	0	7.52951802145432	0	1	1
"hsa-miR-3909"	0	7.05744247855103	0	1	1
"hsa-miR-3922-3p"	0	4.04831084993951	0	1	1
"hsa-miR-3928-3p"	0	3.30653437867204	0	1	1
"hsa-miR-421"	0	8.95752527562609	0	1	1
"hsa-miR-423-3p"	0	12.3642925880929	0	1	1
"hsa-miR-423-5p"	0	11.6092459636388	0	1	1
"hsa-miR-424-3p"	0	4.27289230706546	0	1	1
"hsa-miR-424-5p"	0	8.98161059581065	0	1	1
"hsa-miR-425-3p"	0	7.17604295835908	0	1	1
"hsa-miR-425-5p"	0	9.76364173565722	0	1	1
"hsa-miR-4326"	0	5.29709154752468	0	1	1
"hsa-miR-450a-5p"	0	4.87003941290877	0	1	1
"hsa-miR-450b-5p"	0	5.43390855874754	0	1	1
"hsa-miR-451a"	0	3.33486812671464	0	1	1
"hsa-miR-4521"	0	4.03078131034985	0	1	1
"hsa-miR-454-3p"	0	6.67465268149937	0	1	1
"hsa-miR-454-5p"	0	4.07697114112017	0	1	1
"hsa-miR-4662a-5p"	0	3.93454265181036	0	1	1
"hsa-miR-4677-3p"	0	6.33535428632495	0	1	1
"hsa-miR-4707-3p"	0	3.14496277241558	0	1	1
"hsa-miR-4775"	0	3.93854321895426	0	1	1
"hsa-miR-4787-3p"	0	4.13441263048565	0	1	1
"hsa-miR-4802-3p"	0	3.00610032584244	0	1	1
"hsa-miR-484"	0	10.5976947939901	0	1	1
"hsa-miR-486-5p"	0	7.06283656556497	0	1	1
"hsa-miR-500a-3p"	0	11.3011394136749	0	1	1
"hsa-miR-500a-5p"	0	3.82616308268928	0	1	1
"hsa-miR-500b-3p"	0	3.66326435441678	0	1	1
"hsa-miR-500b-5p"	0	3.82616308268928	0	1	1
"hsa-miR-501-3p"	0	10.8055700887948	0	1	1
"hsa-miR-501-5p"	0	5.06432442714854	0	1	1
"hsa-miR-5010-3p"	0	5.26787366395374	0	1	1
"hsa-miR-502-3p"	0	6.28395260988767	0	1	1
"hsa-miR-502-5p"	0	3.59374316512154	0	1	1
"hsa-miR-505-3p"	0	7.10495919583625	0	1	1
"hsa-miR-511-3p"	0	8.33815176691229	0	1	1
"hsa-miR-511-5p"	0	8.33393177344943	0	1	1
"hsa-miR-532-3p"	0	7.64146501125671	0	1	1
"hsa-miR-532-5p"	0	10.771338977024	0	1	1
"hsa-miR-542-3p"	0	3.18777923059471	0	1	1
"hsa-miR-548au-5p"	0	3.30871912918345	0	1	1
"hsa-miR-548e-3p"	0	7.02865609749626	0	1	1
"hsa-miR-548e-5p"	0	4.73482297368646	0	1	1
"hsa-miR-548k"	0	7.55305604918006	0	1	1
"hsa-miR-548o-3p"	0	5.03883775826828	0	1	1
"hsa-miR-550a-3p"	0	4.26166328941615	0	1	1
"hsa-miR-5690"	0	3.25861792318418	0	1	1
"hsa-miR-574-3p"	0	8.54756551704791	0	1	1
"hsa-miR-576-5p"	0	5.41824127300979	0	1	1
"hsa-miR-582-3p"	0	4.23898627361501	0	1	1
"hsa-miR-582-5p"	0	4.42633365007273	0	1	1
"hsa-miR-589-3p"	0	5.41583574253121	0	1	1
"hsa-miR-589-5p"	0	8.13099367113176	0	1	1
"hsa-miR-590-3p"	0	5.86504234618692	0	1	1
"hsa-miR-598-3p"	0	3.94977469852629	0	1	1
"hsa-miR-616-5p"	0	5.17799796680298	0	1	1
"hsa-miR-618"	0	4.33844209674613	0	1	1
"hsa-miR-625-3p"	0	4.70902083366179	0	1	1
"hsa-miR-625-5p"	0	4.54399516404059	0	1	1
"hsa-miR-628-3p"	0	4.40835440786198	0	1	1
"hsa-miR-628-5p"	0	5.03480443603887	0	1	1
"hsa-miR-629-3p"	0	3.38534576824964	0	1	1
"hsa-miR-629-5p"	0	6.15734272462262	0	1	1
"hsa-miR-641"	0	3.74950395236704	0	1	1
"hsa-miR-6503-3p"	0	5.31432611163049	0	1	1
"hsa-miR-6503-5p"	0	3.26833635125704	0	1	1
"hsa-miR-6511b-3p"	0	3.25770729468969	0	1	1
"hsa-miR-652-3p"	0	8.78990068317835	0	1	1
"hsa-miR-652-5p"	0	4.60522461345169	0	1	1
"hsa-miR-653-5p"	0	3.14158780886823	0	1	1
"hsa-miR-660-3p"	0	3.96957701197655	0	1	1
"hsa-miR-660-5p"	0	10.2239070900645	0	1	1
"hsa-miR-664a-3p"	0	6.43071873788781	0	1	1
"hsa-miR-671-3p"	0	6.58169366622342	0	1	1
"hsa-miR-671-5p"	0	4.63029988202682	0	1	1
"hsa-miR-6769b-3p"	0	3.30652547996827	0	1	1
"hsa-miR-6810-3p"	0	3.64923879930427	0	1	1
"hsa-miR-6842-3p"	0	4.93005409326036	0	1	1
"hsa-miR-7-1-3p"	0	4.45357725491104	0	1	1
"hsa-miR-7-5p"	0	4.32788473988283	0	1	1
"hsa-miR-708-5p"	0	3.38660158577279	0	1	1
"hsa-miR-744-3p"	0	3.77698948972926	0	1	1
"hsa-miR-744-5p"	0	8.85897630503375	0	1	1
"hsa-miR-766-3p"	0	5.66444411102257	0	1	1
"hsa-miR-769-5p"	0	8.60512340385549	0	1	1
"hsa-miR-7705"	0	4.00838378961885	0	1	1
"hsa-miR-7706"	0	6.22005463106349	0	1	1
"hsa-miR-7976"	0	4.39589194707309	0	1	1
"hsa-miR-7977"	0	2.59235795761766	0	1	1
"hsa-miR-874-3p"	0	4.91977699115999	0	1	1
"hsa-miR-877-5p"	0	6.25746292847263	0	1	1
"hsa-miR-9-5p"	0	5.78790584862134	0	1	1
"hsa-miR-92a-3p"	0	14.6908204114951	0	1	1
"hsa-miR-92b-3p"	0	8.33806125707959	0	1	1
"hsa-miR-93-3p"	0	5.61069834835726	0	1	1
"hsa-miR-93-5p"	0	9.62813128364772	0	1	1
"hsa-miR-940"	0	4.71295986020262	0	1	1
"hsa-miR-941"	0	10.6792872129374	0	1	1
"hsa-miR-941-3-5p"	0	8.36077794428453	0	1	1
"hsa-miR-942-5p"	0	4.01627486014888	0	1	1
"hsa-miR-98-3p"	0	5.06987970150655	0	1	1
"hsa-miR-98-5p"	0	11.8973394476637	0	1	1
"hsa-miR-99a-5p"	0	5.64281539413518	0	1	1
"hsa-miR-99b-3p"	0	6.37532157705158	0	1	1
"hsa-miR-99b-5p"	0	15.395158458139	0	1	1
