"logFC"	"logCPM"	"LR"	"PValue"	"FDR2"
"hsa-let-7a-2-3p"	6.44021585603191	2.58815692261257	8.18278440458056	0.00422897977390111	0.0117203153733831
"hsa-let-7a-3p"	0.323718213460672	5.87434458180626	0.165904015161116	0.683777994093003	0.765894519942509
"hsa-let-7a-5p"	0.79626092943719	15.1422345372578	0.861399509773037	0.353347344902691	0.474718732071483
"hsa-let-7b-3p"	2.22171036486366	6.2198299181489	8.26215821130159	0.00404799758699468	0.011283211664899
"hsa-let-7b-5p"	1.26408355616946	11.7674020984833	2.29615109587129	0.129695027940645	0.21322741881767
"hsa-let-7c-5p"	5.14613871783946	9.63391153062109	16.6107138582133	4.58910503445726e-05	0.000183943466257171
"hsa-let-7d-3p"	-1.297003817828	8.3787225260567	2.42319326666465	0.119551008168154	0.199938755039843
"hsa-let-7d-5p"	-1.09405714758785	11.0451881343755	1.82061561289123	0.177240016139536	0.273762445311067
"hsa-let-7e-3p"	-0.667471602239387	4.02879201443045	0.203944480633604	0.651555637820973	0.741794564185849
"hsa-let-7e-5p"	0.143326438499961	11.6566960256781	0.0242145243561254	0.876340309751509	0.917980670042078
"hsa-let-7f-1-3p"	-0.454687255642163	4.77690178195319	0.242250158550438	0.62258563451164	0.717301715821017
"hsa-let-7f-2-3p"	0.721805434011948	4.87195219432178	0.225764134787689	0.634682603135277	0.724284852989669
"hsa-let-7f-5p"	0.296748108273904	15.3489788149279	0.155453381426014	0.693377451481343	0.774857290249888
"hsa-let-7g-3p"	-0.0226403194675922	3.99597958675037	0.000524461915964558	0.981729136224845	0.989893203885758
"hsa-let-7g-5p"	-1.00590961927332	12.9669549960889	1.55653491824319	0.212173296950332	0.317915363078446
"hsa-let-7i-3p"	0.0394861672599286	6.17507239784407	0.00199582452938429	0.964366638310877	0.978489162302878
"hsa-let-7i-5p"	1.01365025691071	14.4061076745714	1.79663591212579	0.180119729347899	0.277327202329305
"hsa-miR-100-3p"	10.7700008470437	6.41663332357516	51.2603833542797	8.08917364169865e-13	1.78329509828357e-11
"hsa-miR-100-5p"	10.5324248187387	16.3543494456523	96.290131475082	9.92233829610422e-23	4.81233407361055e-20
"hsa-miR-101-3p"	-0.598882840571857	11.2093013377086	0.559491036843269	0.454465384252696	0.561031885227272
"hsa-miR-101-5p"	-1.8484681877784	3.46430014444649	1.5952085444422	0.206583553730322	0.312127799249864
"hsa-miR-103a-3p"	-1.21902900241675	12.7799883353583	2.25714702945254	0.132998881254559	0.215733971265757
"hsa-miR-106b-3p"	1.57110630328035	7.6606281098118	4.0376233092983	0.0444964455024559	0.0873715630311381
"hsa-miR-106b-5p"	0.451849978746839	7.70806347924916	0.278417268466828	0.597740476324129	0.695213743446529
"hsa-miR-107"	1.69681815744297	6.32750562788739	2.85025578182556	0.0913594005606279	0.157846309390982
"hsa-miR-10a-5p"	1.1656915521436	10.7482572094261	1.38135093547713	0.239871167882527	0.346242608401862
"hsa-miR-10b-5p"	9.73118893674969	12.6405261360394	38.0384618275822	6.93636926702152e-10	6.86558998878661e-09
"hsa-miR-1180-3p"	3.44007332342508	3.86065116647817	10.624840526072	0.00111578590534804	0.00351400106554415
"hsa-miR-1185-1-3p"	8.8274421262133	4.55728091333702	35.1676223254134	3.02511495200738e-09	2.61996562807782e-08
"hsa-miR-1185-5p"	8.26011952077438	4.04001469798426	30.4398673261098	3.44377416462345e-08	2.56958533821904e-07
"hsa-miR-1197"	7.32859880412177	3.24512576004537	20.6541336514052	5.5018275460008e-06	2.93229270308834e-05
"hsa-miR-1226-3p"	-2.03874920381811	4.47021966234715	4.25386338223579	0.0391611459475335	0.0777945372227624
"hsa-miR-1228-3p"	-2.9274233303261	4.30406178969382	8.0930914135237	0.00444343054342896	0.0122446807588809
"hsa-miR-1228-5p"	-5.63864090670986	2.45191027511478	5.56387801274553	0.0183347562061257	0.0409786025805114
"hsa-miR-1237-3p"	-1.46782291781216	2.49578459477602	0.807994466896888	0.368713852223707	0.485940810675266
"hsa-miR-1249-3p"	-1.55324146138958	7.39864249118675	1.77721902434096	0.182491185350573	0.280089319288063
"hsa-miR-125a-3p"	1.08951527482601	4.31111067963231	1.14768117993686	0.284035086416164	0.396026020264157
"hsa-miR-125a-5p"	-0.325401673204158	13.3328497024418	0.133139642839978	0.715198704702522	0.786556398595744
"hsa-miR-125b-1-3p"	14.6429682430157	10.2625703977556	77.0623700794755	1.65643465765672e-18	1.09960310747916e-16
"hsa-miR-125b-2-3p"	3.72056509287299	5.37418955956392	18.3830668597495	1.80656322093432e-05	7.97351039212342e-05
"hsa-miR-125b-5p"	9.67671023840643	13.6456478902424	78.1807288931846	9.40314139056847e-19	7.60087262404285e-17
"hsa-miR-126-3p"	0.668268628325785	4.69305868996948	0.230599280203327	0.63107982688178	0.721871971786942
"hsa-miR-126-5p"	1.58895654734792	6.18933680073184	3.06254244277863	0.0801162212718617	0.141295881152192
"hsa-miR-1260a"	0.524572886336507	5.26649661519103	0.295117277425016	0.586959766449682	0.687621948618589
"hsa-miR-1260b"	0.00825402665946045	4.34191121981748	6.25272951615408e-05	0.993690857208113	0.997805519142722
"hsa-miR-1262"	3.00729459302999	2.76094485486721	3.32675760380586	0.0681611236748957	0.123813277087357
"hsa-miR-127-3p"	11.310345768204	13.7232435576774	89.7090389696012	2.75891642169668e-21	6.69037232261445e-19
"hsa-miR-127-5p"	10.3979511392418	6.05310667688225	48.5064065002359	3.29211648211618e-12	5.5057810131943e-11
"hsa-miR-1271-5p"	0.95019634086788	6.83878409803651	1.29640305903109	0.254871292994691	0.363566403242427
"hsa-miR-1273h-3p"	-6.26996677949218	2.89554536202336	8.56707210497288	0.00342297175756025	0.00976553707303953
"hsa-miR-128-1-5p"	0.0682563961172687	4.35406694778012	0.00585932778210907	0.938984522857546	0.962343217068851
"hsa-miR-128-3p"	0.3918396080105	9.62547488109721	0.260436346612554	0.609820537246455	0.707566891302704
"hsa-miR-1285-3p"	-3.0553662122642	4.40900258517827	5.39558963782096	0.0201877034068154	0.0441037664518264
"hsa-miR-1296-5p"	0.296503520782568	4.9831065862975	0.10138044042371	0.750179298643347	0.813952930295354
"hsa-miR-1301-3p"	-3.31651182583349	7.82643997248311	10.5913903243682	0.00113615505238895	0.00355506580908801
"hsa-miR-1303"	-3.74997809099577	4.1406248825718	3.44523869285881	0.0634342584047346	0.117875920790407
"hsa-miR-1304-3p"	0.546503420992804	5.57383680032677	0.337150832728643	0.561478450296346	0.664187922911531
"hsa-miR-1306-5p"	-0.585396502918236	3.45357628851633	0.186015241575705	0.666253999623407	0.756752200977406
"hsa-miR-1307-3p"	-1.52493000855961	8.53953710196567	3.14064208953361	0.0763637396622651	0.135169393197805
"hsa-miR-1307-5p"	0.209978281031549	9.34673466768852	0.0719981485429599	0.788449389639389	0.842932490044342
"hsa-miR-130a-3p"	4.92282822189571	9.5744988806266	25.7990275300984	3.78879318420433e-07	2.48319553289068e-06
"hsa-miR-130b-3p"	1.67993905076142	9.22195733648275	4.70599296975976	0.0300576335793465	0.0620338395148216
"hsa-miR-130b-5p"	2.3424762914546	7.85486140386209	9.27180031468762	0.00232708854900654	0.00688193869675715
"hsa-miR-132-3p"	-0.850472459158006	7.68327830677721	1.18488387748624	0.276363973262435	0.388869371143125
"hsa-miR-132-5p"	-1.38283934445337	4.88093870061217	2.36531262601962	0.124059057986592	0.206056996998278
"hsa-miR-133a-3p"	-3.46076299788135	4.72417436221485	2.84860564622247	0.0914532225543627	0.157846309390982
"hsa-miR-134-3p"	6.22548550187981	2.41478596942069	7.64568240162589	0.00569083641218581	0.0147596559353482
"hsa-miR-134-5p"	10.6194237362349	6.26972085402516	56.7242017389125	5.01426171518942e-14	1.35106496214826e-12
"hsa-miR-1343-3p"	-0.894038973544787	3.31019091734189	0.709329992771757	0.399666327813819	0.515527045185378
"hsa-miR-136-3p"	12.953501113288	8.57766974103928	76.8831522160009	1.81377832161511e-18	1.09960310747916e-16
"hsa-miR-136-5p"	11.5553183163671	7.18978802850977	56.895146301292	4.59678986073962e-14	1.31143710732866e-12
"hsa-miR-137"	4.06972485509734	4.25915863905486	12.5959709792555	0.00038657917339555	0.00132035844434396
"hsa-miR-138-5p"	4.58693818341648	5.25931942470116	14.8210620360843	0.000118207919490282	0.000451365024917927
"hsa-miR-139-5p"	-7.6121066424437	3.99927121881383	18.3465802706434	1.84149220192042e-05	8.04615962100362e-05
"hsa-miR-140-3p"	-1.11868497205902	11.4041483326202	1.94448561431041	0.163182319695727	0.255301371136864
"hsa-miR-140-5p"	-0.646731153584117	6.1576246670163	0.532414251934011	0.465593622690174	0.568798254419986
"hsa-miR-141-3p"	-2.43541814473629	4.79935026112144	7.35859944239805	0.0066742760302188	0.0170764993141031
"hsa-miR-142-3p"	1.53678896550259	10.8075316718782	0.983405798414587	0.321359413410763	0.439040325364
"hsa-miR-142-5p"	-0.116112856731883	13.5209703577211	0.00556817904805484	0.940516876063165	0.962343217068851
"hsa-miR-143-3p"	7.17704918242869	12.7810112587465	42.4179289594496	7.37112298649813e-11	8.71949914256486e-10
"hsa-miR-143-5p"	8.58367623342104	4.32864237140805	25.601554711619	4.19701102915672e-07	2.71406713218801e-06
"hsa-miR-145-3p"	6.84024333545134	5.05378264553564	18.4011335036119	1.7895149739691e-05	7.97351039212342e-05
"hsa-miR-145-5p"	5.33060765203042	5.46324262477412	17.9885079848944	2.22242604274271e-05	9.48250084300298e-05
"hsa-miR-1468-5p"	1.25496078529238	2.91959529664335	0.690089534747206	0.406133928299206	0.51835514532925
"hsa-miR-146a-3p"	-4.65344894731449	4.95616829278176	8.80754925063909	0.00299986705390396	0.00866033048299655
"hsa-miR-146a-5p"	-4.16441899055156	13.6497093279733	12.8309686382206	0.000340929214483294	0.00117269978031488
"hsa-miR-146b-3p"	-5.14724081323375	9.72243566501105	18.6815564107367	1.54469424372756e-05	7.06770479441383e-05
"hsa-miR-146b-5p"	-5.91075392206771	15.735970606435	15.472596566546	8.37101182848493e-05	0.000324795258945215
"hsa-miR-147b"	-6.30259610614663	6.47071682245151	24.2145630273953	8.6178179009883e-07	5.09712400241381e-06
"hsa-miR-148a-3p"	3.3968065199625	13.2496818699348	8.70812823479184	0.00316794314783669	0.0090914344775195
"hsa-miR-148a-5p"	4.02488665040628	7.89764678151279	7.34499500457833	0.00672497189483237	0.0170764993141031
"hsa-miR-148b-3p"	-0.13057567247658	11.1291768696655	0.0279266109714342	0.867281475855344	0.912432789131978
"hsa-miR-148b-5p"	-0.317730276167061	7.59561201526614	0.173979779621808	0.676598803449652	0.761369883232207
"hsa-miR-149-5p"	4.90473958015887	5.98790871238334	25.8333701740463	3.7219761700241e-07	2.48237387863135e-06
"hsa-miR-150-5p"	-3.24811286641768	6.87906791850384	4.42957007382829	0.0353214039875997	0.071082493502016
"hsa-miR-151a-3p"	2.99848376060531	11.5940372821307	14.3145613534813	0.000154663865311799	0.000555644256860908
"hsa-miR-151a-5p"	2.55250247265071	12.1056680420787	10.9004638490906	0.000961401824489653	0.00312939520052001
"hsa-miR-151b"	2.31559238982004	3.6081193325573	5.98099815041754	0.0144608158869598	0.0331111735371097
"hsa-miR-152-3p"	2.13802413515345	7.56958102825803	7.44339002435649	0.00636698481716258	0.0164254661506588
"hsa-miR-152-5p"	2.69825161973404	4.96307551766173	7.8003414408428	0.00522363627919306	0.0138440633628887
"hsa-miR-154-3p"	6.20087744182646	2.41441961306079	13.2069651994087	0.000278910633877982	0.000966226124505865
"hsa-miR-154-5p"	7.88614245124734	3.70598294406715	19.3321458340539	1.0984147954537e-05	5.27456609698063e-05
"hsa-miR-155-5p"	-1.21648247555505	10.8564060394617	1.98252018957805	0.159125161626584	0.250113734366621
"hsa-miR-15a-3p"	5.86668807259515	2.21634878849762	7.26760890591856	0.00702092093035143	0.0177351388084398
"hsa-miR-15a-5p"	-1.83263214796874	10.1901941261957	4.71905173476869	0.0298301890802973	0.0618275286493342
"hsa-miR-15b-3p"	1.86793148330551	5.87347121908989	5.20546225808575	0.0225160270327352	0.0481069300038615
"hsa-miR-15b-5p"	0.650144469579509	8.51908195805036	0.728759364263702	0.393285622617677	0.511376747907704
"hsa-miR-16-1-3p"	3.43750872701163	3.01455343526028	3.47296345682556	0.0623794625791814	0.116361689811165
"hsa-miR-16-2-3p"	0.798655730551604	6.3556516483263	0.88496437201901	0.34684557342705	0.467278064200331
"hsa-miR-16-5p"	-0.879350760555258	12.7668940785343	0.957105945647356	0.327917111365154	0.445489633087115
"hsa-miR-17-3p"	2.16178824127537	7.3042832604116	6.14903902225823	0.0131483526407413	0.030658418417113
"hsa-miR-17-5p"	1.54358673113587	8.53498119496185	1.98037589894969	0.159350812204713	0.250113734366621
"hsa-miR-181a-2-3p"	3.13178063856733	7.51025596289664	14.8065167776209	0.000119123140596896	0.000451365024917927
"hsa-miR-181a-3p"	1.41358230829975	9.79449112721685	3.43824943017205	0.0637031562497593	0.117923781607379
"hsa-miR-181a-5p"	1.03919079822394	14.7984540085071	1.37292206871143	0.241310465693018	0.34728657525553
"hsa-miR-181b-3p"	2.13091629585774	4.79117142174983	3.74761496166538	0.0528829191177981	0.102592863088528
"hsa-miR-181b-5p"	2.24417745931479	11.9325720143245	6.43231554562635	0.0112062391086428	0.0266422841553517
"hsa-miR-181c-3p"	-1.09305137803068	7.3069823060297	1.54353057110981	0.214093050843045	0.319492706642698
"hsa-miR-181c-5p"	-1.51727538999334	9.67039694317557	3.3942515037623	0.0654240505453603	0.11973835665849
"hsa-miR-181d-5p"	-1.07856694564217	6.32698971138377	1.13476208148474	0.286761853014676	0.398508592298332
"hsa-miR-182-5p"	7.08911584503429	10.192792117349	18.3811042076337	1.80842503738882e-05	7.97351039212342e-05
"hsa-miR-183-3p"	6.65961863320544	2.74339570452308	8.52980258579106	0.00349377594076533	0.00990924755129347
"hsa-miR-183-5p"	7.33366172139063	8.10312838871744	12.4224357095925	0.000424206608851555	0.00142875142564586
"hsa-miR-185-3p"	-2.1933763150138	4.89244305750509	4.8703869056282	0.0273213742265887	0.0573630584411062
"hsa-miR-185-5p"	-3.0365146007613	8.0286190410062	11.0885887643356	0.000868605610707975	0.00284644406211735
"hsa-miR-186-5p"	-0.0538721316769752	12.683725213961	0.00479627496749657	0.944786529884475	0.964676772618885
"hsa-miR-187-3p"	1.4890691714473	2.33313719028068	0.73807332024804	0.390278762173482	0.508831181865964
"hsa-miR-188-5p"	0.0379817292772972	4.36675059982802	0.00147627063130296	0.96935100727948	0.981493191086738
"hsa-miR-18a-3p"	2.65735120768554	5.29327612251096	6.58642621333934	0.0102759254696452	0.0250443409687332
"hsa-miR-18a-5p"	1.52409097862898	6.66437436621554	1.86355721801436	0.17221480710348	0.267705709760217
"hsa-miR-1908-5p"	-6.93938208809331	3.42543105149758	13.8855824463423	0.000194283127203479	0.000677894364702785
"hsa-miR-190a-5p"	0.250573190170147	4.48289313882665	0.0705535688277505	0.790532483516136	0.842932490044342
"hsa-miR-190b"	0.458636459784469	3.18637260165048	0.103315719459225	0.747886349589096	0.813284483297559
"hsa-miR-191-3p"	-0.751440112498306	4.96712397305527	0.53840438477395	0.463094754389065	0.568538951086957
"hsa-miR-191-5p"	-1.2613521892623	15.1621439231555	2.34492383176985	0.12569170508722	0.208027658411308
"hsa-miR-192-5p"	1.84619460022755	9.0583516393125	4.3424170049749	0.0371741152844212	0.0741952506705527
"hsa-miR-193a-3p"	0.876599816423875	9.0754919848904	0.609950424415445	0.434806476835089	0.541113584278863
"hsa-miR-193a-5p"	-1.69434101309881	8.40025405091888	2.1909511853866	0.1388235623217	0.222945124920611
"hsa-miR-193b-3p"	5.81667935961054	6.84870736624125	31.2325829158396	2.28891868862814e-08	1.79052510320104e-07
"hsa-miR-193b-5p"	6.47529516230141	2.59156105602253	12.5137028143282	0.000403978170797877	0.00137013575410469
"hsa-miR-194-5p"	2.22386984684973	4.25578020246727	3.75253709815811	0.0527274209735974	0.102592863088528
"hsa-miR-195-5p"	4.53678445569476	3.07873950877164	10.1379015663901	0.00145251421768025	0.00443062512940201
"hsa-miR-196b-5p"	1.41692144954421	3.5205362396496	0.590473919504831	0.442235915484302	0.548553501304057
"hsa-miR-197-3p"	-2.34928563594482	10.3627236679785	6.52209223233549	0.010654259252922	0.0258365786883358
"hsa-miR-1976"	-8.23188634576434	4.55771372124485	25.5475477300135	4.31614263941221e-07	2.75438050015121e-06
"hsa-miR-199a-3p"	7.19270674922129	12.4466263536593	42.9566789455134	5.59655115666148e-11	6.95981361789953e-10
"hsa-miR-199a-5p"	11.0950747050993	10.3073825866842	60.9009063700903	6.00212005874387e-15	2.07930587749341e-13
"hsa-miR-199b-3p"	7.25116529820374	11.3392815170178	42.1584475195688	8.41695731156138e-11	9.32568071117696e-10
"hsa-miR-199b-5p"	4.75257245861539	9.8675708116471	14.6749959371441	0.00012772951295728	0.000480223362668842
"hsa-miR-19a-3p"	0.679409155401609	7.84351855170634	0.615553276609283	0.432704532152958	0.540880665191197
"hsa-miR-19b-3p"	0.534312439465572	9.56385797437886	0.349041044119105	0.554656474307104	0.657722225034097
"hsa-miR-200a-3p"	3.17651699207205	4.08603962511473	3.04095618067497	0.0811880818777917	0.142667462720033
"hsa-miR-200b-3p"	3.80734101798323	6.81142319452748	5.24593971669712	0.0219980439966212	0.0472081917626605
"hsa-miR-200b-5p"	2.96782846498757	2.10433368741599	2.33982939440435	0.126103364067886	0.208027658411308
"hsa-miR-200c-3p"	-7.75490250371594	4.1977940628419	19.1818312644955	1.18839120874291e-05	5.59582268194476e-05
"hsa-miR-204-5p"	10.5446250124198	8.67101710302982	25.8259270288372	3.73635655958945e-07	2.48237387863135e-06
"hsa-miR-20a-3p"	0.155179942911629	2.76000646167821	0.00758537257592451	0.930596759251674	0.956227602197166
"hsa-miR-20a-5p"	1.01494335252776	8.2558392717535	1.1003195464023	0.294195987929067	0.405355267459084
"hsa-miR-20b-5p"	0.656624388678603	3.32299126587381	0.179731359105383	0.671604207968587	0.759272822528589
"hsa-miR-21-3p"	-0.58485493022674	12.4546921857105	0.481132325757443	0.487909866800133	0.591590713495161
"hsa-miR-21-5p"	-1.9387128553433	17.1931363301836	4.95959914007108	0.0259462213472059	0.0549516041632963
"hsa-miR-210-3p"	0.152144851794265	9.4373661067608	0.0208074690221061	0.885304683849024	0.925372352730122
"hsa-miR-210-5p"	0.3393471258021	6.32141776335408	0.11616421978821	0.733232524392862	0.802748926254036
"hsa-miR-2110"	-1.79939497055256	3.43750977521999	1.42006843843577	0.233392138774011	0.339916344479803
"hsa-miR-2110-3p"	-0.806779608685968	4.29326199133237	0.643389900012908	0.422485924485566	0.53084371340803
"hsa-miR-2116-3p"	-1.2424711154522	4.17744042698493	0.774898459353528	0.378705927574836	0.495073786721821
"hsa-miR-212-3p"	-0.400346533707978	4.95362376241968	0.242164057739851	0.622647468784842	0.717301715821017
"hsa-miR-212-5p"	-1.06993502430348	5.39895332832825	1.14709127505889	0.284158876395725	0.396026020264157
"hsa-miR-214-3p"	11.0207208963138	6.66292037935319	57.7098119063908	3.03783680831458e-14	9.5999704525731e-13
"hsa-miR-214-5p"	10.1846834905008	5.84518720146414	39.6478582792328	3.04138070718626e-10	3.13844604890497e-09
"hsa-miR-215-5p"	-0.906402396199865	3.34298693408493	0.643498945755481	0.422446611042667	0.53084371340803
"hsa-miR-218-1-3p"	9.08576055553674	4.79524229671195	35.1290133377005	3.08568990849347e-09	2.62554316775322e-08
"hsa-miR-218-5p"	3.87687088393305	5.34109280589399	13.8902390879542	0.000193802350926671	0.000677894364702785
"hsa-miR-22-3p"	-0.390934375807639	16.6245787424573	0.237090034814173	0.626315790322652	0.719817910678877
"hsa-miR-22-5p"	0.0130169351274085	7.22532851834396	0.000301807605566751	0.986139359283287	0.992277156125299
"hsa-miR-221-3p"	2.48959129906472	12.7605173126249	6.22891670772833	0.0125680600063134	0.029589850014864
"hsa-miR-221-5p"	2.30953808081392	9.48875090928553	5.03007510456169	0.0249108181617125	0.0529901175808359
"hsa-miR-222-3p"	3.20295592934498	13.0628249898474	7.94587875994546	0.00481970086313656	0.0132065249639618
"hsa-miR-222-5p"	2.83357819574922	4.90121428741052	6.89438382880517	0.00864669611972989	0.021180038475096
"hsa-miR-223-3p"	-8.22425032516367	10.3272454532257	24.755905597133	6.50691253179018e-07	3.99475009863068e-06
"hsa-miR-223-5p"	-8.43174807189617	4.74226519650191	25.3521608510549	4.77617060157194e-07	3.00836719709401e-06
"hsa-miR-224-3p"	7.21182275698915	3.1424907390969	14.4254826879743	0.00014581576547628	0.000531734182375908
"hsa-miR-224-5p"	10.2886592767209	8.42836661829075	49.0404403357322	2.50739276507351e-12	4.64673302740437e-11
"hsa-miR-2277-5p"	-1.38535820511002	4.27864194372725	1.0741517554593	0.300009542074688	0.412194413332079
"hsa-miR-2355-5p"	-1.75295937938606	4.25368844515553	2.23319047419921	0.135074674986059	0.217645240426042
"hsa-miR-23a-3p"	-1.0392173121638	11.58396438451	1.49443380660443	0.221529802011057	0.328568666591323
"hsa-miR-23a-5p"	-1.63445369667987	5.23164060887625	3.2815641749228	0.0700621263003404	0.125852337983945
"hsa-miR-23b-3p"	3.52961554914004	8.77350467463974	18.8299672308589	1.42904109613129e-05	6.60080887260642e-05
"hsa-miR-24-2-5p"	-0.871088893940216	7.99848661106787	1.1796846142736	0.277420211166024	0.388869371143125
"hsa-miR-24-3p"	-1.29029370750297	10.4988804224262	2.44877695294304	0.1176164788519	0.197384056204745
"hsa-miR-2467-5p"	-1.99778023790127	4.43877867989423	4.14645398987676	0.0417218095227488	0.0822564130834681
"hsa-miR-25-3p"	1.29452504143539	11.3096387288191	2.69015175484355	0.100970197323002	0.170629079099847
"hsa-miR-25-5p"	1.91978668503742	4.80952073676555	5.97947161057572	0.0144733377110665	0.0331111735371097
"hsa-miR-2682-3p"	3.95349447341601	2.66850977104491	7.82907475570987	0.00514124106454394	0.0137762536812365
"hsa-miR-2682-5p"	3.77301633823659	3.24457813294347	9.09999734495171	0.00255609865864214	0.00751338090570569
"hsa-miR-26a-2-3p"	1.60044194731298	4.50790340203381	3.01732054552942	0.0823794713872406	0.144238424631089
"hsa-miR-26a-5p"	-0.439751003323235	14.6628735204451	0.305686209678697	0.580339442869925	0.684828782948696
"hsa-miR-26b-3p"	-1.00056092298062	6.44572357801295	0.827169541527851	0.363092264545552	0.482259223649781
"hsa-miR-26b-5p"	-1.80404550146491	12.0836853585103	4.60930627982902	0.0317988946213458	0.0653494232684437
"hsa-miR-27a-3p"	-0.96357517873193	12.7054090404289	1.42964577838612	0.231822256329261	0.339679136917498
"hsa-miR-27a-5p"	-0.0952696373035239	5.86747955005207	0.014688652639272	0.903535196866493	0.938360964625802
"hsa-miR-27b-3p"	4.11823022835993	13.3618913082019	17.1225472121959	3.50438019975383e-05	0.000142825579569799
"hsa-miR-27b-5p"	4.68602612453448	4.84813899622683	14.3651541526536	0.000150562965404805	0.000544948046427838
"hsa-miR-28-3p"	-0.960004379206912	12.2964513258477	1.10785715618138	0.292548229969691	0.404233309217379
"hsa-miR-28-5p"	-2.03035715139467	9.45721692999065	5.402949592882	0.0201027498469784	0.0441037664518264
"hsa-miR-296-3p"	7.71008536779556	5.95374145652739	27.0814734014946	1.95058393656893e-07	1.38164891240917e-06
"hsa-miR-296-5p"	7.69356079896784	5.93774142894013	27.0666048237084	1.96564484445841e-07	1.38164891240917e-06
"hsa-miR-299-3p"	8.94810164076431	4.66869762017109	38.0414667904751	6.92569456215929e-10	6.86558998878661e-09
"hsa-miR-299-5p"	8.88453007758373	4.60567597869202	26.5152659233109	2.61463726773912e-07	1.81157010693353e-06
"hsa-miR-29a-3p"	1.59386782574422	13.314015285715	3.71643266556612	0.0538793679054012	0.103696402516348
"hsa-miR-29a-5p"	1.18438848065785	5.19289610650864	1.88700220200042	0.169540431364255	0.264395849555189
"hsa-miR-29b-1-5p"	-1.65382722000418	2.61385420479188	1.23504246611953	0.266428635031023	0.376728536414129
"hsa-miR-29b-2-5p"	-6.15647916246228	2.81210911642179	8.86823241288007	0.00290175973391334	0.00842726629310162
"hsa-miR-29b-3p"	1.97458755295781	8.65039339353168	5.304052875899	0.0212758642616136	0.0458779683507111
"hsa-miR-29c-3p"	-2.44729272254894	9.14217745871443	8.27505786164055	0.00401933817024074	0.0112680867778425
"hsa-miR-29c-5p"	-3.72339572713892	5.00340613092685	9.42060617536146	0.00214560582577848	0.00642357299692941
"hsa-miR-301a-3p"	3.00765812396166	9.02535514871164	5.7387357097174	0.0165947334210206	0.0376095593887616
"hsa-miR-301a-5p"	2.58442369615061	3.25692525859457	2.74151959979601	0.0977717512984168	0.166383506595551
"hsa-miR-301b-3p"	-0.93498592669695	5.77713614048616	0.898853216656018	0.343089392100498	0.463505167600951
"hsa-miR-3074-3p"	2.38655084080699	2.42959050956921	1.31035367288404	0.252330630949267	0.361004000030663
"hsa-miR-3074-5p"	2.87502260351306	3.07908698985247	2.41621405315717	0.120084839427849	0.200141399046416
"hsa-miR-30a-3p"	4.65716724735051	6.45031022470946	22.6820872132182	1.91141446535015e-06	1.1036143043986e-05
"hsa-miR-30a-5p"	4.22403313338509	11.9642602810393	17.9829910285717	2.22887648680895e-05	9.48250084300298e-05
"hsa-miR-30b-3p"	0.894214314019677	2.78528662542019	0.631994984608419	0.426624483429465	0.53465859034442
"hsa-miR-30b-5p"	-0.896968559422804	10.4486484037322	0.916615929826122	0.338365090215092	0.458399633391954
"hsa-miR-30c-1-3p"	-0.122669781352741	4.68515098072767	0.020024115864034	0.887469751988103	0.925640494009097
"hsa-miR-30c-2-3p"	5.78850285338291	4.18037649111751	19.764004978315	8.76172959175769e-06	4.42649880416925e-05
"hsa-miR-30c-5p"	-0.230026220447966	12.0447926938289	0.0748522042535473	0.784398713821248	0.841666761511738
"hsa-miR-30d-3p"	1.85526308054148	5.5703614772552	2.72672449722261	0.0986814847209471	0.16734447583797
"hsa-miR-30d-5p"	-0.701360133086305	12.9455635012005	0.697794069607909	0.403525913008659	0.518074523991539
"hsa-miR-30e-3p"	-0.509031932396774	7.88409918236399	0.296518182328597	0.586073486364619	0.687621948618589
"hsa-miR-30e-5p"	-0.763046394886909	13.1075693752727	0.609112239293154	0.435122263646921	0.541113584278863
"hsa-miR-31-3p"	11.3260298192086	6.96386836476526	63.4674079099163	1.63042199099638e-15	6.58962221361037e-14
"hsa-miR-31-5p"	12.7203517177067	12.9780075474513	81.3118458161441	1.92767635665631e-19	2.33730758244577e-17
"hsa-miR-3117-3p"	6.68568643013454	2.74755805464385	15.9060330309487	6.65661922738781e-05	0.000262476449210007
"hsa-miR-3152-5p"	6.87873939309554	2.88994927018633	16.7485291269106	4.26753344889698e-05	0.00017247947689292
"hsa-miR-3158-3p"	-0.067840928259381	3.45755796036809	0.0023442121564079	0.961383859571398	0.977507697887061
"hsa-miR-3168"	0.782713562023794	4.24097639708622	0.720405915281381	0.396010793863223	0.513269754536303
"hsa-miR-3174"	-0.263034422083229	3.291889478893	0.0305313572489121	0.861290030121074	0.908099270888524
"hsa-miR-3176"	-7.46174770947486	3.86810192253171	17.3131239562013	3.16990013615213e-05	0.000130288268307948
"hsa-miR-32-3p"	-6.08673574793267	2.76328368532918	10.3862935966807	0.00126954210708474	0.00394697385856473
"hsa-miR-32-5p"	-1.71788104865708	4.20464566440343	0.79421337546569	0.372829126310389	0.48875024445559
"hsa-miR-3200-3p"	1.80384975573738	3.68755877601004	1.50127509453756	0.220475271999261	0.328007689937551
"hsa-miR-320a"	0.274035605937123	10.4177678386652	0.107678793888866	0.742802430829072	0.809571188656404
"hsa-miR-320b"	0.993848160069176	3.08609805566421	0.822512940381595	0.364446464178873	0.482259223649781
"hsa-miR-320d"	-0.45230765040651	2.68521658392154	0.0852304150042507	0.770330598792205	0.830245200920487
"hsa-miR-323a-3p"	9.5038032985785	5.19202946643711	44.4967939461921	2.54774081027457e-11	3.33960619725181e-10
"hsa-miR-323b-3p"	8.98780775828347	4.70593394304665	37.7730504127047	7.94721022217416e-10	7.70879391550893e-09
"hsa-miR-324-3p"	-0.89297649367766	6.14396412446779	1.3377339968179	0.247433978062814	0.355045796924452
"hsa-miR-324-5p"	-1.18328695941661	5.38148877613598	1.45880653420465	0.22712010912017	0.334812318915752
"hsa-miR-326"	-5.27187381440473	8.85747100767989	10.8402565725123	0.000993169700934543	0.0031899821520083
"hsa-miR-328-3p"	-0.119998895430648	7.15333400041059	0.0245727459761733	0.875436390654508	0.917980670042078
"hsa-miR-329-3p"	9.2755187921841	4.9727044784878	30.6498743981716	3.09046605307126e-08	2.34199380584307e-07
"hsa-miR-330-3p"	-1.37220414482972	4.49415712484571	2.17692168447037	0.140094425466762	0.223787862594623
"hsa-miR-330-5p"	0.284843309550427	5.83462883080613	0.0703744663815513	0.79079233602098	0.842932490044342
"hsa-miR-331-3p"	-0.72572697259553	8.7944607532188	0.717825665779916	0.396858057631162	0.513269754536303
"hsa-miR-331-5p"	0.770151879795563	3.47317930261761	0.427014554968269	0.513457508457115	0.616403197033912
"hsa-miR-335-3p"	4.72654953310628	5.2488949045072	23.0277543632903	1.5967946188461e-06	9.33066735108866e-06
"hsa-miR-335-5p"	0.474268302139637	4.65312247718956	0.352271056734605	0.552830346834947	0.657722225034097
"hsa-miR-337-3p"	10.0083646919403	5.67605315274665	49.4579052747973	2.02674192682306e-12	3.93187933803675e-11
"hsa-miR-337-5p"	7.19762745692703	3.13784346342258	19.1145860225866	1.23100494709783e-05	5.74074422444663e-05
"hsa-miR-338-3p"	-11.6273898156886	7.84222319077945	45.9379986663614	1.22055367164355e-11	1.74108391396213e-10
"hsa-miR-338-5p"	-9.95304354570032	6.19419077633184	24.8356685343978	6.24314778508843e-07	3.8819572766255e-06
"hsa-miR-339-3p"	-0.639753715856833	7.48234843588836	0.686252379495428	0.407442017994406	0.518659786685793
"hsa-miR-339-5p"	-0.551512999867594	7.39295725734788	0.420109565447341	0.516882378304494	0.618982601179455
"hsa-miR-33a-3p"	-0.486333112416698	4.09004813707938	0.234672739829801	0.628080501203596	0.720139581758261
"hsa-miR-33a-5p"	3.18742992968237	4.50980991679562	11.7188258478658	0.000618709796444735	0.00205530309092943
"hsa-miR-33b-3p"	-0.157038081640562	3.24068804175108	0.012082800122494	0.912471400595902	0.943600488889152
"hsa-miR-33b-5p"	2.31295318591715	3.32294417091971	4.52055565352862	0.0334899529786573	0.0685342919605433
"hsa-miR-340-3p"	-1.76488309333856	6.6898383141148	3.85595149835627	0.0495698030692789	0.0969409455185495
"hsa-miR-340-5p"	-3.20175241666464	10.7900075311681	10.0646274853564	0.00151143122304062	0.00458152589484188
"hsa-miR-342-3p"	-4.39565719579607	11.195273072836	18.4926278365781	1.70562774285733e-05	7.73111640454023e-05
"hsa-miR-342-5p"	-2.67907724939583	5.75990340764737	7.34523271809796	0.00672408270707861	0.0170764993141031
"hsa-miR-345-3p"	5.05103491593015	3.47585357628197	5.69793632473073	0.0169848719235788	0.0381373281617395
"hsa-miR-345-5p"	-0.398424215476323	9.39428867295873	0.166456711170554	0.683280232820932	0.765894519942509
"hsa-miR-34a-3p"	-1.66154722427721	4.19185770793897	1.58379161231163	0.208215386625762	0.313616343209611
"hsa-miR-34a-5p"	-1.92964233984846	9.41033180165249	3.55592673755407	0.059333167520708	0.112849357833503
"hsa-miR-34b-5p"	4.83353924735137	3.36002231594503	10.7232626819122	0.00105796956194088	0.00337575814171927
"hsa-miR-34c-5p"	4.51339006046868	6.55544259163135	19.5433197160725	9.83440302963174e-06	4.88696093442863e-05
"hsa-miR-3605-3p"	0.277188460916866	4.38105869664826	0.0640882083338852	0.800147287624381	0.851033847582949
"hsa-miR-3605-5p"	0.720054322302128	4.05645520168453	0.513251882363706	0.473734519414735	0.57717565049627
"hsa-miR-3607-3p"	-0.690552669260801	6.27221956602143	0.412843266220636	0.52052989215769	0.621815265262264
"hsa-miR-361-3p"	-0.776756058334037	9.29391961821592	0.657144583115148	0.417569826389161	0.527399390100893
"hsa-miR-361-5p"	-0.945462082287338	8.40878016125891	1.41585582743528	0.234086719703617	0.339916344479803
"hsa-miR-3613-3p"	-3.27133851929457	3.72237489030072	6.36744810465894	0.0116232626301982	0.027498938417786
"hsa-miR-3613-5p"	-1.10376875309722	3.44239693156333	0.794107430781216	0.372861011234161	0.48875024445559
"hsa-miR-3614-5p"	-1.21943005984322	3.05608711712773	0.672491413148473	0.412184333281378	0.523323040946252
"hsa-miR-3615"	-2.008824163948	4.44481758164965	3.71894581735964	0.0537983266177618	0.103696402516348
"hsa-miR-362-3p"	0.570086464226685	3.7045234731795	0.350746718484926	0.553690734941761	0.657722225034097
"hsa-miR-362-5p"	-3.19858012139259	5.06738970824911	6.48394740314782	0.0108852978102328	0.0262655195918553
"hsa-miR-3620-3p"	-1.91274695834057	2.77162536473291	1.67017781634792	0.19623471912392	0.299288801179564
"hsa-miR-363-3p"	-1.20989950358595	6.50403172079742	0.693121930649691	0.405104522001528	0.51835514532925
"hsa-miR-3653-3p"	-5.7796785198307	2.54580949056353	5.71285600878235	0.0168411188279074	0.0379904308443493
"hsa-miR-365a-3p"	-0.471770629156674	7.07735632406429	0.282343629607015	0.59516921727612	0.693887188410861
"hsa-miR-365b-3p"	-0.471770629156674	7.07735632406429	0.282343629607015	0.59516921727612	0.693887188410861
"hsa-miR-365b-5p"	-1.02990969284341	3.73351591407944	0.663778908732358	0.415229007892566	0.525812190151161
"hsa-miR-3661"	2.83549478286237	2.78050083620822	4.83017078716379	0.0279658601870289	0.0582121982433864
"hsa-miR-3677-3p"	-1.02919475342539	2.94348190471803	0.510711299130623	0.474831102160849	0.57717565049627
"hsa-miR-369-3p"	5.17034709764124	4.90044854236041	20.3229841207962	6.54101142014208e-06	3.37488355188182e-05
"hsa-miR-369-5p"	9.72356497178471	5.40155763385871	47.0994652899589	6.74740928926538e-12	1.02265422040428e-10
"hsa-miR-3690"	-6.4704588129468	6.64603337649082	17.5360043033041	2.81918252968919e-05	0.000117870993698212
"hsa-miR-370-3p"	10.5043027261509	6.15677509488487	48.9792543849838	2.58684106680243e-12	4.64673302740437e-11
"hsa-miR-371b-5p"	-7.85538949076405	4.21568588186112	20.5729621581325	5.74011165650521e-06	3.02603712326633e-05
"hsa-miR-374a-3p"	-0.889632825460214	6.6796406830782	0.823682438589255	0.364105702623868	0.482259223649781
"hsa-miR-374a-5p"	-1.7472824688464	6.29467763006299	3.66780993350275	0.055473030327818	0.106341579877438
"hsa-miR-374b-3p"	0.298149859917487	4.53341329523841	0.0461530254000833	0.82989787256575	0.88074500698991
"hsa-miR-374b-5p"	-0.63280024564837	7.17113363135201	0.459301825566882	0.497950446768736	0.600761111151336
"hsa-miR-375"	14.45246656538	10.0725729839521	21.4287268657529	3.67227740281296e-06	2.02392561405033e-05
"hsa-miR-376a-2-5p"	6.21377533497769	2.41526599277413	11.8210863908185	0.000585636794983574	0.00195885410735885
"hsa-miR-376a-3p"	8.87708304783203	4.60069800444625	33.677891280659	6.50356595826447e-09	5.25704914959712e-08
"hsa-miR-376a-5p"	10.1865447576438	5.84933186705239	41.842356530119	9.89367755273336e-11	1.06631858068348e-09
"hsa-miR-376b-3p"	8.05188215745316	3.85117602382108	21.3642953646221	3.79778330154709e-06	2.06957854073072e-05
"hsa-miR-376c-3p"	10.0564565743519	5.72206982712478	50.161335157568	1.41610754578083e-12	2.86171733209875e-11
"hsa-miR-377-3p"	7.44451776862478	3.34296600302635	19.5355110843684	9.8746839499795e-06	4.88696093442863e-05
"hsa-miR-377-5p"	9.04448580259588	4.75687336182041	35.9960567114967	1.97717249853902e-09	1.76627236058064e-08
"hsa-miR-378a-3p"	-3.40965746510805	14.374589195356	5.52753319662969	0.0187194792310683	0.0416465478305878
"hsa-miR-378a-5p"	-3.46593413298417	6.80004330538384	6.00813735524992	0.0142400514460578	0.0328877378635146
"hsa-miR-379-3p"	8.13520875375806	3.92862823303792	28.6536017182027	8.65528590687732e-08	6.36032373459924e-07
"hsa-miR-379-5p"	8.05335178003164	3.85282422590639	21.9883861716422	2.74305297104599e-06	1.5291732079969e-05
"hsa-miR-380-3p"	3.40939899619854	3.15974274811845	7.80746920643849	0.00520307210522399	0.0138440633628887
"hsa-miR-381-3p"	10.5031788041555	8.64601832937415	64.5495218385042	9.41363798911324e-16	4.1505585679272e-14
"hsa-miR-382-3p"	7.46207472972212	3.35112239803566	20.7009193795817	5.36902167853068e-06	2.89330612676375e-05
"hsa-miR-382-5p"	9.955673055149	5.62462742349994	48.5558681386579	3.21012338371353e-12	5.5057810131943e-11
"hsa-miR-3909"	-1.80968558985138	6.49795252345548	3.42822429278822	0.0640909773539815	0.118190585614757
"hsa-miR-3922-3p"	-6.85285744850364	3.35426304872328	14.497628136266	0.000140336128567987	0.000519565056148653
"hsa-miR-3928-3p"	-0.0491452381470883	3.18640217455074	0.000999210024867025	0.97478284241792	0.984936830359774
"hsa-miR-409-3p"	14.7148212961406	10.3343450616439	85.2460125597499	2.63459226090687e-20	4.2592574884661e-18
"hsa-miR-409-5p"	10.1199082650493	8.26533217675574	62.6020712446982	2.52987271971783e-15	9.43837130048575e-14
"hsa-miR-410-3p"	7.55511334066852	7.29081507620555	54.0169991581058	1.98762533382951e-13	5.07367519424901e-12
"hsa-miR-411-3p"	8.09482307855099	3.89445165408334	28.3653877479346	1.00445207754172e-07	7.27103369563783e-07
"hsa-miR-411-5p"	11.4421343152	9.58164996395062	74.1685811018537	7.17227927925782e-18	3.86506161160005e-16
"hsa-miR-412-5p"	7.57481153070398	3.44556819728478	22.3537240894941	2.26772874022084e-06	1.29393934000836e-05
"hsa-miR-421"	-0.0986885670218755	8.82908943878511	0.0108096433264446	0.917193604755658	0.946465741077648
"hsa-miR-423-3p"	0.920487448550001	12.7195874639481	1.43252145168492	0.231353376670845	0.339679136917498
"hsa-miR-423-5p"	0.967454276373929	11.991768675873	1.55512412632932	0.212380572448281	0.317915363078446
"hsa-miR-424-3p"	0.962011980389117	4.60159832169219	0.963665824328386	0.326265000918929	0.444490240015957
"hsa-miR-424-5p"	-2.23565831138556	8.28852134584523	3.15190862235568	0.0758382089660009	0.134730884060478
"hsa-miR-425-3p"	-2.92636730921373	6.47704080321767	10.8482353566885	0.000988899489680324	0.0031899821520083
"hsa-miR-425-5p"	-1.49963831756438	9.23666989450187	2.97794509076238	0.0844063734780736	0.146769754060987
"hsa-miR-429"	4.72634838073376	5.07094507506828	4.24792705199042	0.0392982713805707	0.0777945372227624
"hsa-miR-431-3p"	8.86817196661435	4.5935512114804	37.1464481560331	1.09582163112704e-09	1.04210488450317e-08
"hsa-miR-431-5p"	10.6829174802109	6.33188052844688	57.6279081738551	3.1670005616736e-14	9.5999704525731e-13
"hsa-miR-432-5p"	10.5059786058261	6.15830035881248	47.2657705387246	6.19852564722522e-12	9.69769335130397e-11
"hsa-miR-4326"	-0.32312378817826	5.09843449554127	0.14285102606327	0.70546299739477	0.781163364695122
"hsa-miR-433-3p"	6.68101897985277	2.74650986572272	15.948527473728	6.50883920685334e-05	0.00025875303404294
"hsa-miR-433-5p"	5.90668755567783	2.21328657937503	7.14218194473645	0.00752914940997764	0.0185362307809094
"hsa-miR-4421"	6.70730559494953	2.75073780729712	8.39902429122088	0.00375422462449954	0.0105860403655946
"hsa-miR-450a-5p"	1.04263897798656	5.24280027766746	1.29230080257848	0.255624374642446	0.363571324638083
"hsa-miR-450b-5p"	0.99534703085533	5.77715956439114	0.848783740004181	0.356896639642166	0.476845372524658
"hsa-miR-451a"	-0.573250904735369	3.11514956308851	0.133162436802216	0.715175389229617	0.786556398595744
"hsa-miR-452-3p"	7.21182275698915	3.1424907390969	14.4254826879743	0.00014581576547628	0.000531734182375908
"hsa-miR-452-5p"	10.0475893914033	5.71266937370607	42.1483774296153	8.46041136684096e-11	9.32568071117696e-10
"hsa-miR-4521"	1.57004943997967	4.72228726606765	1.10914793759334	0.292267242993488	0.404233309217379
"hsa-miR-4524a-5p"	3.7334993555824	2.5039133027341	3.28729474220071	0.0698179670418302	0.125852337983945
"hsa-miR-454-3p"	-1.25620496962166	6.18935756835524	1.70329983495787	0.191856995490863	0.29353515082987
"hsa-miR-454-5p"	0.177232061339604	4.05243928806168	0.0355162045110005	0.850518080177155	0.898695574914859
"hsa-miR-455-3p"	8.94516206726572	4.66635528354765	36.8245967573963	1.29249262440184e-09	1.18275268459413e-08
"hsa-miR-455-5p"	9.30963455248898	5.00495275531111	30.6858290648576	3.03372589854517e-08	2.33548739808636e-07
"hsa-miR-4662a-5p"	-0.00335332259728691	3.83675531050343	5.98921734784597e-06	0.998047348834878	0.999817139152338
"hsa-miR-4677-3p"	-0.378068520245582	6.10224826680198	0.136710501551384	0.711573369107122	0.786134587737937
"hsa-miR-4707-3p"	-1.84450583810002	2.71528321271925	1.39803030699619	0.237053639980132	0.343197060866758
"hsa-miR-4775"	1.05309207915118	4.31007353906147	1.47536312411452	0.224501416158833	0.331960935478763
"hsa-miR-4787-3p"	-3.02548710038692	3.54146332361729	3.53240813483936	0.060180322363734	0.113396121399887
"hsa-miR-4802-3p"	-5.58896002811971	2.42326322447118	5.44429659908253	0.0196323188091329	0.0432803391928611
"hsa-miR-484"	0.539310217429826	10.7436466898775	0.455140872316434	0.499903692313691	0.6016210689135
"hsa-miR-485-3p"	9.48141336749022	5.17018116737781	44.410761986253	2.66219596316621e-11	3.39780274246213e-10
"hsa-miR-485-5p"	10.4928930885069	6.14541669819562	45.4085051676109	1.59938334349053e-11	2.21628834740831e-10
"hsa-miR-486-5p"	2.54460945759152	8.53137614835658	5.30342015381395	0.0212835935647629	0.0458779683507111
"hsa-miR-487a-3p"	7.85990951084067	3.69134309933607	24.3573830655722	8.00194689904626e-07	4.79128919263881e-06
"hsa-miR-487b-3p"	11.7006546584769	7.33383076693968	66.6484278149543	3.24514970324603e-16	1.57389760607432e-14
"hsa-miR-490-3p"	5.90668755567783	2.21328657937503	7.14218194473645	0.00752914940997764	0.0185362307809094
"hsa-miR-493-3p"	10.762904514214	6.40936977144723	45.1469989198903	1.82785599051573e-11	2.46252820944481e-10
"hsa-miR-493-5p"	10.1501334591291	5.81286306305362	51.644247663521	6.65252675324902e-13	1.61323773766289e-11
"hsa-miR-494-3p"	10.0237150496032	5.69120619900417	46.8327342554747	7.73112210616547e-12	1.13624067317886e-10
"hsa-miR-495-3p"	9.42696659925021	5.11787710047377	41.1962752108739	1.37684668850864e-10	1.45167531288411e-09
"hsa-miR-496"	7.88614245124734	3.70598294406715	19.3321458340539	1.0984147954537e-05	5.27456609698063e-05
"hsa-miR-497-5p"	2.54308307914199	2.8230560403297	3.30723457408805	0.0689754743984647	0.124825018967371
"hsa-miR-500a-3p"	-2.40412195329841	10.647852843593	7.69594377658453	0.00553450623397122	0.0145882365406307
"hsa-miR-500a-5p"	-3.21132611299572	3.23498993099096	5.34314013830926	0.0208039656484978	0.0452462930023383
"hsa-miR-500b-3p"	-2.46591452642734	3.1157619464858	3.34216151117854	0.0675258489877212	0.123120438943777
"hsa-miR-500b-5p"	-2.28612944473546	3.30206343770632	2.81262492195421	0.0935252305734904	0.160281755576476
"hsa-miR-501-3p"	-2.46233546697761	10.1402852456322	7.90631451588854	0.00492625306934741	0.0133476689309134
"hsa-miR-501-5p"	-3.03612999362696	4.39523770820273	9.70947597321678	0.00183320280051599	0.00552238110714444
"hsa-miR-5010-3p"	-8.15587015039197	4.48803593729987	24.4459619861761	7.64235212484451e-07	4.63317597568698e-06
"hsa-miR-502-3p"	-1.80582651393629	5.72796622304102	4.49670272341901	0.0339602770960429	0.069117738252393
"hsa-miR-502-5p"	-6.3080267083302	2.92598449200444	10.6722627755151	0.0010875399877372	0.00344743068008199
"hsa-miR-503-5p"	0.510152054616976	2.93638859818521	0.110182499062492	0.739936458837729	0.808263924631303
"hsa-miR-504-5p"	4.46292051469304	3.32288936735722	7.25045304243464	0.00708831265161452	0.0178125991504303
"hsa-miR-505-3p"	-1.16716050703734	6.63825888320567	1.99567039920774	0.157749249957864	0.24921298446112
"hsa-miR-511-3p"	-7.33766745151954	7.54484510455677	25.9182540332286	3.56185002704762e-07	2.43309473678605e-06
"hsa-miR-511-5p"	-11.3127279994967	7.53053906651245	42.6121261012745	6.67443288198085e-11	8.09274986940178e-10
"hsa-miR-532-3p"	-1.87988116471064	7.06538519277819	5.46164850824322	0.019438299600231	0.0430482890690047
"hsa-miR-532-5p"	-1.41169872029842	10.2744704844918	2.84011735158371	0.0919374992165058	0.158119457872359
"hsa-miR-539-3p"	9.08299736267067	4.79308983493105	37.071571215562	1.13871855910036e-09	1.06207404069938e-08
"hsa-miR-539-5p"	6.88384507412254	2.89124518339175	15.518081427022	8.17198255153654e-05	0.000319629962701227
"hsa-miR-541-5p"	6.46847608556573	2.59086993055956	14.1724179023737	0.000166797749093445	0.000594830208164122
"hsa-miR-542-3p"	0.882828486541781	3.42945069210647	0.556272280394871	0.455766108823805	0.561031885227272
"hsa-miR-543"	8.77543949205382	4.50773807560739	35.9707788699286	2.00298927488526e-09	1.76627236058064e-08
"hsa-miR-548au-5p"	-5.96825034570321	2.6780965516587	9.40250125335662	0.00216689628296735	0.00644751347999489
"hsa-miR-548e-3p"	-2.19624933272279	6.41739144349856	4.4819659108094	0.034254297627748	0.069222226456074
"hsa-miR-548e-5p"	-7.59581775931948	3.98515584016261	19.1960151526542	1.17959370738846e-05	5.59582268194476e-05
"hsa-miR-548k"	-2.22617154263178	6.92416553147535	3.52850762750883	0.0603220604560225	0.113396121399887
"hsa-miR-548o-3p"	-0.8794420304866	4.68585546987037	0.849593562855677	0.356667342283461	0.476845372524658
"hsa-miR-549a"	5.90668755567783	2.21328657937503	7.14218194473645	0.00752914940997764	0.0185362307809094
"hsa-miR-549a-5p"	5.82051372283528	4.13246883584353	20.0636193234184	7.49081614831958e-06	3.82425877045789e-05
"hsa-miR-550a-3p"	-0.402493828845894	4.06245952100773	0.077089237336331	0.781281440347724	0.840180706360635
"hsa-miR-561-5p"	6.22548550187981	2.41478596942069	7.64568240162589	0.00569083641218581	0.0147596559353482
"hsa-miR-5690"	-5.94210482178181	2.66018012317258	9.01297217911738	0.00268070137094608	0.00783216966812561
"hsa-miR-574-3p"	1.25646682477104	9.10304614926909	2.17155735700858	0.140583800573004	0.223787862594623
"hsa-miR-574-5p"	1.55803008342039	3.03567828427954	0.697047170008744	0.403777670244952	0.518074523991539
"hsa-miR-576-5p"	-1.26658881400031	4.95699240787037	2.26349206554694	0.132455083338225	0.215572870533688
"hsa-miR-582-3p"	-1.55853436944273	3.74723788228963	2.16489799876753	0.141193991657638	0.223787862594623
"hsa-miR-582-5p"	-0.784234777470065	4.07820646708531	0.556609643836097	0.455629503091095	0.561031885227272
"hsa-miR-584-5p"	4.84809788852175	5.1363745906531	17.602066039471	2.72292365918766e-05	0.00011483634562661
"hsa-miR-589-3p"	-1.44015787360523	4.92973616229142	2.62866001359089	0.104950252755785	0.176739140925542
"hsa-miR-589-5p"	-0.414496527279887	7.91657287730539	0.153164855689965	0.695529071557604	0.77512925344571
"hsa-miR-590-3p"	-2.55634667846529	5.19631334477102	6.21606297606685	0.0126596318042812	0.0296614561597892
"hsa-miR-598-3p"	-6.70739935795388	3.2363254673179	10.2462237727277	0.00136964690374079	0.00420429587540686
"hsa-miR-615-3p"	7.02594730821291	3.012722308411	14.0204578398591	0.000180832448173734	0.000640173265432564
"hsa-miR-616-5p"	-1.38074166628064	4.7195809201686	1.03544519348981	0.308883170641917	0.423187394806016
"hsa-miR-618"	-7.14480792717772	3.59581706498074	14.8494306139657	0.000116443216494612	0.000448213968253072
"hsa-miR-625-3p"	2.54588670960767	6.09990650438291	4.85999251648051	0.0274864553353799	0.0574609087830141
"hsa-miR-625-5p"	1.67689082527641	5.29037815308867	2.97748380270565	0.0844304358412688	0.146769754060987
"hsa-miR-628-3p"	-1.75853365962246	3.89748364634542	1.84042406556138	0.174901252307719	0.271013122585443
"hsa-miR-628-5p"	-1.71901009941331	4.51323225105995	3.41479418934641	0.0646144702292674	0.118704613868162
"hsa-miR-629-3p"	-2.10460386232851	2.88821526437758	1.18139447804685	0.277072290307932	0.388869371143125
"hsa-miR-629-5p"	-1.03585261658224	5.7529199686996	0.820869552656584	0.364926051710247	0.482259223649781
"hsa-miR-641"	0.356512524349009	3.81854449703543	0.0957876245156557	0.756944438142799	0.819459938614414
"hsa-miR-6503-3p"	-8.18619962325418	4.51563366010086	22.093081564584	2.5974418802605e-06	1.46483640921668e-05
"hsa-miR-6503-5p"	-5.91854554774545	2.64133456860016	7.86650324757649	0.00503589428421499	0.0135689373769126
"hsa-miR-6511b-3p"	-0.46585113366893	3.06461535379707	0.175129938288438	0.675592339071192	0.761369883232207
"hsa-miR-652-3p"	-2.06067287432277	8.15887777306755	3.1635582724663	0.0752988929771979	0.134264570198312
"hsa-miR-652-5p"	-2.54420041236025	3.99174614546686	6.47041098750683	0.0109685163983936	0.0263352992733708
"hsa-miR-653-5p"	-5.77089593863496	2.54268716601596	7.90883072874336	0.00491940562820867	0.0133476689309134
"hsa-miR-654-3p"	14.2861225400165	9.90629654680278	79.6618954552741	4.44286956827075e-19	4.30958348122263e-17
"hsa-miR-654-5p"	8.87766478769298	4.60083094737028	32.1757169674416	1.40840058939695e-08	1.11979391124183e-07
"hsa-miR-655-3p"	6.22548550187981	2.41478596942069	7.64568240162589	0.00569083641218581	0.0147596559353482
"hsa-miR-656-3p"	8.61796651381092	4.36393680792261	34.4250950316016	4.42974808531529e-09	3.70418589892744e-08
"hsa-miR-660-3p"	-6.77388965268503	3.2895342643329	11.6280372480395	0.000649650711809723	0.00214340540971235
"hsa-miR-660-5p"	-2.23934261673238	9.58559329819278	6.45875884679018	0.0110406735753825	0.0263779639608892
"hsa-miR-664a-3p"	-1.40839230681662	5.92038539068248	2.28252662042784	0.13083857292602	0.214380769828108
"hsa-miR-665"	9.82921737960859	5.5021848689671	42.1947957989301	8.261958891038e-11	9.32568071117696e-10
"hsa-miR-668-3p"	7.04079120146427	3.01702090757368	18.2070798637585	1.98140915450932e-05	8.58020928515199e-05
"hsa-miR-671-3p"	1.91890326730236	7.56857989087949	6.00880689584111	0.0142346491073387	0.0328877378635146
"hsa-miR-671-5p"	0.086437176913113	4.57274351085876	0.0122552127212288	0.911851657376212	0.943600488889152
"hsa-miR-6769b-3p"	-2.0675395766729	2.85492760304015	1.66490455835095	0.196942419205016	0.29942656211421
"hsa-miR-6810-3p"	-6.36614842952138	2.96979081143141	10.3303510027628	0.0013086031769682	0.00404250026006101
"hsa-miR-6842-3p"	-7.81945362056162	4.18351857630124	20.3938350554125	6.30325275287493e-06	3.28718019907994e-05
"hsa-miR-7-1-3p"	-0.0853524989681184	4.32461560515262	0.00968497473296992	0.921604932544806	0.948998709732975
"hsa-miR-7-5p"	0.385154853322016	4.41009004559748	0.151804097377945	0.696817225777999	0.77512925344571
"hsa-miR-708-3p"	4.30721942904694	4.25435221517979	17.4721812255539	2.91542644234681e-05	0.000120853147396428
"hsa-miR-708-5p"	2.17453703449704	4.42255835135933	4.90904370997012	0.0267164284996237	0.0563368166187716
"hsa-miR-744-3p"	0.321645491140197	3.81367875967765	0.0935962232565095	0.759654137835454	0.820561819265468
"hsa-miR-744-5p"	-0.410105769099828	8.62486462673901	0.255198550318156	0.613438173172709	0.710065665844306
"hsa-miR-758-3p"	10.1099202649503	5.7740558748361	51.3518046770237	7.72109920419579e-13	1.78320624477855e-11
"hsa-miR-766-3p"	-2.11950361980086	5.07452668447713	5.82927676270167	0.0157616020871322	0.0358890939542681
"hsa-miR-769-5p"	1.15304479363067	9.06703093090073	2.24011396234042	0.13447106909307	0.217394895033796
"hsa-miR-7705"	-2.80286393968134	3.39321263257167	4.49168546518869	0.0340600813243751	0.069117738252393
"hsa-miR-7706"	-1.69822846397883	5.68686010288795	3.54145574633874	0.0598529090657508	0.113393206628473
"hsa-miR-7974"	3.34193699826585	4.56613461592949	4.37451002115082	0.0364803171938528	0.0731113795000768
"hsa-miR-7976"	-2.34339665653306	3.83334876638895	3.17959854283722	0.0745630472568829	0.1334430919542
"hsa-miR-7977"	0.876066914957632	2.80639553131162	0.145281169243511	0.703086257064697	0.78031312282924
"hsa-miR-873-3p"	5.90668755567783	2.21328657937503	7.14218194473645	0.00752914940997764	0.0185362307809094
"hsa-miR-874-3p"	0.0802837400547869	4.87506137769395	0.00319053275857062	0.954955603135829	0.973011486388397
"hsa-miR-877-3p"	0.501933760297096	2.62537122925385	0.12435847092839	0.724354623739682	0.794823512474538
"hsa-miR-877-5p"	-0.172356507491313	6.122027040367	0.0451132246396098	0.83179596889824	0.880831975798355
"hsa-miR-887-3p"	8.6162007273262	4.36259794304612	34.0140737166565	5.4714879875404e-09	4.49774859992728e-08
"hsa-miR-889-3p"	10.0714485631288	5.73682864272408	50.9430885510453	9.50832240128046e-13	2.00501581070479e-11
"hsa-miR-9-5p"	1.24951797937918	6.29435689024031	2.16899327011767	0.140818394177715	0.223787862594623
"hsa-miR-92a-3p"	1.18221684962209	15.1975993806243	2.27265617260605	0.131674055528644	0.215023289331288
"hsa-miR-92b-3p"	4.49841530314928	11.5137098179233	19.4479296409298	1.03379839654167e-05	5.06456790224961e-05
"hsa-miR-93-3p"	0.0971812391482323	5.55765838876776	0.0168885300418613	0.896601335393664	0.93315804220156
"hsa-miR-93-5p"	0.49583572469372	9.74308817889761	0.298500274312687	0.584824145107924	0.687621948618589
"hsa-miR-935"	10.040046637044	5.70599089534352	48.3713085470427	3.52690870225685e-12	5.70183573531524e-11
"hsa-miR-940"	0.413875588133078	4.77230228098286	0.181539645449549	0.670053418829992	0.759272822528589
"hsa-miR-941"	-2.333977445446	10.0568837437181	3.55824167138641	0.0592504703602336	0.112849357833503
"hsa-miR-941-3-5p"	-2.33070856536488	7.74267421909469	3.52134023390791	0.0605834386543786	0.113447751920361
"hsa-miR-942-5p"	-0.919793685829776	3.67907750284185	0.463083149775703	0.496186573209942	0.60012590525392
"hsa-miR-96-5p"	9.19402470840654	4.9035064805254	14.5066518981883	0.000139665499491403	0.000519565056148653
"hsa-miR-98-3p"	0.000221581666092822	4.96570675376882	5.25244292504112e-08	0.999817139152338	0.999817139152338
"hsa-miR-98-5p"	-0.965951192976733	11.5021667239908	1.41933087073841	0.233513569855273	0.339916344479803
"hsa-miR-99a-3p"	2.26195272374011	2.67126735187812	2.74960685634763	0.0972783449752927	0.166126751102172
"hsa-miR-99a-5p"	1.00445746970907	6.01602995092527	1.24303285016056	0.26488734923324	0.375644340286904
"hsa-miR-99b-3p"	-0.578896697572464	6.07893234203546	0.535726732056476	0.46420912294935	0.568538951086957
"hsa-miR-99b-5p"	-1.12509044881536	14.960388918989	1.65942426294384	0.197681076644842	0.299610381789839
