"logFC"	"logCPM"	"LR"	"PValue"	"FDR2"
"hsa-let-7a-2-3p"	7.05375538096571	3.2668116917705	17.670831226612	2.62623155992732e-05	0.000135939645553738
"hsa-let-7a-3p"	1.49427429362143	5.55305142466319	2.11469192286736	0.145891409849357	0.20727511543439
"hsa-let-7a-5p"	0.746150906805933	15.4615084081688	1.34477338810029	0.246193922627996	0.314439388226948
"hsa-let-7b-3p"	2.7159261143151	6.55966548120217	12.992792463772	0.000312692284076112	0.00107802304929736
"hsa-let-7b-5p"	1.99662546369784	12.3684298391614	9.1291007245587	0.00251575349024519	0.00619222587942988
"hsa-let-7c-5p"	5.85017199562489	9.26207587270229	33.203943795912	8.29820609089685e-09	1.23970169782186e-07
"hsa-let-7d-3p"	0.928798387493171	7.05995988902399	1.85849997267277	0.172798024783749	0.237959291112817
"hsa-let-7d-5p"	0.265058573708934	10.1425468699561	0.178738624269677	0.672459495250723	0.722271309713739
"hsa-let-7e-3p"	3.9349256466995	3.1703805205858	13.3128938833831	0.00026358723161774	0.000928203608482469
"hsa-let-7e-5p"	5.84223104990049	10.7949012161972	58.3281715966675	2.21844491018512e-14	9.11411117267719e-13
"hsa-let-7f-1-3p"	1.40402768959231	4.01198683267829	2.78310307655145	0.09526343195828	0.143623461637407
"hsa-let-7f-2-3p"	-0.185330194691105	3.84913790709593	0.0259431895488564	0.872039137032995	0.899404381918968
"hsa-let-7f-5p"	-0.890592576877874	15.2725429663911	2.31178082085808	0.128396873954568	0.185629498122
"hsa-let-7g-3p"	-2.59040238902454	4.45053881515393	6.47380377833555	0.0109475972449898	0.0217012578939625
"hsa-let-7g-5p"	-3.25550490127922	14.5482130042724	24.2690722580345	8.37734378852242e-07	7.23174399948346e-06
"hsa-let-7i-3p"	-0.516143258537802	6.27714609197997	0.511457272354358	0.474508693618874	0.535315299666144
"hsa-let-7i-5p"	1.4260842301254	13.8529603471767	5.637703758258	0.0175782147014345	0.0325791723601775
"hsa-miR-1-3p"	-5.69340710990356	2.32057338508539	10.3409403095499	0.00130111713129308	0.00362401551258467
"hsa-miR-100-3p"	10.3287405890136	6.2893735854375	34.0417471403053	5.39422132935553e-09	8.3482818131392e-08
"hsa-miR-100-5p"	11.8171692466661	17.3464187511092	49.1037722522106	2.42772882832709e-12	8.54907365975182e-11
"hsa-miR-101-3p"	-3.57002419389506	13.8139046312511	11.591011207355	0.000662713665352119	0.00204198648136622
"hsa-miR-101-5p"	-4.8016344855985	4.80894198818205	14.3732169816804	0.000149919607297031	0.000572948576724312
"hsa-miR-103a-3p"	-1.04976114484341	12.3131957668643	2.93352321284396	0.0867579700165553	0.133661497556756
"hsa-miR-106a-5p"	-7.79692743864096	4.59201305123194	30.1173869382065	4.06668788724877e-08	4.88994421564303e-07
"hsa-miR-106b-3p"	-1.10501699505484	8.40186618162311	2.6267540635405	0.105076329159168	0.156032018902017
"hsa-miR-106b-5p"	-1.2343054877204	8.04109473550021	1.90073550308206	0.167996015947049	0.233301509470128
"hsa-miR-107"	3.35687680557694	6.96458785226086	9.45851882953608	0.00210170714512879	0.00542482524894498
"hsa-miR-10a-3p"	4.24238900863026	4.21991759568048	5.24900515163475	0.0219593224239266	0.0403953207275963
"hsa-miR-10a-5p"	2.27110668485833	14.5095188538317	5.00095143593717	0.0253333888910857	0.0456913826133841
"hsa-miR-10b-5p"	7.57302861190262	12.5811121094648	13.4892700963685	0.000239931507755683	0.000859260400184681
"hsa-miR-1180-3p"	5.03485372855981	3.61716939695212	6.8772962832779	0.00872975229031127	0.0179323661630144
"hsa-miR-1185-1-3p"	8.24619076320647	4.30163836870456	9.92541577494333	0.00163012021465137	0.0043440500855304
"hsa-miR-1185-2-3p"	5.61372875004442	2.22039083715429	5.94045106310906	0.0147972312791097	0.0279853274772213
"hsa-miR-1185-5p"	7.49124819538264	3.63051814541119	8.29543089455702	0.00397449487205974	0.00919918296678616
"hsa-miR-1197"	7.34782278848033	3.50817708825147	7.60488768489589	0.0058210289909889	0.0127545213002557
"hsa-miR-122-5p"	5.54773287573418	2.1799121213244	6.55638422107969	0.0104508508265495	0.0211158584323316
"hsa-miR-1226-3p"	2.17964269307254	3.3239726390913	3.15867563943631	0.0755244291734033	0.11708661503927
"hsa-miR-1233-3p"	2.62931627961793	2.30381767310784	2.24348448923293	0.134178310860708	0.192856872461601
"hsa-miR-1248"	-3.13039794799955	3.01210189438249	7.0100697707181	0.00810525213096964	0.0168602924074601
"hsa-miR-1249-3p"	0.622541555245731	3.87501468466644	0.440112767443294	0.507068032343447	0.567433348455304
"hsa-miR-1255a"	-0.187671393550299	2.44753576385453	0.0115035468226035	0.91458700953126	0.933522558382839
"hsa-miR-1257"	6.3394117495159	2.70023226634462	10.2374596421946	0.00137616983241533	0.00381152655831887
"hsa-miR-125a-3p"	3.08407383726711	4.16859920539585	10.8583574605662	0.000983508888350154	0.00285217577621545
"hsa-miR-125a-5p"	1.5331605352718	13.0508044689839	5.19513785991194	0.022650158452244	0.0415112569403579
"hsa-miR-125b-1-3p"	13.9964347387388	9.92836227399034	95.4073247653542	1.54979191979287e-22	2.54682472152628e-20
"hsa-miR-125b-2-3p"	5.50208570945383	6.52391940555126	16.6589497182757	4.47387253970151e-05	0.000200510832915713
"hsa-miR-125b-5p"	8.58382955213981	14.6211416693661	81.4857213288151	1.76532405669405e-19	1.74060951990033e-17
"hsa-miR-126-3p"	5.67760874402478	8.26757406362022	13.0146760955903	0.000309059220990437	0.0010730013799175
"hsa-miR-126-5p"	5.99459435748815	9.50226690104488	15.7603022893554	7.18953431904409e-05	0.000305555208559374
"hsa-miR-1260a"	-0.407723274174842	5.11688989198048	0.264217766344825	0.607237187599569	0.663786992209728
"hsa-miR-1260b"	0.407922902542802	4.2685657507761	0.219821835396628	0.639175704390878	0.695615060186981
"hsa-miR-1269b"	5.37428377188115	2.07837972093249	4.2498727115573	0.0392532724893951	0.0660473151442723
"hsa-miR-127-3p"	11.9844858197565	13.314946655749	42.7179988642722	6.32278283096965e-11	1.64059575561476e-09
"hsa-miR-127-5p"	8.87049512603229	4.88239137347902	15.7229918039904	7.33274250021601e-05	0.00030897795321423
"hsa-miR-1271-3p"	6.11951610154103	2.59801125947297	4.71909589217601	0.029829423040402	0.0521486012727595
"hsa-miR-1271-5p"	1.03453410620718	7.79299223163734	0.842084613156622	0.358801250270754	0.424194283893242
"hsa-miR-1273h-3p"	-7.44560079096517	3.62430215137258	28.3346050225755	1.02055192416122e-07	1.14348204229882e-06
"hsa-miR-128-1-5p"	1.03931576370651	3.24844291105719	1.2418086980894	0.265122758130502	0.332584019741317
"hsa-miR-128-3p"	-0.00385721519603161	9.72346502988776	3.46320648674237e-05	0.995304555107527	0.995304555107527
"hsa-miR-1285-3p"	-0.465499901897121	4.13122464899315	0.0321995656209833	0.857590361593128	0.886356495315329
"hsa-miR-1291"	-1.90155625747914	2.63324059021317	3.32006478320626	0.0684391321393908	0.107124927694
"hsa-miR-1294"	-2.12897440068836	2.5318870792537	2.17368260563209	0.140389689843235	0.200614832152797
"hsa-miR-1296-5p"	3.60253504079443	4.61054016241071	11.8004251158739	0.000592171975872015	0.0018477264816766
"hsa-miR-1301-3p"	1.20346312525723	5.58847931513827	1.58569767711857	0.207941894257643	0.274105224248711
"hsa-miR-1304-3p"	2.34595931538024	5.49430421969788	4.6530521376946	0.0309983841274325	0.0540007186389549
"hsa-miR-1306-3p"	1.57539656926614	2.28527965117265	1.46023715319638	0.226892390970732	0.296152846483274
"hsa-miR-1306-5p"	2.32962187632954	3.92756386992036	3.57408093442771	0.0586879159976843	0.0939387746326569
"hsa-miR-1307-3p"	0.57288271499625	7.49899628504428	0.703900953498439	0.401476013657189	0.462447838161201
"hsa-miR-1307-5p"	0.781785710967294	9.23006863148226	0.980014522135633	0.322195220907708	0.388367344517115
"hsa-miR-130a-3p"	4.92045480566091	9.29217947597095	37.3261283011171	9.99366815449283e-10	2.05286600006874e-08
"hsa-miR-130b-3p"	1.96252856322032	8.92274902449368	7.77319052985798	0.00530273063931919	0.0117758838071368
"hsa-miR-130b-5p"	2.52416292590635	7.55794216806202	12.5483381077536	0.000396558825310225	0.00129598204129497
"hsa-miR-132-3p"	1.47150995250437	6.42215409559172	1.57518609021106	0.209455463257472	0.275364115695824
"hsa-miR-132-5p"	1.12884635637367	4.30328017816694	1.58713994780302	0.20773523185189	0.274105224248711
"hsa-miR-133a-3p"	-0.978994567368084	3.42971714258258	0.657020196759834	0.417613901079235	0.479915275599214
"hsa-miR-134-5p"	10.1201371055861	6.08459314737221	23.6021293584495	1.18456360578694e-06	9.41919125246713e-06
"hsa-miR-1343-3p"	5.53663030210021	4.59602092926651	12.8771923375052	0.000332610858733055	0.00113271806984541
"hsa-miR-136-3p"	10.3450842691872	8.14217974281877	18.4735705634383	1.72276854993421e-05	9.9920575896184e-05
"hsa-miR-136-5p"	9.64988743985711	5.62807107026575	22.3600818124144	2.26023383319056e-06	1.66312728322828e-05
"hsa-miR-137"	6.9922016562612	3.21149948667474	8.35587546016058	0.003844421989085	0.00898246464748296
"hsa-miR-138-5p"	9.61485988785	7.92462422000724	12.693202284739	0.000366987248862853	0.00122246428168504
"hsa-miR-140-3p"	-1.54901378631517	12.2858752297999	3.31987670918463	0.068446961914016	0.107124927694
"hsa-miR-140-5p"	-1.27833098271366	6.11210740192932	1.83444818771202	0.1756030500191	0.239812475510848
"hsa-miR-141-3p"	-7.8451033183159	7.8321314112399	39.7736427979144	2.85167578071601e-10	6.3903461813318e-09
"hsa-miR-142-3p"	-16.0289764358202	11.9591116024595	106.143532751364	6.85833352470997e-25	1.69057921384101e-22
"hsa-miR-142-5p"	-13.6397515216809	15.1201722297421	149.044518708205	2.80420341676618e-34	1.38247228446573e-31
"hsa-miR-143-3p"	8.26192429286384	12.3804155131253	46.764728171136	8.00411244523942e-12	2.32119260911943e-10
"hsa-miR-143-5p"	7.39312344095131	3.54784005044704	16.8748414371759	3.9927310170303e-05	0.000183731662998862
"hsa-miR-145-3p"	5.67146568889527	4.73613344669636	17.1031320952082	3.54038704261999e-05	0.000174541081201165
"hsa-miR-145-5p"	7.24978740056365	5.68671882374375	29.3207336044239	6.13358939027098e-08	7.03223155675255e-07
"hsa-miR-1468-5p"	-1.31757083947176	4.83375368863858	2.32910822051619	0.126974600763513	0.184113171107093
"hsa-miR-146a-3p"	-6.06259857964101	2.56027077816182	8.81576965159929	0.00298638217459539	0.00711249474432621
"hsa-miR-146a-5p"	-5.37070232057582	12.3629289159539	12.706006690948	0.000364482920870427	0.00122238149652463
"hsa-miR-146b-3p"	-4.1564427946262	8.56309585179135	6.60131321982653	0.0101903581314726	0.0206742656741398
"hsa-miR-146b-5p"	-4.0729979008578	14.3372647945179	5.48704919550693	0.0191578506448032	0.0353738590557603
"hsa-miR-147b"	0.938243232033818	2.47266007842421	0.526682421357399	0.468004987653371	0.531627785514083
"hsa-miR-148a-3p"	0.296755955708202	12.3634316225814	0.0751518589438547	0.783978269611758	0.815403558899993
"hsa-miR-148a-5p"	0.921018966533164	5.38456077193479	0.798549078290027	0.371527525587994	0.434324259119632
"hsa-miR-148b-3p"	0.42891777671478	10.5806566397626	0.439047869621646	0.507582366468132	0.567433348455304
"hsa-miR-148b-5p"	0.449441487571363	6.41516435096374	0.33077000096446	0.565206035006519	0.626172079231942
"hsa-miR-149-5p"	7.9066339323137	8.16638023482193	28.2906102572805	1.04401181084403e-07	1.14377293943579e-06
"hsa-miR-150-3p"	-10.7272399580056	6.6848283159915	48.4675617364012	3.35797656278883e-12	1.1036549636366e-10
"hsa-miR-150-5p"	-14.8808491387876	15.6360799586798	69.616532094585	7.20306301268111e-17	4.43888758156473e-15
"hsa-miR-151a-3p"	3.41439967874046	11.6550873797916	20.7577262475488	5.21208689708144e-06	3.56883172258493e-05
"hsa-miR-151a-5p"	4.01438443264387	12.4645254691313	34.0329146192306	5.41876304301124e-09	8.3482818131392e-08
"hsa-miR-151b"	0.973014925640716	3.83906122083284	1.58920810955577	0.207439309355847	0.274105224248711
"hsa-miR-152-3p"	0.941023488108267	8.42358168880379	1.86386886183008	0.172178941436324	0.237770919126353
"hsa-miR-152-5p"	3.33955278739468	5.182204523478	10.1132252225189	0.00147209123414782	0.00403189432463819
"hsa-miR-153-3p"	-2.57406725908278	2.79139264833256	4.20785741383999	0.0402371302577598	0.0674724667247469
"hsa-miR-154-5p"	6.82989916932402	3.07749572276751	9.15930413992691	0.00247456650028145	0.00616142062948867
"hsa-miR-155-5p"	-0.214605244266986	9.73748352402477	0.109669489629249	0.740520731286193	0.778415182354143
"hsa-miR-15a-5p"	-2.49035230223608	10.5030071397381	11.4089339901797	0.00073091759504007	0.00222433564416515
"hsa-miR-15b-3p"	-0.0142594402730358	5.88807596242584	0.000436856507927796	0.983324539092111	0.988727185937369
"hsa-miR-15b-5p"	-0.63271392403782	8.64468225293363	0.890060308046108	0.345460965522003	0.411382260875236
"hsa-miR-16-1-3p"	2.11243805301483	2.51223822531706	1.36720770454509	0.242292218611554	0.311880062077014
"hsa-miR-16-2-3p"	-1.75333404735253	7.05804906534415	4.03601741233309	0.044538812105866	0.0736833368060132
"hsa-miR-16-5p"	-1.87580804899691	12.4973371290197	7.04730187187727	0.00793847394373747	0.0166539049117556
"hsa-miR-17-3p"	-1.02266852599462	7.58114399901375	1.01100061656288	0.314663241556682	0.382091079033113
"hsa-miR-17-5p"	-0.761887119327916	7.42862500026059	0.82465896378325	0.363821506223755	0.429100484613185
"hsa-miR-181a-2-3p"	-4.65823478274278	10.0379809355982	38.5381820208162	5.36929089262153e-10	1.15089583046192e-08
"hsa-miR-181a-3p"	-0.742085010671812	8.74493739862545	1.16998127436156	0.279405088156546	0.347845223386811
"hsa-miR-181a-5p"	-2.8189695852709	15.1772614949468	11.5313478845992	0.000684323798342662	0.00209547597877598
"hsa-miR-181b-2-3p"	-6.56187860539456	2.93212976053022	20.1230840499165	7.2614944622447e-06	4.58963688447005e-05
"hsa-miR-181b-3p"	1.26779268412618	2.8166662618569	0.870858160944646	0.350717842951768	0.41663589536198
"hsa-miR-181b-5p"	-1.37300171251	11.0880205982963	3.88929460849043	0.0485948296374288	0.0793286457326238
"hsa-miR-181c-3p"	-0.984125406752379	6.35257186982166	1.45911780415677	0.227070539494275	0.296152846483274
"hsa-miR-181c-5p"	-2.81373239872044	10.0670261526077	15.3633004181104	8.86943518276639e-05	0.000364385962091986
"hsa-miR-181d-5p"	-0.408879577566167	5.92974078856935	0.200554314360531	0.654273791000818	0.708916437282205
"hsa-miR-182-5p"	0.696164338811873	4.66067856003196	0.706502678058659	0.400607288606298	0.462447838161201
"hsa-miR-184"	14.111626281502	10.0437894512263	7.99868314413697	0.00468113817142871	0.0107339586907644
"hsa-miR-185-3p"	-0.422266947750878	3.49446156699266	0.272290332099019	0.601799519805095	0.660773192124526
"hsa-miR-185-5p"	-0.965800533601886	7.19477679888934	0.918064446081409	0.337983699248626	0.404431950799934
"hsa-miR-186-5p"	-1.48655095524752	13.5906329042908	4.78748292381647	0.0286672899196972	0.0506558205391065
"hsa-miR-188-5p"	1.70589601892873	3.33455288930119	1.46898151013651	0.225506457220035	0.295677349493291
"hsa-miR-18a-3p"	0.556722195090197	3.43800217580703	0.298449027000704	0.58485637912888	0.645042941634313
"hsa-miR-18a-5p"	0.250044541764769	4.67868391782254	0.0500398795962305	0.822993894835247	0.852386533936505
"hsa-miR-190a-5p"	2.91841202493793	3.82913492428636	8.26004172340541	0.00405271965108356	0.00933640555132801
"hsa-miR-190b"	-1.85888963574713	2.96009730696694	2.58524397044612	0.107863787426305	0.15969023183534
"hsa-miR-191-3p"	0.85662105956421	3.8255200006642	1.02801752142956	0.31062475008869	0.378536154659118
"hsa-miR-191-5p"	-0.599232888873429	13.8378537856993	0.755390944659666	0.384774774783306	0.448449087395201
"hsa-miR-1910-5p"	4.80960846790534	2.8602943807971	8.47251651738354	0.00360552287390544	0.00846439417540657
"hsa-miR-192-5p"	-3.85257456562804	12.0664367760663	16.6787575519139	4.42739955031953e-05	0.000200248438376838
"hsa-miR-193a-3p"	6.40983141963715	8.01864391311562	13.4846484662683	0.000240523195183542	0.000859260400184681
"hsa-miR-193a-5p"	5.40500749119194	7.33836204070675	35.2217282686791	2.94222460679299e-09	5.37228418944053e-08
"hsa-miR-193b-3p"	5.8775070692203	8.4635044389157	36.8620635915575	1.26789139338805e-09	2.50028182776123e-08
"hsa-miR-193b-5p"	5.32698579741215	3.26312469881492	20.5731958481974	5.73941098682486e-06	3.75113469557916e-05
"hsa-miR-194-5p"	-2.78082207566698	5.93422507312384	5.07917025656376	0.0242149556605956	0.0438896071348295
"hsa-miR-195-5p"	2.69635628835867	5.79745422907798	12.5465249823823	0.000396943789524424	0.00129598204129497
"hsa-miR-196a-5p"	-2.1766833056259	3.52212464850239	3.52568181565577	0.0604249676946712	0.0960951905595899
"hsa-miR-196b-5p"	-8.25303337973833	4.3686942808785	32.9381425381504	9.51382413921059e-09	1.37950450018554e-07
"hsa-miR-197-3p"	-1.06388496966987	9.8934798052852	2.76230827136167	0.0965088976824152	0.145057580967776
"hsa-miR-1976"	-6.79936398764296	3.09956118639054	21.0346722842874	4.51046673548552e-06	3.17665728656337e-05
"hsa-miR-199a-3p"	7.64993571230517	12.4674159568788	72.2741983072411	1.87280084398765e-17	1.53881802680985e-15
"hsa-miR-199a-5p"	9.2602127339553	10.5348795194113	85.8144822569973	1.97633453020747e-20	2.4358323084807e-18
"hsa-miR-199b-3p"	7.68534923772132	11.3299770375161	68.6277958557931	1.18916122043504e-16	5.86256481674476e-15
"hsa-miR-199b-5p"	5.44035057184279	10.267495819212	6.32005679320658	0.0119379805403441	0.0233548587555144
"hsa-miR-19a-3p"	-1.68056610580562	7.60620032834014	2.40345318164497	0.12106774066076	0.177332765507679
"hsa-miR-19b-3p"	-2.45289237607344	9.67969402401259	6.53273474580507	0.010590700614094	0.021238021910219
"hsa-miR-200a-3p"	-6.48929680179157	2.87149814193808	17.2126692270661	3.34200163446458e-05	0.000166424929877883
"hsa-miR-200b-3p"	-3.53420257605444	4.48059605456606	4.94838217907474	0.0261150954866742	0.0466476162135159
"hsa-miR-200c-3p"	-5.12437699626353	3.81094536106123	16.5502370928349	4.73780619198537e-05	0.000210426887626017
"hsa-miR-203a-3p"	-2.13188382035804	2.54477832987356	1.02656068502366	0.310967834963373	0.378536154659118
"hsa-miR-204-5p"	11.2689043908141	9.06562311511045	51.1258031600018	8.66319995633445e-13	3.28535198344068e-11
"hsa-miR-205-5p"	4.7066048383121	3.34871218158539	9.39736985013571	0.00217296943074065	0.00555064212101109
"hsa-miR-20a-5p"	-2.09143426884593	8.0301915554349	6.47168182808558	0.0109606758937052	0.0217012578939625
"hsa-miR-20b-5p"	-8.99445921819559	5.01909259393228	30.0032645246307	4.31319554251423e-08	5.06287000585599e-07
"hsa-miR-21-3p"	1.40625125004804	10.5545127284767	4.27499425988522	0.038677094510086	0.0655092029173689
"hsa-miR-21-5p"	1.20757821641185	15.3100104454327	3.33856203741016	0.067673726485251	0.10659152446399
"hsa-miR-210-3p"	3.50398629124859	7.65223815306145	13.3453757500323	0.000259060645526291	0.000918826606075263
"hsa-miR-210-5p"	3.874907535399	4.44260075792618	13.6899106237022	0.000215609728089436	0.000787374784800683
"hsa-miR-2110"	-2.46752330537526	3.08217087120479	6.49836434372731	0.0107973779753658	0.0215510418698596
"hsa-miR-2110-3p"	-1.41866912210309	4.85803334105987	1.73811668875407	0.187377631742843	0.252396646036124
"hsa-miR-212-3p"	2.39604111321891	4.34612353411399	4.30223418552661	0.0380623393021525	0.0647059768136592
"hsa-miR-212-5p"	1.92413190605457	4.66404960997119	1.63529016912487	0.200972902437889	0.267782813248322
"hsa-miR-214-3p"	11.6464345921075	7.5886838632849	62.1668569702604	3.1555427667024e-15	1.41425689453117e-13
"hsa-miR-214-5p"	8.01066032002269	5.84979203683355	36.3464069407364	1.65183454074047e-09	3.13213241763482e-08
"hsa-miR-215-5p"	-0.762034259352571	4.84914388228539	0.6242615779672	0.429468051342378	0.491247678217615
"hsa-miR-216a-5p"	5.75563546338957	2.34269301989695	7.04873436613775	0.00793212777267822	0.0166539049117556
"hsa-miR-217"	5.28466116668811	2.04840906020812	7.85917255583536	0.00505635270573929	0.0113825656800432
"hsa-miR-218-1-3p"	9.83103591114742	5.80243463213776	19.7834045228092	8.67324777448807e-06	5.4125457630666e-05
"hsa-miR-218-5p"	6.44101903034492	6.63281090847921	9.17069020490251	0.00245921805316769	0.00615428680310494
"hsa-miR-22-3p"	1.93081319312126	15.7882602441299	6.42706535970683	0.0112394133001027	0.0220758197488073
"hsa-miR-22-5p"	0.652409656372794	6.63883093025713	0.619074177870768	0.431391535402468	0.492305617947724
"hsa-miR-221-3p"	2.92753736885855	13.6707939360216	15.5438550873309	8.06132439697258e-05	0.000333969153588864
"hsa-miR-221-5p"	3.28747391109127	9.98067179118104	19.6950950152368	9.08342137729823e-06	5.59765842376003e-05
"hsa-miR-222-3p"	4.3193767894327	13.2928713656288	41.0476185881781	1.48565077056132e-10	3.48774204707968e-09
"hsa-miR-222-5p"	4.72405779112364	5.31410923183428	25.6484842494017	4.09617104995613e-07	4.03882465525675e-06
"hsa-miR-223-3p"	-5.81611564577822	8.20559467909679	17.0158413783443	3.70692511564465e-05	0.000180573903819012
"hsa-miR-224-3p"	6.8250280627652	3.07287392319609	9.21411188513629	0.00240156685039781	0.00607165362690319
"hsa-miR-224-5p"	11.3998094465164	9.69905682272638	25.1416273760228	5.32704320244695e-07	5.14947509569872e-06
"hsa-miR-2277-5p"	-1.56642073925426	3.77913146474161	1.84979176435693	0.173807615339583	0.238682881232352
"hsa-miR-2355-5p"	-0.928751380246922	4.10186048019392	1.32724244661583	0.249296382446767	0.317579112522626
"hsa-miR-23a-3p"	-0.0866394684112742	11.6891586941862	0.0152150565396454	0.901830481519181	0.924329370871011
"hsa-miR-23a-5p"	-1.01890587666893	4.78132945213862	1.88360280759802	0.169925229547642	0.235317803839853
"hsa-miR-23b-3p"	3.84036857919245	10.9235110880368	13.7505311305997	0.000208761782800201	0.000773831270078939
"hsa-miR-23b-5p"	3.54085368459817	2.88512103825562	7.62027388534858	0.00577157219375285	0.012702612015715
"hsa-miR-23c"	-6.64595238048049	3.47877771166532	6.05593239469895	0.0138596555257009	0.0264837603650021
"hsa-miR-24-1-5p"	3.53835723506392	3.02915719867595	4.90467681468309	0.0267840632611879	0.0476698310027641
"hsa-miR-24-2-5p"	1.30624469489687	7.24549669654701	1.90402623472549	0.167628346804357	0.233301509470128
"hsa-miR-24-3p"	0.815199136576602	10.4756903578557	0.805518644286053	0.36944849058621	0.433662156807146
"hsa-miR-2467-5p"	-0.303422768217544	2.91692511945545	0.100342187410478	0.751419381600751	0.786517526813525
"hsa-miR-25-3p"	-1.41406789759218	11.6776968600721	4.99678830380828	0.0253943992617997	0.0456913826133841
"hsa-miR-25-5p"	-0.733067519898495	4.5189460776979	0.958067764056439	0.327674183828557	0.39400822592068
"hsa-miR-2682-3p"	5.98544069499943	2.45734709686691	7.85997927314727	0.00505409718582915	0.0113825656800432
"hsa-miR-2682-5p"	6.70699820766523	2.9848475093132	7.7829904929106	0.00527404214990492	0.0117651709497879
"hsa-miR-26a-2-3p"	0.235042239813151	4.42140648718049	0.115554343609164	0.733907096227491	0.776429610386595
"hsa-miR-26a-5p"	-1.37324896015413	15.3251611803483	5.75987961237789	0.0163961952323098	0.0306186524603361
"hsa-miR-26b-3p"	-3.17079292680923	6.34223298845219	11.8069314520934	0.000590106110855063	0.0018477264816766
"hsa-miR-26b-5p"	-3.21347461144037	13.0025930262945	21.7693959151946	3.07465677043067e-06	2.22912615856224e-05
"hsa-miR-27a-3p"	-0.343136298889102	12.5793014361914	0.194489034730282	0.659206402120442	0.712694640888987
"hsa-miR-27a-5p"	-0.381371124395887	6.68146693579023	0.18510226912748	0.667024608155503	0.717998104411928
"hsa-miR-27b-3p"	3.72579653307598	14.5573819923931	20.9181918385225	4.79320890123714e-06	3.32824223705621e-05
"hsa-miR-27b-5p"	4.39944999274481	6.40385566643265	20.6704669398229	5.45509341263561e-06	3.6840562362046e-05
"hsa-miR-28-3p"	-1.21434188437918	13.0411311553049	2.93877302477176	0.0864763985642821	0.133645343235709
"hsa-miR-28-5p"	-1.21840708003705	10.0136101330342	2.16238189042673	0.141425314509027	0.201510635991186
"hsa-miR-296-3p"	6.06412647989882	6.40282339973984	6.79145941702049	0.00915949979082339	0.0187370680368296
"hsa-miR-296-5p"	-0.359049131231291	3.74205229414697	0.116411508564679	0.732959566440154	0.776429610386595
"hsa-miR-299-3p"	8.64979699648457	4.67566013003617	14.6400939008656	0.000130116725655467	0.000505098785418468
"hsa-miR-299-5p"	8.07650676977299	4.14530175450395	17.8608283040159	2.37663042763721e-05	0.000128755912178587
"hsa-miR-29a-3p"	-0.547204371345742	14.1170331212912	0.816182879090888	0.36629857130056	0.430990920408534
"hsa-miR-29a-5p"	0.240887485226814	5.54619094903663	0.0718595464477998	0.788648277928726	0.818533896881815
"hsa-miR-29b-1-5p"	0.839269191481673	3.55340199336783	1.00057386544755	0.317171689056453	0.384190768316539
"hsa-miR-29b-3p"	-1.12374118933573	10.0095306158864	1.25856872085669	0.261922186158245	0.329407239224528
"hsa-miR-29c-3p"	-4.16276024556824	11.4023381401779	19.0439784652654	1.27740215448884e-05	7.6799910019878e-05
"hsa-miR-29c-5p"	-2.48164180727112	5.26895924869183	4.41411361551276	0.0356427918189636	0.061013529051212
"hsa-miR-301a-3p"	1.36244307366792	7.10636572982018	1.60213261413689	0.205601249888722	0.273211364407386
"hsa-miR-301b-3p"	2.46963750215466	5.36756499301114	3.86623312538563	0.0492669778094455	0.0801604622444114
"hsa-miR-30a-3p"	9.58888626209719	6.09615904349921	34.9650736081666	3.35672692369995e-09	5.91023704780027e-08
"hsa-miR-30a-5p"	9.1432648831241	11.145753732894	70.5248548276395	4.54503967804089e-17	3.20100651610594e-15
"hsa-miR-30b-5p"	-2.09346848331959	10.3205735784716	6.87852125352962	0.00872377108790934	0.0179323661630144
"hsa-miR-30c-1-3p"	1.40197227218712	3.72162510210105	2.80530402090841	0.0939530328603438	0.142082347239722
"hsa-miR-30c-2-3p"	7.80124972842017	3.90542623574894	24.8361844767776	6.24147700931402e-07	5.73675120133299e-06
"hsa-miR-30c-5p"	-0.789271259086197	11.2472669992853	1.64613196944716	0.199486209402602	0.267246470748595
"hsa-miR-30d-3p"	-1.08406351383176	5.01164053937223	1.4025006090487	0.236305335537082	0.305770421049296
"hsa-miR-30d-5p"	-0.879966036167204	12.5520400019583	1.95921579381195	0.161597212737639	0.225686758865882
"hsa-miR-30e-3p"	-2.23039923258214	7.70782674008	7.80390707096479	0.00521333881610532	0.0116826183469996
"hsa-miR-30e-5p"	-2.17446817832841	12.6190381457731	7.09959472746357	0.00771013832677556	0.016313726159229
"hsa-miR-31-3p"	4.62873460262196	6.87334533600906	10.1375866234732	0.00145276240985814	0.00400118362044728
"hsa-miR-31-5p"	5.80091043488001	12.9582796161176	18.4334633363771	1.7594098577974e-05	0.000100859193010944
"hsa-miR-3129-3p"	6.04548970157941	2.47774828666684	4.47021004450803	0.0344907513965763	0.0594543371975947
"hsa-miR-3152-5p"	7.9052742047494	3.99159150216807	10.382542500148	0.00127212394856758	0.00358375489510753
"hsa-miR-3158-3p"	1.05750438420226	2.91864975671095	1.05484968102128	0.304392799661353	0.375030418730856
"hsa-miR-3168"	1.64952265309409	3.21536632751929	2.90160733243754	0.088491274044535	0.135155805034912
"hsa-miR-3194-5p"	-4.33015431494641	3.32533286423865	14.7474735995377	0.000122912110127454	0.000484765362342678
"hsa-miR-32-5p"	-3.29240875940914	6.52825272565926	5.91398279942126	0.0150211734136579	0.0282650324157761
"hsa-miR-3200-3p"	6.20984100771825	4.15616106503887	14.7642467260478	0.000121823558670098	0.000484346890519019
"hsa-miR-3202"	-5.92050481438461	2.46624788458354	12.6386397593673	0.000377854812282968	0.0012502176003725
"hsa-miR-320a"	1.1785353886478	10.5682647449232	3.49673312547912	0.0614900142611947	0.0974745242146913
"hsa-miR-320b"	-1.58538338178726	3.53369796121603	4.74734291090299	0.029343570531236	0.0514817803270439
"hsa-miR-323a-3p"	9.63455667482067	5.61259547652467	16.9478459459387	3.84208894439516e-05	0.000182129793229501
"hsa-miR-323b-3p"	7.08110318230041	4.95317321979956	7.96397327246969	0.0047717550632697	0.0108910891027406
"hsa-miR-324-3p"	1.21354888055712	5.19023424824162	2.82475399554183	0.0928211135715911	0.140802489202444
"hsa-miR-324-5p"	-0.627770180991781	4.19550844958235	0.58735382729831	0.443444205407522	0.504891439413183
"hsa-miR-326"	-1.23480800679384	4.82142040167817	2.37900201877896	0.122976086300022	0.179370445402104
"hsa-miR-328-3p"	0.264126656772343	6.25900286416556	0.149296982879233	0.699208093841473	0.74774314590856
"hsa-miR-329-3p"	9.32216358347384	5.3114918641969	16.9868264848688	3.76400736623296e-05	0.000180573903819012
"hsa-miR-330-3p"	-1.51214754854499	5.51253222484483	2.88369874109323	0.0894802703475566	0.13615362123872
"hsa-miR-330-5p"	0.00689614843758838	5.63472921462507	4.08576847128472e-05	0.994899955323962	0.995304555107527
"hsa-miR-331-3p"	1.95179185507205	8.38450768052398	4.42395269880637	0.0354378545622027	0.0608740846660834
"hsa-miR-331-5p"	1.38551136884503	4.03515356843742	2.72656438703139	0.0986913800780153	0.147887083217208
"hsa-miR-335-3p"	1.13610216397674	5.52861496541119	0.797724702279802	0.371774517948245	0.434324259119632
"hsa-miR-335-5p"	-1.49725564565801	5.08510504855681	1.19314171516214	0.274696749939329	0.342849361316682
"hsa-miR-337-3p"	9.30105243407161	5.29187913771301	18.3590582254501	1.82947125154029e-05	0.000103670037587283
"hsa-miR-337-5p"	6.12115966435624	2.55153492226523	7.5296129166059	0.00606929466129867	0.0132396560531869
"hsa-miR-338-3p"	-5.43002111335049	8.0665557615264	10.9077995980781	0.000957602055806527	0.00279347818646519
"hsa-miR-338-5p"	-3.59072871594426	3.33808867946929	7.92023385978969	0.0048884953106143	0.0111061206826399
"hsa-miR-339-3p"	-1.97114891582255	8.20358418884439	2.64321442061244	0.103992942622523	0.154889790673425
"hsa-miR-339-5p"	0.342344229977971	8.09224063484057	0.124849401946001	0.723833300020392	0.769072881271667
"hsa-miR-33a-3p"	-1.91804735099521	3.90055683086386	1.9953506889907	0.157782540430423	0.222094913790543
"hsa-miR-33a-5p"	-0.74473576242987	5.28787955132084	0.264524329116125	0.607028779251402	0.663786992209728
"hsa-miR-33b-3p"	0.736757720221324	2.87451719659315	0.653812823714299	0.418752785046023	0.480104937273696
"hsa-miR-33b-5p"	1.65248062507579	5.35195462034134	1.64738485440785	0.199315240432892	0.267246470748595
"hsa-miR-340-3p"	0.0428177455333849	4.07633811973217	0.00287317138299881	0.957252285487358	0.967060198248499
"hsa-miR-340-5p"	-1.24794790193334	8.98307250225175	1.99207230072427	0.158124370670346	0.222094913790543
"hsa-miR-342-3p"	-4.66699640758692	11.9870340379579	24.8231996023448	6.28366257346818e-07	5.73675120133299e-06
"hsa-miR-342-5p"	-5.6654639560273	7.27137830753085	31.1332769077092	2.40905866641201e-08	3.12543663826611e-07
"hsa-miR-345-3p"	8.60087414706425	4.64897527298324	5.93824531741743	0.0148157616055878	0.0279853274772213
"hsa-miR-345-5p"	0.968101040894433	8.03635695246212	1.9953948245463	0.157777944251192	0.222094913790543
"hsa-miR-34a-3p"	6.31287942631692	2.72555857457102	7.30431549202627	0.00687891969333676	0.0147448148209349
"hsa-miR-34a-5p"	4.81912260013605	8.02689780043688	24.6309960603941	6.94260163566784e-07	6.11196893997187e-06
"hsa-miR-34c-5p"	6.08679809898628	6.60410921398962	20.5588172867425	5.78268228933096e-06	3.75113469557916e-05
"hsa-miR-3605-3p"	1.00115443136252	3.96062004452177	1.04314161539833	0.30709193929848	0.376069264817856
"hsa-miR-3607-3p"	-2.85856707996649	7.32939055149874	6.53159790885177	0.0105974713791356	0.021238021910219
"hsa-miR-3609"	-6.02981291413364	2.53910948686965	14.6987785427419	0.00012612814726557	0.000493501401602587
"hsa-miR-361-3p"	-3.22145869340836	10.9712838455505	17.8302769328842	2.41509562741436e-05	0.000129417624382096
"hsa-miR-361-5p"	0.0156794243012031	7.95038583605874	0.000403542158359471	0.98397288662308	0.988727185937369
"hsa-miR-3613-3p"	-1.04544176545523	2.83681583284873	0.74531346725495	0.387964083338299	0.450038336672427
"hsa-miR-3613-5p"	-1.27217308534142	4.36780206406247	1.96581556702322	0.160892717281701	0.225341220511018
"hsa-miR-3615"	-2.22170820623624	4.73802856169332	4.13665903194176	0.0419639146546028	0.0701295251685397
"hsa-miR-362-3p"	-2.81636462690444	3.61909981678105	9.01420733361251	0.00267889042154014	0.00653808404861034
"hsa-miR-362-5p"	0.635499897542778	3.86326526725608	0.732428010515247	0.392097306161437	0.453765192341757
"hsa-miR-363-3p"	-13.4671700840444	9.40084027795559	69.3643710543787	8.18540277815989e-17	4.48378174403647e-15
"hsa-miR-3651"	0.97190301459422	3.45216935060103	0.746291511270614	0.38765290623186	0.450038336672427
"hsa-miR-3653-3p"	-2.50215510950408	2.15496598287576	2.4624692138726	0.116595364071692	0.172100342776479
"hsa-miR-3653-5p"	-3.12832345648553	2.49560336337686	5.81748434668378	0.0158676238819964	0.0297442531324114
"hsa-miR-365a-3p"	6.24163217873539	6.85970497614231	34.5263487575294	4.20520189425237e-09	7.14884322022904e-08
"hsa-miR-365b-3p"	6.2601604356406	6.87774666756736	34.3870480193686	4.51719339540194e-09	7.4232544797772e-08
"hsa-miR-365b-5p"	7.28936497730898	3.46552940011386	25.0573195120043	5.56511026263584e-07	5.27615261438359e-06
"hsa-miR-3661"	0.411293773611005	3.21950776718413	0.233413436841011	0.629004286489081	0.686059985042294
"hsa-miR-3677-3p"	1.31874709272909	2.82986414839264	0.513352804683029	0.473691043525065	0.535315299666144
"hsa-miR-369-3p"	10.0549086226219	6.02131657393677	14.4896908272684	0.000140928694238024	0.000542795673901139
"hsa-miR-369-5p"	9.33048224132774	5.3199348610314	11.1611397490286	0.000835285908791089	0.00246539141732582
"hsa-miR-370-3p"	10.1394459648715	6.10204891410255	12.8494340427503	0.000337581329789463	0.00113991503826168
"hsa-miR-370-5p"	6.09476966369131	2.52997108769702	8.34287973582955	0.00387201761035352	0.00900426736747304
"hsa-miR-374a-3p"	-0.77635822777739	7.1063621902474	0.512279502182835	0.474153738550832	0.535315299666144
"hsa-miR-374a-5p"	-2.13036069427592	7.04237013425155	6.16851609089606	0.0130043643234203	0.0251417710252793
"hsa-miR-374b-3p"	-1.31875930793927	2.94268084046448	1.05200823110624	0.305045026188789	0.375030418730856
"hsa-miR-374b-5p"	-1.05358628136434	6.38836922574674	1.40492455205804	0.235900777190807	0.305770421049296
"hsa-miR-376a-3p"	7.86861269200001	3.95918614145882	10.4750167594859	0.00120999691314634	0.00342832458724798
"hsa-miR-376a-5p"	9.50776534885618	5.49107393683609	13.9198356940745	0.00019077453138544	0.00071795300742765
"hsa-miR-376b-3p"	7.47653147676572	3.6208519527556	14.8498808380702	0.000116415424555656	0.000470432822179822
"hsa-miR-376c-3p"	9.42021409761802	5.4063646163459	15.9719644204204	6.42875059587004e-05	0.000275597742935994
"hsa-miR-377-3p"	7.3377443759025	3.49843658709208	8.86215847030237	0.00291143101644462	0.00696764801508349
"hsa-miR-377-5p"	8.59940346590798	4.62668293949917	16.4678310372291	4.9482576519842e-05	0.000215884161276833
"hsa-miR-378a-3p"	1.71359598071944	11.0059140568895	1.29406081127547	0.255300941387738	0.322726574626038
"hsa-miR-378a-5p"	2.760524236772	3.79760968901849	1.79995272838152	0.179718209892167	0.244754357670824
"hsa-miR-378c"	-3.25486430608042	2.55581714740746	7.50423271216836	0.00615541583321759	0.013368370069499
"hsa-miR-379-3p"	7.10709026810595	3.30410054438164	9.12921483380211	0.00251559658259765	0.00619222587942988
"hsa-miR-379-5p"	7.50501306121236	3.63838737287339	10.074881420475	0.00150304295347811	0.00407604231739613
"hsa-miR-380-3p"	4.79008023783306	3.38432084927809	7.38282197660672	0.00658497653840618	0.0142385676905011
"hsa-miR-381-3p"	11.2856030048274	8.9142251292616	19.3263488694377	1.10175452024463e-05	6.70574047506914e-05
"hsa-miR-382-3p"	7.9859843121208	4.0654635737459	9.78737185808534	0.0017571442633196	0.00461513872761901
"hsa-miR-382-5p"	9.32293246903424	5.31152648578214	11.900623521891	0.000561151569065233	0.00177338284326384
"hsa-miR-3909"	1.29347096208839	3.55031566917047	1.74824910534947	0.186096995688537	0.251973263116177
"hsa-miR-3912-3p"	-3.6859292919062	4.00427995197044	12.4683339856131	0.000413909091370144	0.00134248146082553
"hsa-miR-3928-3p"	1.12964095292058	2.90744377278157	0.991397319808646	0.319401096984331	0.385942992189399
"hsa-miR-409-3p"	11.1378298662792	9.98653451186417	32.3367822096145	1.29636027321355e-08	1.77529337415078e-07
"hsa-miR-409-5p"	11.2440707674922	8.79928878052203	23.608447361114	1.18068065243501e-06	9.41919125246713e-06
"hsa-miR-410-3p"	12.7149333283441	8.6502189843209	24.2392790570551	8.50793411703937e-07	7.23174399948346e-06
"hsa-miR-411-3p"	7.56956885229896	3.6969717345255	9.41728686026217	0.00214949322546201	0.00551927166746235
"hsa-miR-411-5p"	13.3681746071491	9.30130480996131	26.6169571115743	2.48057021099278e-07	2.54775232087384e-06
"hsa-miR-412-5p"	6.57785808785907	2.87827931351654	8.92139837612191	0.0028184862358067	0.00681134173653286
"hsa-miR-421"	1.27193453284173	7.03782912752147	2.35316296073525	0.125029094623548	0.181826972417136
"hsa-miR-423-3p"	0.412273497698596	11.8922961030959	0.424790928551488	0.514556093203881	0.573927950112021
"hsa-miR-423-5p"	-0.400339290733404	11.712492119872	0.404745253720421	0.524648729509616	0.583864161734178
"hsa-miR-424-3p"	4.47350248601561	4.55934278194478	4.7517894543299	0.0292678435614499	0.0514817803270439
"hsa-miR-424-5p"	2.41494942777625	5.22948463083335	5.14870402461259	0.0232637296155067	0.0424778470386844
"hsa-miR-425-3p"	-1.1311425427451	5.01624994770151	2.26393054659751	0.132417595386396	0.19088267405115
"hsa-miR-425-5p"	-1.31091096744355	8.31785104270513	3.67185964158943	0.0553384082898506	0.088865912986633
"hsa-miR-429"	-3.20649842500146	2.45889181215245	6.1885941893508	0.0128576287081135	0.0249559486342518
"hsa-miR-431-3p"	9.0732543075436	5.07397385835796	11.1504048031915	0.000840133383591759	0.00246539141732582
"hsa-miR-431-5p"	7.96397784267387	6.29643457593386	12.3616748566549	0.00043823737432321	0.00141209820615257
"hsa-miR-432-5p"	9.8765426217116	5.84689325283305	21.1390271417573	4.27139957857823e-06	3.05188404672329e-05
"hsa-miR-4326"	3.26793088059862	3.60333453359643	3.84143995746648	0.0500005624946263	0.081086438519246
"hsa-miR-433-3p"	7.50793909181774	3.64130522002345	10.0261325347849	0.00154334750779659	0.0041351647899115
"hsa-miR-433-5p"	5.35589805377345	2.06794133056866	6.4285938358038	0.0112297449784173	0.0220758197488073
"hsa-miR-4443"	-3.57288537675044	2.8070851839797	9.18652246500312	0.00243803653960823	0.00613240823483091
"hsa-miR-449a"	5.06161555162673	3.79075261201478	5.66184462287982	0.0173378790044109	0.0322549975440551
"hsa-miR-449b-5p"	2.04591235134457	2.08271377728409	1.84535116252771	0.174325051165516	0.23872847284611
"hsa-miR-450a-5p"	4.0989472896474	5.74727203922801	9.90109083035857	0.00165180831523574	0.0043781801043614
"hsa-miR-450b-5p"	4.21166151482429	6.44634492566309	10.5402004303177	0.00116805752179669	0.00332862634824143
"hsa-miR-451a"	-7.54297343642132	3.70692093681737	23.181242211879	1.47428388776173e-06	1.11818762564082e-05
"hsa-miR-452-3p"	8.07213006338891	4.14224439854064	10.3524043167841	0.0012930615747545	0.00362204179746572
"hsa-miR-452-5p"	10.3342789392327	6.29369950595405	23.4687117858619	1.26961829837317e-06	9.93526700155512e-06
"hsa-miR-4521"	2.66144052253451	3.60784363512553	4.26957724268081	0.0388005826609974	0.0655092029173689
"hsa-miR-454-3p"	-1.04785346587969	6.53774338305552	1.63532699203403	0.200967831064842	0.267782813248322
"hsa-miR-454-5p"	-0.0136784138387908	4.40013208031665	0.000366978067028123	0.984716122302735	0.988727185937369
"hsa-miR-455-3p"	7.48015445286584	5.96715644104255	30.3034390508121	3.69470241733642e-08	4.55372072936714e-07
"hsa-miR-455-5p"	5.67716693674909	5.5728054230957	17.6557767721869	2.64710060307481e-05	0.000135939645553738
"hsa-miR-4662a-5p"	-0.164568493854725	3.55905063925314	0.0179087467921271	0.89354209190948	0.917742190232028
"hsa-miR-4677-3p"	0.594481864715783	4.64115709215279	0.451183301705829	0.501773558274395	0.563495134918626
"hsa-miR-4772-3p"	-7.84215139240866	3.96542322760806	30.8551154580266	2.78028286588267e-08	3.51456269969271e-07
"hsa-miR-4772-5p"	-10.1895301175645	6.15958503259603	42.1538817880281	8.43663142390421e-11	2.07962964599239e-09
"hsa-miR-4775"	4.80915425959543	3.63616547558504	8.52262945582469	0.00350757332033169	0.00828055210902745
"hsa-miR-484"	-0.264486814974988	10.1961110561647	0.190906044971939	0.662163591662128	0.714325275031574
"hsa-miR-485-3p"	7.36427754454159	4.99501075231322	16.4698692722941	4.94294064361308e-05	0.000215884161276833
"hsa-miR-485-5p"	9.33908449183236	5.32571929676272	11.9075276374674	0.000559075540288238	0.00177338284326384
"hsa-miR-486-3p"	-0.0673508340171259	3.51575557662668	0.00307425721450016	0.955783161699851	0.967060198248499
"hsa-miR-486-5p"	0.669312636888106	8.77484675463923	0.316532019017785	0.573699266299954	0.63415636386968
"hsa-miR-487a-3p"	7.76912253973107	3.8739171637247	13.1136741045172	0.000293148207133035	0.00102497919231622
"hsa-miR-487b-3p"	10.0774972193937	7.71297455848936	17.7935743320029	2.46213351383053e-05	0.00013051955078693
"hsa-miR-493-3p"	10.2005715627877	6.16309411490144	18.954690218116	1.33859805080146e-05	7.85629570291806e-05
"hsa-miR-493-5p"	9.75599439891048	5.73002186858585	17.2593189196305	3.26094226666367e-05	0.000164045360965835
"hsa-miR-494-3p"	9.3084030722722	5.29923232422397	17.5840511195801	2.74884092873468e-05	0.000139709131738783
"hsa-miR-495-3p"	9.15473837538615	5.15275861046316	23.8491032281232	1.04190406086563e-06	8.60752020910916e-06
"hsa-miR-496"	6.92073071755607	3.15195907077641	14.0964918493794	0.000173667383730947	0.000658600155225824
"hsa-miR-497-5p"	4.13034029248586	5.63917780315777	11.2814558601478	0.000782851404426167	0.00233906510534606
"hsa-miR-499a-5p"	-3.36842711144139	2.56275243717492	7.19491374536405	0.0073110504924121	0.0155359822963757
"hsa-miR-500a-3p"	1.79949696680652	9.48542315832131	6.65375200270707	0.00989472482901871	0.0201574352921745
"hsa-miR-500a-5p"	1.24353968566847	2.40445964510251	1.30181562636502	0.253881844738068	0.321757710683464
"hsa-miR-500b-5p"	1.51580742704619	2.51636586748323	1.74463815699945	0.186552213057616	0.251973263116177
"hsa-miR-501-3p"	1.2204718459451	7.77100410089331	1.28637135811462	0.256717741546765	0.32368758716766
"hsa-miR-501-5p"	2.83557346604315	2.89810698514181	2.65168866998094	0.10343996035359	0.154533031679757
"hsa-miR-502-3p"	1.65206747826646	5.20940075738464	1.7672243379334	0.183725962433647	0.249523139062776
"hsa-miR-505-3p"	0.363913669457424	6.26082625294029	0.107066865285706	0.74350850183958	0.77989296044024
"hsa-miR-532-3p"	1.95303655320899	5.99015875863171	6.24903784250851	0.0124260785284745	0.0242136629033121
"hsa-miR-532-5p"	0.682300124543283	9.51645557550615	1.07660940423983	0.299457295522938	0.370935795710574
"hsa-miR-539-3p"	9.90798629230096	5.8783812440185	13.5220287161327	0.000235779395631405	0.000854700309163842
"hsa-miR-539-5p"	7.50793909181774	3.64130522002345	10.0261325347849	0.00154334750779659	0.0041351647899115
"hsa-miR-541-5p"	6.01569717138228	2.48020164002593	4.51807813336589	0.0335384855962644	0.058015696136696
"hsa-miR-542-3p"	4.21438455606541	4.13571797073333	9.53459187694506	0.00201635005550618	0.00523189777560288
"hsa-miR-542-5p"	4.62788636417369	2.69628245910402	6.15679347745386	0.013090830843156	0.0252100765846716
"hsa-miR-543"	9.28206581638948	5.27407857817008	20.5828026081913	5.710681349891e-06	3.75113469557916e-05
"hsa-miR-545-5p"	4.70027956841794	2.93402519161155	5.14162748201676	0.0233587404863113	0.0424939448699317
"hsa-miR-548au-5p"	-6.97889638020275	3.24098425131217	20.2284815628613	6.87221161653218e-06	4.40000042461086e-05
"hsa-miR-548e-3p"	-2.86046253758418	6.23480665470163	11.2586968040418	0.000792508304047041	0.00235365418009151
"hsa-miR-548e-5p"	-2.27621200740908	3.77880366195061	3.9287039324263	0.0474685146851363	0.0777474343514026
"hsa-miR-548j-3p"	-6.47207280641985	2.85164260772706	17.8879244395205	2.34303082173114e-05	0.000128346021679273
"hsa-miR-548k"	-1.35449205209464	5.77161972067684	2.90053142262022	0.0885503550228731	0.135155805034912
"hsa-miR-548o-3p"	-2.23264636610389	3.67100391524093	7.29477095391049	0.00691555855882185	0.014759179088741
"hsa-miR-548w"	-3.30193170642973	3.21964518556224	12.1015951850117	0.000503787048731371	0.00161277282483484
"hsa-miR-549a-5p"	7.00249267503375	3.21152309690395	9.2507419040043	0.00235400038940473	0.00598207315451819
"hsa-miR-550a-3p"	-0.343620724682508	3.64190053503814	0.155762669298045	0.693088072377896	0.742809608005006
"hsa-miR-561-5p"	6.85456851511419	3.1078938557395	14.9662955116588	0.000109448726963542	0.000445935722256416
"hsa-miR-5690"	-6.08399995316497	2.5759618757744	16.3872456349453	5.16314896285462e-05	0.000223283547253274
"hsa-miR-5696-3p"	-2.17213748801746	2.90488135753236	4.35629552678146	0.0368724040487408	0.0628999833772637
"hsa-miR-574-3p"	6.37290578859983	9.0367290236973	45.6990140369325	1.37892163208385e-11	3.776713136763e-10
"hsa-miR-574-5p"	6.70763607979415	2.99656232378082	18.1559410370248	2.03533466370258e-05	0.000114024998773338
"hsa-miR-576-5p"	-1.87023689171831	5.48337949411663	3.93579616873367	0.0472687605225283	0.0776783297920215
"hsa-miR-580-3p"	-2.28442667309342	2.54815066988271	4.10089639795338	0.0428604837987972	0.0711455168781381
"hsa-miR-582-3p"	1.17694668871642	3.68495024041987	1.39592870099511	0.237406429912335	0.306391020803092
"hsa-miR-582-5p"	-1.25070926151995	2.5673864985593	1.04174642829771	0.30741564649411	0.376069264817856
"hsa-miR-584-5p"	6.49626132302965	6.31288314868302	17.705758105389	2.57844908153016e-05	0.000135231425233444
"hsa-miR-589-3p"	-0.588418033803794	4.0146675791964	0.216545921800133	0.641684450438964	0.696807123494294
"hsa-miR-589-5p"	-1.27168054354763	8.30771346613067	1.35713152075463	0.244035233334784	0.31257536758867
"hsa-miR-590-3p"	-1.90238958097451	6.2041487103011	2.40149501376008	0.121219354921071	0.177332765507679
"hsa-miR-590-5p"	-3.22942951010229	2.55454318283508	7.0164934975939	0.00807622380522649	0.0168602924074601
"hsa-miR-598-3p"	-3.16838167906462	5.25595491966819	9.12266474824243	0.00252461947619758	0.00619222587942988
"hsa-miR-615-3p"	3.63748333630394	4.95620426429441	11.3684741292583	0.000747012206999896	0.0022455915734814
"hsa-miR-616-5p"	-1.59634143764184	4.03021675028504	3.35065537871565	0.0671782621488482	0.106150266792892
"hsa-miR-625-3p"	0.336894560824453	6.02832220516982	0.0923313348506332	0.761234007426958	0.793421491884757
"hsa-miR-625-5p"	0.106973210183997	4.8627303534584	0.0122755121892562	0.911778981349275	0.93258721536347
"hsa-miR-627-3p"	-3.25204242201731	2.56789471904541	7.35068551525934	0.00670371898446441	0.0144320238399168
"hsa-miR-628-3p"	-0.841752503632283	3.11017361999731	1.23618544519373	0.266207480007643	0.333097176760832
"hsa-miR-628-5p"	0.352995919735768	4.00966418229564	0.110019061285749	0.740122435849423	0.778415182354143
"hsa-miR-629-3p"	-1.28515320187295	2.61222895451618	1.07091421000148	0.30073903871148	0.371589839811427
"hsa-miR-629-5p"	-1.18779803857562	5.15708706099856	1.35675627644946	0.244100439191963	0.31257536758867
"hsa-miR-641"	-0.432728298595218	3.85499757191847	0.286646474582383	0.592377606487828	0.651879821425221
"hsa-miR-642a-5p"	-6.75013714313384	3.06150504152062	18.9617479720022	1.33365547785379e-05	7.85629570291806e-05
"hsa-miR-6503-3p"	-6.81682658716862	3.11293580176512	13.7037049256367	0.000214031836739547	0.000787374784800683
"hsa-miR-651-5p"	-3.25064199053165	3.17060523710206	9.00307526751184	0.00269525690204477	0.00654562390496586
"hsa-miR-6516-3p"	-2.07481722960588	2.77672844634906	4.02880546732724	0.0447296011490477	0.0737514828310385
"hsa-miR-652-3p"	-1.41378777621691	6.41602960957628	3.81085706113558	0.0509213883069637	0.0823089981486331
"hsa-miR-652-5p"	-1.94558050720076	3.06776889142052	3.52623990283618	0.0604046291113389	0.0960951905595899
"hsa-miR-654-3p"	10.4487137991089	9.43982240062162	28.0127461707303	1.20519006354097e-07	1.29164935070804e-06
"hsa-miR-654-5p"	8.12593264994729	4.18713752815176	10.7591304185488	0.00103766126215278	0.00297422675721698
"hsa-miR-655-3p"	6.96827858429706	3.19453042083352	12.8741479400984	0.000333152373483945	0.00113271806984541
"hsa-miR-656-3p"	8.10860425776594	4.17592334714616	10.0727951017397	0.00150474584536733	0.00407604231739613
"hsa-miR-659-5p"	-2.10667127387119	3.17070203866917	3.68487414310133	0.0549081153578715	0.0884630747432374
"hsa-miR-660-5p"	1.22043415647174	9.37487758537741	1.42637383045248	0.232357144081709	0.302248211166973
"hsa-miR-664a-3p"	-2.91340769032966	6.01828561197964	4.794487261141	0.0285509534559102	0.0506317268120997
"hsa-miR-664a-5p"	-2.8930931155692	3.68701394649578	10.7884326426613	0.00102136326112398	0.0029446320920124
"hsa-miR-664b-3p"	-0.148720796582617	3.33114571221913	0.0108036256215094	0.917216574126391	0.934272254223782
"hsa-miR-665"	9.29779353481931	5.28822779485247	16.8732058932235	3.99617305208855e-05	0.000183731662998862
"hsa-miR-668-3p"	6.20498464294011	2.6063207932612	8.52115481909267	0.00351041661417188	0.00828055210902745
"hsa-miR-671-3p"	1.35974453469628	6.85685678219149	3.30592625040055	0.0690304184811409	0.107356455240386
"hsa-miR-671-5p"	0.0577428171926384	4.2512094303457	0.00350740815077488	0.952774191729121	0.966497276795178
"hsa-miR-6731-3p"	-6.38662326261309	2.78929517315087	16.8727850615364	3.9970591832116e-05	0.000183731662998862
"hsa-miR-6769b-3p"	-2.22143702704476	2.89614550193384	4.11831305647945	0.0424213591325504	0.0706544934200923
"hsa-miR-6803-3p"	-4.44506877473529	3.25276406902705	14.8107263392335	0.000118857534281437	0.000476396458542672
"hsa-miR-6842-3p"	-8.05586615025299	4.15419990999013	32.3429981481609	1.29221999267973e-08	1.77529337415078e-07
"hsa-miR-7-1-3p"	-3.11948993729061	5.84736571774068	15.5521077191823	8.0262116652112e-05	0.000333969153588864
"hsa-miR-7-5p"	-3.08704605823107	6.95666196066458	6.14364901775548	0.0131884881982705	0.0252993178278107
"hsa-miR-708-3p"	5.51949159209933	5.10050681728686	9.73178054296236	0.00181108958354999	0.00472416489254045
"hsa-miR-708-5p"	4.95875686621004	5.93222142629462	4.95358287972935	0.0260366560950737	0.0466476162135159
"hsa-miR-744-5p"	0.759718834472967	7.32805710126892	0.858310520793793	0.354211912559812	0.419775175221124
"hsa-miR-758-3p"	9.28226022995781	5.27450327230292	18.0864188567192	2.11101803389478e-05	0.00011693616749552
"hsa-miR-760"	2.26874340236617	2.99719843964323	2.21590152741451	0.136595247966984	0.19576005013873
"hsa-miR-766-3p"	-4.81930948280346	6.08994948329617	24.6334653845193	6.93371135681078e-07	6.11196893997187e-06
"hsa-miR-769-5p"	0.211222044320071	9.25793810912337	0.109895699332645	0.740262911867065	0.778415182354143
"hsa-miR-7706"	0.335616291705205	5.00013165390785	0.124967268788818	0.723708307933572	0.769072881271667
"hsa-miR-7974"	4.42856749480756	3.25803519095346	16.982477377972	3.77263936984955e-05	0.000180573903819012
"hsa-miR-7976"	0.178059219762715	3.16588355024136	0.0246643173880043	0.875206408971842	0.900786554536781
"hsa-miR-7977"	0.667495633463103	2.89638893993293	0.501178383568497	0.4789828078028	0.539129050791736
"hsa-miR-873-3p"	-9.66201227194255	5.64961214497076	25.8651520499555	3.66119420459677e-07	3.68360967931879e-06
"hsa-miR-873-5p"	-11.9707557909533	7.91214388376133	47.836666660219	4.63246801926984e-12	1.42737920843752e-10
"hsa-miR-874-3p"	-2.15265958218146	6.55788863265326	3.31017089647039	0.0688523315119686	0.107356455240386
"hsa-miR-874-5p"	-2.94903964569525	3.27935030437668	5.94145378331458	0.0147888153828365	0.0279853274772213
"hsa-miR-876-5p"	-9.23595080905046	5.24295177627708	9.7844577755292	0.00175993119836181	0.00461513872761901
"hsa-miR-877-3p"	3.84938897415506	2.24267155815041	4.57854136658796	0.0323747623439456	0.0561998515336802
"hsa-miR-877-5p"	2.31368460902299	5.72353091554452	8.90900592469144	0.0028376769448515	0.00682426699420384
"hsa-miR-887-3p"	8.92862510711167	4.93962232808875	26.907648860554	2.13412613134671e-07	2.2385620909658e-06
"hsa-miR-887-5p"	6.23977364639408	2.64539869019588	16.8595856312897	4.0249532665065e-05	0.000183731662998862
"hsa-miR-889-3p"	10.8172408977527	6.76842291965709	11.6401216551994	0.000645443814242703	0.00200128176365819
"hsa-miR-9-3p"	0.11355812946318	3.30200912697976	0.00435090755946099	0.947408549172137	0.963035906684254
"hsa-miR-9-5p"	-0.617925361252239	5.3673190037879	0.0950508922651219	0.757851595366584	0.79156956888925
"hsa-miR-92a-3p"	-1.67741384704161	15.395983854868	7.70964808186932	0.0054926458580727	0.0121429345651562
"hsa-miR-92b-3p"	4.09713134316228	11.5000311714632	13.8118811075836	0.000202054451828025	0.000754642763266791
"hsa-miR-92b-5p"	2.53813540374737	2.30211219360185	2.91634446912113	0.0876863052753239	0.134670867603535
"hsa-miR-93-3p"	0.294538484121123	4.43416289603216	0.134596936232161	0.713712595114725	0.761602401280431
"hsa-miR-93-5p"	-0.826283378698118	9.37071414625899	1.31018695126671	0.252360809608928	0.3206543276732
"hsa-miR-935"	9.89523026010246	5.86489024989255	23.3895428206591	1.32295762834219e-06	1.01909079808234e-05
"hsa-miR-940"	1.22954104710204	3.18668496282243	2.00452419898516	0.15683049527504	0.222094913790543
"hsa-miR-941"	-0.837770419065106	8.3011733002167	0.942135231805374	0.331729318989294	0.39791375732779
"hsa-miR-941-3-5p"	-0.861735927210031	6.00654121207986	0.899621558393235	0.342883205511386	0.409301259847732
"hsa-miR-942-5p"	-1.39361349556322	3.51437393759982	2.42565519645013	0.119363325377775	0.175660057944008
"hsa-miR-95-3p"	-6.94709205227872	3.21574503466839	23.8386666138691	1.04756838244736e-06	8.60752020910916e-06
"hsa-miR-98-3p"	0.840657405756182	3.09959252933941	1.08140097171701	0.298384360375193	0.370537757342494
"hsa-miR-98-5p"	0.402123697385989	10.7964088805839	0.358545543566962	0.549315114991975	0.609937729033883
"hsa-miR-99a-3p"	4.21441072664359	3.02503436810251	6.89897578891742	0.00862451449886919	0.0178650657476576
"hsa-miR-99a-5p"	3.05016411308857	8.57112192703157	11.3927551899782	0.00073731092820552	0.00223002630432712
"hsa-miR-99b-3p"	4.2656752271308	5.38695204717248	22.4910056947746	2.11129861138683e-06	1.57707608396016e-05
"hsa-miR-99b-5p"	4.24868066541315	14.0899407640449	31.4526454267171	2.04363987598415e-08	2.72301205097347e-07
