"logFC"	"logCPM"	"LR"	"PValue"	"FDR2"
"hsa-let-7a-2-3p"	7.75729957816385	3.86542584582709	35.3179047056094	2.80045663408037e-09	1.17714109364734e-08
"hsa-let-7a-3p"	2.69165986787427	6.55617125258256	11.5032322253535	0.000694752727180955	0.0015047919331081
"hsa-let-7a-5p"	0.396175364743895	15.212102231747	0.611610418013925	0.434182102855593	0.480653246021076
"hsa-let-7b-3p"	3.27327485801373	7.02178767667599	28.6663347687767	8.59856117719903e-08	2.94130092682118e-07
"hsa-let-7b-5p"	1.32945124560019	11.8180803647413	5.85729441872158	0.0155126217544134	0.0255623268777045
"hsa-let-7c-5p"	5.54903490775147	8.94510386819559	33.7118858950253	6.39090028054985e-09	2.51578296758153e-08
"hsa-let-7d-3p"	1.07587682658089	7.15487076196294	3.61742966199791	0.0571771464757465	0.0786659692398018
"hsa-let-7d-5p"	0.125321750658859	10.0421119777733	0.0505872290370384	0.822044583957563	0.840688894109178
"hsa-let-7e-3p"	4.83983705312489	3.88570142519198	38.4515837117724	5.6129014626264e-10	2.7839991254627e-09
"hsa-let-7e-5p"	5.82694911323827	10.7511705869783	77.6520288733473	1.22890007419402e-18	4.06356291200156e-17
"hsa-let-7f-1-3p"	2.10177802733809	4.50770199960417	9.91870325476042	0.00163607611138906	0.00331221939285296
"hsa-let-7f-2-3p"	1.2388747457251	4.64170202661745	2.93417844271117	0.0867227728965776	0.113196040412375
"hsa-let-7f-5p"	-0.704746305866372	15.3098295791041	2.03434504563938	0.153780413755958	0.188333543760383
"hsa-let-7g-3p"	-1.96654622777518	4.56921027394022	7.36099946609696	0.00666537310972768	0.0118616140080302
"hsa-let-7g-5p"	-3.5421321054654	14.4830892102291	37.1462757823117	1.09591850194513e-09	4.94159615422532e-09
"hsa-let-7i-3p"	-0.383306910403435	6.33560907443795	0.464296754198602	0.495622696043731	0.535574852369696
"hsa-let-7i-5p"	1.57952540798368	13.9400155810418	9.5164828289826	0.00203634492767396	0.00400804398462812
"hsa-miR-1-3p"	-5.62960438024085	2.2987257806755	12.2550015435634	0.000464012768716912	0.00105573547377793
"hsa-miR-100-3p"	11.6610045815997	7.60764764488141	64.4806746164722	9.74838164029613e-16	1.46521130108693e-14
"hsa-miR-100-5p"	11.5469663190382	16.9956422642944	66.6630482756807	3.22117000354338e-16	5.32566773919173e-15
"hsa-miR-101-3p"	-4.41904780940614	13.7096840849055	41.4680520206158	1.19813047798799e-10	6.39002921593596e-10
"hsa-miR-101-5p"	-5.09819381043866	4.79425205262983	38.1724510635411	6.47603075941942e-10	3.11855461812819e-09
"hsa-miR-103a-3p"	-0.775942364190105	12.3738511602528	2.24489414669804	0.134056081815368	0.168520368248235
"hsa-miR-106a-5p"	-6.71392610162379	4.60168191040848	39.403368823501	3.44701768827785e-10	1.74461303406716e-09
"hsa-miR-106b-3p"	-1.15951474980551	8.3595986923451	3.20755356358206	0.0732990043564541	0.097577187602763
"hsa-miR-106b-5p"	-0.788458797026561	8.20574412363976	1.3914228302719	0.238164964585106	0.278608071778803
"hsa-miR-107"	1.51101352879669	5.42480653058308	6.10898389211404	0.0134496430275623	0.0223367611405881
"hsa-miR-10a-3p"	3.3485703550848	3.4802333437129	19.2631889102611	1.13880948028308e-05	3.20937217170687e-05
"hsa-miR-10a-5p"	1.04218315319203	13.5219109953397	2.13679869658699	0.143801700687526	0.178761011380985
"hsa-miR-10b-5p"	6.06268238433486	10.995870520157	9.68633751331802	0.00185643203079845	0.00369795296094793
"hsa-miR-1180-3p"	5.78714531950204	4.2668701973018	39.4389325344542	3.38480708581821e-10	1.73078795316065e-09
"hsa-miR-1185-1-3p"	9.72051531547978	5.70060163541067	53.6125165634698	2.44198645013262e-13	2.12495663029084e-12
"hsa-miR-1185-2-3p"	6.74124273689459	3.01653091856135	33.9165170053615	5.75282381719173e-09	2.28272049066168e-08
"hsa-miR-1185-5p"	8.39484768126161	4.44258388235422	44.8966154402154	2.07716596435286e-11	1.32086451066541e-10
"hsa-miR-1197"	8.12515734114245	4.19499655122098	38.3474586842686	5.92051391338901e-10	2.87899500102054e-09
"hsa-miR-1226-3p"	1.46508105119386	2.90685800962448	3.02065979072245	0.0822100133230404	0.108159593125273
"hsa-miR-1247-5p"	5.46125549991548	2.13660632832898	5.28244169876448	0.0215415183416038	0.0334940222490141
"hsa-miR-1248"	-3.42934556710611	2.99122952052684	14.1878350662768	0.000165436616594354	0.000400275911369753
"hsa-miR-1249-3p"	1.19246007650288	4.21598674000144	3.80360366075163	0.0511424013900722	0.0712545817120106
"hsa-miR-1255a"	-0.684788078731981	2.38710110928506	0.177462536831466	0.673563026329979	0.710823959701424
"hsa-miR-125a-3p"	3.23536375475349	4.26593219744636	25.5746128154962	4.25602313412475e-07	1.38880754903018e-06
"hsa-miR-125a-5p"	1.1712580293822	12.7710560728551	4.31382886213775	0.0378037842077756	0.0550298858724955
"hsa-miR-125b-1-3p"	13.9374112213792	9.87476312303895	126.670929129654	2.19278200443474e-29	3.62539958066544e-27
"hsa-miR-125b-2-3p"	5.7662134807045	6.73413174078897	29.6802842499134	5.09503896903467e-08	1.77967558355014e-07
"hsa-miR-125b-5p"	7.42395618968624	13.4715960366001	100.033862978167	1.4981359285043e-23	9.28844275672664e-22
"hsa-miR-126-3p"	3.55978815131127	6.30308769061866	15.2003908081834	9.66834096341114e-05	0.000245922929120612
"hsa-miR-126-5p"	4.15364230548756	7.76447211813428	22.329599244018	2.29639622337646e-06	7.06262857571226e-06
"hsa-miR-1260a"	-0.882064394597041	4.94307020612427	2.43010736998535	0.119024745679834	0.152155344992778
"hsa-miR-1260b"	-1.48851861951563	3.54936414970129	4.78595114614944	0.0286927972226688	0.0431261437043749
"hsa-miR-127-3p"	12.018382040419	13.3334452197402	143.758912292558	4.01144951995082e-33	9.94839480947805e-31
"hsa-miR-127-5p"	9.78732907349165	5.76519797204379	49.621548689327	1.86454488078681e-12	1.42279117056963e-11
"hsa-miR-1271-5p"	0.44620929438871	7.41112759310935	0.537708746569274	0.463383850372658	0.510751977299641
"hsa-miR-1273h-3p"	-7.4321811797774	3.62705824021212	42.4184679816654	7.36909181843966e-11	4.15348811584781e-10
"hsa-miR-1277-5p"	3.79386560663882	2.179962892257	2.93488180958064	0.0866850071937184	0.113196040412375
"hsa-miR-128-1-5p"	1.70649049567529	3.61845063941974	7.94712997109665	0.00481636973667809	0.00875062047396458
"hsa-miR-128-3p"	0.211893596393646	9.81260469895247	0.142532946568213	0.705775793149755	0.740094700639067
"hsa-miR-1285-3p"	1.06577159791017	5.04074498873758	0.523394327625953	0.469397339081952	0.515090885364266
"hsa-miR-1291"	-2.00821406927935	2.60759186305878	5.19320186477135	0.0226754023623752	0.0350373818434208
"hsa-miR-1293-3p"	7.62668412701495	3.75480997552437	21.5177368280312	3.50571140954193e-06	1.02889518291881e-05
"hsa-miR-1294"	-2.33417342884321	2.47944566257018	4.9326282758095	0.0263542051868545	0.0399745742283787
"hsa-miR-1296-5p"	4.42646122496824	5.38086982763019	25.6159368675644	4.16584564924008e-07	1.36838373643913e-06
"hsa-miR-1301-3p"	0.705647596293947	5.26510652840334	1.14168132169181	0.285297335940445	0.329854262532543
"hsa-miR-1304-3p"	2.37866378800045	5.47664741186764	9.17978022265797	0.0024470340598837	0.00477846021142644
"hsa-miR-1306-3p"	1.74181166510181	2.33787216690743	2.44512208859168	0.117890712427713	0.151095073292366
"hsa-miR-1306-5p"	1.91042038255451	3.63066900964606	5.10392048402191	0.023871829680397	0.0365445293872745
"hsa-miR-1307-3p"	0.999441657783064	7.74897939333267	3.20829776236019	0.0732656698009516	0.097577187602763
"hsa-miR-1307-5p"	1.0933615204282	9.41193350030102	3.6780823226937	0.0551322260971612	0.0761715435771364
"hsa-miR-130a-3p"	5.38973346564897	9.73994238958652	66.7084383837907	3.14784717401336e-16	5.32566773919173e-15
"hsa-miR-130b-3p"	1.50433905829863	8.55631135249883	6.78091083670716	0.00921378612749522	0.0159234770705144
"hsa-miR-130b-5p"	1.99891247021972	7.11784038763493	11.4818358267627	0.000702796749550258	0.00151559646859534
"hsa-miR-132-3p"	1.38958770965896	6.37220241286692	5.30799460013831	0.0212277777360586	0.033125865562217
"hsa-miR-132-5p"	0.639774240966998	4.01022576788654	1.60425577175405	0.205301147045275	0.243610930465206
"hsa-miR-133a-3p"	-2.12628420746692	3.20181738600235	8.78042814462601	0.0030447972528253	0.00585356371085794
"hsa-miR-134-5p"	10.6058657729938	6.56539233582872	70.6057598319844	4.36241540190298e-17	1.03036097111613e-15
"hsa-miR-1343-3p"	4.93488704646192	4.03561283528585	12.8069222654443	0.0003453392077507	0.000804170173917124
"hsa-miR-135b-5p"	3.26195360669225	3.24457494165878	5.14443014916464	0.0233210633708696	0.0359231286706563
"hsa-miR-136-3p"	11.4938623595693	9.26765901102257	78.9373617274843	6.41107607625844e-19	2.27135266701727e-17
"hsa-miR-136-5p"	10.0561005029971	6.02704950683927	64.1620157405728	1.14596959146581e-15	1.67176740402071e-14
"hsa-miR-137"	9.3528845052764	5.34633544672643	54.7559976833126	1.36462116973812e-13	1.2086644646252e-12
"hsa-miR-138-1-3p"	6.67033491504921	2.96608428262045	15.0883878366716	0.000102592441834451	0.000259621689540244
"hsa-miR-138-5p"	11.7645252394656	10.1107828039025	37.5543101879995	8.89027487123618e-10	4.12109937956368e-09
"hsa-miR-139-5p"	2.90978312502304	2.51181885142924	4.68260332321237	0.030469539814233	0.0455207582766855
"hsa-miR-140-3p"	-2.95015394244901	12.0018811706693	24.482128843913	7.50022951532152e-07	2.36949926089138e-06
"hsa-miR-140-5p"	-1.06121515799749	6.22565900680631	2.28724589428703	0.130441201666079	0.164628081492049
"hsa-miR-141-3p"	0.986956583199986	9.34669973109694	0.223140964245879	0.636657012632308	0.673308908881929
"hsa-miR-141-5p"	8.54407492802569	6.21164292508996	5.48642366449849	0.0191647066665245	0.0305649341048108
"hsa-miR-142-3p"	-13.3035755642473	12.0029078245338	102.37820834665	4.58720004555547e-24	3.79208537099253e-22
"hsa-miR-142-5p"	-13.4977533906024	15.1298863261075	148.481401266444	3.72306134278023e-34	1.846638426019e-31
"hsa-miR-143-3p"	8.58903803577773	12.6755203731634	57.9429870623727	2.69825780527268e-14	2.97407971425611e-13
"hsa-miR-143-5p"	8.07668177822683	4.14940008991335	30.4723573469544	3.38657796629349e-08	1.2041910234342e-07
"hsa-miR-145-3p"	6.46986809237788	5.45337817839342	43.7069190971017	3.81420901029714e-11	2.30713130378949e-10
"hsa-miR-145-5p"	8.83985604063718	7.2098412888355	45.9472048530346	1.2148313372083e-11	8.14265328723398e-11
"hsa-miR-1468-5p"	-1.61602054337626	4.75161703399206	3.82216668129167	0.0505787935169493	0.0708674621028442
"hsa-miR-146a-3p"	0.325879377498007	3.51920225718085	0.0488313421070368	0.825109447392829	0.842087008038772
"hsa-miR-146a-5p"	-3.12836740638039	12.3916039381787	8.44120079695267	0.00366813956069895	0.00697087058278422
"hsa-miR-146b-3p"	-6.62997819746092	8.46800999622173	73.1667035006392	1.19148935630148e-17	3.28321511514187e-16
"hsa-miR-146b-5p"	-8.78790707838075	14.1708031459918	44.2295332004199	2.92041864212865e-11	1.81065955811977e-10
"hsa-miR-147b"	1.95015010162711	2.98991276071204	8.25416000407255	0.00406587172067573	0.00752489691587746
"hsa-miR-148a-3p"	-0.105229523614429	12.0900980166544	0.0146595584019451	0.90363031314206	0.910976901053784
"hsa-miR-148a-5p"	1.73491932718367	5.89741925724955	3.14622499910295	0.0761028355827961	0.100658683864178
"hsa-miR-148b-3p"	0.177371583790697	10.4059317144095	0.106208067466794	0.744503199288553	0.775784846317484
"hsa-miR-148b-5p"	0.880396508545931	6.67546028569469	2.49014961342278	0.114560833731238	0.147207703447394
"hsa-miR-149-5p"	8.5990213353653	8.92659782036751	44.3619999851096	2.72933850966839e-11	1.71361000100699e-10
"hsa-miR-150-3p"	-10.6795811394496	6.64500008692702	72.4870027107954	1.68135651225239e-17	4.16976415038592e-16
"hsa-miR-150-5p"	-13.7671137842119	15.7182734614635	76.1092777244871	2.68393319772904e-18	8.32019291296001e-17
"hsa-miR-151a-3p"	3.72672469924077	11.905447816555	34.0699321394952	5.31664941766e-09	2.126659767064e-08
"hsa-miR-151a-5p"	4.05922635787897	12.4887152117074	44.8996913652556	2.07390563493052e-11	1.32086451066541e-10
"hsa-miR-151b"	0.414412235072055	3.51411354526212	0.419357798306395	0.517257664458693	0.557738699068503
"hsa-miR-152-3p"	0.855225727795497	8.3604904304286	2.32855790564602	0.127019501396534	0.161542750494054
"hsa-miR-152-5p"	2.97193729908093	4.79825462261993	11.4432555969905	0.000717539625858856	0.00154069114470127
"hsa-miR-153-3p"	-2.00643731237843	2.87082735580391	5.49285493191237	0.0190943387041419	0.0305509419266271
"hsa-miR-154-5p"	7.26988902226212	3.44593078200523	34.9746996478731	3.34017316390827e-09	1.3922066296626e-08
"hsa-miR-155-5p"	1.43203251077437	10.7144896029461	4.29353502424729	0.0382575424632816	0.0554846229876832
"hsa-miR-15a-5p"	-2.3757795748991	10.528150002473	11.2676435413529	0.000788697834136612	0.00168618157643
"hsa-miR-15b-3p"	0.3911678101499	6.09377910054581	0.504764467130375	0.477414104045641	0.522731557630548
"hsa-miR-15b-5p"	-0.914829630996603	8.53882082944885	2.66046128548033	0.102870897286088	0.133221840871801
"hsa-miR-16-2-3p"	-1.40838085040637	7.1227028481508	5.56939246025788	0.0182771012815475	0.0294332540118428
"hsa-miR-16-5p"	-1.1628879975502	12.714226223632	3.73604765717527	0.0532502630283366	0.0739835587172408
"hsa-miR-17-3p"	-1.75078861081716	7.3266025872245	7.42115795755134	0.00644613177322166	0.0115425319838193
"hsa-miR-17-5p"	0.948260431360812	8.34177118835534	1.74453955291632	0.186564661808087	0.22514859429881
"hsa-miR-181a-2-3p"	-3.01486075067323	10.1433445977338	15.008624872898	0.000107020935245792	0.000269258484642644
"hsa-miR-181a-3p"	0.331194531082293	9.2428237418347	0.241824006736991	0.622891813805344	0.661011925903017
"hsa-miR-181a-5p"	-2.14043928086563	15.2927403594301	14.0924892406392	0.000174037338698592	0.000417017004804357
"hsa-miR-181b-2-3p"	-3.48134512408488	3.03017366264325	14.9989009103708	0.000107573811606085	0.000269258484642644
"hsa-miR-181b-3p"	2.94602640930445	3.9262700005776	14.3674817530017	0.000150376954046319	0.000367423493630414
"hsa-miR-181b-5p"	0.0674821686222708	11.6599454029875	0.0151813603295636	0.901938698333037	0.910976901053784
"hsa-miR-181c-3p"	-0.721001560574012	6.44226387924916	1.6563800347667	0.198092793911515	0.237268187882802
"hsa-miR-181c-5p"	-2.92485942410586	10.0675677672834	18.7039846953837	1.5266313105694e-05	4.25398387664281e-05
"hsa-miR-181d-5p"	-0.494479197781235	5.91490379755473	0.476769525269165	0.489889244213623	0.530535076702963
"hsa-miR-182-5p"	6.83937161597727	9.96747587236672	10.8543708995056	0.000985628405051238	0.00206274974221694
"hsa-miR-183-3p"	4.46628672122313	2.59921542873522	3.38795419773132	0.0656743881476654	0.0887588461069266
"hsa-miR-183-5p"	8.90849336144231	8.23841095494689	8.53109570655338	0.00349129452398403	0.0066603157072926
"hsa-miR-184"	9.45074552700268	5.44193601484237	7.02918961210912	0.0080191634099758	0.0141046278416596
"hsa-miR-185-3p"	-0.730824605037712	3.35454873776179	1.06025531838329	0.303156959983079	0.348069102202795
"hsa-miR-185-5p"	-1.00696432788723	7.12798012986629	2.24318000262803	0.134204728746074	0.168520368248235
"hsa-miR-186-5p"	-1.29709066767869	13.6201890177899	4.92201503751431	0.0265165726482427	0.0400982318095378
"hsa-miR-188-5p"	2.28306805917859	3.7726016222892	5.98895412382363	0.0143957352900309	0.023800949012851
"hsa-miR-18a-3p"	1.86964216231326	4.29803056578045	4.53407615363285	0.0332263868619135	0.0490484758437771
"hsa-miR-18a-5p"	2.33638374135277	6.10995856181681	5.77161497622486	0.0162870603457348	0.0263999409525635
"hsa-miR-190a-5p"	2.2981410938881	3.34487777446846	10.332038939881	0.001307406985825	0.00267964407012067
"hsa-miR-190b"	-1.91698008474387	2.92440239167695	3.50263447984933	0.0612712879842569	0.0832618050416203
"hsa-miR-191-3p"	1.4500415468704	4.18360594969883	5.02914996154577	0.024924128380581	0.0380380543900559
"hsa-miR-191-5p"	-0.689639528460497	13.7740444135769	1.64164464208119	0.200099965980674	0.238008592629291
"hsa-miR-1910-5p"	5.70621881316367	3.55329625619759	23.8136094935515	1.06129417245106e-06	3.33165765528942e-06
"hsa-miR-192-5p"	-3.77491606581053	12.0251206009398	32.2338677810476	1.36687267775846e-08	5.13612763763784e-08
"hsa-miR-193a-3p"	7.07307165981461	8.77441697244944	24.8513603685367	6.1925329473571e-07	1.98161054315427e-06
"hsa-miR-193a-5p"	4.09949504327009	6.08108942166166	27.9846787907092	1.22279780192841e-07	4.15416239559242e-07
"hsa-miR-193b-3p"	5.30015255033971	7.93470755661809	43.4453235806227	4.35972286679037e-11	2.6053283637687e-10
"hsa-miR-194-5p"	-2.39005539193383	5.99573744803291	9.86427964371131	0.00168518645496449	0.00339777431570076
"hsa-miR-195-5p"	1.88079951135219	5.12301923483812	7.23003135135123	0.00716939552301148	0.0127000720693346
"hsa-miR-196a-5p"	0.448214386979333	4.41141402739887	0.0597364320298661	0.806913006323275	0.831976462110585
"hsa-miR-196b-5p"	0.49701107869051	5.53525430654987	0.0649295074110352	0.798867772887452	0.825496698650367
"hsa-miR-197-3p"	-1.38075743249664	9.79132225260245	6.47197288420983	0.0109588810200122	0.01861508556824
"hsa-miR-1976"	-4.48322387273698	3.12919519714373	20.801069970223	5.0954488603537e-06	1.47797814896809e-05
"hsa-miR-199a-3p"	7.12108260628379	11.9155002635562	107.9320292006	2.78155699791715e-25	2.75930454193381e-23
"hsa-miR-199a-5p"	8.84050295128733	10.0938843560117	92.98489682076	5.26949318267608e-22	2.61366861860734e-20
"hsa-miR-199b-3p"	6.95448207271106	10.5739348227193	96.3977668868598	9.3973086968667e-23	5.17896123738432e-21
"hsa-miR-199b-5p"	4.98093536325528	9.89159251245055	14.724565052469	0.000124414678732216	0.000305493468570195
"hsa-miR-19a-3p"	-0.367609403670078	8.0420426712736	0.249701875457742	0.617285074352459	0.657024456821501
"hsa-miR-19b-3p"	-1.44059623513657	9.90242863851851	4.52867422794768	0.0333314301358005	0.0490575351553622
"hsa-miR-200a-3p"	3.10170672307153	5.76908856294755	2.51188927174066	0.112990399881691	0.145566852834595
"hsa-miR-200a-5p"	4.00442982852155	2.84501202764296	3.24722565617742	0.071544460168731	0.0959082493072719
"hsa-miR-200b-3p"	4.9703348518121	9.28639965812021	4.00771487442502	0.0452924983726487	0.0643698544207272
"hsa-miR-200b-5p"	5.5630799976692	2.20687458965272	5.36620747598405	0.0205305697822422	0.0322696323179094
"hsa-miR-200c-3p"	4.51544140708669	8.09244099078123	3.89704077511071	0.0483712381903382	0.0684074676554578
"hsa-miR-200c-5p"	5.61824534136193	2.24057556307527	5.39362394123317	0.020210455570196	0.0319822843543842
"hsa-miR-203a-3p"	3.76240169281246	5.51680825049105	1.79661257738025	0.180122557823973	0.219510537298995
"hsa-miR-204-5p"	11.4492255835699	9.20827081556588	31.8817033916428	1.63853323312616e-08	6.06501853455655e-08
"hsa-miR-205-3p"	7.21602653150822	3.41230828113755	6.26379479069147	0.012322996814206	0.0207193437960887
"hsa-miR-205-5p"	14.2409426777283	12.6041215344738	11.6231348322952	0.000651365257147351	0.00141700512081178
"hsa-miR-20a-3p"	1.06080490641217	3.25107511861256	1.35057126399781	0.245178272500454	0.286137466259353
"hsa-miR-20a-5p"	0.0190922252166394	8.75854124702045	0.0005530869868835	0.981237238876884	0.981237238876884
"hsa-miR-20b-5p"	-8.70786552327969	5.05435471570419	37.260633225227	1.03349935385021e-09	4.70289614229086e-09
"hsa-miR-21-3p"	2.76709279912016	11.6333493664078	16.6750218786854	4.43612687030434e-05	0.000115806259351103
"hsa-miR-21-5p"	2.37388933622178	16.2111013361918	19.6500002509911	9.30032991616216e-06	2.63597922195225e-05
"hsa-miR-210-3p"	4.05064738297709	8.12016491736613	38.0554978302803	6.87606856611258e-10	3.27935577768446e-09
"hsa-miR-210-5p"	4.55277029943179	5.05302803745588	22.1154994933715	2.56728516380134e-06	7.81210700150591e-06
"hsa-miR-2110"	-2.51868917899817	3.0776795127316	9.55454552920992	0.00199454888612953	0.00394141931282967
"hsa-miR-2110-3p"	-1.56308511048133	4.81095218073499	6.9733170618591	0.00827339928872392	0.0145003747251133
"hsa-miR-2116-3p"	2.6898315652936	2.65625121697048	9.17109523502028	0.00245867385443354	0.00478236169332956
"hsa-miR-212-3p"	1.18333344908687	3.52985981684964	3.1308361935777	0.0768243260784643	0.1013427280184
"hsa-miR-212-5p"	0.455432319636516	3.77618538190891	0.531415934911986	0.466012178678112	0.512510067903201
"hsa-miR-214-3p"	10.4263245542793	6.38917616791567	68.7398877088586	1.12345467798289e-16	2.32180633449797e-15
"hsa-miR-214-5p"	7.90556399058794	5.72737655734514	56.5959520279646	5.35219083417766e-14	5.30937330750424e-13
"hsa-miR-215-5p"	-0.968633367684197	4.74979300363701	2.62111740506728	0.10545015997727	0.136206456637307
"hsa-miR-218-1-3p"	9.40844228168912	5.40048682147202	29.3325348868825	6.09634926596838e-08	2.114537927217e-07
"hsa-miR-218-5p"	6.55995962835463	6.75174162425355	47.6477981454755	5.10094964222953e-12	3.61438717506549e-11
"hsa-miR-22-3p"	2.57761646301471	16.3566386973089	18.0874817278027	2.10983994886426e-05	5.74989348701469e-05
"hsa-miR-22-5p"	1.03857777814311	6.88005901391241	3.81089522988889	0.0509202279693163	0.0711448818951574
"hsa-miR-221-3p"	1.91645795929695	12.7720566513332	10.9877508220216	0.000917160487492623	0.0019357940501972
"hsa-miR-221-5p"	2.63280359938219	9.37901670590689	21.5522985060884	3.44309782886562e-06	1.01653364471271e-05
"hsa-miR-222-3p"	4.27863448999554	13.2272877578442	57.2199741165496	3.89693288831845e-14	3.94465043388969e-13
"hsa-miR-222-5p"	5.18999867267035	5.75017002149649	42.0913843212085	8.71061196207119e-11	4.70843536844898e-10
"hsa-miR-223-3p"	-10.6877058422832	8.19082749238946	67.3542660071308	2.26850638289759e-16	4.32761217660464e-15
"hsa-miR-224-5p"	11.3844024406561	9.69542752529513	87.7475941590499	7.4363323188156e-21	3.35310984557503e-19
"hsa-miR-2277-5p"	-1.25766841660768	3.82232594808904	5.36380425459391	0.020558878654152	0.0322696323179094
"hsa-miR-2355-3p"	1.85210704967256	2.22584603358987	1.44630162921071	0.229122315693866	0.268663519111484
"hsa-miR-2355-5p"	0.77198009021534	4.81014259847559	1.09640271341045	0.295056915907847	0.339555058678172
"hsa-miR-23a-3p"	-0.196570828405263	11.5998426595239	0.128332075356667	0.720167707261165	0.752006700634816
"hsa-miR-23a-5p"	0.772764674934234	5.57503158466258	0.836651232545045	0.360356279663108	0.406219806165685
"hsa-miR-23b-3p"	2.72989476077873	9.89197239526713	17.9982963177084	2.2110276136183e-05	5.96016139323195e-05
"hsa-miR-23c"	-7.0061662828121	3.40939760118214	7.35917015087104	0.00667215787951698	0.0118616140080302
"hsa-miR-24-2-5p"	1.36749602130951	7.24685554356588	5.40127290267953	0.0201220707578289	0.0319822843543842
"hsa-miR-24-3p"	-0.568434952743763	9.70703459488385	0.914484089743727	0.338927450489213	0.383808254435273
"hsa-miR-2467-5p"	0.591636407399672	3.24659650825398	0.61866619554631	0.431543368233051	0.479922669604469
"hsa-miR-25-3p"	-1.56406000695092	11.6344792460754	6.86399328742721	0.0087949782232015	0.0152528293661117
"hsa-miR-25-5p"	-0.517118419132491	4.58003180648498	0.700219271914895	0.40271002551801	0.451909892888988
"hsa-miR-2682-3p"	6.77541859683062	3.04243437795058	34.6249736164598	3.99744835014971e-09	1.65227865139521e-08
"hsa-miR-2682-5p"	7.72738162822181	3.83967642871499	37.8923505243538	7.47577867247149e-10	3.5314154490913e-09
"hsa-miR-26a-2-3p"	1.15717348874269	4.9589479547428	3.7297638539064	0.0534509500372495	0.0740549475376418
"hsa-miR-26a-5p"	-1.42648363700814	15.310978353388	7.95157958213599	0.00480454243065062	0.00875062047396458
"hsa-miR-26b-3p"	-1.49711279792837	6.69081892543735	3.53506091904263	0.0600841269463465	0.0820984213922531
"hsa-miR-26b-5p"	-2.76759108162006	13.04881804172	26.4755816288677	2.66890514272242e-07	8.82517967193546e-07
"hsa-miR-27a-3p"	0.133620783514609	12.817344658309	0.0518681087947073	0.819843934005422	0.840170643112995
"hsa-miR-27a-5p"	0.4417915196193	7.06112318058194	0.495224507233855	0.481605981550128	0.524901903583901
"hsa-miR-27b-3p"	3.34520971444201	14.2314485663883	24.9515310741683	5.87898241549296e-07	1.89349044031462e-06
"hsa-miR-27b-5p"	4.72856772041934	6.71259093768158	35.4351538755047	2.63684568802126e-09	1.11784227457995e-08
"hsa-miR-28-3p"	-1.69579932188075	12.8764571479902	9.83845389040562	0.0017090108252289	0.00343185979479164
"hsa-miR-28-5p"	-0.989068859794444	10.102227261585	2.30428005563715	0.129018047638464	0.163569573919756
"hsa-miR-296-3p"	3.95818144012063	4.41719046263399	16.9989630353373	3.7400238869238e-05	9.86729706337343e-05
"hsa-miR-296-5p"	0.340789479864223	4.03464883240468	0.282628625303343	0.594983475865811	0.637390505463158
"hsa-miR-299-3p"	9.74054892062109	5.72029296489129	55.8116129753453	7.97590034539585e-14	7.46423881380442e-13
"hsa-miR-299-5p"	7.3020980387491	3.47341968299113	43.8362929482033	3.57022793226454e-11	2.18621364741137e-10
"hsa-miR-29a-3p"	-0.692273574919161	14.0356015622232	1.91209196555212	0.166731064805261	0.203691153062585
"hsa-miR-29a-5p"	1.34454981454913	6.23809992574918	4.01662882810561	0.0450536846747663	0.0642144471226555
"hsa-miR-29b-1-5p"	2.11570925801147	4.36363045650862	14.3112848761478	0.000154933292461224	0.000376700554219447
"hsa-miR-29b-3p"	-1.51177466081956	9.85252744556266	4.4140224228945	0.0356446970495656	0.0523070110549838
"hsa-miR-29c-3p"	-4.22469015034189	11.3881217214201	41.2494895250392	1.33986832886716e-10	7.06994352253311e-10
"hsa-miR-29c-5p"	-1.86704010071581	5.39247059545909	8.16605622073332	0.0042681611054992	0.0078699178748238
"hsa-miR-301a-3p"	2.30470219122589	7.89099446045019	8.76500736613694	0.0030706483626595	0.0058804694512707
"hsa-miR-301b-3p"	2.79451118815325	5.72333493207696	7.1612874452132	0.00744937096997002	0.0131490676195912
"hsa-miR-30a-3p"	10.580018207694	7.0670170985414	69.2615366008761	8.62350360204898e-17	1.94420808482559e-15
"hsa-miR-30a-5p"	10.554410291552	12.5343278109219	116.110909727728	4.49445277749202e-27	5.5731214440901e-25
"hsa-miR-30b-5p"	-1.65670453748642	10.4603748643525	5.49630744200496	0.0190566731241579	0.0305509419266271
"hsa-miR-30c-1-3p"	1.50302985252931	3.74882681384215	5.79174518546212	0.0161015970040818	0.0261848921771297
"hsa-miR-30c-2-3p"	7.52642842530851	3.66483490512815	38.5876104831695	5.23501827108719e-10	2.62279703278712e-09
"hsa-miR-30c-5p"	-0.55447251054028	11.355894958703	0.962347625232908	0.326596103229539	0.373004567122964
"hsa-miR-30d-3p"	0.181936013469772	5.56017044143383	0.0713809434562416	0.789336638634413	0.817350673826031
"hsa-miR-30d-5p"	-0.916863601046224	12.5165400398259	3.18558316199608	0.0742904850302334	0.0985242796122881
"hsa-miR-30e-3p"	-1.37354080404631	7.93019141314815	4.60411302495951	0.0318953486082397	0.0473655476337931
"hsa-miR-30e-5p"	-1.47597295984457	12.7922669017281	6.10695338982441	0.0134651039940239	0.0223367611405881
"hsa-miR-31-3p"	6.60881708901363	8.84681131263779	30.7231723501546	2.97589889419639e-08	1.06959844313146e-07
"hsa-miR-31-5p"	6.22316803755013	13.4053371695951	58.7697239941237	1.77247780241066e-14	1.99806588635384e-13
"hsa-miR-3117-3p"	6.27660021920226	2.66668971342599	23.0004715464074	1.61961667143462e-06	5.02081168144732e-06
"hsa-miR-3129-3p"	6.19363023104088	2.6071707149829	21.9856460318727	2.74697201187976e-06	8.25756435086279e-06
"hsa-miR-3152-5p"	6.78184608760381	3.04776983179061	27.2656063046446	1.77337956386139e-07	5.94321799780574e-07
"hsa-miR-3158-3p"	1.72343620009359	3.30351862908458	5.22953666118959	0.0222064471786684	0.0344199931269361
"hsa-miR-3176"	2.44844167545067	3.88578128548932	10.3859354456622	0.00126978838960606	0.0026133404201021
"hsa-miR-3194-5p"	-7.02299322668153	3.291967129413	32.2892979128183	1.32842994623877e-08	5.0297805598048e-08
"hsa-miR-32-5p"	-2.90566635297412	6.63139348760031	7.5356805785369	0.00604888835496175	0.0109099949965855
"hsa-miR-3202"	-5.86004614079801	2.44223936940663	15.6794939795053	7.50332668597005e-05	0.00019183763073408
"hsa-miR-320a"	1.03572407166647	10.4526705654949	3.8295693409489	0.0503558696322571	0.0707549896249278
"hsa-miR-320b"	-1.71322379833438	3.5042336329958	8.36117324757755	0.00383322994407255	0.00720182595553024
"hsa-miR-323a-3p"	10.4862685622085	6.44764045688709	57.2281918261409	3.88068413603856e-14	3.94465043388969e-13
"hsa-miR-323b-3p"	7.27148144412755	5.10887161989571	26.6247776344753	2.47054976264063e-07	8.22411196154197e-07
"hsa-miR-324-3p"	0.551028145203641	4.77408764030279	0.883473917397807	0.347251963593369	0.392339348387952
"hsa-miR-324-5p"	-0.0395187165168888	4.43346688208601	0.0043634287469827	0.947333038664386	0.951168395096225
"hsa-miR-326"	-1.79682029864936	4.69083598488571	5.80968681595911	0.0159381323779338	0.0260043212482078
"hsa-miR-328-3p"	0.0806186377468023	6.16530841128007	0.0154815849190952	0.90097876635236	0.910976901053784
"hsa-miR-329-3p"	9.45147691497658	5.44104904098008	56.4241667888117	5.84080705882597e-14	5.68047117877977e-13
"hsa-miR-330-3p"	-0.862451580403894	5.71285631711424	2.11638469799781	0.145730191074982	0.180254799933145
"hsa-miR-330-5p"	1.30923670830825	6.42801241115256	4.57101335254096	0.0325173249509724	0.0481450542557681
"hsa-miR-331-3p"	2.23536672415922	8.62100036198022	12.5138503427005	0.000403946273098506	0.000931894657938879
"hsa-miR-331-5p"	1.00582980557974	3.79430277154956	3.61517003323573	0.0572548687410654	0.0786659692398018
"hsa-miR-335-3p"	3.89511825980139	7.83990217729975	14.1151851700678	0.000171950048879174	0.000414015651670244
"hsa-miR-335-5p"	1.81187680887628	6.81287860108288	3.84222765679983	0.0499770792744399	0.070422248068529
"hsa-miR-337-3p"	9.6877698984304	5.66844278352711	42.3184752021038	7.75564392176081e-11	4.27422153910373e-10
"hsa-miR-337-5p"	7.63436908421022	3.75792936645261	36.2546511447027	1.73146287684436e-09	7.60004944172392e-09
"hsa-miR-338-3p"	-8.92618689034118	7.99833582844379	66.9880031171558	2.73164422524113e-16	5.01813161377631e-15
"hsa-miR-338-5p"	-3.93445879204873	3.37099418560622	11.9898795397627	0.000534902473598084	0.00118973823724058
"hsa-miR-339-3p"	-1.49274688058961	8.33689716811014	6.34600968077719	0.0117645628449105	0.0198476978608014
"hsa-miR-339-5p"	-0.792593867067066	7.52188226672021	1.55337693021382	0.21263760613425	0.251114887244258
"hsa-miR-33a-3p"	-1.1455936227486	4.16780098990112	1.26621041017729	0.260478810045263	0.302570233682554
"hsa-miR-33a-5p"	-0.858138667580568	5.22160016378273	0.683886050094092	0.408251780028758	0.457094543779377
"hsa-miR-33b-5p"	0.921501073479539	4.83643237676382	1.52354698157435	0.217083517322782	0.255756352950356
"hsa-miR-340-3p"	0.107657197487608	4.15160441210556	0.0236264829439241	0.877839120783988	0.89040532496699
"hsa-miR-340-5p"	-1.14334077662078	9.01599165455476	3.89571890096974	0.0484093168287614	0.0684074676554578
"hsa-miR-342-3p"	-4.46537203834078	12.0217110406673	30.290831672829	3.71879567205856e-08	1.30817209456812e-07
"hsa-miR-342-5p"	-5.59573729624388	7.26535457217026	63.8226149752448	1.3614173133284e-15	1.87573052058579e-14
"hsa-miR-345-3p"	6.61170436275748	2.91980171089688	5.82207197144349	0.015826290960346	0.0259928487295749
"hsa-miR-345-5p"	0.668279332652861	7.81180125151557	1.48701310226259	0.222680472796002	0.261728707362126
"hsa-miR-34a-3p"	7.0401987550431	3.25540767200637	39.6302659161439	3.06890150790979e-10	1.58559911242006e-09
"hsa-miR-34a-5p"	4.20597377255618	7.40932440467869	42.8592012763926	5.8824751607707e-11	3.43259727028502e-10
"hsa-miR-34b-5p"	5.47630172629159	3.48679736719034	8.08301159816775	0.00446821293493663	0.00820827265084655
"hsa-miR-34c-5p"	6.46924853879552	6.95873133222241	29.2516217415485	6.35630045705823e-08	2.18939237965339e-07
"hsa-miR-3605-3p"	0.727589589690727	3.777989207736	1.70859398795751	0.191167895031978	0.229586624542036
"hsa-miR-3607-3p"	-2.24873166268246	7.49685630100804	6.92580814078316	0.0084960591513698	0.0148381878136599
"hsa-miR-3609"	-3.76000829893369	2.58139901840604	12.0035634664178	0.000530989242049782	0.00118635434259771
"hsa-miR-361-3p"	-3.87359065280462	10.8723420449431	22.0746076871138	2.62255996644809e-06	7.9316447765747e-06
"hsa-miR-361-5p"	-0.0919584108920382	7.90313179962935	0.0293960298958975	0.863867816011456	0.878029583487054
"hsa-miR-3613-3p"	-1.02225578493414	2.89023067120683	1.24127267493405	0.265225919241318	0.307364616690873
"hsa-miR-3613-5p"	-1.21340383691146	4.39177049570565	4.74419127916332	0.0293973680393758	0.0440516451587021
"hsa-miR-3614-5p"	3.86212456184621	2.71351528177756	2.37494653868637	0.123295818862757	0.157210092945829
"hsa-miR-3615"	-2.38129458800558	4.72731018656818	13.7837762355759	0.000205099751418576	0.000489084022613527
"hsa-miR-362-3p"	-2.11833650040773	3.69507273527143	13.1030346184395	0.000294817814091027	0.000689762432967686
"hsa-miR-362-5p"	0.648121687259559	3.84514819240629	1.55724482359637	0.212069087468023	0.251041210940667
"hsa-miR-363-3p"	-10.7586724043453	9.43301115312029	72.8381495509193	1.40730081002504e-17	3.67379579880222e-16
"hsa-miR-3651"	0.837046980963216	3.41371417085993	1.10567466979237	0.293024115687632	0.337999910188525
"hsa-miR-3653-3p"	-0.670923049959481	2.49909077128214	0.318461475797489	0.572533711863648	0.616001564174337
"hsa-miR-3653-5p"	-5.86132076679776	2.44192686430963	14.7673277964234	0.000121624659273463	0.000300128512436008
"hsa-miR-365a-3p"	5.38989599359667	6.02163441739881	51.316519015797	7.86113508752154e-13	6.39200492362407e-12
"hsa-miR-365b-3p"	5.38989599359667	6.02163441739881	51.316519015797	7.86113508752154e-13	6.39200492362407e-12
"hsa-miR-365b-5p"	7.33460540942053	3.50076323232037	38.3559730641908	5.894738730881e-10	2.87899500102054e-09
"hsa-miR-3661"	0.312143987853773	3.14765390586283	0.24070590602209	0.623696736537524	0.661011925903017
"hsa-miR-369-3p"	10.9713467417423	6.92538060990039	60.8328639740087	6.21319884822521e-15	7.51645519199928e-14
"hsa-miR-369-5p"	9.90368186153176	5.8781943358297	50.6877834773949	1.08291518126304e-12	8.66332145010436e-12
"hsa-miR-370-3p"	10.4046163582843	6.36760202235061	58.8007718978964	1.74472810286127e-14	1.99806588635384e-13
"hsa-miR-370-5p"	5.87411488093437	2.38368036482507	13.4338874338201	0.000247119496322978	0.000583672715124748
"hsa-miR-374a-3p"	0.187553950418248	7.56752134242118	0.0939109941825933	0.759262799398142	0.787854285567947
"hsa-miR-374a-5p"	-2.0720208225642	7.03491548592215	12.4854201002317	0.000410140469484449	0.000941804041038365
"hsa-miR-374b-3p"	1.01664234516668	3.89856627792619	1.71370212227814	0.19050574275251	0.229346719430206
"hsa-miR-374b-5p"	-0.956829762916878	6.44892287685162	2.11868853605662	0.145511097632862	0.180254799933145
"hsa-miR-375"	9.06331441505356	5.07452470670392	10.5183080610111	0.00118197652565619	0.00244275148635613
"hsa-miR-376a-3p"	8.6857328811073	4.71121499725584	33.4740921561821	7.2219613893252e-09	2.79851003836352e-08
"hsa-miR-376a-5p"	10.4805861839547	6.44221503057731	61.2517642495068	5.02235365238844e-15	6.38740361944786e-14
"hsa-miR-376b-3p"	7.58846135602119	3.71823625165373	37.4490326979702	9.38332231378705e-10	4.30937765522072e-09
"hsa-miR-376c-3p"	11.0085911812867	6.96198925883572	63.9973357818487	1.24587579758533e-15	1.76558398743521e-14
"hsa-miR-377-3p"	8.78818246443052	4.80920949973564	47.1693313048133	6.5111300528275e-12	4.54862043127104e-11
"hsa-miR-377-5p"	9.49035927877394	5.47811440099203	47.9588920899923	4.35249653412306e-12	3.13635157059913e-11
"hsa-miR-378a-3p"	1.06488702736057	10.5528165929517	1.30835626314618	0.252692478624656	0.294214716896314
"hsa-miR-378a-5p"	2.13236701941824	3.33305058576444	3.28045538752355	0.070109473290265	0.0942392920107627
"hsa-miR-378c"	-1.8381245968035	2.73258194420798	2.94335505778898	0.086231451471125	0.113150264364228
"hsa-miR-379-3p"	9.02539059859514	5.03201404901222	35.6143924787228	2.40504040321952e-09	1.02879786906849e-08
"hsa-miR-379-5p"	7.25089421271648	3.42990598911748	34.584658109251	4.08110133282649e-09	1.67291426535697e-08
"hsa-miR-380-3p"	6.39513053134083	4.8063120007567	33.2189736317235	8.2343143406781e-09	3.14170762536641e-08
"hsa-miR-381-3p"	12.308319012567	9.91526814894246	74.4055676185816	6.36093559177055e-18	1.85589650206952e-16
"hsa-miR-382-3p"	8.26312874768305	4.3215993844774	42.0862777610499	8.73338818341342e-11	4.70843536844898e-10
"hsa-miR-382-5p"	9.82739956259767	5.80453249530234	59.5738843133964	1.17787908471259e-14	1.39101910956535e-13
"hsa-miR-3909"	1.52487874314379	3.68991251433055	6.20424810501819	0.0127444073424458	0.021355493384639
"hsa-miR-3912-3p"	-2.24534209521472	4.14899513205839	13.7539531212183	0.000208381820286321	0.000494532932354139
"hsa-miR-3929"	5.4460161728094	2.13706564927052	5.30715965536029	0.0212379541306149	0.033125865562217
"hsa-miR-409-3p"	11.82471346295	10.6594498836388	85.7331771584906	2.05928724295154e-20	7.85697286541511e-19
"hsa-miR-409-5p"	11.3643301790795	8.92040867770698	86.3958532094853	1.47293450369501e-20	6.08812928193936e-19
"hsa-miR-410-3p"	13.249462143009	9.18818637330221	64.5484646793007	9.41869006583443e-16	1.45989696020434e-14
"hsa-miR-411-3p"	9.04233936104126	5.04808476031969	34.4176109652363	4.44681410186912e-09	1.80788507748121e-08
"hsa-miR-411-5p"	14.2208289812012	10.1577141107206	100.460294747542	1.20794345447158e-23	8.55914219168431e-22
"hsa-miR-412-3p"	5.32168762658225	2.04039959696851	7.44617790232842	0.00635713011448854	0.0114244077419794
"hsa-miR-412-5p"	7.3218248558164	3.48595552483343	22.3209639621222	2.30674562351892e-06	7.06262857571226e-06
"hsa-miR-421"	1.50522650585618	7.23486887965338	4.35556120390467	0.0368883033829037	0.0539722668965198
"hsa-miR-423-3p"	0.528432058715404	11.9594086732687	1.02847610354958	0.310516856026443	0.355695982884794
"hsa-miR-423-5p"	-0.787726080663955	11.5220709935097	2.15887805615185	0.141748155542879	0.177095932365914
"hsa-miR-424-3p"	5.09557456291811	5.1701149174859	17.0423699313733	3.65549612627309e-05	9.69586138305588e-05
"hsa-miR-424-5p"	4.41532116107846	7.07361871017279	10.6618280357858	0.0010936924751518	0.0022697550948757
"hsa-miR-425-3p"	-1.63493599750732	4.8656017497801	7.5453434509272	0.00601653531685658	0.0108912464129959
"hsa-miR-425-5p"	-0.731401949817324	8.51627345074146	1.64970471794107	0.198999125321059	0.237268187882802
"hsa-miR-429"	4.3807840462897	6.26760856753898	4.08316063280394	0.0433125690521667	0.0620896943637997
"hsa-miR-431-3p"	9.25946868251398	5.25663830424241	46.1400473880856	1.10094869612225e-11	7.48041853803609e-11
"hsa-miR-431-5p"	8.71289534377363	7.04684806240677	50.581036354589	1.14344572870191e-12	8.88081513109335e-12
"hsa-miR-432-5p"	10.4449880160498	6.40716586223372	57.8740836685326	2.79444625952726e-14	3.01314205375113e-13
"hsa-miR-4326"	3.79767499719508	3.98060617503792	9.73433820149753	0.00180857120512448	0.00361714241024895
"hsa-miR-433-3p"	6.61606969758531	2.91416344400161	18.3645494377441	1.82420616226062e-05	4.99892959381917e-05
"hsa-miR-4443"	-2.90203743864245	2.85947803933598	8.28309817680387	0.00400157937184057	0.00744170095146978
"hsa-miR-449a"	4.17272682644086	3.01199483171961	4.89960984919553	0.0268627639055463	0.0404982702041062
"hsa-miR-449b-5p"	2.45531886457212	2.24455016869469	3.20575533221777	0.0733796189028843	0.097577187602763
"hsa-miR-450a-5p"	4.22182367693125	5.92648266616645	16.3400306952626	5.29338828347768e-05	0.000137461810921724
"hsa-miR-450b-5p"	4.71437766743059	7.02471930940855	14.9824610617848	0.000108515080233944	0.000269258484642644
"hsa-miR-451a"	-2.80134056063957	3.82161322357459	8.28113158430672	0.00400591563315006	0.00744170095146978
"hsa-miR-452-3p"	8.54494121427608	4.58220225773167	55.2111909412222	1.08250662972531e-13	9.76224160625007e-13
"hsa-miR-452-5p"	10.9964146025735	6.94996830706656	65.7826729962859	5.03489346338376e-16	8.05582954141401e-15
"hsa-miR-4521"	2.93918249769761	3.79261007653505	12.7152107685309	0.000362693411422095	0.000840635196567099
"hsa-miR-454-3p"	0.313306723925185	7.15173815560392	0.254872255627909	0.613665075854564	0.654576080911534
"hsa-miR-454-5p"	0.13350428040337	4.43568366491066	0.0587433560919586	0.808493255518754	0.831976462110585
"hsa-miR-455-3p"	8.82415198584524	7.27744545467114	42.377741662353	7.52414775265264e-11	4.19323290484911e-10
"hsa-miR-455-5p"	6.37570191042438	6.19322142790957	35.8997496061094	2.07735411056269e-09	9.03831262139558e-09
"hsa-miR-4662a-5p"	-0.0182280695515165	3.61179325897826	0.000569905816201643	0.980954150136924	0.981237238876884
"hsa-miR-4677-3p"	0.511337002580169	4.57054439288935	0.492081112059699	0.483000433878581	0.524901903583901
"hsa-miR-4772-3p"	-7.8385910972178	3.97514375300781	45.3960521348007	1.60958492642925e-11	1.05046595198541e-10
"hsa-miR-4772-5p"	-10.222103166196	6.19793405900913	53.1395865897517	3.10668028682951e-13	2.65674727977144e-12
"hsa-miR-4775"	5.90359192811939	4.57333906165908	35.613567188074	2.4060595324989e-09	1.02879786906849e-08
"hsa-miR-484"	-0.528692226049286	10.0795046957113	0.960221721391953	0.327131021569535	0.373004567122964
"hsa-miR-485-3p"	8.1631128516379	5.76189469517788	49.0106956104393	2.54570575634136e-12	1.91313644718987e-11
"hsa-miR-485-5p"	9.23054701631732	5.22779627290041	36.9286790693586	1.22530288893421e-09	5.47522732352585e-09
"hsa-miR-486-3p"	-2.98630452141812	2.89675653755375	11.9224814328456	0.000554605563833461	0.00122397773252671
"hsa-miR-486-5p"	-1.61376191843249	7.78898712262895	7.95982382213805	0.00478270692912062	0.00875062047396458
"hsa-miR-487a-3p"	8.38902584030492	4.43626267498817	37.8297527651562	7.71954196788715e-10	3.61216303403021e-09
"hsa-miR-487b-3p"	10.2393562189735	7.85580458173925	68.7549420452902	1.11491123176529e-16	2.32180633449797e-15
"hsa-miR-493-3p"	10.6655718520022	6.62395343103038	63.2985941715684	1.776310381667e-15	2.38121607920765e-14
"hsa-miR-493-5p"	10.200345672496	6.16792771972324	68.4980644898982	1.27002195048148e-16	2.51972354975525e-15
"hsa-miR-494-3p"	10.6561994669795	6.61448331098919	51.5801624394781	6.87325766611902e-13	5.77819627524582e-12
"hsa-miR-495-3p"	9.65561027851815	5.63779660284677	50.5768084639511	1.1459116298185e-12	8.88081513109335e-12
"hsa-miR-496"	7.16735360360506	3.35499041636537	18.0571967905313	2.14366789245835e-05	5.81015997081608e-05
"hsa-miR-497-5p"	4.44098875729634	5.95232166823602	21.7562162793066	3.09585129091824e-06	9.19486371434399e-06
"hsa-miR-499a-5p"	-4.35762721540364	2.50534691572012	13.3611497483791	0.000256890767564474	0.000603875927544924
"hsa-miR-500a-3p"	1.10811748351609	8.97023136177291	3.55078452061975	0.0595173040558935	0.0815485713031026
"hsa-miR-501-3p"	1.33207637055934	7.8306058293423	5.71622645839373	0.0168088182396962	0.0271569180680434
"hsa-miR-501-5p"	3.52482719652479	3.40866297077239	20.1866909860859	7.02399294339319e-06	2.02552354646687e-05
"hsa-miR-502-3p"	0.927303878925804	4.7352347002667	2.16675180304947	0.141023830898771	0.176635909408561
"hsa-miR-503-5p"	4.99871185238058	3.57171282451172	19.9348755176104	8.01252862794525e-06	2.29723364130684e-05
"hsa-miR-505-3p"	0.991625289884639	6.69919943838719	1.78373615718628	0.181691216315156	0.220879517873326
"hsa-miR-532-3p"	0.905124012092788	5.253050493608	2.79782508535507	0.0943922689910471	0.122883373804618
"hsa-miR-532-5p"	0.224280347395145	9.21864536968207	0.132873182904987	0.715471428965657	0.748678963643387
"hsa-miR-539-3p"	10.4007277008241	6.36375403447213	56.0863031643428	6.93586247122159e-14	6.61574574178059e-13
"hsa-miR-539-5p"	7.16003809273995	3.35325107292274	30.4652966627626	3.39892627582233e-08	1.2041910234342e-07
"hsa-miR-541-5p"	6.60684734596142	2.91325796303503	15.9537544492788	6.49089110403581e-05	0.000166812538217708
"hsa-miR-542-3p"	3.84671107673641	3.84351116645375	21.8377058720315	2.96711610430118e-06	8.86559992610473e-06
"hsa-miR-543"	9.58886224755536	5.57329608163332	45.5333948045018	1.50058449414145e-11	9.9238654545888e-11
"hsa-miR-548au-5p"	-3.37415394301762	3.3674978174648	9.13065669678178	0.00251361478249563	0.00487012864108529
"hsa-miR-548e-3p"	-2.13594282407675	6.29846031265179	11.7686976525503	0.000602351070221117	0.00131615035607786
"hsa-miR-548e-5p"	-1.33725383219921	3.95586061680154	4.01836077797452	0.045007438072349	0.0642144471226555
"hsa-miR-548h-5p"	4.11275751679848	2.37638466527514	5.81554287981687	0.0158851493173831	0.026003412743967
"hsa-miR-548j-3p"	-2.59902454461386	2.9836801950854	9.27845446616268	0.00231864986479311	0.00454565348987109
"hsa-miR-548k"	-0.469365347238545	6.03571618347908	0.288154934025263	0.591405325092383	0.634928660705243
"hsa-miR-548o-3p"	0.0999802526178388	4.3286625691122	0.0132727391511818	0.90828075355321	0.913807816962256
"hsa-miR-548w"	-1.53805303048633	3.44730307440879	6.40627588977707	0.0113717678859515	0.0192505012676858
"hsa-miR-550a-3p"	-1.09160854961813	3.37281829675421	1.64986108993435	0.198977838547851	0.237268187882802
"hsa-miR-550a-5p"	0.921353478488774	2.57445260597085	0.615943783346234	0.432558607449776	0.479975546521451
"hsa-miR-561-5p"	7.6778159598509	3.8000359987285	20.9612984725041	4.6865566906144e-06	1.36737183443808e-05
"hsa-miR-5690"	-3.30616141429706	2.66163136812306	11.1776720582267	0.000827875803812852	0.00176234505876041
"hsa-miR-5696-3p"	-3.1129998700127	2.79285753074509	11.7701203041504	0.000601890880812686	0.00131615035607786
"hsa-miR-574-3p"	5.80776277204933	8.4950938144511	46.6891431078503	8.31886135257639e-12	5.73077115399707e-11
"hsa-miR-574-5p"	6.58792581484937	2.8966913133251	31.4211918611596	2.07701513082956e-08	7.51970441526613e-08
"hsa-miR-576-5p"	-1.33697451581025	5.62806188764653	4.10529137508297	0.0427492246874725	0.0614597549130039
"hsa-miR-580-3p"	-2.19637776553252	2.57051524870806	5.11865162843112	0.0236700017471849	0.0363477426210641
"hsa-miR-582-3p"	2.86789103731273	4.95205587480395	4.98569736647661	0.0255576819730963	0.0388853075418888
"hsa-miR-582-5p"	2.53260783584851	4.48449184318059	4.31251245494075	0.0378330465373407	0.0550298858724955
"hsa-miR-584-5p"	6.89294743272282	6.69517024126081	62.8758827209313	2.20151485137192e-15	2.87355622705387e-14
"hsa-miR-589-3p"	0.938370942827366	4.77471132997163	1.76161240792493	0.18442352535162	0.223107484327813
"hsa-miR-589-5p"	-2.11597241929957	8.03636822439424	8.33110939257961	0.00389718509842252	0.007294353995538
"hsa-miR-590-3p"	-0.945425063618787	6.47757177780354	2.04394943086088	0.152812445143795	0.188076855561594
"hsa-miR-590-5p"	-1.43554996825377	2.74279613246819	2.30121637456098	0.129272727775291	0.163569573919756
"hsa-miR-598-3p"	-3.12253772570608	5.25393538157567	9.6270094331132	0.00191736555816421	0.0038040532673978
"hsa-miR-615-3p"	3.74711619538126	5.00842127307185	8.38252541487777	0.00378845655313512	0.007144769773213
"hsa-miR-616-5p"	-2.53919895499983	3.86024863695254	17.3891601324033	3.04557953274932e-05	8.16544566618197e-05
"hsa-miR-625-3p"	0.87643495790539	6.36227693691907	1.76815107416531	0.183611063779543	0.222667695928248
"hsa-miR-625-5p"	1.76999276315509	5.89853886062003	9.05654272486608	0.00261756451255892	0.00505179765847947
"hsa-miR-627-3p"	-1.37755073309959	2.79148889514357	3.34450679582871	0.067429683332731	0.0908834862310722
"hsa-miR-628-3p"	-1.25085984386177	3.01935888665647	3.42230363220619	0.0643211993848063	0.0871675270351474
"hsa-miR-628-5p"	0.493539529769734	4.09773669774301	0.490668227377972	0.483629374874683	0.524901903583901
"hsa-miR-629-3p"	-1.41181360005893	2.61049834381824	2.08806767744014	0.148453737770027	0.183166800830681
"hsa-miR-629-5p"	-2.3331973393619	4.84633336969037	8.41679141554804	0.00371771300714419	0.00703811317383023
"hsa-miR-641"	0.436286939079477	4.20457536196626	0.660390098877475	0.416422257490594	0.465192431791294
"hsa-miR-642a-5p"	-5.2117552557237	3.1082166219112	19.0693812389879	1.26051076466801e-05	3.53227875296797e-05
"hsa-miR-6503-3p"	-6.82299167486043	3.1296397727327	16.1516122631239	5.84687791564351e-05	0.000151044346154124
"hsa-miR-651-5p"	-2.33237971683804	3.2759161742919	6.49903545827796	0.0107933030587233	0.018396832704903
"hsa-miR-6511b-3p"	2.00406956624126	2.73585017236001	4.65545409036156	0.0309550438856028	0.0461072125142912
"hsa-miR-6516-3p"	-3.85864445683516	2.64792424211386	12.0129083709405	0.000528333471814744	0.00118576200009101
"hsa-miR-652-3p"	-1.15837652281954	6.49278195382342	2.7851883782704	0.0951395056639045	0.123531923584546
"hsa-miR-652-5p"	-0.198861597169119	3.5328399921341	0.0554349832106951	0.81386231575245	0.83576751265676
"hsa-miR-654-3p"	11.3969915218106	10.3681582852771	61.1167100822459	5.37896508686119e-15	6.66991670770788e-14
"hsa-miR-654-5p"	8.13224240445644	4.19930616836262	25.1365326225869	5.34113533800206e-07	1.7315053121889e-06
"hsa-miR-655-3p"	7.78390294134191	3.89053034818928	55.4358337314822	9.65600747980189e-14	8.86922168515137e-13
"hsa-miR-656-3p"	9.22416175413985	5.22215390648035	42.5600642556635	6.85446728479557e-11	3.90783422213633e-10
"hsa-miR-659-5p"	-1.07061607416039	3.3726618914166	2.14679237409689	0.142868096974465	0.178046673616419
"hsa-miR-660-5p"	0.510073178878915	8.87639717570288	0.490724884893739	0.483604127996411	0.524901903583901
"hsa-miR-664a-3p"	-1.91845390731636	6.18716335678478	6.91157233717218	0.00856396494875991	0.0149043039108243
"hsa-miR-664a-5p"	-5.74991505254907	3.53728467514551	34.0976754350632	5.24138428558502e-09	2.11359886638225e-08
"hsa-miR-665"	8.97186399792107	4.98317249961809	57.5170324246122	3.35065173866611e-14	3.53600694123062e-13
"hsa-miR-668-3p"	6.5150334029144	2.84204300941517	24.7235109313344	6.61720149285998e-07	2.10393073106317e-06
"hsa-miR-671-3p"	1.21354044362978	6.73936945633573	5.39048441529214	0.0202468493695094	0.0319822843543842
"hsa-miR-671-5p"	0.56696116514236	4.51105789053298	0.657474908609356	0.417452813384551	0.46529572008705
"hsa-miR-6731-3p"	-6.41355244811016	2.82333155917721	19.8621781935037	8.32308061680737e-06	2.37255631375658e-05
"hsa-miR-6769b-3p"	-2.82556343767801	2.80083995007817	10.0677496936353	0.00150887208106338	0.00306721537789934
"hsa-miR-6803-3p"	-2.373011912858	3.38982075729673	12.051793425339	0.000517425755065706	0.00116655988414814
"hsa-miR-6842-3p"	-4.9094752432196	4.18534881089418	33.5644921397423	6.89398055726434e-09	2.69245224913631e-08
"hsa-miR-7-1-3p"	-2.70750150322057	5.88833320548856	18.6400629925512	1.57867940904565e-05	4.35013881603691e-05
"hsa-miR-7-5p"	-3.68036348254733	6.82403750802077	10.9621897210733	0.000929898656276344	0.00195436327759774
"hsa-miR-708-3p"	6.03404627820458	5.60095250948234	27.4362591953856	1.62358365231319e-07	5.4782142282132e-07
"hsa-miR-708-5p"	5.04099551229395	6.04424635418439	18.683152671647	1.54340160724372e-05	4.27668825247423e-05
"hsa-miR-744-3p"	2.150068358939	2.99554834298325	6.65797177829917	0.00987132054632132	0.0168833620378461
"hsa-miR-744-5p"	1.22873416426514	7.60674877844273	3.51867179196078	0.0606810581561176	0.0826862770478965
"hsa-miR-758-3p"	10.843988891123	6.79925257804945	42.912561183741	5.72419346993582e-11	3.37999995367639e-10
"hsa-miR-766-3p"	-4.39424602909314	6.08939675028388	33.2393437132237	8.1485068839434e-09	3.13306931351622e-08
"hsa-miR-769-5p"	0.534246107315641	9.43119842863538	0.925746723304663	0.335970580690324	0.381330453140505
"hsa-miR-770-5p"	5.79908854730518	2.34127228420409	12.068280031898	0.000512869953683161	0.00116156847957465
"hsa-miR-7706"	0.605909824930079	5.10780028607489	0.798982227245934	0.371397841140498	0.417717299786139
"hsa-miR-7974"	6.18758521687984	4.74284763906797	23.4499637307882	1.28205140556559e-06	3.99935532805367e-06
"hsa-miR-7976"	0.382333223546735	3.23213214958883	0.280263493957506	0.596528565474215	0.637668466541403
"hsa-miR-873-3p"	-9.60034021937137	5.59945630108973	31.6384864321817	1.8571237224699e-08	6.77303945841964e-08
"hsa-miR-873-5p"	-9.18372397129432	7.89356249191158	48.8108076684409	2.81882234386556e-12	2.08676997396614e-11
"hsa-miR-874-3p"	-2.48992218926366	6.46787909228628	14.9814720573384	0.000108571969613969	0.000269258484642644
"hsa-miR-874-5p"	-2.42394547880571	3.32574042287231	12.3938484509207	0.00043075055542977	0.000984572698125188
"hsa-miR-876-5p"	-9.13991928982182	5.16432649249562	11.0671253513835	0.0008787180839212	0.001862581921474
"hsa-miR-877-5p"	2.20295871169361	5.61354757233337	11.9203790020435	0.000555231834311512	0.00122397773252671
"hsa-miR-887-3p"	8.59185186509031	4.62592462349729	47.9541349677791	4.36306972522863e-12	3.13635157059913e-11
"hsa-miR-889-3p"	11.5369002805928	7.48456814020211	66.7324678989283	3.10970846769001e-16	5.32566773919173e-15
"hsa-miR-9-3p"	0.652756370614996	3.50309489758384	0.152506829612717	0.696151161185474	0.731548677855922
"hsa-miR-9-5p"	1.37103759696707	6.38845635139634	0.609151472464625	0.435107474724724	0.480653246021076
"hsa-miR-92a-1-5p"	1.63073886208972	3.69585760834814	4.25105907396557	0.0392258610245795	0.0567231109859808
"hsa-miR-92a-3p"	-1.35706733452689	15.4600886775472	6.69079965927949	0.00969117252932119	0.0166326006039561
"hsa-miR-92b-3p"	3.79069955167455	11.1550296436067	31.6784892162394	1.81926119209951e-08	6.68410037986192e-08
"hsa-miR-93-3p"	0.614018301091736	4.58254349893763	0.951445063625934	0.329351741387735	0.374675375523662
"hsa-miR-93-5p"	-0.194274001768842	9.65501103379505	0.0983353665077971	0.753836478493448	0.783863508035116
"hsa-miR-935"	9.97471658409245	5.94720803599688	40.6897007155658	1.78425113728558e-10	9.31566909572261e-10
"hsa-miR-940"	1.22919766261009	3.18415064054358	2.03917113244217	0.153293155332876	0.188201497636403
"hsa-miR-941"	-1.60617687800375	8.03174219832921	6.70818868662752	0.00959711587168201	0.0165283662234523
"hsa-miR-941-3-5p"	-1.60376955620211	5.75427244631644	6.10844718230311	0.0134537279510477	0.0223367611405881
"hsa-miR-942-5p"	-0.200349901137987	3.86775225542203	0.159547072418087	0.689573858834052	0.726175443697855
"hsa-miR-944"	7.00813384517286	5.56292049949617	4.11602249916323	0.0424788396094529	0.0612485594368856
"hsa-miR-95-3p"	-6.94097197253807	3.22666620230321	32.0581043894613	1.49629577071101e-08	5.58017069377941e-08
"hsa-miR-96-5p"	8.13035060779872	5.78329806309178	10.7494618142592	0.00104309648855444	0.00217384814421429
"hsa-miR-98-3p"	2.62592469618915	4.26723382843546	17.1583537394616	3.43893675381033e-05	9.17049801016089e-05
"hsa-miR-98-5p"	0.121171668908768	10.5961935476917	0.0408631218381856	0.839802361980855	0.855322323495902
"hsa-miR-99a-3p"	4.40686953545223	3.1276523619175	16.8059208003962	4.14039186585218e-05	0.000108657902934533
"hsa-miR-99a-5p"	2.98348397008026	8.54025583112554	10.2936078215142	0.00133491829901471	0.00272477150745388
"hsa-miR-99b-3p"	4.60400432770188	5.66687144640025	36.5035073535754	1.52391792818555e-09	6.74877939625028e-09
"hsa-miR-99b-5p"	3.80565209671614	13.6422880807958	42.7679454932016	6.16338689589277e-11	3.55469755856141e-10
