"logFC"	"logCPM"	"LR"	"PValue"	"FDR2"
"hsa-let-7a-2-3p"	8.13604832993129	4.15083524603536	40.3601770108667	2.11202410252531e-10	2.32322651277784e-09
"hsa-let-7a-3p"	3.17455378142073	6.91846137808169	9.96094579239056	0.00159895891388465	0.00398558231736766
"hsa-let-7a-5p"	0.679279571538203	15.3434309059756	0.796890859512928	0.372024580161976	0.443972730098962
"hsa-let-7b-3p"	2.9278654981658	6.67275049119333	15.9986398797319	6.33880064114699e-05	0.0002096361519229
"hsa-let-7b-5p"	1.81287901036003	12.1367009600339	4.55154860354135	0.0328889873225327	0.055105389354972
"hsa-let-7c-3p"	7.65985261544647	3.68946954491986	7.00744620101229	0.00811713851408621	0.0161703625516836
"hsa-let-7c-5p"	6.49322448747056	9.84747133474055	17.1653853692704	3.42623009423781e-05	0.000117936899842472
"hsa-let-7d-3p"	0.152334774593956	6.57113652561969	0.049122550437934	0.824597195824856	0.855684673789758
"hsa-let-7d-5p"	-0.579243702725165	9.67818666668868	0.568948228239785	0.450677165384722	0.51827874019243
"hsa-let-7e-3p"	4.3900355345681	3.47619063384699	24.1338317196171	8.98675118257754e-07	3.98885622665284e-06
"hsa-let-7e-5p"	5.52305658182336	10.4174284520347	32.3951330037333	1.25801157640495e-08	7.9569232207613e-08
"hsa-let-7f-1-3p"	2.74267947185654	4.97165613872068	9.62503762517705	0.00191942517668135	0.00466937086250367
"hsa-let-7f-2-3p"	2.98678447294259	5.94875468360765	5.60089790939501	0.0179512749561426	0.0325567925727891
"hsa-let-7f-5p"	-0.923169186901844	15.194552498646	1.34428578978236	0.246279572397066	0.312324470257934
"hsa-let-7g-3p"	-0.900571395913841	4.7808573821552	0.987782627123143	0.320284924321107	0.390516076401157
"hsa-let-7g-5p"	-3.24906469121599	14.4793146505616	15.1933685757016	9.70436130405911e-05	0.000314769667939353
"hsa-let-7i-3p"	-0.148126373221048	6.38359060955111	0.0487542651203783	0.825245298042296	0.855684673789758
"hsa-let-7i-5p"	1.34163381656161	13.730359350985	3.06599579339934	0.0799461661134401	0.116201425639635
"hsa-miR-1-3p"	4.43538079553849	6.09103683094566	3.50956809692145	0.0610153599488522	0.0916135671635585
"hsa-miR-100-3p"	11.9075772342608	7.79883580630593	50.6116303992476	1.12575940167575e-12	3.56021410779955e-11
"hsa-miR-100-5p"	11.4134981079233	16.7546033239018	35.4051685911359	2.67775356976637e-09	1.88186570319692e-08
"hsa-miR-101-3p"	-2.99673510375012	13.7873144096087	7.01339060460623	0.00809023223852834	0.0161703625516836
"hsa-miR-101-5p"	-1.22788948460653	5.19158079328419	0.91482408963433	0.338837677477665	0.409192994758231
"hsa-miR-103a-3p"	-0.334002413270202	12.5229685573728	0.160752376920527	0.68846476438149	0.745959680464741
"hsa-miR-106a-5p"	3.0268358275893	7.6472291172064	1.30413918090602	0.253458536566953	0.320625048757195
"hsa-miR-106b-3p"	-2.79498799875052	7.98699934045501	12.3651581035688	0.000437420522346011	0.00125758400174478
"hsa-miR-106b-5p"	-1.55981195669272	7.91715690863769	3.59559911530405	0.0579327431588737	0.0872439524952086
"hsa-miR-107"	4.65056961030817	8.09460674915614	7.5120701202886	0.00612868933751215	0.0130848810328319
"hsa-miR-10a-3p"	4.5426015180045	4.44180975621424	4.81871232616338	0.0281523690933865	0.0484527168750122
"hsa-miR-10a-5p"	1.66959532698587	13.9863806102374	1.09326382937593	0.295749179603933	0.363225934173762
"hsa-miR-10b-5p"	8.51077818411211	13.3356496244872	8.03895962765938	0.00457818234867787	0.0101603520545219
"hsa-miR-1180-3p"	5.76401599725112	4.20697776562689	33.4621448052959	7.26646109452575e-09	4.71388373567953e-08
"hsa-miR-1185-1-3p"	8.78744568349618	4.75757844004446	50.4186591437225	1.24207632016999e-12	3.6970036353295e-11
"hsa-miR-1185-5p"	8.34739578530171	4.34807928592367	47.1668501952199	6.51937734018527e-12	1.30529309840275e-10
"hsa-miR-1197"	7.61148651213629	3.68848073118145	32.0988703444542	1.46522487817303e-08	9.04150961409209e-08
"hsa-miR-122-3p"	7.93176345557954	3.93115510719846	4.79214253011215	0.028589842749105	0.0490388489188038
"hsa-miR-122-5p"	11.2603896666839	7.15210941634577	5.54985877971198	0.0184821780775053	0.033399936097206
"hsa-miR-124-3p"	11.4566434802609	7.34707220864106	7.57033315723543	0.00593368152182342	0.0127222154662824
"hsa-miR-124-5p"	7.28238362417085	3.353515728394	4.55269280344985	0.0328670175961543	0.055105389354972
"hsa-miR-1248"	-1.65540733707215	3.18346693045635	2.57029577401891	0.10888737127882	0.151365411722755
"hsa-miR-1249-3p"	-0.265383045184121	3.42411379888564	0.156522433027277	0.692378621353253	0.748597398300739
"hsa-miR-1255a"	-1.52147083251488	2.16259290807992	0.928592425050399	0.335228949837104	0.406776615389867
"hsa-miR-125a-3p"	3.01752090687946	4.0455567832518	19.9859172159247	7.80146244424791e-06	2.99056060362837e-05
"hsa-miR-125a-5p"	0.615445663320136	12.3552640879962	0.614960802295968	0.432926071028556	0.507084703565855
"hsa-miR-125b-1-3p"	13.9086324620929	9.7918868773742	64.2788587320998	1.07998400606716e-15	1.8215730235666e-13
"hsa-miR-125b-2-3p"	7.90238518440195	8.84044951174128	13.5875748380544	0.000227687592740475	0.000685773344801669
"hsa-miR-125b-5p"	7.85829841771689	13.8614221512027	40.5038940561948	1.96224583289262e-10	2.20643642543037e-09
"hsa-miR-126-3p"	5.98708651529853	8.56255341121597	10.3360267734594	0.00130458532026197	0.00340268129924
"hsa-miR-126-5p"	6.61661673378918	10.1086954698827	12.6926439457618	0.000367096844674	0.00106143430517168
"hsa-miR-1260a"	-1.22859301655382	4.79877913809137	3.71254057013994	0.0540051311537415	0.0828078677690703
"hsa-miR-1260b"	-0.508681152545842	3.79541514347113	0.464507178779928	0.495525036225713	0.560929906778995
"hsa-miR-127-3p"	11.6973545783279	12.9753121510813	92.6750953490121	6.1624191529317e-22	3.11818409138344e-19
"hsa-miR-127-5p"	9.76780102090924	5.69372706075933	51.065365648723	8.93407997131368e-13	3.09766332996937e-11
"hsa-miR-1271-5p"	-0.460065117489284	6.91121983946492	0.120112477208863	0.728912530957942	0.776483664557302
"hsa-miR-1273h-3p"	-7.44929334609942	3.58360761425298	34.4731314221259	4.32176080835244e-09	2.99563146441964e-08
"hsa-miR-1277-5p"	4.04015202941558	2.28575010826572	8.93627907549023	0.00279561632405011	0.00654899009245072
"hsa-miR-128-1-5p"	3.0478993172996	4.58484122345123	5.66265998499995	0.0173298210737215	0.031656640661744
"hsa-miR-128-2-5p"	6.28253355130939	2.55244050190238	4.21211469001183	0.0401362712153401	0.0634654788592565
"hsa-miR-128-3p"	2.39170431321386	11.3050924643021	2.70008765479396	0.100342729585757	0.141430142535913
"hsa-miR-1285-3p"	0.204606309961492	4.47594414578556	0.0165425700918043	0.897659983679849	0.917607983317178
"hsa-miR-129-2-3p"	8.22443335789743	4.20635474855696	9.63017831747773	0.00191406024597587	0.00466937086250367
"hsa-miR-129-5p"	7.82964327018869	3.85113869992777	11.4610907013681	0.000710685758595631	0.00198395066857399
"hsa-miR-1291"	-1.69815416690506	2.60240836690081	2.05717842292232	0.15149045567723	0.203326712394372
"hsa-miR-1294"	-1.83676440648807	2.50137220966398	2.73726127866272	0.0980326492124396	0.138560113132666
"hsa-miR-1296-5p"	4.16901099499134	5.10607539634995	19.2643954217115	1.13809004570083e-05	4.23436443473986e-05
"hsa-miR-1301-3p"	-0.346446238896704	4.70102237030642	0.257555612840184	0.611804476738922	0.674451122505217
"hsa-miR-1304-3p"	1.58527272629773	4.84876354084699	5.81902088256108	0.0158537678461801	0.0290652410513302
"hsa-miR-1306-5p"	1.08474351591067	3.08309441197081	1.04792561263934	0.305985321037551	0.374887584612592
"hsa-miR-1307-3p"	0.140114413543382	7.20436939125701	0.0340766541728179	0.853543860630812	0.879619538654157
"hsa-miR-1307-5p"	0.487524617438957	9.00272431977514	0.377750309945782	0.538809698267979	0.604518198056757
"hsa-miR-130a-3p"	6.60323564030926	10.9011891878405	24.382279651136	7.89919614910245e-07	3.5371621694211e-06
"hsa-miR-130b-3p"	2.40574733010966	9.23796266025469	3.86523051959933	0.0492964214440585	0.0765153044499803
"hsa-miR-130b-5p"	2.47702039909582	7.47254265982545	4.5205266007637	0.0334905216735005	0.0557440919960239
"hsa-miR-132-3p"	1.49487420466351	6.41703303385543	2.91354576207345	0.0878385632677356	0.125200881728096
"hsa-miR-132-5p"	3.00508469762563	5.66299906326714	4.99668693033798	0.0253958867835342	0.0441591708332244
"hsa-miR-133a-3p"	7.83412961599223	10.3560523353313	8.56694536147849	0.00342321005469922	0.00783775695781813
"hsa-miR-133a-5p"	7.40160021310037	3.4569220772503	4.5985316396192	0.0319993517640225	0.053972239975318
"hsa-miR-134-5p"	10.2926461339532	6.20535112302263	44.6404036983633	2.36755156589163e-11	3.63024573436717e-10
"hsa-miR-135a-5p"	9.67223895327741	5.6011839471782	7.16576924032181	0.00743078187360512	0.0152844537725374
"hsa-miR-136-3p"	11.4838163457016	9.190128820036	56.546583857239	5.48826504355784e-14	2.77706211204027e-12
"hsa-miR-136-5p"	10.2632002635628	6.17628340360526	49.2682091050835	2.23251355942567e-12	5.94553611089153e-11
"hsa-miR-137"	10.7642144411185	6.666236620748	35.4562201990863	2.60848047175109e-09	1.88186570319692e-08
"hsa-miR-138-2-3p"	6.12697223435426	2.44104272434868	4.16541648035479	0.0412572687070327	0.0650348223232353
"hsa-miR-138-5p"	11.7313468909402	10.0468423549983	17.3046366729774	3.18408969965177e-05	0.000111113750898193
"hsa-miR-139-5p"	5.76509043016578	4.70535300532479	6.62385679451508	0.01006217060232	0.0192130502821658
"hsa-miR-140-3p"	0.391030361845898	13.001275111457	0.0878269350405247	0.766958151184425	0.805146938795268
"hsa-miR-140-5p"	1.82432332291239	7.75506411222272	1.96615444877004	0.16085663783047	0.213631125307659
"hsa-miR-141-3p"	-9.82797664242134	7.75306812487232	43.865459411484	3.51741844484593e-11	4.94392703636678e-10
"hsa-miR-142-3p"	-8.23260117119628	11.9474188854284	11.4534994008535	0.000713594904506851	0.00198395066857399
"hsa-miR-142-5p"	-8.86254568112485	15.0787897846575	9.5282343258893	0.002023346887501	0.00489862930658137
"hsa-miR-143-3p"	10.7506792113598	14.8454247240436	61.8905708142181	3.63084011693521e-15	4.59301274792305e-13
"hsa-miR-143-5p"	9.81806960833054	5.74201019268264	40.0387189147725	2.4897847121619e-10	2.42275204683446e-09
"hsa-miR-144-3p"	7.41393521252479	5.80897346033414	4.37975193593935	0.0363682899795576	0.0595545460506672
"hsa-miR-144-5p"	3.79050249535749	4.30318577992705	2.42531173029146	0.11938948959939	0.163715668664746
"hsa-miR-145-3p"	8.58954491345102	7.47889225200991	26.2345438771797	3.02365140134326e-07	1.4433656689431e-06
"hsa-miR-145-5p"	11.6782354357012	10.0211405268789	47.8798177276378	4.53162478295268e-12	1.04227370007912e-10
"hsa-miR-1468-5p"	-1.65918133430545	4.69333769485249	3.26361785558163	0.0708326894502969	0.103826610650409
"hsa-miR-146a-3p"	2.31275035238253	4.70662649025727	2.89505465348667	0.0888517620215365	0.125935550652374
"hsa-miR-146a-5p"	-1.08759281716807	12.7429283173908	0.823875573996702	0.364049470398751	0.436514293890445
"hsa-miR-146b-3p"	-8.67879649721743	8.43401870962557	41.8632996609903	9.78827158421982e-11	1.17925367181315e-09
"hsa-miR-146b-5p"	-8.68582010999464	14.1753081406009	26.9178730595983	2.122866375962e-07	1.07417038623677e-06
"hsa-miR-147b"	1.871175374431	2.90074786515002	3.40332157676607	0.0650652752987516	0.0968324391210832
"hsa-miR-148a-3p"	1.76704734091385	13.2448299680242	1.54496651772297	0.213880060221199	0.274678452974434
"hsa-miR-148a-5p"	3.39296042702455	7.23376352394214	5.14237484260291	0.0233486873213345	0.0410223464742891
"hsa-miR-148b-3p"	0.994376685738097	10.8674345354265	1.26520444142267	0.260668254997748	0.328923034984689
"hsa-miR-148b-5p"	0.661750302328788	6.50209790478244	0.884878090005974	0.346869081651247	0.41690203162834
"hsa-miR-149-5p"	6.13583258889098	6.46031490296271	18.0528548244502	2.14856228154922e-05	7.71044336499222e-05
"hsa-miR-150-3p"	-10.6938313774835	6.60393121172248	47.1112271325631	6.70703963606158e-12	1.30529309840275e-10
"hsa-miR-150-5p"	-11.1526589860104	15.6483576030314	17.0367821591576	3.66626877754461e-05	0.00012534675685389
"hsa-miR-151a-3p"	3.1538029030186	11.3690776732648	12.8967805381731	0.00032914781949864	0.000957176992335125
"hsa-miR-151a-5p"	3.20988369553381	11.6708174655326	13.6450194923443	0.000220826296406338	0.000673121120371125
"hsa-miR-151b"	0.309424771281952	3.44858983969208	0.139020126240607	0.709257088970019	0.761961968192844
"hsa-miR-152-3p"	1.00181108755088	8.41908540465093	1.56078303732083	0.211550605381397	0.272378133137371
"hsa-miR-152-5p"	3.79409813553597	5.46070603431708	14.750714584699	0.000122701014420417	0.00039295388162488
"hsa-miR-153-3p"	5.14978447078542	7.29602598176871	4.35405067384975	0.0369210314951198	0.0600708743939892
"hsa-miR-153-5p"	3.46954227884531	2.78440150580265	1.91330128042095	0.166597007761691	0.220675617611036
"hsa-miR-154-5p"	7.09838812055873	3.24981547037021	23.9941471552504	9.66289925684613e-07	4.2516756730123e-06
"hsa-miR-155-5p"	0.706056359609891	10.1850410095098	0.454969162963749	0.49998457547629	0.564714721408489
"hsa-miR-15a-5p"	-0.691888914445578	10.9157127748017	0.359037474630327	0.549041283948641	0.614634711677019
"hsa-miR-15b-3p"	-0.963673105320472	5.46817498295862	2.27343077440303	0.131608274663221	0.179015556396747
"hsa-miR-15b-5p"	0.374097789568856	9.07601975024198	0.114573394352697	0.734996283070131	0.78131957822161
"hsa-miR-16-2-3p"	-2.30490663095285	6.88813840873213	7.77409918090082	0.00530006396904541	0.0115596222773145
"hsa-miR-16-5p"	-1.24572282405879	12.6360777065968	2.08134413813154	0.149108823322371	0.200662405854042
"hsa-miR-17-3p"	-1.35652782223078	7.39532248301513	1.5885861698031	0.207528247050266	0.267880849508762
"hsa-miR-17-5p"	1.59590952335265	8.75073365543118	1.8703151026548	0.171438994777198	0.225831807615892
"hsa-miR-181a-2-3p"	-1.75196314099136	10.3173880155955	3.25983980485859	0.0709960618281453	0.103826610650409
"hsa-miR-181a-3p"	1.86575362548857	10.232312733542	3.06192164025452	0.0801468330992737	0.116201425639635
"hsa-miR-181a-5p"	-0.211820246062967	15.8571748064361	0.0432898746839783	0.835180409509205	0.864215311271283
"hsa-miR-181b-2-3p"	0.0356958602805364	3.71080847823161	0.00092175616106438	0.975779596655243	0.98159935568102
"hsa-miR-181b-3p"	3.90925401103124	4.67601452471344	16.390852330825	5.15333360786756e-05	0.000172687867919271
"hsa-miR-181b-5p"	1.51737197557427	12.5311258659787	1.77579866002094	0.182666074218985	0.23760677006377
"hsa-miR-181c-3p"	-0.411912208393514	6.50376704325309	0.295505836385031	0.586713672627645	0.649621703171966
"hsa-miR-181c-5p"	-2.49297522760291	10.0611095613635	7.46719658896289	0.00628333183147398	0.0133586802803606
"hsa-miR-181d-5p"	-0.331303569979532	5.90286445566887	0.0939940628217109	0.75915964413194	0.798617006093059
"hsa-miR-182-5p"	8.48520272231023	11.5760548747561	9.81143332158575	0.00173430288511019	0.00428076712129636
"hsa-miR-183-3p"	4.25206698932946	2.3786236183304	3.28398059424733	0.069959059910464	0.102904896263648
"hsa-miR-183-5p"	10.4562205229647	9.68499136999534	9.7878820967817	0.00175665674767014	0.00431489472971403
"hsa-miR-184"	9.46924561490137	5.38972786815462	7.12641394605674	0.00759564906783702	0.0153735937133021
"hsa-miR-185-3p"	-0.608978681999099	3.36493680980445	0.581886470737469	0.445573833203241	0.517110916515688
"hsa-miR-185-5p"	-0.422369192114941	7.33637457510869	0.163863153592215	0.685624425653258	0.74447630768358
"hsa-miR-186-5p"	-1.97167241654034	13.4141174459146	6.31261518651047	0.0119881881542804	0.0223838494688778
"hsa-miR-187-3p"	8.63945941412313	4.59295318690076	7.35589217602915	0.00668433324758177	0.0140343262376613
"hsa-miR-188-5p"	2.4203199609642	3.85005140348224	3.6490068620228	0.0561026558335659	0.085249080635989
"hsa-miR-18a-3p"	2.49452224808513	4.71157677778328	3.16892869826918	0.0750516603141124	0.109441325991184
"hsa-miR-18a-5p"	3.58731909391714	7.14502458303068	7.14940991063426	0.00749886554492229	0.0153008087591406
"hsa-miR-18b-5p"	6.27849174007177	6.729052811661	4.41961791890076	0.0355279909080515	0.058367413634656
"hsa-miR-190a-5p"	4.64309971566121	5.23685757762903	30.0943831755849	4.11521404749251e-08	2.39344633107035e-07
"hsa-miR-190b"	3.37078036632655	5.72119596018774	2.41007793283605	0.120556364227372	0.164868973781217
"hsa-miR-191-3p"	0.285991179135826	3.46952525885318	0.225966721984891	0.634530705455832	0.697983776001416
"hsa-miR-191-5p"	-0.576650123080384	13.7855461925583	0.60505791240449	0.436654684751919	0.509095093282192
"hsa-miR-192-5p"	-4.85814100285304	11.9404873435272	26.4988015212664	2.63701662186883e-07	1.28682586424508e-06
"hsa-miR-193a-3p"	8.54406554286451	10.1637508119497	27.0483295142933	1.98431631484966e-07	1.0258348084037e-06
"hsa-miR-193a-5p"	5.34333094276522	7.24555620755518	19.4565847632186	1.02912433240593e-05	3.91531512930378e-05
"hsa-miR-193b-3p"	5.17739806559475	7.7712422288273	23.0820614393857	1.55232230514176e-06	6.49152963968371e-06
"hsa-miR-193b-5p"	4.34169763775276	2.46789547589309	14.2925829469136	0.000156480239442571	0.000488759266407042
"hsa-miR-194-5p"	-2.63549326316241	5.91046211212243	13.3345437811003	0.000260561385233709	0.000780142372356548
"hsa-miR-195-5p"	0.300253607787261	4.08730484417148	0.260466605391598	0.609799771777892	0.673708918165095
"hsa-miR-196a-5p"	5.46673055663566	8.49449390718361	2.95555437184504	0.0855829514124343	0.122934576345044
"hsa-miR-196b-5p"	-6.76325694967508	4.3136663105073	39.7807332069906	2.84134203118779e-10	2.71267748637929e-09
"hsa-miR-197-3p"	-2.15766416714922	9.56544365905155	7.20665054455087	0.00726339194945174	0.0150321490703756
"hsa-miR-1976"	-6.76670264105178	3.02795707597598	25.7985968834245	3.78963863905052e-07	1.77551588088849e-06
"hsa-miR-199a-3p"	8.49883785752168	13.2558005997571	40.1268902563274	2.37990309863706e-10	2.41366656231523e-09
"hsa-miR-199a-5p"	10.6177790105783	11.82060619452	39.7133978657745	2.94101021876263e-10	2.75583550128498e-09
"hsa-miR-199b-3p"	8.39647453299238	11.9753619022589	38.0338096791845	6.95292786640955e-10	6.06583017310902e-09
"hsa-miR-199b-5p"	4.20440851091122	9.09226358991827	7.83596427284697	0.00512168243658837	0.0112189234325269
"hsa-miR-19a-3p"	0.787920052294784	8.61826637579676	0.510940499692929	0.474732004167687	0.540316766702801
"hsa-miR-19a-5p"	3.1223550503528	4.39126872851976	1.81907713131457	0.177423167612457	0.231979645508794
"hsa-miR-19b-3p"	-0.189829668764083	10.3164969040245	0.0322833501282993	0.857407186930459	0.881804952412221
"hsa-miR-200a-3p"	4.04233285533494	6.53840910259586	2.6615737334127	0.102798979999253	0.144489677443395
"hsa-miR-200a-5p"	4.91215202931424	3.47357479483089	3.026900354836	0.0818943285274732	0.118395800671147
"hsa-miR-200b-3p"	3.55861505875451	7.90601948350374	2.90078647991684	0.0885363453047948	0.125840985180411
"hsa-miR-200c-3p"	-4.22100214330992	3.77850592555546	13.1197480956688	0.000292199320533001	0.00086463658590467
"hsa-miR-202-5p"	7.06839773936909	3.17149183545857	4.47012232237981	0.0344925222113544	0.0570366543756383
"hsa-miR-203a-3p"	6.97287677643513	8.48317711886372	2.93539657041904	0.0866573795504116	0.123866197888441
"hsa-miR-203a-5p"	5.09702927937706	3.01747308499097	2.64596644037824	0.10381300707778	0.145510752302927
"hsa-miR-204-5p"	12.2628505661892	9.93793566930861	25.725131877043	3.93667020790977e-07	1.82748176624068e-06
"hsa-miR-205-3p"	6.28253355130939	2.55244050190238	4.21211469001183	0.0401362712153401	0.0634654788592565
"hsa-miR-205-5p"	12.6368256078818	10.9826490723581	10.2195480811026	0.00138959896099028	0.00356922372721361
"hsa-miR-206"	10.4313938684157	6.33184908090587	5.3830934018231	0.0203327948603611	0.0363547498209989
"hsa-miR-20a-3p"	1.16657778467862	3.25655636359462	1.14948793995609	0.28365636736154	0.352653862125158
"hsa-miR-20a-5p"	0.606839050150276	9.03339622936454	0.33916473422488	0.560311750358184	0.623115924574156
"hsa-miR-20b-5p"	2.85680451421864	7.98433442321773	1.11123563707923	0.291813506129987	0.359264316549327
"hsa-miR-21-3p"	2.97921873766926	11.777865155271	12.2681149157283	0.000460763474771759	0.00131721083748311
"hsa-miR-21-5p"	2.23842566565722	16.0503023483904	8.55392928558649	0.00344777228464232	0.00785843592805863
"hsa-miR-210-3p"	4.48010065804045	8.47718482735436	21.4124593385407	3.70356660481128e-06	1.47559425357048e-05
"hsa-miR-210-5p"	4.00124401664366	4.49664400449517	21.1892890438239	4.1608333400673e-06	1.6320788140109e-05
"hsa-miR-2110"	-1.6793707931584	3.14708746100976	4.62279434660631	0.0315498006525942	0.0533919703351594
"hsa-miR-2110-3p"	-2.85344081271403	4.54185562760482	18.4387817957633	1.75450633596238e-05	6.38690795681268e-05
"hsa-miR-2114-5p"	3.21416875192426	2.61317220856788	4.24331825222875	0.0394050789721055	0.0627011633958659
"hsa-miR-2116-3p"	2.61891299797386	2.55862911141005	6.82412467011469	0.00899346226574496	0.0174356011742029
"hsa-miR-212-3p"	1.07382352804968	3.43600769219965	2.51406613299172	0.112834458861495	0.156422564887443
"hsa-miR-212-5p"	3.84585805894255	6.26789872089664	5.18504610543269	0.022782067853716	0.0403067354334975
"hsa-miR-214-3p"	13.6311332417238	9.51428700377743	26.6747506856965	2.4074701988225e-07	1.19429403980803e-06
"hsa-miR-214-5p"	9.4287314770085	7.12876198675358	24.9278425416263	5.95166348341537e-07	2.72120163660911e-06
"hsa-miR-215-5p"	2.9760512041798	7.17631185182209	2.6230721013203	0.10532035703035	0.147215747672258
"hsa-miR-216a-5p"	6.84081669394125	3.00720258034743	10.1361954436864	0.00145385924921816	0.00369674763871551
"hsa-miR-216b-5p"	8.84374627518568	4.78684811517265	6.9572852264263	0.00834786031294652	0.0163721601486471
"hsa-miR-217"	7.37561473031961	3.45093099720778	8.77594814486971	0.00305228457278663	0.00705231047410974
"hsa-miR-218-1-3p"	7.52434313138136	3.61238674022768	26.8176061198224	2.23590992727195e-07	1.1201687358412e-06
"hsa-miR-218-5p"	7.48015741588264	7.63405325188127	22.8159465897492	1.78280292308707e-06	7.33413235026064e-06
"hsa-miR-219b-3p"	8.40223578724865	7.63996859486755	7.07864027825103	0.00780081813377638	0.0157259520943858
"hsa-miR-219b-5p"	6.24434921189377	3.93131379659547	6.81378607876533	0.00904567733062076	0.0174698959133363
"hsa-miR-22-3p"	2.42632476045975	16.170989076932	8.48658926027019	0.00357773905289349	0.00811809847876281
"hsa-miR-22-5p"	1.06451026482883	6.84569735388637	2.2375445435602	0.134694724268707	0.182722601822964
"hsa-miR-221-3p"	1.55486273835607	12.4606448110001	3.77333139591678	0.0520758171409026	0.0800922901923912
"hsa-miR-221-5p"	2.24718117982959	9.00931647963985	4.34303575946328	0.0371606089920937	0.0600743391373783
"hsa-miR-222-3p"	3.64905740308556	12.5940254813365	17.208574678538	3.34921235757842e-05	0.000116075441981827
"hsa-miR-222-5p"	5.05658213256205	5.58687068822342	28.5567121484392	9.09938472092306e-08	5.1158762986523e-07
"hsa-miR-223-3p"	-4.34213671031632	8.24531742288726	4.25637255527844	0.0391033366361522	0.0624770872884994
"hsa-miR-224-3p"	6.40508810507744	2.72286156362653	10.382327758376	0.00127227191385524	0.00333559372233549
"hsa-miR-224-5p"	11.1646145794447	9.45480233554689	34.0152343943872	5.46822511270121e-09	3.68922920936909e-08
"hsa-miR-2277-5p"	-1.2832173562445	3.76128468884647	3.63743869219817	0.0564937822577594	0.0854441490568332
"hsa-miR-2355-5p"	-0.204266343126298	4.25267108889458	0.0969288458720108	0.755546739175	0.798134968731837
"hsa-miR-23a-3p"	-0.634648015993296	11.3663112866342	0.697111449840577	0.403755994459049	0.476225019105544
"hsa-miR-23a-5p"	0.0373808375728108	5.12216400331386	0.00396716269055863	0.949778117215915	0.959256940741024
"hsa-miR-23b-3p"	2.68891080746963	9.80491606491025	10.074273600013	0.00150353886620372	0.0037850281905427
"hsa-miR-23c"	-6.9937304462934	3.28740264682031	6.13362013588155	0.0132635017569431	0.0246740142978427
"hsa-miR-24-1-5p"	3.21815693556702	2.6930977172307	8.18442138105103	0.00422516531047061	0.00950192732043614
"hsa-miR-24-2-5p"	1.76306374279136	7.50264162407163	4.12120548144856	0.0423488918539593	0.0665482586276504
"hsa-miR-24-3p"	-0.00701826435687656	9.92466135236167	6.56464103201415e-05	0.993535412749849	0.993535412749849
"hsa-miR-2467-5p"	-0.540102535052778	2.78902796218861	0.3537045500916	0.552023528314473	0.616609062532282
"hsa-miR-25-3p"	-2.469544360705	11.4092837567852	9.49729597720606	0.00205774926726456	0.00495413619905689
"hsa-miR-25-5p"	-1.79959382207617	4.18240464715064	8.0022185511125	0.00467200721027804	0.0103175453931653
"hsa-miR-2682-3p"	5.76175452962592	2.26199191019874	16.6692174495268	4.44972156810563e-05	0.00015010394089743
"hsa-miR-2682-5p"	7.88520173680696	3.92889216168388	45.1477331174632	1.8271708481282e-11	2.98241435210603e-10
"hsa-miR-26a-1-3p"	4.43041535769673	3.08962230702128	6.98666285254713	0.00821193222020174	0.0162313972789925
"hsa-miR-26a-2-3p"	0.728910872843536	4.65515274409792	1.3912991949597	0.238185819214478	0.303581925749436
"hsa-miR-26a-5p"	-0.541579282531693	15.5624344796099	0.341102138001588	0.559193736814776	0.623115924574156
"hsa-miR-26b-3p"	-1.74028027661557	6.56833140378278	3.48865403494173	0.0617908047229741	0.0922305226838493
"hsa-miR-26b-5p"	-2.75216041675393	13.0075261997943	10.161079995695	0.00143436570657408	0.00366560125013377
"hsa-miR-27a-3p"	-0.651404201974015	12.4049288030514	0.722979537734773	0.395168302534247	0.467184955799835
"hsa-miR-27a-5p"	-0.48774314172403	6.57326005141605	0.448244491449787	0.503169798414406	0.567046587968128
"hsa-miR-27b-3p"	3.01445644896903	13.8728084043658	12.9975636982385	0.000311896522872308	0.000912252257649641
"hsa-miR-27b-5p"	4.04493608343444	6.06090878541017	19.30165823116	1.11609377935021e-05	4.21450337575528e-05
"hsa-miR-28-3p"	-2.18012059103351	12.7441493868831	7.612644204677	0.00579604293644784	0.0124799903227345
"hsa-miR-28-5p"	-1.69953345122534	9.85116898172923	4.48898725421118	0.0341138813440724	0.0565954883937725
"hsa-miR-296-3p"	3.25798433554283	3.76001250639041	10.0098326826842	0.00155706667620653	0.00390037494138863
"hsa-miR-296-5p"	0.594031195000761	4.09466024354359	0.634774189493982	0.425609498541902	0.499671476246409
"hsa-miR-299-3p"	9.12891639050092	5.07900972957074	46.5638409092368	8.86816497319570e-12	1.60260409872751e-10
"hsa-miR-299-5p"	6.51932075395698	2.79291291267274	23.5739985764439	1.2020084307221e-06	5.1984296234648e-06
"hsa-miR-29a-3p"	-1.31698221560639	13.7759041300163	2.99984251815313	0.0832726106227918	0.120045415883569
"hsa-miR-29a-5p"	0.932306811556736	5.90897333540058	1.85674704347367	0.173000708012195	0.226783311539302
"hsa-miR-29b-1-5p"	2.22189013373615	4.40869758748571	10.2637571114929	0.00135669105464252	0.00350247792678121
"hsa-miR-29b-3p"	-1.25920662501823	9.87569554027148	2.0234880320726	0.154883009150583	0.206238954289987
"hsa-miR-29c-3p"	-4.91127058318463	11.3108419624416	24.9220946897134	5.96943442022947e-07	2.72120163660911e-06
"hsa-miR-29c-5p"	-2.08402759441359	5.30085650322775	8.96352383162706	0.00275423144494987	0.00648205167974248
"hsa-miR-301a-3p"	5.63788028249655	10.9269019371132	10.744375061739	0.00104596756762073	0.00283026518297373
"hsa-miR-301a-5p"	3.8404301270446	3.07364536460363	8.15548208375974	0.00429311863529571	0.00961202667902492
"hsa-miR-301b-3p"	3.52800660309282	6.31440089103646	7.39083018990594	0.00655572233733032	0.0138794790907495
"hsa-miR-301b-5p"	5.24437523268262	3.07792440428141	3.92609933894123	0.0475420969210446	0.0740193878216878
"hsa-miR-302b-3p"	5.89917498338974	2.34633471214434	19.0199937232794	1.29355922752614e-05	4.77767130750529e-05
"hsa-miR-302d-3p"	5.33188033557819	2.02798598038925	7.99533842928575	0.00468979336052967	0.0103175453931653
"hsa-miR-30a-3p"	11.2537996232837	7.68361539446371	46.3320729337296	9.98165997407517e-12	1.71955637700165e-10
"hsa-miR-30a-5p"	11.1503026157434	13.0824456944633	74.331161124665	6.60526029892483e-18	1.67113085562798e-15
"hsa-miR-30b-5p"	-1.20159609674555	10.5228014006808	1.53906301768464	0.214757326990171	0.275106854321587
"hsa-miR-30c-1-3p"	3.56565554424231	5.30070225035836	6.46868466703315	0.0109791762235355	0.0207293401832424
"hsa-miR-30c-2-3p"	9.18110744851711	5.12907124788739	35.7319803543852	2.26416542682126e-09	1.68480544995818e-08
"hsa-miR-30c-5p"	0.627174173555608	11.900358361001	0.303067551177833	0.581965701972476	0.645777730697528
"hsa-miR-30d-3p"	1.43909645025025	6.27904288018087	1.86691741909067	0.171828549272961	0.225831807615892
"hsa-miR-30d-5p"	0.296312685281856	13.0156371761392	0.077894579482404	0.78017114963865	0.8173221567643
"hsa-miR-30e-3p"	0.152418233934163	8.48333485618442	0.0194668943430827	0.889036240066359	0.910632262092263
"hsa-miR-30e-5p"	0.116430173179554	13.3629203761599	0.0107789122562281	0.917310972056953	0.932259879551167
"hsa-miR-31-3p"	5.79055351892718	7.9972441670677	27.9143560510408	1.26805442609891e-07	6.89930687748439e-07
"hsa-miR-31-5p"	5.42960468686599	12.5840675406213	30.8714094238959	2.75703704168395e-08	1.62216365475823e-07
"hsa-miR-3117-3p"	7.29063102331886	3.41336589246488	23.7093644727248	1.12036061276922e-06	4.8870902591485e-06
"hsa-miR-3120-3p"	6.55398664466226	2.75630408669035	4.29072564208992	0.0383208069856573	0.0617526380087344
"hsa-miR-3129-3p"	6.1150914488131	2.49347769136373	17.5239553727369	2.83710433856717e-05	9.96926941190963e-05
"hsa-miR-3158-3p"	1.3815956981918	3.07899234424663	1.68162905581034	0.194708129893701	0.2526213172467
"hsa-miR-3176"	1.02427242098742	2.95438642482878	1.14055255961598	0.285535599174768	0.353503490562854
"hsa-miR-3194-5p"	-4.984866872589	3.26258273574723	22.1933750964571	2.46522969707173e-06	9.90004941839918e-06
"hsa-miR-32-5p"	-2.90758303956509	6.57683726455379	8.36587691154253	0.00382332081684829	0.00863660863091623
"hsa-miR-3202"	-5.87368006018214	2.38956564549513	14.0885280202617	0.000174404249709151	0.000541402149403867
"hsa-miR-320a"	0.605068741951412	10.1442766766682	0.504074180081787	0.477715412074888	0.541982059439222
"hsa-miR-320b"	-3.14393548845208	3.28011780075078	15.6701746987458	7.54039001290295e-05	0.000246157248163154
"hsa-miR-323a-3p"	9.73887723784969	5.66586214849872	48.435974424694	3.41250271667976e-12	8.63363187319979e-11
"hsa-miR-323b-3p"	6.54537515345718	4.37379674120756	23.4593872376979	1.27578684987644e-06	5.47074700031761e-06
"hsa-miR-324-3p"	-0.151108062368931	4.39178435447424	0.0597966712440723	0.806817598906549	0.843491126129574
"hsa-miR-324-5p"	-0.491219453646098	4.19745287757682	0.513690337797605	0.473545686065895	0.540316766702801
"hsa-miR-326"	-3.68547786829468	4.4310235104231	9.87272630124799	0.00167746762419487	0.00416077753844415
"hsa-miR-328-3p"	0.0656794479699229	6.09990878191331	0.00944045530821569	0.922597740476751	0.93553999334917
"hsa-miR-329-3p"	9.05915389890766	5.0135574659954	40.1101596018522	2.40037342892747e-10	2.41366656231523e-09
"hsa-miR-330-3p"	-2.28538232586986	5.32629855016269	10.109903927364	0.00147474651259287	0.00373110867685996
"hsa-miR-330-5p"	0.31519398180468	5.76167344942171	0.201367760748423	0.653619086707342	0.712782883348955
"hsa-miR-331-3p"	1.90551797625338	8.28484473298304	4.34475282196039	0.0371231555354276	0.0600743391373783
"hsa-miR-331-5p"	0.817950879961578	3.61467111646516	1.25123101846921	0.26331748962483	0.331439427239214
"hsa-miR-335-3p"	2.976909470784	6.96508376650624	5.34154777090005	0.0208229769649249	0.0371000927614508
"hsa-miR-335-5p"	0.895104788605942	6.123793358475	0.577735472046026	0.447201314991836	0.517808229068423
"hsa-miR-337-3p"	9.58714368521818	5.51923493131487	51.0114666575635	9.18279643271552e-13	3.09766332996937e-11
"hsa-miR-337-5p"	7.85996077031811	3.90461970333132	36.1226158452426	1.85283962947667e-09	1.44236438848492e-08
"hsa-miR-338-3p"	-2.10162430557936	8.28008235081527	0.971927121882452	0.324200030118799	0.394339459711808
"hsa-miR-338-5p"	-0.983223671994183	3.74263030172378	0.50990550481864	0.475179765183293	0.540316766702801
"hsa-miR-339-3p"	-2.17033195824912	8.13191402215726	6.88466339747317	0.00869384382287703	0.0169848840709489
"hsa-miR-339-5p"	-1.61242269341173	7.24447193986038	3.66949452898116	0.0554169881844606	0.0844608313895695
"hsa-miR-33a-3p"	-2.8153116538155	3.7916741255384	4.52971179500193	0.03331122721942	0.0556286500759951
"hsa-miR-33a-5p"	-0.268327448131657	5.40667391376759	0.0582423465644331	0.809295864709989	0.844337541326298
"hsa-miR-33b-5p"	-1.55283152354362	3.80286254527975	4.4432181163015	0.0350401387981622	0.0577534535240068
"hsa-miR-340-3p"	-0.254741409899231	3.93750442494498	0.110728198291557	0.739316610681983	0.784264580723445
"hsa-miR-340-5p"	-1.75565145135316	8.81632510731905	4.06344275083202	0.0438210723294239	0.0686484910176115
"hsa-miR-342-3p"	-5.35963077486537	11.9406266002491	28.2473287857373	1.06761862955529e-07	5.93642886324151e-07
"hsa-miR-342-5p"	-6.38574630887872	7.20709386944588	36.4466685929538	1.56901073031194e-09	1.26018957069498e-08
"hsa-miR-345-5p"	0.174311733547467	7.51001421103273	0.0517461166252069	0.820052285985654	0.853799293639385
"hsa-miR-34a-3p"	7.60391643901954	3.68298989586408	21.3144587198563	3.89780483485589e-06	1.54085097377897e-05
"hsa-miR-34a-5p"	6.23160097945503	9.34093555408427	15.8713055961467	6.77989124688743e-05	0.000222767855254873
"hsa-miR-34b-5p"	4.87242493766977	2.95058713490363	10.484503262449	0.00120379979083817	0.00318912405321525
"hsa-miR-34c-5p"	6.12997883491647	6.61853493440812	26.979903813207	2.05581793327991e-07	1.05075138812084e-06
"hsa-miR-3605-3p"	0.207777773784381	3.50514330663396	0.098018870578793	0.75422014537621	0.798134968731837
"hsa-miR-3607-3p"	-2.63719972211615	7.37309473527796	6.78431856159971	0.00919621296106097	0.0176930941380108
"hsa-miR-3609"	-4.02197442928501	2.5374558330673	11.0232296861891	0.000899771667845209	0.00246099710232257
"hsa-miR-361-3p"	-5.29570178847567	10.7779457221063	25.8720329877052	3.64816619608239e-07	1.72520756562401e-06
"hsa-miR-361-5p"	-0.574459013746941	7.63601917042457	0.572556821201738	0.449244688855806	0.517808229068423
"hsa-miR-3613-3p"	-0.406734496803126	2.99839919272753	0.135313919158977	0.712984783598651	0.762727908035766
"hsa-miR-3613-5p"	-0.643486542868097	4.52233725773672	0.407750531165345	0.523113460607743	0.588212024594485
"hsa-miR-3615"	-3.21405027719543	4.58293074206495	18.5622237832403	1.64447280306227e-05	6.02973361122832e-05
"hsa-miR-362-3p"	-3.40235360541566	3.49849382584897	16.6897635669951	4.40178739308245e-05	0.000149483518181189
"hsa-miR-362-5p"	1.25369575891396	4.16520083386707	1.22355246512591	0.268664604352697	0.337330743926711
"hsa-miR-363-3p"	2.06263759998428	11.7740429479648	0.606699142397325	0.436033355169398	0.509095093282192
"hsa-miR-363-5p"	4.69356022079935	2.65620087514274	2.45714613739777	0.116991169768917	0.160862858432261
"hsa-miR-3651"	0.454718745940653	3.15761160527425	0.224014953377595	0.635997607217118	0.698079803149375
"hsa-miR-3653-3p"	-1.73183204109394	2.25541832785165	1.6076948758378	0.204816134442689	0.265056173984656
"hsa-miR-3653-5p"	-4.49435099662136	2.39904344089023	10.7858334439069	0.00102279842137481	0.00278245161943899
"hsa-miR-365a-3p"	5.57263207204569	6.15641196231258	40.168594246895	2.32963482967519e-10	2.41366656231523e-09
"hsa-miR-365b-3p"	5.57263207204569	6.15641196231258	40.168594246895	2.32963482967519e-10	2.41366656231523e-09
"hsa-miR-365b-5p"	6.79627245289476	3.00107228944933	24.5149478990299	7.37355730986693e-07	3.33126785606488e-06
"hsa-miR-3677-3p"	1.57891629301044	2.91968183421723	3.35070456627007	0.0671762548690681	0.0993894297185627
"hsa-miR-369-3p"	9.75772657093432	5.68431735448168	44.0131815514275	3.26171879227482e-11	4.71551345397445e-10
"hsa-miR-369-5p"	9.18224411227231	5.13196901235776	49.6187201622161	1.86723496697581e-12	5.24900496272088e-11
"hsa-miR-370-3p"	9.60857780389612	5.54043398084363	46.2906369775383	1.01949982826185e-11	1.71955637700165e-10
"hsa-miR-374a-3p"	0.0206820938427656	7.42173019677094	0.000550612647757021	0.981279247580279	0.985173212848454
"hsa-miR-374a-5p"	-2.34233885061635	6.92409965594538	7.20294308232556	0.00727841209929255	0.0150321490703756
"hsa-miR-374b-3p"	0.348789195829843	3.49139205608084	0.153083522643695	0.695605879249161	0.750483102132357
"hsa-miR-374b-5p"	-1.0348423766402	6.3561593766375	1.51439420272216	0.218469792509055	0.279155845983793
"hsa-miR-375"	8.74545908153869	4.69194455542151	5.03338572983651	0.0248632479474567	0.0435321919080038
"hsa-miR-376a-2-5p"	5.67699630088339	2.25457212823764	6.36287735680668	0.0116532414947602	0.0219202237782479
"hsa-miR-376a-3p"	8.45209602014574	4.44314770014313	36.6306431931459	1.42769673770076e-09	1.16518475689771e-08
"hsa-miR-376a-5p"	10.1460111334135	6.06205648823556	44.2974431515434	2.82084413366565e-11	4.19807979892594e-10
"hsa-miR-376b-3p"	7.96925797388085	3.99983280308901	37.3257253951042	9.99573299486959e-10	8.29154245148199e-09
"hsa-miR-376c-3p"	11.3036155072359	7.20104826829731	37.5010117824349	9.13655765605583e-10	7.70516362327375e-09
"hsa-miR-377-3p"	8.43050426104968	4.42192696433338	40.0839897160679	2.43274693039677e-10	2.41366656231523e-09
"hsa-miR-377-5p"	9.07784957935825	5.03081956952275	46.6495148804032	8.48879928296434e-12	1.59086386562221e-10
"hsa-miR-378a-3p"	-2.63187061234268	9.11682439844048	6.86722655088391	0.0087790794574739	0.0170854392518531
"hsa-miR-378c"	-4.5961261370123	2.49419550736682	11.3836021272588	0.000740952913998847	0.00204875505182195
"hsa-miR-379-3p"	7.77687304081019	3.83874993249362	38.4159483542117	5.71633336620159e-10	5.1651155058893e-09
"hsa-miR-379-5p"	8.05472048393309	4.0776963214088	36.233866927163	1.75002746627371e-09	1.38361546552265e-08
"hsa-miR-380-3p"	5.20050466593459	3.68647093379458	27.5683653400489	1.51638674554696e-07	8.11690728510175e-07
"hsa-miR-381-3p"	12.0840488719708	9.66144441141702	61.2186057301354	5.10765548256151e-15	5.16894734835225e-13
"hsa-miR-382-3p"	7.72540233829087	3.78176891631525	36.0024931495395	1.97065222594189e-09	1.51083337322212e-08
"hsa-miR-382-5p"	10.2786975192345	6.1935080562111	31.0529032035797	2.51090480861952e-08	1.49472686254291e-07
"hsa-miR-383-5p"	9.00120577358551	4.93784294081676	7.38171068558205	0.00658904663072045	0.0138919066464356
"hsa-miR-3909"	1.89467588047236	3.89547426014711	6.65900700543229	0.00986558750248821	0.0189090427131024
"hsa-miR-3912-3p"	-2.93952082244999	3.99748640706573	17.6096753221079	2.71205041655927e-05	9.59648608936359e-05
"hsa-miR-409-3p"	11.2252323822361	10.0422761127354	59.2303532380453	1.40253667637627e-14	1.01383365463771e-12
"hsa-miR-409-5p"	10.3503149825937	7.89712277386704	17.9440998553043	2.27488502342456e-05	8.1062804355833e-05
"hsa-miR-410-3p"	12.5079535794899	8.39558256366965	56.9874411664264	4.38603915662154e-14	2.46592868138944e-12
"hsa-miR-411-3p"	8.53492404511582	4.52052292872235	42.1926001432078	8.27124011895786e-11	1.02079207321773e-09
"hsa-miR-411-5p"	13.6154986886201	9.49933411423145	60.3608889531231	7.89665092948692e-15	6.65950895053397e-13
"hsa-miR-412-5p"	6.54629431351562	2.84377957908659	11.0288819879997	0.000897032315563924	0.00246099710232257
"hsa-miR-421"	0.572635888321307	6.55854078218325	0.528132327545658	0.467393127794506	0.536283271346984
"hsa-miR-423-3p"	-0.601074137222863	11.3510611536278	0.599107805254647	0.438918641402725	0.510558235746618
"hsa-miR-423-5p"	-1.71387735242228	11.2112727817403	4.69145576784459	0.0303129550655858	0.0516442938154425
"hsa-miR-424-3p"	2.74942662482695	3.16111013741589	7.0254007487592	0.00803614847592191	0.0161360759080019
"hsa-miR-424-5p"	2.78214108206286	5.53986531948784	6.5655246323909	0.0103973082011996	0.0197783381571692
"hsa-miR-425-3p"	-1.14661198833639	4.95250794745506	2.28269559526216	0.13082432166062	0.178428859192112
"hsa-miR-425-5p"	0.188783518127233	8.88560126563948	0.0412050517634128	0.839142633367162	0.866543209150579
"hsa-miR-429"	5.9908610816886	7.76517984170836	4.25474673785612	0.0391407839337042	0.0624770872884994
"hsa-miR-431-3p"	8.18131416801119	4.19573837572949	32.8621202551179	9.89323276872984e-09	6.33667820376873e-08
"hsa-miR-431-5p"	7.7208756431468	6.02364954079275	41.0516262351188	1.48260755465825e-10	1.74464982013273e-09
"hsa-miR-432-5p"	10.5134334343217	6.42228083075809	39.2909947776585	3.65121378687684e-10	3.35911668392669e-09
"hsa-miR-4326"	2.87982734380887	3.28034879892652	2.47676883161956	0.115539396247255	0.159299549049349
"hsa-miR-433-3p"	6.85107026134216	3.05164675286428	23.4034742130152	1.31341115973033e-06	5.5847566959962e-06
"hsa-miR-4443"	-3.82433550480465	2.73720945940893	13.2091260994069	0.000278589242066201	0.000829212685208811
"hsa-miR-449b-5p"	7.45573760737225	6.34674282948426	5.6311508609273	0.017644043886106	0.0321146985840635
"hsa-miR-450a-5p"	3.09022712072404	4.87970425782492	7.7245497377869	0.00544749436222667	0.0118301808896425
"hsa-miR-450b-5p"	3.0490236783759	5.44216788897282	5.14440050285644	0.023321461585378	0.0410223464742891
"hsa-miR-451a"	5.19052371371799	8.60238858204709	4.28180743444319	0.0385223638960672	0.0618803686711429
"hsa-miR-452-3p"	8.78326285492338	4.75409851882491	28.9530237631485	7.41549669507957e-08	4.21600149180928e-07
"hsa-miR-452-5p"	11.2545265068799	7.1517334408134	43.6825959820301	3.86190933690502e-11	5.28142195803768e-10
"hsa-miR-4521"	2.08826541407992	3.13797056761058	7.62491698060872	0.00575673195849927	0.012448317824789
"hsa-miR-454-3p"	5.21817116513185	11.1712410050633	7.27963432863828	0.00697407314443629	0.0145221440785381
"hsa-miR-454-5p"	0.0475012047688346	4.35412181177336	0.00601804959768648	0.938165263194891	0.94942324635323
"hsa-miR-455-3p"	9.43743942992475	7.81564580135647	22.8923745063234	1.71330202260997e-06	7.10599035607087e-06
"hsa-miR-455-5p"	8.80525260733596	8.57808351500659	14.42571254554	0.000145797969441712	0.000461086078359414
"hsa-miR-4662a-5p"	-0.113506526974359	3.54710645010735	0.011117508361969	0.916026998253856	0.932259879551167
"hsa-miR-4677-3p"	0.492650433557698	4.52762870988187	0.73576031298266	0.391022395079386	0.463366116885643
"hsa-miR-4772-3p"	-7.85777485371809	3.93462081851068	35.9519075394103	2.02248277751877e-09	1.52742729167836e-08
"hsa-miR-4772-5p"	-10.228102210255	6.14910162253597	40.5204307483472	1.94570859382356e-10	2.20643642543037e-09
"hsa-miR-4775"	5.40065840416425	4.04005091271496	16.1159936820682	5.95787562621597e-05	0.000198334543872716
"hsa-miR-484"	-1.14815169426103	9.80741663194065	2.21842436399778	0.136372173617167	0.184503529011462
"hsa-miR-485-3p"	7.85632571727359	5.42344126520717	33.8616202513336	5.91745937431070e-09	3.88861616026131e-08
"hsa-miR-485-5p"	8.67408297884626	4.65348986962061	44.8471497996792	2.13030732003133e-11	3.36854844979954e-10
"hsa-miR-486-3p"	0.453192000560062	3.70414270602619	0.217056816650796	0.641291685376467	0.700850092441668
"hsa-miR-486-5p"	0.436276810635478	8.59277482836002	0.144330724142726	0.70401308760727	0.757937494317614
"hsa-miR-487a-3p"	7.99712509689504	4.0253426673285	43.4768321574013	4.29008584915096e-11	5.71258799913259e-10
"hsa-miR-487b-3p"	9.34437633769345	6.9381958417297	47.700182571442	4.96645376166201e-12	1.04709400141707e-10
"hsa-miR-490-3p"	7.86329967161826	5.49922158247844	3.78232385159021	0.0517966764855962	0.0799058484808282
"hsa-miR-493-3p"	9.61766057481876	5.5489638340422	42.5059053357763	7.04691410841637e-11	8.91434634714671e-10
"hsa-miR-493-5p"	9.60580350831078	5.53931862849808	32.1890947955978	1.39873637306944e-08	8.73778524411281e-08
"hsa-miR-494-3p"	10.060711777648	5.97882921596108	52.3461786486115	4.65303125427982e-13	1.81110293435815e-11
"hsa-miR-495-3p"	9.35516137754053	5.2969204835422	38.1267047360099	6.62965361407544e-10	5.88527145389855e-09
"hsa-miR-496"	6.60548655358827	2.87295359452204	26.4930646814593	2.64485948382389e-07	1.28682586424508e-06
"hsa-miR-497-5p"	2.67383899637286	4.34896296480281	11.6142617512397	0.00065448011279855	0.00183981631708926
"hsa-miR-499a-5p"	7.41142977609503	9.2232952698637	5.5189909810248	0.0188111059483176	0.0338733793944793
"hsa-miR-500a-3p"	0.350478056748435	8.46561640068569	0.186821563295993	0.665575274257515	0.724260405966242
"hsa-miR-501-3p"	0.154353520220111	7.07405916838033	0.0219503190348682	0.882219339296741	0.905482729582456
"hsa-miR-501-5p"	3.16824948984215	3.10823387896215	6.99189379498248	0.00818796754751889	0.0162313972789925
"hsa-miR-502-3p"	0.318986724467695	4.34887047464149	0.137177980860709	0.711102756364775	0.76232626000122
"hsa-miR-503-5p"	2.69910257550173	1.97876626745913	3.79060139978693	0.0515411266692691	0.0797547709316519
"hsa-miR-505-3p"	0.763574411944738	6.48523762136228	0.750183200676311	0.386418234554091	0.460065003963224
"hsa-miR-532-3p"	1.0086643740144	5.27273919709385	1.35828391334895	0.24383511590281	0.31000142876086
"hsa-miR-532-5p"	-0.656278409108534	8.78573140256389	0.574293675823252	0.448557750756953	0.517808229068423
"hsa-miR-539-3p"	9.53188749770507	5.46575317700388	52.3864583798682	4.55856500927868e-13	1.81110293435815e-11
"hsa-miR-539-5p"	7.31033907258376	3.42556457421594	27.2577000412238	1.78064585485524e-07	9.38548752663282e-07
"hsa-miR-542-3p"	3.29477569384307	3.38083810699824	9.40669251460948	0.00216194859230156	0.00516012258351221
"hsa-miR-543"	7.87781098768667	3.91941508866245	42.547634524603	6.89816433470781e-11	8.91434634714671e-10
"hsa-miR-548au-5p"	-6.98437508591084	3.20152580016523	22.327343311133	2.29909545925807e-06	9.30673841907666e-06
"hsa-miR-548e-3p"	-2.82570626853666	6.16400166901365	10.4967222305231	0.00119586496540116	0.00318477722364731
"hsa-miR-548e-5p"	-1.88769887349838	3.79869654579275	7.14932738299233	0.00749921061712818	0.0153008087591406
"hsa-miR-548j-3p"	-2.80725164973904	2.91368900515674	9.49008258912052	0.00206585521344072	0.00495413619905689
"hsa-miR-548k"	-0.695507691051141	5.90085268766153	1.13153093704294	0.287449022726176	0.354754159754744
"hsa-miR-548o-3p"	-0.538705090003583	4.02920919500552	0.916636567585834	0.338359652285105	0.409192994758231
"hsa-miR-548w"	-1.40088538268726	3.42712583839246	4.87205199458025	0.0272950256709587	0.0471374846058195
"hsa-miR-550a-3p"	-1.65036054656067	3.1594436705818	3.50375273685491	0.0612299346237772	0.0916637482829327
"hsa-miR-551b-3p"	7.44122772436187	5.04786533877424	8.62721569209299	0.00331177373808684	0.00761707959759973
"hsa-miR-561-5p"	7.1564210513316	3.29748375130019	35.4168600119508	2.66172832118652e-09	1.88186570319692e-08
"hsa-miR-5690"	-4.65826215186264	2.55897556849937	15.1071991942677	0.000101575183885856	0.000327369700931486
"hsa-miR-5696-3p"	-3.75447677503121	2.6976120189927	13.9027822437246	0.000192513282787985	0.000593973909089757
"hsa-miR-574-3p"	6.03241301398369	8.69976425764203	28.110927927078	1.14557181622883e-07	6.30064498925859e-07
"hsa-miR-574-5p"	7.10318397291149	3.24837901146261	31.3878337382525	2.11300810230439e-08	1.27283583305479e-07
"hsa-miR-576-5p"	-2.07986816246332	5.40830510199544	9.07379461633053	0.00259298438312096	0.00615985961436248
"hsa-miR-580-3p"	-2.06884009433664	2.51670196987072	4.63296928039813	0.031363240238448	0.0532543609417943
"hsa-miR-582-3p"	1.92087909848946	4.18597368497869	3.30942321380016	0.0688836653362807	0.101618468396962
"hsa-miR-582-5p"	1.27295051836007	3.54706814906924	1.20574851887123	0.27217575435145	0.340893395301569
"hsa-miR-584-5p"	5.58515248707783	5.40400474574816	27.0459166920109	1.9867946882127e-07	1.0258348084037e-06
"hsa-miR-585-3p"	6.78786144054282	2.99676159689996	23.1517906390496	1.49703734280811e-06	6.31250746217418e-06
"hsa-miR-589-3p"	-0.0262855566332691	4.20427364438757	0.00139487427650531	0.970207521186734	0.977938258407345
"hsa-miR-589-5p"	-2.44937960015207	7.94309257677019	6.50901748343911	0.0107328794312576	0.0203402134539939
"hsa-miR-590-3p"	-1.81323234129622	6.18789917642162	4.7534241688377	0.029240054709691	0.0499846881185934
"hsa-miR-590-5p"	-1.30637865554588	2.72162034002447	1.03398574207308	0.309224366447701	0.377940892324968
"hsa-miR-598-3p"	-1.94689641887038	5.37747578496222	5.24532612588433	0.0220058031663622	0.0390699522883484
"hsa-miR-616-5p"	-2.34069989288051	3.85710328344407	11.6293858423722	0.000649179861371283	0.00183511178689312
"hsa-miR-625-3p"	-1.05071109899321	5.40250636644254	2.21347907578677	0.136809830741232	0.184602064946835
"hsa-miR-625-5p"	1.24973186516062	5.47703249361893	2.05197401563613	0.152008986987151	0.20348292967063
"hsa-miR-627-3p"	-1.80393328119514	2.70629138400719	3.94928150914214	0.0468913848004731	0.0732316071266648
"hsa-miR-628-3p"	-1.43959796012147	2.94767178191409	3.63523097113359	0.056568754810354	0.0854441490568332
"hsa-miR-628-5p"	0.315781349041988	3.94169342959837	0.221034914382603	0.638252494474602	0.699038446329326
"hsa-miR-629-3p"	-1.13266828367025	2.57969970155452	1.13959931046355	0.285737011146655	0.353503490562854
"hsa-miR-629-5p"	-1.31127803240171	5.03243680963768	2.48950323455709	0.114607893928577	0.158446979037868
"hsa-miR-641"	0.0119972640545206	3.95482384789848	0.000421307921312009	0.98362394156344	0.985571711744754
"hsa-miR-642a-5p"	-4.1523864160101	3.08438204566139	13.6094972418772	0.00022504414877981	0.000681870295105293
"hsa-miR-6503-3p"	-6.87917835879231	3.11568397778704	13.8330251354461	0.000199793454684073	0.000612699927697825
"hsa-miR-651-5p"	-2.50603139683879	3.1767359432026	4.36799692428179	0.0366200149038116	0.0597733146494473
"hsa-miR-6516-3p"	-3.59329453112977	2.57391067265543	10.4461016356542	0.00122908580476916	0.00323915321465206
"hsa-miR-652-3p"	-1.33703745792093	6.40208591546738	1.78600193378651	0.181414047314037	0.23658636067243
"hsa-miR-652-5p"	-1.0802133080234	3.19020478333624	0.888228170332486	0.345957908959126	0.416796909365042
"hsa-miR-654-3p"	10.9668246384663	9.8671031875536	58.9119071452087	1.64891357966315e-14	1.04293783913694e-12
"hsa-miR-654-5p"	7.44539945629867	3.54225565882135	31.4986950373889	1.99574337154179e-08	1.21668210361464e-07
"hsa-miR-655-3p"	6.32485730285249	2.64255598203085	20.3879351349183	6.32271593835789e-06	2.44220936244969e-05
"hsa-miR-656-3p"	8.32612792518018	4.32999421929127	47.7799288155916	4.7684891880896e-12	1.04709400141707e-10
"hsa-miR-659-5p"	-1.43719748777111	3.26098066525778	3.36138837422262	0.0667417777742831	0.0990361863747427
"hsa-miR-660-5p"	-0.727821387269413	8.25834376969729	0.7403052949035	0.389563098826659	0.462720488277674
"hsa-miR-664a-3p"	-1.64926204460742	6.19077089609981	5.00871997594302	0.0252199482402392	0.0440044614122794
"hsa-miR-664a-5p"	-2.18541348257361	3.69727576302676	5.48345633995455	0.0191972640611819	0.0344461546629718
"hsa-miR-665"	7.58525573447452	3.67323226319008	35.533866707066	2.5065447831191e-09	1.838132840954e-08
"hsa-miR-671-3p"	1.10056276927927	6.62018480639382	2.57093799713926	0.108843176093016	0.151365411722755
"hsa-miR-671-5p"	0.929997921568988	4.67290140703271	1.1899829973729	0.275332985945099	0.343148992335517
"hsa-miR-6731-3p"	-6.41336537512337	2.76687222502755	18.0563513886873	2.14461997478583e-05	7.71044336499222e-05
"hsa-miR-6769b-3p"	-2.6174608869057	2.76958228632509	8.79111553853746	0.00302701091808453	0.00702599781904024
"hsa-miR-6803-3p"	-3.148413374847	3.25734548764663	13.0677346609335	0.000300426258611001	0.000883812132890504
"hsa-miR-6842-3p"	-6.00799349896623	4.12140229811898	34.0409526271426	5.39642437032226e-09	3.68922920936909e-08
"hsa-miR-7-1-3p"	-1.92123825691623	5.97037637586767	3.67246871479787	0.055318191220506	0.0844608313895695
"hsa-miR-7-5p"	-1.95958569620007	7.05529286345297	1.90489276837269	0.167531683528434	0.221334286854797
"hsa-miR-708-3p"	5.50478405833873	5.06475362555467	29.8864293464697	4.58108019433181e-08	2.63412111174079e-07
"hsa-miR-708-5p"	4.27080364428684	5.30657973885326	14.6506620388649	0.000129389188108004	0.000411766850205347
"hsa-miR-744-5p"	0.509615979576521	7.11114785716308	0.518380145158225	0.471533485040356	0.539809826765656
"hsa-miR-758-3p"	10.3178577467342	6.2297775103626	53.7620030853298	2.26307378014101e-13	1.04101393886487e-11
"hsa-miR-766-3p"	-3.64710100541198	6.09218021498639	10.5583118390853	0.00115666784707106	0.00309668746358707
"hsa-miR-769-5p"	0.71943177445239	9.50535547708841	0.800726817897484	0.370876151738244	0.443648540850004
"hsa-miR-7706"	-0.200089978520969	4.67979911045637	0.0941666699983261	0.758945458580312	0.798617006093059
"hsa-miR-7974"	4.25112079638868	3.04865301279493	19.2693482976283	1.13514145856487e-05	4.23436443473986e-05
"hsa-miR-873-3p"	-8.2035443475928	5.63159563021317	22.5125858753905	2.08771251945805e-06	8.51921399069174e-06
"hsa-miR-873-5p"	-12.0087750171004	7.90130176714325	37.8734479557037	7.54856401687148e-10	6.47385320768978e-09
"hsa-miR-874-3p"	-2.59297645306152	6.40747826399319	10.2711896465151	0.00135123646570615	0.00350247792678121
"hsa-miR-874-5p"	-2.63597233853138	3.26283195990114	12.0118585243998	0.000528631162589903	0.00150273802399152
"hsa-miR-876-5p"	-9.26323384756487	5.2209849257993	8.91919659952185	0.00282188621052977	0.00658006646326298
"hsa-miR-877-5p"	1.2926861643559	4.90247481675881	2.95216379602915	0.0857626589917008	0.122934576345044
"hsa-miR-887-3p"	8.07155639336744	4.0996292989457	26.4053769776158	2.76768951377108e-07	1.33376275616016e-06
"hsa-miR-889-3p"	11.0788011934691	6.97823319736399	47.9054951405247	4.47266284196267e-12	1.04227370007912e-10
"hsa-miR-9-3p"	10.3688763726301	12.2243112737464	5.82064017698493	0.0158391790118797	0.0290652410513302
"hsa-miR-9-5p"	7.4874721550947	11.9300857622882	7.31953374672927	0.00682091058399222	0.0142619039483474
"hsa-miR-92a-1-5p"	1.37864241294511	3.51316271343419	2.04328657476309	0.15287902815869	0.204107620707908
"hsa-miR-92a-3p"	-0.838411940457691	15.5892829167235	0.635987487206876	0.425167532126288	0.499671476246409
"hsa-miR-92b-3p"	4.02887039414117	11.3252043017014	14.3558638540485	0.000151307715151089	0.000475538533331994
"hsa-miR-93-3p"	-0.066012145894301	4.19250553932278	0.0107241358218602	0.917520592917947	0.932259879551167
"hsa-miR-93-5p"	-0.920380358471962	9.31431795764244	1.19692367537917	0.273937404507632	0.342252658471264
"hsa-miR-935"	9.31469138756016	5.25918952060269	33.8788832646615	5.86518520129015e-09	3.88861616026131e-08
"hsa-miR-940"	2.08905458304067	3.67614346915276	8.04492303783129	0.00456313572243094	0.0101603520545219
"hsa-miR-941"	-1.87588071088062	7.95069146804808	4.97933501148209	0.0256518414938275	0.0444514787530025
"hsa-miR-941-3-5p"	-1.85405405442248	5.6738679127577	6.34715194519829	0.0117569899086145	0.022033469976885
"hsa-miR-942-5p"	-1.92881022958505	3.34145540679133	7.13447044186886	0.00756159707260439	0.0153661370230435
"hsa-miR-95-3p"	-6.95725944912767	3.18152392251107	27.55877360339	1.52392528079974e-07	8.11690728510175e-07
"hsa-miR-96-5p"	8.90544778912351	6.49041857310964	5.96545253245711	0.0145888559135566	0.0270401505210975
"hsa-miR-98-3p"	2.20005893066826	3.90490705588549	10.6783115978449	0.00108398954794437	0.00291754633648857
"hsa-miR-98-5p"	0.316838193225364	10.6703254227066	0.133326262957951	0.715007881333227	0.763278455600449
"hsa-miR-99a-3p"	6.09633921662393	4.54744682348444	8.97807214723582	0.00273238783487623	0.00646069273106249
"hsa-miR-99a-5p"	4.31994718071097	9.72858546853946	5.84203050427751	0.0156477586780762	0.0288969558069583
"hsa-miR-99b-3p"	4.00258115150772	5.08506608719466	20.548580962074	5.81368720738142e-06	2.26286594379615e-05
"hsa-miR-99b-5p"	2.8847529886132	12.752242029176	6.97423705624359	0.00826914698016747	0.0162808886068667
