"logFC"	"logCPM"	"LR"	"PValue"	"FDR2"
"hsa-let-7a-3p"	1.40717229077061	5.00099892328026	5.61255033895019	0.0178322910627403	0.0278125033447678
"hsa-let-7a-5p"	0.579109860143817	14.4198338687435	3.4526927994165	0.0631488095619962	0.0860913626762467
"hsa-let-7b-3p"	0.295647664969417	5.51855703596449	0.634596668737219	0.425674221708075	0.473110058731263
"hsa-let-7b-5p"	1.11978418849359	11.0783928046895	8.80634505891175	0.00300184761727285	0.00526713077290005
"hsa-let-7c-5p"	2.63107320234636	4.43829227033726	17.0325793980231	3.67439229152158e-05	8.7584570974005e-05
"hsa-let-7d-3p"	-0.674985433229894	7.69495761293968	4.00938545205753	0.0452476406233039	0.0642279243304575
"hsa-let-7d-5p"	0.0791973649165465	10.2681188207717	0.0589255227219798	0.808202326207145	0.832360547914424
"hsa-let-7e-5p"	0.556112648376722	7.42669696331703	2.04434619239991	0.152772606694208	0.192361521385731
"hsa-let-7f-1-3p"	0.409265235334911	3.56414748482406	0.559868709708928	0.454313146251422	0.500536867527002
"hsa-let-7f-2-3p"	1.67175127507996	3.6303361978724	7.54171555286887	0.00602866142129867	0.00997756628241133
"hsa-let-7f-5p"	1.53138328290901	14.5596338344348	19.2671693816158	1.1364376826873e-05	2.85238332277144e-05
"hsa-let-7g-3p"	3.64699322507444	5.12351719161559	49.8717605532269	1.64129967587869e-12	1.0725044433759e-11
"hsa-let-7g-5p"	2.78464696910827	14.6343490497118	73.9936783567879	7.83675965439884e-18	1.02418341690247e-16
"hsa-let-7i-3p"	2.97366029780281	7.10909989326587	43.051909696951	5.33065595269577e-11	2.76755973434479e-10
"hsa-let-7i-5p"	2.12273247076093	12.6347428738257	44.3710425425177	2.71676066127065e-11	1.51419454503173e-10
"hsa-miR-100-5p"	-1.17017913351506	8.83848560924529	2.13072565201683	0.144372394800286	0.18300046029869
"hsa-miR-101-3p"	0.546943917633117	13.9697998312027	0.869450935591658	0.351107357717102	0.398412241241861
"hsa-miR-101-5p"	0.589274488784131	5.93129588056404	1.17202626736612	0.27898528799595	0.32236409801971
"hsa-miR-103a-2-5p"	-2.084443407222	2.58305333335557	5.40902534861607	0.0200328980093388	0.0308636924615423
"hsa-miR-103a-3p"	-0.843477829724135	12.7611707644285	7.47447939843529	0.00625796578323679	0.0103120392688989
"hsa-miR-106a-5p"	2.62583821652773	3.83738593572624	15.6566944741564	7.59432778794763e-05	0.000171324418549533
"hsa-miR-106b-3p"	0.770455513236853	8.83385571616087	5.16998999115713	0.0229803483214495	0.0349781205374674
"hsa-miR-106b-5p"	-0.155769673397302	8.88846333295715	0.150095838400556	0.698443788527958	0.739413954894123
"hsa-miR-107"	-0.148265110300891	4.03207418564724	0.0964578914596865	0.756122436532569	0.790837748324069
"hsa-miR-10a-5p"	2.33173952840064	11.543518004803	24.4168429986004	7.7587391755313e-07	2.22769859661088e-06
"hsa-miR-10b-5p"	0.0532610427274297	3.28198576118635	0.00868569009472164	0.925747018094645	0.943166988865243
"hsa-miR-1226-3p"	-1.21179392257997	3.16589339644842	2.10806588894591	0.146524405969288	0.185109166207868
"hsa-miR-1248"	1.79192164212895	3.52109742529549	4.18306501347763	0.0408297969766993	0.0588383766318214
"hsa-miR-1249-3p"	-2.47684203281745	4.37485055639255	24.9229857611148	5.96667596731693e-07	1.77563325482369e-06
"hsa-miR-1255a"	-2.13416154027434	2.63642953501248	5.67205513292596	0.0172372505114583	0.0269955286935649
"hsa-miR-125a-3p"	-1.19817223338607	3.82072868764203	3.81771691344191	0.0507132957144037	0.0709237604271549
"hsa-miR-125a-5p"	2.2597907100889	12.8864197552697	37.4587110606938	9.33687516004884e-10	4.36873541439322e-09
"hsa-miR-125b-2-3p"	5.31222418062637	2.53005952562349	21.9288731302643	2.82944652341022e-06	7.60539171895371e-06
"hsa-miR-125b-5p"	2.06951553598769	7.69508943791738	15.346585898416	8.94824816538215e-05	0.000200673731046144
"hsa-miR-126-3p"	-5.16304956326942	6.94200106390255	71.743106478086	2.4511878739112e-17	2.73235354180102e-16
"hsa-miR-126-5p"	-4.249821566601	8.56293390912842	22.4415146986574	2.16640431922447e-06	5.90695853946817e-06
"hsa-miR-1260a"	-1.79990675170153	6.31346311163862	22.5160412155858	2.08396062585666e-06	5.72334113912806e-06
"hsa-miR-1260b"	-2.34836379550523	4.93540123608298	24.913257180553	5.996861652175e-07	1.77563325482369e-06
"hsa-miR-127-3p"	-5.34287611713333	7.6031541531635	47.3145611680752	6.04614027954708e-12	3.75653633762024e-11
"hsa-miR-1271-5p"	3.1159919147826	6.11716014264053	44.3771297326057	2.70832630348959e-11	1.51419454503173e-10
"hsa-miR-1273h-3p"	-1.35049804614762	4.75549167833751	6.38841588303219	0.0114867493302215	0.018291924353588
"hsa-miR-128-3p"	-0.27938552090581	9.67895819989102	0.69349972682776	0.404976538759559	0.45276138109107
"hsa-miR-1285-3p"	-0.15679559781609	2.9899489588856	0.0575085233511614	0.810478059810623	0.832442234873241
"hsa-miR-1294"	-3.13404590594429	2.70269667347154	12.4982744947737	0.000407328056692315	0.000852913444676173
"hsa-miR-1301-3p"	-1.07684239530135	5.7352279137598	6.2322208070256	0.012544631286225	0.0198929508681141
"hsa-miR-1304-3p"	-2.25663053748411	4.94120742740574	27.2799188624692	1.76030104375292e-07	5.70217175711415e-07
"hsa-miR-1306-5p"	-0.519966420714852	3.22612119857753	0.872167623307286	0.350355917092413	0.398412241241861
"hsa-miR-1307-3p"	0.108764405019638	7.1158896473189	0.0736896674425274	0.786038484431738	0.816187905752408
"hsa-miR-1307-5p"	0.335247439882765	7.97807936895793	0.152725178378626	0.695944565781821	0.738831905970056
"hsa-miR-130a-3p"	-3.23392273595515	6.60928632425303	57.5052518964338	3.37078034183838e-14	2.45678028760912e-13
"hsa-miR-130b-3p"	-0.493175393810106	7.4121348907634	1.69314975765467	0.19318628169503	0.23849381355836
"hsa-miR-130b-5p"	-1.63390838508277	5.86782003945184	10.7896330857408	0.00102070111831182	0.00195376628202111
"hsa-miR-132-3p"	0.476385594447482	5.82430132580152	1.33116127092127	0.24859873153763	0.293516882407357
"hsa-miR-132-5p"	-0.185849143617781	3.81472965624794	0.145001535538635	0.703358581750487	0.742542903853579
"hsa-miR-133a-3p"	-2.02270786174758	2.28066684829334	3.7100166325285	0.0540868520355956	0.0748372944250112
"hsa-miR-134-5p"	-4.57313308248883	2.82482336587479	10.472149348537	0.00121187641494998	0.00229650580633021
"hsa-miR-136-3p"	-2.79416009174709	2.52373752067775	5.85123209156096	0.0155661491897725	0.0244795458212605
"hsa-miR-139-5p"	-2.48541087420664	2.89314467495056	8.26206821202794	0.00404819826899034	0.00691111326102405
"hsa-miR-140-3p"	-0.0180533856425338	12.912049010073	0.00361849716138352	0.952033025402989	0.957904720495142
"hsa-miR-140-5p"	0.598816391340695	6.91215717856765	2.13608727140999	0.143868422978432	0.182973598351764
"hsa-miR-141-3p"	3.00385085511467	8.03625109284303	19.2188343330455	1.16557723038954e-05	2.90627480472129e-05
"hsa-miR-142-3p"	1.10775600654842	12.699168927634	3.25354954461272	0.0712689647804381	0.0956705721293443
"hsa-miR-142-5p"	2.07534625971365	15.5748391556035	11.076304348981	0.000874378920538153	0.00170819387053588
"hsa-miR-143-3p"	-12.10146970698	14.9511255885319	447.664017183611	2.32537493558982e-99	8.81317100588543e-97
"hsa-miR-143-5p"	-8.51648414611517	4.61115771727386	74.4658000633257	6.16979036684125e-18	8.35125196083155e-17
"hsa-miR-144-3p"	-8.56887862468285	4.65669170092219	60.205541272232	8.54512957687188e-15	7.04044371659662e-14
"hsa-miR-144-5p"	-6.40762552565901	6.7666898214981	89.8369415052164	2.58619949053169e-21	4.08404002879795e-20
"hsa-miR-145-3p"	-11.4140480241274	7.33133779259173	175.331921912775	5.06668435405498e-40	3.84054674037367e-38
"hsa-miR-145-5p"	-11.6565735517772	7.56840574923313	182.55008787934	1.34478795342817e-41	1.27418658587319e-39
"hsa-miR-1468-5p"	2.58054004212505	4.11202250199951	27.443751364531	1.61730589707193e-07	5.28412874991606e-07
"hsa-miR-146a-5p"	1.8400888037134	10.6190981200675	17.845219116861	2.39620538647588e-05	5.78447032786215e-05
"hsa-miR-146b-3p"	5.20504650476965	8.75342141556813	150.858550305809	1.12539380825762e-34	3.87749321208763e-33
"hsa-miR-146b-5p"	1.91946437633036	11.9857870993225	35.0951316211282	3.13984796581421e-09	1.36781882648688e-08
"hsa-miR-148a-3p"	-3.62331435651504	14.5250659965973	62.9783074372347	2.08995705708846e-15	2.03100955035006e-14
"hsa-miR-148a-5p"	-2.75837789466878	7.19962932776984	32.9162974125487	9.62133056058086e-09	3.79842112756265e-08
"hsa-miR-148b-3p"	-2.01896209910428	10.6508825452133	34.749797308383	3.74917735717486e-09	1.59655979592053e-08
"hsa-miR-148b-5p"	-0.337006660319468	6.18672698501841	0.879766401873215	0.348265668026767	0.397568337898027
"hsa-miR-150-3p"	6.0369070921225	7.72897427999474	143.817109709534	3.89562564143984e-33	1.23036843175475e-31
"hsa-miR-150-5p"	8.65566692579711	18.0261696402096	267.085092023317	4.90019428174278e-60	6.19057877593505e-58
"hsa-miR-151a-3p"	1.30034109452559	9.66577723973769	11.4269546521657	0.000723862327296768	0.00143635508924333
"hsa-miR-151a-5p"	1.12163498256811	10.3241294142423	7.28262014511341	0.00696249077991733	0.0113252532428698
"hsa-miR-151b"	3.72202803289738	4.39820658155448	39.8989766951424	2.67443278888814e-10	1.33369740393238e-09
"hsa-miR-152-3p"	1.41360177390403	4.5068976219968	8.36620976558622	0.00382262058699852	0.00658533273851108
"hsa-miR-153-3p"	7.30660300339264	3.81029114860907	27.5892784495045	1.50007960298571e-07	4.94374060462246e-07
"hsa-miR-155-5p"	5.08968694129738	10.0214296797518	160.404635758034	9.23083471262155e-37	4.99783765154795e-35
"hsa-miR-15a-5p"	0.409162726830768	11.2972780202951	1.51363591622518	0.218585115024642	0.268102778622458
"hsa-miR-15b-3p"	-0.497633307828716	6.49617859358996	1.43906276171944	0.230291066183213	0.278850843717053
"hsa-miR-15b-5p"	-1.4986371783108	10.2257980853993	17.0117234757832	3.71497315087433e-05	8.79984265113357e-05
"hsa-miR-16-2-3p"	1.44714829236401	7.67297002256021	13.2802047758279	0.000268223198208183	0.000571104450117424
"hsa-miR-16-5p"	0.2637195108869	13.9958533577925	0.621199832530348	0.430601769904135	0.477187341501951
"hsa-miR-17-3p"	0.220969279113353	7.23532896669148	0.386637266402653	0.534072314750179	0.585009847659879
"hsa-miR-17-5p"	0.45132422134021	8.62724998404744	1.19543134106698	0.274236721778508	0.317846231052154
"hsa-miR-181a-2-3p"	0.377701447963055	6.51396238514465	1.29632649995582	0.254885322459314	0.298152892629877
"hsa-miR-181a-3p"	1.00542042099243	8.05920984066882	7.01336342057174	0.0080903550743167	0.0131036092870343
"hsa-miR-181a-5p"	1.20700428746787	14.4756385714878	11.3663816556291	0.000747854248265696	0.00147623312548281
"hsa-miR-181b-5p"	1.91791093926944	9.55419626531772	28.8967335804773	7.63415437174816e-08	2.63031318808414e-07
"hsa-miR-181c-3p"	-1.59368721438272	6.67670456376707	20.1515756662008	7.15412898570929e-06	1.8533553205874e-05
"hsa-miR-181c-5p"	-0.281285781306744	10.5912497303964	0.606226316794498	0.436212216845727	0.481995423278515
"hsa-miR-181d-5p"	0.0166294546757528	6.01368058617803	0.001896634832939	0.965262812164222	0.967816417487408
"hsa-miR-182-5p"	-4.3774713062036	7.56458502186369	70.5743107610305	4.43251562290072e-17	4.79978120308392e-16
"hsa-miR-183-5p"	-6.06968609947432	4.75081798497206	62.6112368412608	2.51812648275344e-15	2.38592484240888e-14
"hsa-miR-185-3p"	-2.91280154363542	4.41191933257634	31.1520161934618	2.38591419522529e-08	8.69482192298448e-08
"hsa-miR-185-5p"	-1.38985007016871	7.04088749145478	14.8180217432182	0.000118398634779764	0.000260890015008899
"hsa-miR-186-5p"	0.726768963726758	13.5798242765391	5.53531355443414	0.0186364256695796	0.0289475628228306
"hsa-miR-18a-3p"	0.204035227538394	3.8831184358074	0.177493467635359	0.673536222913814	0.719071066153057
"hsa-miR-18a-5p"	-1.13788623636479	5.86787920429511	4.16269705092025	0.0413235538437849	0.0593243443439185
"hsa-miR-190a-5p"	-1.5919652463721	2.58390694260165	4.00147265138624	0.0454605272498209	0.0642893277152318
"hsa-miR-190b"	-0.546082131020504	3.84007717248546	1.33658097961476	0.247637820469543	0.293296043618615
"hsa-miR-191-3p"	-1.2649459063067	3.5981359163712	5.12479224573485	0.0235863939908997	0.0356145152292868
"hsa-miR-191-5p"	-3.31219462941872	15.5595760183912	89.8677174894099	2.54628080023607e-21	4.08404002879795e-20
"hsa-miR-192-5p"	1.23099734819093	12.3535918564122	9.81551388413845	0.00173045917963585	0.00320455035325737
"hsa-miR-193a-3p"	-1.06375195986902	3.27383650771057	1.34371181375914	0.246380441637503	0.292721590534839
"hsa-miR-193a-5p"	-4.58459050185201	6.20255796872598	73.5030228227796	1.00482162214652e-17	1.22847546707591e-16
"hsa-miR-193b-3p"	5.98080335727725	4.15211304936064	62.4924210785377	2.67471971855505e-15	2.47248481300576e-14
"hsa-miR-194-5p"	1.51824322275459	7.3305587840733	18.1053386331715	2.09014584969363e-05	5.11074372279925e-05
"hsa-miR-196b-5p"	-5.81324965600651	4.89446360651212	58.0705250325356	2.5288710572086e-14	1.95600434833074e-13
"hsa-miR-197-3p"	-1.75521925792725	11.3502554908885	26.4659111452561	2.68229962951945e-07	8.40158313708985e-07
"hsa-miR-1976"	-1.26395496195742	4.59690819648009	8.54179997573505	0.00347082239274362	0.0060065830449764
"hsa-miR-199a-3p"	-3.73183524317305	8.98487084740635	51.6729565942806	6.55595798052079e-13	4.43697870467389e-12
"hsa-miR-199a-5p"	-3.65207810659268	5.55279837244665	32.334389121771	1.29795778899266e-08	5.07140208276514e-08
"hsa-miR-199b-3p"	-3.88129718179468	7.83292145222977	52.761458698596	3.76619653722935e-13	2.6931858256791e-12
"hsa-miR-199b-5p"	-4.38559907433864	9.10917970956111	49.0345465543125	2.5149381902802e-12	1.61552809172237e-11
"hsa-miR-19a-3p"	0.824910047958497	8.46774741634938	1.74936950754801	0.185956013680442	0.231073210442255
"hsa-miR-19b-3p"	1.85914792631015	10.9669301024735	8.62585176094511	0.00331425433594257	0.00578849029180754
"hsa-miR-200b-3p"	-0.221758933381327	4.51334200318747	0.289259442467235	0.590695488179243	0.637816495783286
"hsa-miR-200c-3p"	0.771580677750572	4.73232416581221	3.04123341176241	0.0811742184165849	0.107570030698901
"hsa-miR-20a-3p"	1.94896529659202	3.03789316905829	9.88160356011607	0.00166939389601312	0.00312681875026023
"hsa-miR-20a-5p"	1.41188342204611	9.34736053031376	10.801377935845	0.00101424572702292	0.00195126462203901
"hsa-miR-20b-5p"	2.80484753768506	4.47443871938661	20.9927833035657	4.61016647931947e-06	1.20500213493936e-05
"hsa-miR-21-3p"	2.58446992039251	9.58518546832861	29.0445057743466	7.07344254389766e-08	2.45948139829102e-07
"hsa-miR-21-5p"	2.87594772910169	14.7223027224538	47.2039179756296	6.39724422895169e-12	3.91057348834305e-11
"hsa-miR-210-3p"	2.79397843932757	4.51770837845609	31.2281707374083	2.29412685025081e-08	8.44149588587436e-08
"hsa-miR-2110"	-0.137830314682182	3.60036442779962	0.0654584782796586	0.798067787104755	0.824162646628617
"hsa-miR-2110-3p"	-0.609985293418276	5.40555725054895	1.43906309017926	0.230291012989061	0.278850843717053
"hsa-miR-2115-3p"	-8.37414171014721	4.48587264932567	69.4668958697052	7.77078675519456e-17	8.18091161171872e-16
"hsa-miR-2115-5p"	-6.95283566248606	3.30519755495862	34.4990203347625	4.26465911684963e-09	1.77616022558902e-08
"hsa-miR-212-5p"	-0.681630173988848	3.36887728001293	1.26681246975104	0.260365511191386	0.303626242281647
"hsa-miR-215-5p"	1.46746743060732	4.13230162664964	9.3054680810463	0.00228470927012256	0.00420342142415753
"hsa-miR-22-3p"	0.997295187906692	13.5792870380606	8.28453101522581	0.00399842302567622	0.00685702410285651
"hsa-miR-22-5p"	0.852795010756933	5.0160410994786	5.49277393479448	0.0190952232750837	0.029539141311252
"hsa-miR-221-3p"	0.679022512423564	11.2054374258691	3.66026210759642	0.0557248659820432	0.0767989971170704
"hsa-miR-221-5p"	-1.65139955990142	7.96810592165567	20.1424146153536	7.18847578169783e-06	1.8533553205874e-05
"hsa-miR-222-3p"	1.54631150640409	9.73658090096885	16.7945207250584	4.16534007470619e-05	9.68505452953156e-05
"hsa-miR-223-3p"	-9.54694505469391	15.4776692607135	390.643031649574	5.99637500187934e-87	1.13631306285613e-84
"hsa-miR-223-5p"	-4.93391856021143	5.65285532181845	90.1922135156863	2.16110916211206e-21	3.72300169291124e-20
"hsa-miR-224-5p"	-6.91715769208226	3.27806021701306	32.2519788505409	1.35419100040783e-08	5.23712641994458e-08
"hsa-miR-2277-5p"	-1.04082392766045	3.77526306977709	3.70948731546356	0.0541040070513273	0.0748372944250112
"hsa-miR-2355-3p"	-2.71131480294378	2.97886050269302	10.8042864015271	0.00101265351814351	0.00195126462203901
"hsa-miR-2355-5p"	-3.20917600130012	5.92064745015511	47.5299689601211	5.41694517914051e-12	3.42170370482376e-11
"hsa-miR-23a-3p"	-1.37653522987307	11.783762818782	18.0149278820478	2.19179481753286e-05	5.32493740926252e-05
"hsa-miR-23a-5p"	0.761291990293326	4.19474881828304	2.89939939877424	0.0886125635266993	0.116208171545395
"hsa-miR-23b-3p"	-0.402141087249564	7.72519157741726	1.29829213748688	0.254525420120321	0.298152892629877
"hsa-miR-23c"	-4.35052438044583	1.7547156141161	5.21719535509911	0.0223645929092613	0.0341781480347178
"hsa-miR-24-2-5p"	-2.17502296372461	6.5686752332356	30.6748190690358	3.05098905123886e-08	1.08067743029862e-07
"hsa-miR-24-3p"	-1.73559100467019	10.2954453526429	21.4120138592832	3.70442719905539e-06	9.75190332963201e-06
"hsa-miR-2467-5p"	-3.32323216968434	4.151618455778	31.8317365840761	1.68123091779379e-08	6.30877740439453e-08
"hsa-miR-25-3p"	-0.583949453298958	12.6560396740979	3.72383172100245	0.0536411408111654	0.0747426189979105
"hsa-miR-25-5p"	0.899757184556323	4.42646665504585	3.47531980203162	0.0622906805641525	0.0852280430823603
"hsa-miR-26a-2-3p"	0.756229956744292	4.577971774228	0.953036126520821	0.328947679653991	0.377791426026856
"hsa-miR-26a-5p"	0.537120694726355	16.5381361344794	3.33501416037052	0.0678198230784693	0.0921280033933328
"hsa-miR-26b-3p"	0.43910817512718	7.35252250577124	1.72364850247814	0.189224079232031	0.234365771336404
"hsa-miR-26b-5p"	-0.370270556036148	13.6429762417486	1.31593157566226	0.251323512947168	0.295812457785642
"hsa-miR-27a-3p"	0.170532617507092	12.5782529044771	0.215094143654824	0.642803631701452	0.690148941685129
"hsa-miR-27a-5p"	0.0947227069728343	5.89352224358676	0.0753710509287424	0.78367129268481	0.815965439361382
"hsa-miR-27b-3p"	0.351847291830952	11.6216712101869	0.897795242273304	0.34337357639201	0.393167931880881
"hsa-miR-27b-5p"	1.79398991111317	3.05528535757303	8.9042176483178	0.00284512747144101	0.00508633637583087
"hsa-miR-28-3p"	0.869684974536325	12.5237689874476	6.93912073492638	0.00843305567838265	0.013600545115349
"hsa-miR-28-5p"	2.46728776364081	9.60923202784543	52.3634322827204	4.61232958540553e-13	3.17831438703399e-12
"hsa-miR-296-5p"	4.03620545744961	3.18254957727633	28.4827145901842	9.45387506128163e-08	3.19912379305869e-07
"hsa-miR-29a-3p"	2.88008662427152	14.0716312297679	72.0901787563726	2.05584397633932e-17	2.36110565767455e-16
"hsa-miR-29a-5p"	1.53737858565513	5.53728857601292	9.8756690963559	0.00167478682401801	0.00312681875026023
"hsa-miR-29b-1-5p"	1.40641171891265	3.55188483336685	7.99726154247274	0.0046848148903012	0.00792653947957211
"hsa-miR-29b-2-5p"	1.38711659450651	3.31786233689011	4.51590947973352	0.0335810280762882	0.0489508063112047
"hsa-miR-29b-3p"	3.11036320940142	9.52315823188672	27.2253836253048	1.81065798732511e-07	5.81558794234083e-07
"hsa-miR-29c-3p"	3.15332144425714	12.1547737434872	44.129965746832	3.07280710355486e-11	1.687817235141e-10
"hsa-miR-29c-5p"	0.90892721525139	6.80158290305486	4.78658198265022	0.0286822896146672	0.0424632334529643
"hsa-miR-301a-3p"	-0.199627049347455	6.57980439395367	0.252246580667153	0.615497614574375	0.66270907932866
"hsa-miR-301b-3p"	-0.935473558622211	3.66922765295615	3.23201475184373	0.0722117975525011	0.0963671523675983
"hsa-miR-30a-5p"	-1.17388774327663	3.52507076888121	4.05895168761001	0.0439377679549237	0.062839298320438
"hsa-miR-30b-5p"	2.18180984830122	11.403146848277	40.3386204858197	2.13545623872682e-10	1.07911721930329e-09
"hsa-miR-30c-1-3p"	-0.904755340089328	4.42108658897042	3.83101052952797	0.0503125905365605	0.0706239696790978
"hsa-miR-30c-5p"	-0.659269387023485	12.3906329366361	4.38423631065996	0.0362727383101593	0.0526719073545991
"hsa-miR-30d-3p"	2.21282151839071	5.05087356937514	15.8572134140584	6.83056688783719e-05	0.000155017056915586
"hsa-miR-30d-5p"	0.530933004320689	12.9598620757967	2.48245074194006	0.115122745005002	0.148406531826175
"hsa-miR-30e-3p"	-0.45449665512332	9.10913127531012	1.7546299736654	0.185295737309923	0.231010146185726
"hsa-miR-30e-5p"	0.509223097431202	13.1721592089988	1.47551787184744	0.224477111715513	0.273558923923407
"hsa-miR-31-3p"	7.46227723915309	3.4117767389483	45.6949984422355	1.3817513120167e-11	8.18255855084889e-11
"hsa-miR-31-5p"	6.90831502826905	7.94685841656611	127.31398226541	1.58589833548022e-29	4.00703646098002e-28
"hsa-miR-3150b-3p"	-6.61349256246816	3.04743891630365	26.7142519299133	2.35875323152713e-07	7.44972895623984e-07
"hsa-miR-3173-5p"	-0.043591919030134	2.93683695864531	0.00477792888706041	0.944892060316432	0.957524307112106
"hsa-miR-32-3p"	0.719738000223672	3.17803531446066	1.23530991356611	0.266376866127596	0.309683534547113
"hsa-miR-32-5p"	4.39622941321252	7.38841951761246	34.5796295485825	4.09165761052076e-09	1.72304248265263e-08
"hsa-miR-3202"	3.51999585279628	2.73427029752585	18.3925027138918	1.7976390003726e-05	4.4240596178001e-05
"hsa-miR-320a"	2.04585074186944	9.87087052731544	34.3618950981718	4.57595069913043e-09	1.88509273366352e-08
"hsa-miR-320b"	2.54317725786757	4.24848048780437	29.9914636426777	4.33952481215897e-08	1.52285176278541e-07
"hsa-miR-320d"	1.14207919803868	3.6529874068979	4.57194729554692	0.0324996027490972	0.0475573337525399
"hsa-miR-323b-3p"	-6.07999005578892	2.66646809209668	13.3634046092506	0.000256582087926172	0.000549404583751521
"hsa-miR-324-3p"	0.860920807775946	4.85555311564816	4.99018888379851	0.025491426089593	0.0380364192439202
"hsa-miR-324-5p"	0.619292327210855	4.6831960847715	1.75577815079394	0.185151984133815	0.231010146185726
"hsa-miR-326"	-1.63766339508529	5.84018133850216	16.7400152321578	4.28672601613028e-05	9.90651926898401e-05
"hsa-miR-328-3p"	0.249828205274589	6.89427865681721	0.533189948455452	0.465268817858252	0.5111213970095
"hsa-miR-330-3p"	0.377427895536129	6.01413271661728	0.967342889577595	0.325343749731181	0.374788088596102
"hsa-miR-330-5p"	1.24909744284516	5.17773955813287	11.4366887192983	0.000720080003915262	0.00143635508924333
"hsa-miR-331-3p"	-0.0358326118215532	8.28460947463631	0.00654204936741998	0.935535050442619	0.950583871629364
"hsa-miR-331-5p"	3.54089961407858	3.31921609686971	31.9186233622937	1.6076836665113e-08	6.09312109607782e-08
"hsa-miR-335-3p"	1.60388848847824	5.27499594381073	14.3072926596867	0.000155262214239946	0.000338186087338733
"hsa-miR-335-5p"	1.04327086797256	6.42193679754743	4.24542347352583	0.0393562533518791	0.0569313741235197
"hsa-miR-338-3p"	-5.70138522879489	10.5781335276582	154.723852993396	1.60894318461682e-35	6.09789466969774e-34
"hsa-miR-338-5p"	-5.84950035883828	6.99373124521651	113.393774330093	1.7690953132881e-26	3.94404190433052e-25
"hsa-miR-339-3p"	4.08347155160062	9.20055496074104	84.5027518118907	3.83680445177464e-20	5.81659554889036e-19
"hsa-miR-339-5p"	0.495514002178053	6.90244019185546	1.54166425811534	0.214370253590064	0.263786773086475
"hsa-miR-33a-3p"	2.26298628610975	3.92878722503097	11.6943552623515	0.00062689988510935	0.00125711670082774
"hsa-miR-33a-5p"	0.547303614525399	3.97305046568885	0.755396781447303	0.384772938390685	0.43144657884636
"hsa-miR-33b-5p"	1.37324076599059	4.31349635002942	2.78770588828735	0.0949901276700706	0.123715664559989
"hsa-miR-340-3p"	-3.83719794414879	5.85270415395127	67.7412939391237	1.86418128039795e-16	1.90952623046168e-15
"hsa-miR-340-5p"	-3.14797919345813	10.1641639247309	44.5440137197656	2.48702775122985e-11	1.42815684502441e-10
"hsa-miR-342-3p"	5.55483561987336	13.306228615843	169.082510426825	1.17370367286588e-38	7.41389486693614e-37
"hsa-miR-342-5p"	6.22780957277287	8.20909675854161	159.486137166331	1.46528556409547e-36	6.94179035990227e-35
"hsa-miR-345-5p"	-3.53829284050203	8.47097680861904	60.8318491841469	6.21640246440381e-15	5.35458303183873e-14
"hsa-miR-34a-5p"	3.39966919389224	4.51951283671319	28.6319991556333	8.75238267558961e-08	2.98842615680042e-07
"hsa-miR-34c-5p"	-3.01909967512031	3.97381383171767	24.5346527598237	7.29853509545761e-07	2.1115609169301e-06
"hsa-miR-3605-3p"	-1.65034222488897	4.57454218154639	8.9387124419714	0.00279189448874106	0.00503870481539458
"hsa-miR-3605-5p"	-3.76167872716454	3.84134293690696	30.8972701804623	2.7205418049427e-08	9.72722022710645e-08
"hsa-miR-3607-3p"	4.95323077637197	9.25674837251941	127.797645265922	1.24290608421482e-29	3.36472432798155e-28
"hsa-miR-3607-5p"	5.31598701711095	3.03202431749004	33.4238423749313	7.41098413478877e-09	2.98804573094143e-08
"hsa-miR-3609"	2.02241259678879	3.49413330335528	8.85446079490873	0.00292373475441198	0.00520232615925888
"hsa-miR-361-3p"	2.53394823354512	11.0288826280623	43.4275020456906	4.3996099704746e-11	2.3159058039026e-10
"hsa-miR-361-5p"	0.536645240636296	8.24048913696321	2.445191553568	0.117885493713179	0.151452888533203
"hsa-miR-3613-3p"	-0.983490454185717	3.69217761134974	2.87149285135453	0.0901612027676147	0.117831364996296
"hsa-miR-3613-5p"	-1.49487236284921	5.40247943022851	7.91649499859099	0.00489860832812843	0.00819167830237768
"hsa-miR-3614-5p"	-7.25092358834646	5.00774980754072	59.9652645555648	9.65463098185573e-15	7.78533008962409e-14
"hsa-miR-3615"	-1.12552091035039	5.97948175414809	8.80706840246473	0.00300065775731846	0.00526713077290005
"hsa-miR-362-3p"	2.47510462687808	3.14043752952086	7.33225760735978	0.00677279325141626	0.0110641751822705
"hsa-miR-362-5p"	-1.14267939819555	3.68394920627516	3.0928695713241	0.0786360205682314	0.104572111562666
"hsa-miR-363-3p"	3.61871796506571	9.22265833838322	36.2135428221978	1.76837380751564e-09	7.97873420295749e-09
"hsa-miR-3651"	1.79088328628738	3.16904124589842	5.10476339295578	0.0238602331764872	0.0358850332297168
"hsa-miR-3653-3p"	4.72468899455731	3.73605821990998	47.0173011042993	7.03628293652917e-12	4.23293846499136e-11
"hsa-miR-3653-5p"	4.44455467865619	3.21681534899347	37.277373574266	1.024665692171e-09	4.67889514858808e-09
"hsa-miR-365a-3p"	-2.72568075744273	4.67861953350058	23.6883577904679	1.13265660729692e-06	3.20237822846784e-06
"hsa-miR-365b-3p"	-2.64654442117325	4.68701911909341	23.971046674386	9.77953478470566e-07	2.78679976195748e-06
"hsa-miR-3690"	-5.53200604216584	5.33228214501227	44.5940432969448	2.42428109455567e-11	1.41354236128708e-10
"hsa-miR-371b-3p"	-7.23945841216305	3.532862332042	35.145327793821	3.05994680486611e-09	1.34851144074913e-08
"hsa-miR-371b-5p"	-7.34609773347925	5.85726081271699	72.6744859250376	1.52898041441737e-17	1.81088617832557e-16
"hsa-miR-374a-3p"	1.23330056722092	7.05996929829021	3.97774478271109	0.0461052536029162	0.064958703031618
"hsa-miR-374a-5p"	-0.179664610880403	7.44912562713384	0.135211049558379	0.713089072135129	0.750724328720039
"hsa-miR-374b-5p"	0.749709899836864	6.87070684873324	4.91996172400306	0.0265481052742939	0.039457772152774
"hsa-miR-378a-3p"	0.954416277990667	9.86105879120358	8.60691787911311	0.00334888533796993	0.00582214469307616
"hsa-miR-378a-5p"	0.12031760086443	3.42007736722058	0.0421418681899115	0.837349582709056	0.857717545531708
"hsa-miR-378c"	0.952204847799069	3.34202041369237	2.68691517232675	0.101175517440894	0.130872085699995
"hsa-miR-381-3p"	-1.82777631933029	2.73482164538236	3.62107370953274	0.0570520415827465	0.0783432020284816
"hsa-miR-382-5p"	-2.5595910848888	2.15015201678345	4.77162439243386	0.0289325147830644	0.0426670159641301
"hsa-miR-3909"	-2.80897250170549	5.10856550529533	27.0528748144609	1.97965594224328e-07	6.30495463958154e-07
"hsa-miR-3912-3p"	3.20227831678529	4.14808767036149	19.9843307991184	7.80793773715807e-06	1.99946513674521e-05
"hsa-miR-3928-3p"	-2.75529437212145	2.96737566072542	11.7192233435126	0.000618577653843104	0.00124702622769434
"hsa-miR-409-3p"	-5.66119380219373	5.87918819754529	25.3963667900587	4.66796439825154e-07	1.43834024954255e-06
"hsa-miR-409-5p"	-6.53780446914643	4.37897454111415	19.6878461309198	9.11794321591072e-06	2.30380031922011e-05
"hsa-miR-410-3p"	-3.40582510867923	4.20752463100609	10.8858648702161	0.000969009221776974	0.00188335638488961
"hsa-miR-411-5p"	-3.68707596310715	3.6003355995794	11.7550748064675	0.0006067757239213	0.00122977539768007
"hsa-miR-421"	-1.23499565749097	6.81019778867463	9.15233066194752	0.0024840147361576	0.00452616146636409
"hsa-miR-423-3p"	0.31500148531084	11.9586725358507	0.826544279270308	0.363273693842242	0.410987253630477
"hsa-miR-423-5p"	1.07662356677557	11.6846430958715	6.68992951581561	0.0096959038439488	0.0155052639529814
"hsa-miR-424-3p"	-4.26065955954348	4.97319792437647	57.9101785729906	2.7436378323654e-14	2.07967747693297e-13
"hsa-miR-424-5p"	-5.20486991730944	7.31949246154531	79.926232764145	3.88652160901127e-19	5.4555247770936e-18
"hsa-miR-425-3p"	-2.33932993948724	6.58351205100136	34.9291138065097	3.41929647526417e-09	1.47262882286945e-08
"hsa-miR-425-5p"	-1.2208779720189	9.94085490878549	11.3461956240427	0.000756026811102512	0.00148463296066245
"hsa-miR-4286"	-3.56064364266221	2.80338768330421	12.0992851327711	0.000504411579898816	0.0010278063912992
"hsa-miR-431-5p"	-3.62103055113945	2.71222802952638	9.03160383796653	0.00265351568632259	0.004811877727829
"hsa-miR-4326"	0.0636832810468167	2.703817702778	0.00349617124416035	0.952849814318387	0.957904720495142
"hsa-miR-4433b-5p"	-4.1793721916765	4.58948948615118	43.7263489486906	3.77652895615874e-11	2.01592179490727e-10
"hsa-miR-4443"	5.35376787236207	3.5553943013818	43.7694550609889	3.69425869192103e-11	2.00017720605439e-10
"hsa-miR-450a-5p"	-5.46057460228852	6.85199826645219	109.618580358319	1.18781924712704e-25	2.50101941478416e-24
"hsa-miR-450b-5p"	-7.29984331898653	7.13832352177338	143.225334266276	5.24762645881693e-33	1.52988494453201e-31
"hsa-miR-451a"	-7.2479611492516	11.5944403686657	158.723693751158	2.1503673446643e-36	9.05543581808635e-35
"hsa-miR-454-3p"	-0.132915603743003	7.64677339399162	0.129742781885346	0.718698880619935	0.754534281869682
"hsa-miR-454-5p"	-1.83014129512948	4.79954395801373	16.5682495787532	4.69301721586253e-05	0.000107797183321933
"hsa-miR-455-5p"	6.09103638863042	2.31689308763323	25.8783014432013	3.63633828496047e-07	1.12964935245903e-06
"hsa-miR-4645-3p"	-1.90338711779403	3.84276003537874	12.6679699619086	0.000371973185238179	0.000783210206695943
"hsa-miR-4677-3p"	-0.836098980937834	4.11474857921617	2.75392110021878	0.0970162423390482	0.1259217665976
"hsa-miR-4732-3p"	-5.17710965763072	2.09893742080545	9.29557654101088	0.00229707837020038	0.00420576184688861
"hsa-miR-4772-3p"	-3.60264660365603	3.76012368897627	23.6747585672037	1.1406888148896e-06	3.20237822846784e-06
"hsa-miR-4772-5p"	-2.47152999280908	5.1919753322978	25.0680604468335	5.53419699651952e-07	1.67552675827708e-06
"hsa-miR-484"	-0.834830487251732	10.8538907788964	5.26943064054085	0.021703110051252	0.0333015332365365
"hsa-miR-485-3p"	-6.06671756346225	2.65971606934082	12.260886161912	0.000462551799546357	0.00095796247009874
"hsa-miR-486-3p"	-0.300596184042469	4.11939547730249	0.326514141489401	0.567718933253364	0.614758502008642
"hsa-miR-486-5p"	-4.06360783279448	12.615747014293	67.1763476602654	2.48274955633175e-16	2.47621600486772e-15
"hsa-miR-487b-3p"	-3.73139513724972	2.78729758564588	10.0132178606476	0.0015542073321216	0.00293057004414969
"hsa-miR-491-5p"	-2.69355041295429	3.0703617347812	13.4483610523146	0.000245220310547479	0.000528059646008492
"hsa-miR-496"	-5.03608213813087	2.01928261099987	7.91363394539067	0.00490636141065892	0.00819167830237768
"hsa-miR-500a-3p"	-1.40790744363236	8.22856490511592	14.5965434909039	0.000133158562407977	0.000291717313020944
"hsa-miR-501-3p"	-1.12204346762445	7.20278115842776	8.82936346884517	0.00296421761572815	0.00524971250635967
"hsa-miR-502-3p"	-0.173976892028092	4.27572121311002	0.0953754728403942	0.757451458157354	0.790837748324069
"hsa-miR-503-5p"	-5.60058952357286	2.34724357150499	14.9581926318275	0.00010991974920919	0.000243623303802826
"hsa-miR-504-5p"	-8.64115719658955	4.72381145647219	51.5380973728066	7.02211299170385e-13	4.66908916465923e-12
"hsa-miR-505-3p"	-0.003149557268555	6.2102760141227	7.21545428730153e-05	0.993222544439748	0.993222544439748
"hsa-miR-514a-3p"	6.2698400714994	2.4437911869326	24.6644700813168	6.82305214465648e-07	2.00460214172466e-06
"hsa-miR-532-3p"	0.0983148395573879	5.11467212076336	0.066816834760566	0.796029131807313	0.824162646628617
"hsa-miR-532-5p"	-0.0236040568111149	8.77917432757977	0.00394862827416098	0.949895417124366	0.957904720495142
"hsa-miR-542-3p"	-4.42092999334701	3.38231674160704	27.7453844723637	1.38377951707009e-07	4.60045997341721e-07
"hsa-miR-542-5p"	-5.23950592841036	4.67617443148444	61.3856394293905	4.69220424658825e-15	4.13568699873709e-14
"hsa-miR-548au-5p"	-1.30039040546739	3.36130529666135	5.09635068452407	0.0239762352342509	0.0359169689872771
"hsa-miR-548e-3p"	-2.82025466612152	7.66006961546439	32.9255758033937	9.57552096078418e-09	3.79842112756265e-08
"hsa-miR-548e-5p"	-1.74717606981554	4.71634643687859	16.0388292622269	6.20566584256221e-05	0.000141683575562113
"hsa-miR-548k"	-2.47518116072178	6.92272860105763	38.0333024662673	6.95473560296762e-10	3.33651239686675e-09
"hsa-miR-548o-3p"	-0.180301698508617	4.34722736963994	0.185952104935621	0.666307218816083	0.713362813365242
"hsa-miR-548w"	0.518515379402872	3.70947081117359	0.777205801448468	0.377997069591857	0.425106496662652
"hsa-miR-550a-3p"	-3.82344451181575	5.24999958386588	60.3822538080593	7.81140458749435e-15	6.57893853035635e-14
"hsa-miR-550a-5p"	-3.34034929916675	3.48761223448422	22.546475121661	2.05120551450154e-06	5.67450284668673e-06
"hsa-miR-551a"	-4.9081486572604	3.71479355538499	38.4494957283709	5.61890984128793e-10	2.73021388442068e-09
"hsa-miR-5690"	2.22090490953738	3.65737427612811	15.1764124907682	9.79189478952313e-05	0.000218301654425251
"hsa-miR-574-3p"	-5.47623939595464	6.70986944761126	108.912542585923	1.69606725453347e-25	3.38320783930625e-24
"hsa-miR-576-5p"	0.957345412697121	6.12953003394686	7.62404165708218	0.00575952668252573	0.00957395005560198
"hsa-miR-582-3p"	-4.02904637793281	6.64863254719201	59.4130263642078	1.27820182817828e-14	1.00924686016577e-13
"hsa-miR-582-5p"	-4.1715904947973	7.37478129425251	57.7967613691716	2.90647860981765e-14	2.15991253553115e-13
"hsa-miR-584-5p"	-6.08120994563069	5.75637975771131	73.6421361325792	9.36441780889973e-18	1.18303811652433e-16
"hsa-miR-589-3p"	-0.0780638499712952	4.6344848635304	0.0335056289898987	0.854762373742552	0.87319390740816
"hsa-miR-589-5p"	-1.57012799420668	7.97324766148627	16.8274213886337	4.09374751807752e-05	9.57734758858877e-05
"hsa-miR-590-3p"	0.996504776595906	6.35880178241629	2.25322673607366	0.133336114148383	0.170149452061405
"hsa-miR-598-3p"	2.72939916265375	4.49090899380297	23.145949332634	1.50159185717559e-06	4.18458319021726e-06
"hsa-miR-616-5p"	-0.371618355879502	4.30427772312637	0.648615033799618	0.420608276685021	0.468854520187126
"hsa-miR-618"	-10.6742684076606	6.61404359998805	116.484992601135	3.72184951471253e-27	8.81613103797531e-26
"hsa-miR-625-3p"	2.70201861827633	5.95699638845102	31.5445633811507	1.94915321884772e-08	7.24244186218909e-08
"hsa-miR-625-5p"	1.00160901715356	4.94861853743587	6.76421746503414	0.00930036973184704	0.0149357632558052
"hsa-miR-627-3p"	-0.365266700014023	2.94693555458465	0.327775065376837	0.566972156547582	0.614758502008642
"hsa-miR-628-3p"	-2.11062769250663	4.59135363296898	22.3715831584368	2.24673836234874e-06	6.08224170950123e-06
"hsa-miR-628-5p"	-2.49091479302989	5.51734489121969	37.7982730830958	7.84511898789123e-10	3.71662512051347e-09
"hsa-miR-629-3p"	0.584504192013508	3.84820696877869	1.39960497530926	0.236789721831002	0.283265054986082
"hsa-miR-629-5p"	-2.40712312780263	5.90188322213295	31.0448938601253	2.52128729913776e-08	9.10064653688771e-08
"hsa-miR-641"	-0.751777641996057	3.68073179496466	1.90351235937629	0.167685700636991	0.21044000179278
"hsa-miR-642a-5p"	3.09874965961062	3.39205180948144	17.3705223555085	3.07559177653734e-05	7.3775271095421e-05
"hsa-miR-651-5p"	0.396626294304174	3.12757585313933	0.381695241428794	0.536697365384002	0.586191070549098
"hsa-miR-6516-3p"	0.953001608292677	3.61847893768199	1.39524958479237	0.237520567067421	0.283265054986082
"hsa-miR-652-3p"	-0.572856855304164	8.18352927169251	2.42366280675829	0.119515188053255	0.153027892811432
"hsa-miR-652-5p"	-0.912879401108714	4.56906154471646	3.25322298352379	0.0712831632925721	0.0956705721293443
"hsa-miR-654-3p"	-4.10417604560074	4.8331194907671	21.774527021327	3.06644473049108e-06	8.1843841750431e-06
"hsa-miR-659-5p"	1.08848078251671	3.78173486178631	5.15110240155743	0.0232316195835177	0.0352191352886129
"hsa-miR-660-5p"	-0.429203949031132	7.91457927112704	0.81643339850983	0.366225024236551	0.413093107695395
"hsa-miR-664a-3p"	0.668697339610941	7.12017229904451	2.97641959193627	0.0844859770061478	0.111181198907396
"hsa-miR-664a-5p"	1.20628922479206	3.85230977576402	5.91761338972617	0.0149902504230554	0.0236721037930749
"hsa-miR-664b-3p"	1.47991420844353	3.69505264938813	7.43068382904713	0.00641209707257889	0.010520280478387
"hsa-miR-671-3p"	-0.478798694282692	5.67002684549004	1.39671662465774	0.237274089125297	0.283265054986082
"hsa-miR-671-5p"	3.30644917618215	3.62376108219128	32.0037726729401	1.53873455747113e-08	5.89071108365209e-08
"hsa-miR-6731-3p"	4.70142693584328	2.7165652435486	25.3369481407246	4.81398658363904e-07	1.4713717058058e-06
"hsa-miR-6769b-3p"	3.12855730009781	3.41830989783435	24.6271049231909	6.95663405287814e-07	2.02812638926217e-06
"hsa-miR-6803-3p"	0.657897163608132	4.21462041939989	1.48905345207605	0.222363380182294	0.271857164803514
"hsa-miR-6819-3p"	-2.26729410990635	2.80903125805009	8.92936116897141	0.00280622481206826	0.0050405649467956
"hsa-miR-6842-3p"	-1.95880787413774	5.6163461764731	25.0555039023417	5.57035281115862e-07	1.67552675827708e-06
"hsa-miR-6852-5p"	-4.19348519499777	3.16261986434478	21.4116094363059	3.70520865294725e-06	9.75190332963201e-06
"hsa-miR-7-1-3p"	1.75798529134802	6.4621540357723	19.8312316217861	8.45892009155364e-06	2.15163135214686e-05
"hsa-miR-7-5p"	-1.5299889275814	5.57810285681767	12.1001740265079	0.000504171171747077	0.0010278063912992
"hsa-miR-7155-3p"	-5.84521416713104	2.50549405237747	18.4826140657506	1.71461302720036e-05	4.24730939417605e-05
"hsa-miR-744-3p"	-2.33051408593507	2.67060907767488	7.96405851592895	0.00477153034364858	0.00803737777885694
"hsa-miR-744-5p"	-2.47883849376825	7.65716562251733	39.6907041538149	2.97538348068016e-10	1.46450693399712e-09
"hsa-miR-766-3p"	0.609257759674309	7.17523943176449	3.03032176911956	0.0817218084887202	0.107918346401481
"hsa-miR-769-5p"	0.403395696225931	9.61303056514386	1.39433976789459	0.237673581756132	0.283265054986082
"hsa-miR-7706"	0.316359882050839	4.02934626663843	0.351978926888898	0.552995039634368	0.60225609201559
"hsa-miR-7976"	-2.05706059075419	4.17581631613398	14.2810307298841	0.000157443553346731	0.000340977752676634
"hsa-miR-7977"	-1.50639043047787	2.86055476672322	4.64561689929366	0.0311329453102689	0.0457340553201237
"hsa-miR-873-3p"	-4.79888128279144	3.45675419057778	27.8501806847209	1.31081827268587e-07	4.39646128626499e-07
"hsa-miR-873-5p"	-7.43780506852762	3.69008937369285	34.1532299587024	5.09386214681755e-09	2.07588575660629e-08
"hsa-miR-874-3p"	5.16209559038405	7.54861660943531	91.8286961578891	9.45139192597552e-22	1.70575120949749e-20
"hsa-miR-874-5p"	4.07263310888696	4.3829460310103	37.3948610158471	9.6476001247882e-10	4.45907371621308e-09
"hsa-miR-877-5p"	2.32429530037498	4.07219934565808	16.9169620247032	3.90510674662023e-05	9.19276681347246e-05
"hsa-miR-9-5p"	0.303291187386913	3.55827730400848	0.166756624433483	0.683010532527203	0.727137617493848
"hsa-miR-92a-1-5p"	4.78975970679848	3.45922975214691	41.5478284320752	1.15022176525708e-10	5.89100066260047e-10
"hsa-miR-92a-3p"	1.04464392436506	16.3536745914254	12.1566972929577	0.000489119119614749	0.00100747905616299
"hsa-miR-92b-3p"	2.70689462220165	8.72174521051767	35.5798476252235	2.44807079487562e-09	1.09155156618572e-08
"hsa-miR-93-3p"	-3.02621515719184	6.12290967027859	52.5326594327924	4.23152547518951e-13	2.96990399092005e-12
"hsa-miR-93-5p"	-1.11418335823949	10.666022776612	10.7290797926754	0.00105464880773356	0.00200860250317094
"hsa-miR-935"	-5.44914358461851	2.25486014110786	13.226458352986	0.00027602487545062	0.000584432557518352
"hsa-miR-941"	-4.03159459969257	10.2799476516723	101.202825538908	8.30308049720895e-24	1.5734337542211e-22
"hsa-miR-941-3-5p"	-4.04268840851164	7.97528839824023	83.1175584303941	7.73158753079108e-20	1.12702756698839e-18
"hsa-miR-942-5p"	-0.713380923633749	4.98480059022821	3.25423864765337	0.0712390132923913	0.0956705721293443
"hsa-miR-95-3p"	6.27246863135064	3.61241437417414	61.696927592121	4.00604906863304e-15	3.61498237383791e-14
"hsa-miR-96-5p"	-2.55586773171381	2.85526843704497	9.81246318462832	0.00173333198527114	0.00320455035325737
"hsa-miR-98-3p"	-2.18626738154181	2.7756176223299	8.2480952877314	0.00407947847416434	0.00693328404353491
"hsa-miR-98-5p"	-0.69597604313636	9.58134084346812	4.01318743751301	0.0451457254129902	0.0642279243304575
"hsa-miR-99a-5p"	2.47375610178233	7.12894214750553	12.3767744078317	0.000434707485048137	0.00090524251007277
"hsa-miR-99b-3p"	1.04738396150002	3.31500349383386	3.24968023766217	0.0714373929092465	0.0956705721293443
"hsa-miR-99b-5p"	0.486554206381013	11.735037595744	1.41659335853462	0.233964934343547	0.282397165975173
