"logFC"	"logCPM"	"LR"	"PValue"	"FDR2"
"hsa-let-7a-3p"	0.470193748553235	4.74333450021467	0.651503221222346	0.419575750953052	0.50470521193935
"hsa-let-7a-5p"	0.92820261523696	14.9564948184964	6.86819551990186	0.00877432052598247	0.0152868162052672
"hsa-let-7b-3p"	-0.704282929479826	5.3809929181665	3.42098939705928	0.0643724223230628	0.0955235884530285
"hsa-let-7b-5p"	0.631476529644917	11.0762225226727	2.92420818953451	0.0872600234881059	0.124839157691013
"hsa-let-7c-5p"	1.80935494067738	4.1774382906576	13.3525081298624	0.000258077233616618	0.000624483182578484
"hsa-let-7d-3p"	-1.49700806025627	7.75365201123979	20.1568444363775	7.13444987525099e-06	2.15131103930645e-05
"hsa-let-7d-5p"	-0.248824248246595	10.4389602368864	0.595193959621341	0.440417645904228	0.517935013157852
"hsa-let-7e-5p"	-1.18292516395819	6.96424059649514	9.89925417336594	0.0016534576986253	0.00324077708930558
"hsa-let-7f-1-3p"	-0.162461670747331	3.59838824123218	0.101912883567922	0.749546063730533	0.809427154221402
"hsa-let-7f-2-3p"	1.27394334244943	3.73188152506587	4.09206189458762	0.0430850520083974	0.0667562861157779
"hsa-let-7f-5p"	2.01258656696241	15.2750217028025	26.7349047372099	2.33367670620016e-07	8.79616604644674e-07
"hsa-let-7g-3p"	2.73812089272709	4.69277239118894	28.4833569586629	9.4507389712675e-08	3.81926770797614e-07
"hsa-let-7g-5p"	2.72270475759229	14.9133542457137	47.1767220625202	6.48662476398135e-12	4.54063733478695e-11
"hsa-let-7i-3p"	1.53151022877556	6.23973771489516	13.6913317369945	0.000215446630859499	0.000531164020735368
"hsa-let-7i-5p"	1.73098681517268	12.655358359641	25.9463099231863	3.51045819311335e-07	1.29820718084946e-06
"hsa-miR-1-3p"	2.60303729753177	2.59891683522289	6.92443869164577	0.00850256749960478	0.0148794931243084
"hsa-miR-100-5p"	-2.71923401733599	8.78033480816619	9.49924756677375	0.00205556174354833	0.00393063513888265
"hsa-miR-101-3p"	1.01170382831135	14.5845951043351	5.80988468755345	0.015936339154052	0.0263588394446767
"hsa-miR-101-5p"	0.0726371404717394	5.97097803634111	0.0453225578116858	0.831412019202829	0.866791254062524
"hsa-miR-103a-2-5p"	-1.53066449912534	2.81218548667188	3.7012392891926	0.0543720694051094	0.0822928618023277
"hsa-miR-103a-3p"	-0.391360265231817	13.2581463855964	1.35778599015634	0.243921557624716	0.316613412545989
"hsa-miR-106a-5p"	3.54346285149229	4.9497772890097	41.9889294661658	9.17916223188189e-11	5.62223686702766e-10
"hsa-miR-106b-3p"	0.425504541320587	8.95568882153269	1.63385840038712	0.201170207099012	0.264626581150378
"hsa-miR-106b-5p"	-0.445022541460806	9.0678965170716	1.7431964063671	0.186734330054001	0.246934575613734
"hsa-miR-107"	0.479776281177395	4.64202598546103	0.973311278847272	0.323855741658111	0.403020478507872
"hsa-miR-10a-5p"	2.99313679683622	12.4381200101356	25.747489969539	3.89132773469462e-07	1.42560791775728e-06
"hsa-miR-10b-5p"	3.04716926287333	5.52726951522396	11.844709962672	0.000578253811802556	0.0012593083012589
"hsa-miR-1226-3p"	-1.69645378574563	3.2875660284488	7.54427680200601	0.00602009796318561	0.0107267200071307
"hsa-miR-1248"	1.17943953396469	3.53956961380779	2.17193890247047	0.140548929724315	0.192640491090669
"hsa-miR-1249-3p"	-1.59975142705337	4.77325706725432	12.2899470873323	0.00045540464697972	0.00101431035009119
"hsa-miR-1255a"	-0.806946391499052	3.07328232415584	0.614669031705528	0.433035233666962	0.512839309962082
"hsa-miR-125a-3p"	-2.2838548876387	3.85301966696519	17.1855208335929	3.39010429812268e-05	9.42497081463894e-05
"hsa-miR-125a-5p"	0.734269964536402	12.0760886762231	4.19940574228715	0.0404381477666754	0.0631543981057242
"hsa-miR-125b-5p"	0.705460546653306	7.04397945176386	3.98713420476512	0.0458489827230409	0.0707590599505198
"hsa-miR-126-3p"	-4.30573638627623	7.24937692225723	62.0123331945375	3.41312937292676e-15	3.43063260048023e-14
"hsa-miR-126-5p"	-4.98990076736289	8.82178414818591	89.4999127887269	3.06651988751728e-21	7.07103409356926e-20
"hsa-miR-1260a"	-1.66824026402307	6.62862655709833	22.0431557819356	2.66588559566621e-06	9.00885477156169e-06
"hsa-miR-1260b"	-1.63012413566382	5.32921102306758	11.4501481023608	0.000714883017552391	0.00150663517677708
"hsa-miR-127-3p"	-6.21786960542297	7.87963743530235	61.7203658070033	3.95864651041198e-15	3.87947358020374e-14
"hsa-miR-1271-5p"	3.32967443557285	6.63629129531045	53.7319134027894	2.29799997611062e-13	1.87669998049034e-12
"hsa-miR-1273h-3p"	-0.807241024701381	5.2135991152378	3.31576167280892	0.0686185164665303	0.100367382294328
"hsa-miR-128-3p"	-0.120024445463219	10.0909627598045	0.122538111185804	0.726297841630979	0.788666908363833
"hsa-miR-1285-3p"	1.49854538249277	4.06368096601026	1.34939579438252	0.245383772613706	0.317460194272517
"hsa-miR-1291"	2.37523674723933	2.74991653481987	9.75758760657465	0.00178584098704455	0.00348283416378837
"hsa-miR-1294"	-0.252698442960764	3.38761504628556	0.158819870325269	0.690245365401229	0.755998166442061
"hsa-miR-1301-3p"	-1.33079464924178	5.97715595501841	9.31536713121058	0.00227239841929465	0.00430328589547586
"hsa-miR-1304-3p"	-1.71134547467184	5.31223285878614	14.5997404539957	0.000132932851422119	0.000345097203691859
"hsa-miR-1306-5p"	-0.997748496795843	3.33851977354592	3.26549813944576	0.0707515314086629	0.103102603391063
"hsa-miR-1307-3p"	0.121862160462477	7.42964145930813	0.119384601173074	0.729702899877673	0.790175515889635
"hsa-miR-1307-5p"	0.959585347594991	8.68994646160908	5.87985088655953	0.0153151186877008	0.0256560962631569
"hsa-miR-130a-3p"	-2.10729116366995	7.05489959669607	34.108015936244	5.21360519598748e-09	2.58700409724949e-08
"hsa-miR-130b-3p"	-0.0209955519488695	7.94981446180098	0.003391172754867	0.953562416405385	0.958452480079259
"hsa-miR-130b-5p"	-0.645335860229911	6.48198008763657	1.75272782093172	0.185534174464527	0.246540326746084
"hsa-miR-132-3p"	-0.0571641699520711	5.85226593367814	0.0226553531021763	0.880356776643473	0.901160582427439
"hsa-miR-132-5p"	-0.224388572554641	4.0799278094847	0.284458466207622	0.593793759315957	0.671845913033243
"hsa-miR-133a-3p"	1.34968781859697	3.57130635025557	3.53475965994251	0.060095042984034	0.0902576890794687
"hsa-miR-134-5p"	-6.53630507678614	2.94409018353232	15.9337083475703	6.55999615545818e-05	0.000178577673120806
"hsa-miR-136-3p"	-3.91964985375218	2.60848528526736	10.136127323688	0.00145391297818116	0.00289306541851277
"hsa-miR-139-5p"	-3.24919043828535	2.97922946466842	14.5065853048029	0.000139670436749811	0.000358017161806461
"hsa-miR-140-3p"	-0.0720420762424668	13.2035324059421	0.0460982578241271	0.829997286288886	0.866791254062524
"hsa-miR-140-5p"	0.0126036103439384	6.8924265960624	0.00068839862318093	0.979068023796308	0.979068023796308
"hsa-miR-141-3p"	2.89839926834183	8.30655473137989	20.1398832243569	7.19799567961041e-06	2.15390405069258e-05
"hsa-miR-142-3p"	0.926432364954511	12.870105324094	4.27871439256245	0.0385925278358855	0.0605130836466685
"hsa-miR-142-5p"	1.91368125711326	15.763728183808	34.7774656655513	3.6962709976843e-09	1.88173796245746e-08
"hsa-miR-143-3p"	-10.8530078535306	15.2646180133828	215.734185364041	7.70738685896371e-49	3.02129564871378e-46
"hsa-miR-143-5p"	-8.76516841833241	4.8309658378211	92.2911803956127	7.48169864960846e-22	2.05354870047498e-20
"hsa-miR-144-3p"	-6.10472985247054	4.87825521028608	62.9003280316078	2.17436011494842e-15	2.43528332874223e-14
"hsa-miR-144-5p"	-6.23776158949503	7.06355197837416	74.3713003679568	6.47231345357532e-18	1.01485874952061e-16
"hsa-miR-145-3p"	-8.38884020699919	7.63203574211081	191.199009048538	1.74027343085284e-43	2.27395728298105e-41
"hsa-miR-145-5p"	-9.21478244022409	7.86826874679279	208.419791597309	3.03828529327845e-47	5.95503917482576e-45
"hsa-miR-1468-5p"	2.96797552721892	4.80795132487805	36.5744777855323	1.46943105444981e-09	8.11291511752573e-09
"hsa-miR-146a-3p"	4.67789926304834	2.7254563107881	11.1810756473173	0.000826358514760636	0.00172304541375622
"hsa-miR-146a-5p"	3.88405560343827	12.7363582262609	20.6893155994023	5.40165705439817e-06	1.66728312230243e-05
"hsa-miR-146b-3p"	4.93252531682934	8.83064878894822	111.478703621357	4.6477114499584e-26	2.02433654264855e-24
"hsa-miR-146b-5p"	4.49414455149927	14.621470291793	28.4098411964447	9.81650309841146e-08	3.92660123936458e-07
"hsa-miR-148a-3p"	-3.22696162738327	14.8893062350945	37.405704654404	9.59410921448232e-10	5.45056639431459e-09
"hsa-miR-148a-5p"	-3.2261016431226	7.48819030602174	33.5043871316355	7.11034282094908e-09	3.35813781423137e-08
"hsa-miR-148b-3p"	-0.988640443006563	11.2319596429745	8.18029410519176	0.00423478936383143	0.00768535847510148
"hsa-miR-148b-5p"	-0.18824507477916	6.57099179691828	0.280406910635685	0.596434637080532	0.671845913033243
"hsa-miR-150-3p"	4.97045309715924	7.02294225442854	90.9529941579836	1.47126033923251e-21	3.60458783111964e-20
"hsa-miR-150-5p"	6.22601924698446	15.9542296557026	67.0528047310052	2.6433126156987e-16	3.70063766197818e-15
"hsa-miR-151a-3p"	0.221114310179123	9.31061179054333	0.274939872518132	0.600037148737411	0.673967227235144
"hsa-miR-151a-5p"	-0.313066987033416	9.83463401848335	0.634419393982974	0.425738869951537	0.508809868966471
"hsa-miR-151b"	1.5265774367357	3.11689640108888	5.50612837437013	0.0189499497101651	0.030951584526603
"hsa-miR-152-3p"	4.26942677236438	7.25822097298087	92.1940753139179	7.85796696610322e-22	2.05354870047498e-20
"hsa-miR-152-5p"	3.28456602680829	2.55422453468312	9.60422894320962	0.00194129773664389	0.00374871287076062
"hsa-miR-153-3p"	5.80548874579596	2.80050284648456	29.6751013277487	5.10867979626694e-08	2.10800261067015e-07
"hsa-miR-155-5p"	3.93433146189167	9.23617206398721	130.803298408325	2.7339862976104e-30	1.3396532858291e-28
"hsa-miR-15a-5p"	0.174688076726077	11.4852739153687	0.325433868457669	0.568360243157353	0.649554563608404
"hsa-miR-15b-3p"	-0.827037956580267	6.6544505219983	5.03622347694941	0.0248225475572577	0.040042957376317
"hsa-miR-15b-5p"	-1.87075471133393	10.4457861285666	38.8106979658458	4.66961649087611e-10	2.77346918852036e-09
"hsa-miR-16-2-3p"	0.868109534204891	7.61008324475113	5.3788004058728	0.0203828886099414	0.0331539101041371
"hsa-miR-16-5p"	-0.705251944922278	13.8463290807588	3.62714338172145	0.0568443065088243	0.0857037236594582
"hsa-miR-17-3p"	0.882952340590958	7.93197218700472	3.82707326009564	0.0504309204045598	0.0769218708116242
"hsa-miR-17-5p"	-0.620458337762487	8.39595957845876	1.95572700345914	0.161971045936511	0.218674323437273
"hsa-miR-181a-2-3p"	4.66659702355247	10.3385991227996	158.732248741354	2.14113180736421e-36	1.39887278081128e-34
"hsa-miR-181a-3p"	1.56664816771769	8.79103212556456	19.0815461672814	1.25250139203859e-05	3.66403392297856e-05
"hsa-miR-181a-5p"	2.19764286228307	15.5719264359324	35.2302822178763	2.92932977928556e-09	1.51091746510518e-08
"hsa-miR-181b-2-3p"	4.97068710822742	3.1282050880724	32.8230873469069	1.00938871818172e-08	4.71048068484804e-08
"hsa-miR-181b-5p"	3.29460603613908	11.0591213125295	95.5869466954388	1.41536576906145e-22	4.26787216516992e-21
"hsa-miR-181c-3p"	-0.510971425304665	7.3318239023049	2.11951706288437	0.145432396078356	0.198639370253364
"hsa-miR-181c-5p"	0.138979813562349	11.1112152725812	0.158623612893365	0.690426896903719	0.755998166442061
"hsa-miR-181d-5p"	0.108106855219122	6.36213206177256	0.0471224910367658	0.828148217481605	0.866791254062524
"hsa-miR-182-5p"	-4.32891965188696	7.88646372092424	55.9027975881787	7.61441307738895e-14	6.63299983630326e-13
"hsa-miR-183-5p"	-5.27568151686821	5.00710730876661	62.7556018911932	2.34015042505409e-15	2.54816379617001e-14
"hsa-miR-185-3p"	-1.6175229904334	4.86566404160062	9.92707750336439	0.0016286491880468	0.00320819337544897
"hsa-miR-185-5p"	0.0220919246889105	7.88415635762228	0.00219302861243875	0.962648891353686	0.965110908978631
"hsa-miR-186-5p"	0.949457150814239	14.0577178672236	8.2664705948232	0.00403839361100942	0.00743216101181076
"hsa-miR-18a-3p"	-0.779541334936576	3.81764863251885	1.17864864339664	0.277631276673426	0.352988282152263
"hsa-miR-18a-5p"	-1.79530182859411	5.95452493135405	11.0567715752	0.000883638728754347	0.00182308621932476
"hsa-miR-190a-5p"	-1.01042910328445	2.86795542915243	2.32778068622647	0.127082945446418	0.176030086978784
"hsa-miR-190b"	-0.665214277011292	4.06594672019529	1.17562522195739	0.278248416288391	0.352988282152263
"hsa-miR-191-3p"	-0.678848625540308	4.01038704711871	2.22881582667531	0.135457629398904	0.186313651664458
"hsa-miR-191-5p"	-2.32515673678458	15.9987956160317	48.3532265695026	3.55958036514712e-12	2.73599118262288e-11
"hsa-miR-192-5p"	1.32661532751059	12.7600884895572	10.3010426781207	0.00132955063917379	0.00270043445884004
"hsa-miR-193a-3p"	-0.739872323992633	3.54801549467396	0.529512238767544	0.466811996621142	0.542997930787797
"hsa-miR-193a-5p"	-4.2113317668054	6.50667253005336	66.217815951056	4.0374666295697e-16	5.10544167352039e-15
"hsa-miR-193b-3p"	4.44274433925436	3.18126398121545	25.4299352483652	4.58744099939691e-07	1.64979529519595e-06
"hsa-miR-194-5p"	0.3038974565415	6.87548537514966	0.813381592115049	0.367122366886711	0.449724899436221
"hsa-miR-195-5p"	2.05692120441569	3.65581095364606	15.0709709332812	0.000103543431405418	0.000279924311109819
"hsa-miR-196a-5p"	5.52638205109387	3.51250585245818	31.6002311842642	1.8940703745137e-08	8.15907238252057e-08
"hsa-miR-196b-5p"	-0.500463343922752	5.84926324274004	1.34323306953995	0.246464613686229	0.317809633437506
"hsa-miR-197-3p"	-1.66413958156188	11.6924647138485	30.1712616475722	3.95527140972826e-08	1.64943233256753e-07
"hsa-miR-1976"	-1.22109214501138	4.87237126690142	8.14094429472047	0.00432767407772869	0.00781773381783248
"hsa-miR-199a-3p"	-4.10987391175487	9.3099326803266	66.4057078900775	3.67037759718308e-16	4.79596006031922e-15
"hsa-miR-199a-5p"	-4.0983940670118	5.8101296310891	37.91050651244	7.40652973604571e-10	4.32697290323719e-09
"hsa-miR-199b-3p"	-4.12665426737798	8.15901009928462	61.6544024313366	4.09350858495044e-15	3.91379357390383e-14
"hsa-miR-199b-5p"	-4.29371236879024	9.45974372973671	37.8844865950793	7.50597340357472e-10	4.32697290323719e-09
"hsa-miR-19a-3p"	0.208404597571246	8.41040364202547	0.35079891748695	0.553661230326852	0.634605854643643
"hsa-miR-19b-3p"	0.675954212390406	10.4391659561924	3.81570172823725	0.0507743326360637	0.0771454976485929
"hsa-miR-200a-3p"	2.03378638989913	3.29972809215687	9.63305297348964	0.00191106682594459	0.00370860492955584
"hsa-miR-200b-3p"	0.709832953595422	5.28074375965545	2.44737091006914	0.117721894209334	0.164810651893068
"hsa-miR-200c-3p"	0.328861646749931	4.79764459918531	0.413895476274255	0.519998908121422	0.598933056237056
"hsa-miR-203a-3p"	3.79005011983041	2.57333712044756	6.96828192569665	0.00829671186484053	0.0146500497793581
"hsa-miR-20a-5p"	0.254520000718501	8.90113689845519	0.411892230050057	0.521010643308255	0.598933056237056
"hsa-miR-20b-5p"	3.48287461913374	5.39532024308491	31.7728188895263	1.73301145701176e-08	7.548227679429e-08
"hsa-miR-21-3p"	1.89019523044275	9.33753032777557	35.2999137382404	2.82644576537771e-09	1.47728898670408e-08
"hsa-miR-21-5p"	1.89522745601483	14.2311832820351	35.590452994634	2.43477896438495e-09	1.28977480275527e-08
"hsa-miR-210-3p"	2.50754457018449	4.64213205980096	21.2644906740211	4.00074425027539e-06	1.27503393992517e-05
"hsa-miR-2110"	0.0392297843092945	3.946233076665	0.0081356305168232	0.928130088086929	0.942556980647866
"hsa-miR-2110-3p"	-0.341947062430862	5.83741434604981	0.644776832380158	0.421986311773005	0.505867382920544
"hsa-miR-2115-3p"	-8.62162687684571	4.699109815732	87.1913108457747	9.85156601048878e-21	2.14545215339534e-19
"hsa-miR-2115-5p"	-7.20542255159864	3.46506825256594	45.2485809563444	1.73546240653946e-11	1.17293321269564e-10
"hsa-miR-212-5p"	-0.0841522293598029	3.83947968879202	0.0226119136414682	0.880470671096197	0.901160582427439
"hsa-miR-215-5p"	1.93528250714806	4.81010599592845	14.9334067659207	0.000111373261146361	0.000294988637630902
"hsa-miR-22-3p"	1.50045502773072	14.2601245914526	14.9702093258878	0.000109221944175918	0.000291258517802448
"hsa-miR-22-5p"	1.76802371084232	5.96152715818035	23.8705831316137	1.03034262548184e-06	3.60619918918645e-06
"hsa-miR-221-3p"	0.713599326327546	11.5594671596255	3.13718691263011	0.0765256908330425	0.110693988216061
"hsa-miR-221-5p"	-1.01496115472409	8.45927935488673	8.63145964547544	0.00330406727368708	0.0061383619492196
"hsa-miR-222-3p"	1.11472760427533	9.75905045149645	11.3558239490293	0.000752117469661089	0.00157663127330025
"hsa-miR-223-3p"	-7.32585368996721	15.8027003445541	159.994284770728	1.13474178012014e-36	1.11204694451774e-34
"hsa-miR-223-5p"	-4.56342611069318	5.94023085094748	85.8249814025025	1.9658691992216e-20	4.05589855839404e-19
"hsa-miR-224-5p"	-4.59008493755197	3.48627194090556	29.343491098711	6.06197866360441e-08	2.47530795430513e-07
"hsa-miR-2277-5p"	0.179707269054843	4.48530467563354	0.162897573258908	0.686502682376833	0.75592430194303
"hsa-miR-2355-3p"	-2.88864634106341	3.12180518048532	13.5785144766918	0.000228789225347259	0.000560533602100784
"hsa-miR-2355-5p"	-2.35419335843788	6.29075117513671	22.2023206370145	2.45377034145394e-06	8.36415629434734e-06
"hsa-miR-23a-3p"	-0.587799021484162	12.362870245503	2.84135267963271	0.0918668480642043	0.130430707667741
"hsa-miR-23a-5p"	1.43299316494888	4.93673702795678	12.5715517077784	0.000391663244938037	0.000897847906524622
"hsa-miR-23b-3p"	0.0846764218593026	8.25860804439541	0.0596861115824314	0.806992743392936	0.855004672640211
"hsa-miR-23c"	2.73427495097619	3.8756526828249	1.9918559351746	0.158146960237584	0.214510755754786
"hsa-miR-24-2-5p"	-0.808007955540959	7.21821044531069	4.32575101661694	0.0375398448998602	0.0590988722921493
"hsa-miR-24-3p"	-0.893470814193882	10.8329991815741	4.73273327698428	0.0295938203613926	0.0473501125782282
"hsa-miR-2467-5p"	-2.12326642377298	4.52116336499772	14.013916655728	0.000181462596359506	0.000453078584540932
"hsa-miR-25-3p"	-0.713480321513423	12.9219650397071	6.00273490872772	0.0142837195732213	0.0240309788528015
"hsa-miR-25-5p"	0.851783793319435	4.75094431919005	2.80181315381948	0.0941577733157483	0.132769234315731
"hsa-miR-26a-2-3p"	0.0928310161491178	4.54274643012298	0.0477098181815401	0.827097386577615	0.866791254062524
"hsa-miR-26a-5p"	-0.416020539687434	16.3810246739555	1.85441068109355	0.173271276244736	0.231816861050978
"hsa-miR-26b-3p"	0.0310994067589465	7.45428539515891	0.00342602529521763	0.953324667896914	0.958452480079259
"hsa-miR-26b-5p"	0.0298127304891724	14.1436580243254	0.010253586187531	0.919344073844862	0.936059420642041
"hsa-miR-27a-3p"	0.249998717869221	12.9253750169003	0.562885035818567	0.453100147814158	0.530194799830298
"hsa-miR-27a-5p"	1.0154614919244	6.74112200788779	7.92055278493441	0.00488763365465492	0.00878877244323271
"hsa-miR-27b-3p"	0.274231383155378	11.9000623919061	0.557837252742189	0.455132961116062	0.530988454635406
"hsa-miR-27b-5p"	1.19518354458934	3.05459862330777	2.91255218705927	0.0878926855741714	0.12528702816391
"hsa-miR-28-3p"	1.47679746909703	13.2722221328592	17.4667436937739	2.92377721536867e-05	8.24547243470877e-05
"hsa-miR-28-5p"	2.57766112138588	10.0234776267039	59.704104059307	1.10246402825792e-14	1.00503697459792e-13
"hsa-miR-296-5p"	3.7605928118041	3.34115675424836	21.3480701669233	3.83006106199292e-06	1.23064257073871e-05
"hsa-miR-29a-3p"	2.34987303534137	13.930457519619	48.1407088840091	3.96704247893492e-12	2.9905397148894e-11
"hsa-miR-29a-5p"	0.81125314611563	5.37702173816343	3.5133733689196	0.0608753866551767	0.0910807311787377
"hsa-miR-29b-2-5p"	-0.862715388111133	2.68696244301294	1.29545213415478	0.255045617652389	0.327796334818809
"hsa-miR-29b-3p"	3.22878386026235	9.91889643948135	43.647497259019	3.93179624951212e-11	2.56877354968125e-10
"hsa-miR-29c-3p"	2.47585586030203	11.8674956964282	58.796914763916	1.74815170956623e-14	1.55744425034083e-13
"hsa-miR-29c-5p"	-0.287924126668308	6.44456426448634	0.502827542092676	0.478260352506869	0.553032620007943
"hsa-miR-301a-3p"	-0.399682323587456	6.78778285826003	0.65107294597261	0.419729334418949	0.50470521193935
"hsa-miR-301b-3p"	-0.227040732379483	4.16243656685855	0.0882763048951816	0.766380021146778	0.823071145998731
"hsa-miR-30a-5p"	-0.703316497218421	3.89154386562139	2.021011741286	0.155135745896722	0.211156987470538
"hsa-miR-30b-5p"	1.07143672972711	10.8789031188987	6.74610147040466	0.00939527541670196	0.0161532805409964
"hsa-miR-30c-1-3p"	-2.0156871001493	4.43871122941873	14.317004800777	0.000154463246007003	0.000390642531837067
"hsa-miR-30c-5p"	-1.12159032729548	12.5582181364871	11.1224824745221	0.000852875591135102	0.00176892715198391
"hsa-miR-30d-3p"	1.80296290949577	5.09728508737207	12.3099720826417	0.000450544711496254	0.00100922015375161
"hsa-miR-30d-5p"	0.243650152654204	13.1148696816853	0.617066824946164	0.432139365102073	0.512839309962082
"hsa-miR-30e-3p"	-0.901344232609922	9.24156041712847	6.03059574707956	0.0140599871053867	0.0237846764830352
"hsa-miR-30e-5p"	0.415774102221524	13.4389655184174	1.58526256968264	0.20800428835969	0.271792270123328
"hsa-miR-31-3p"	6.51929164832691	2.82977849430892	26.0652153509358	3.30077360805748e-07	1.23228881367479e-06
"hsa-miR-31-5p"	6.05214067054486	7.46282540119228	81.276098474092	1.96286226913209e-19	3.66400956904658e-18
"hsa-miR-3150b-3p"	-6.89290693518601	3.21396994232259	32.3958751246629	1.25753123718257e-08	5.66611775833987e-08
"hsa-miR-3173-5p"	-0.258389725940954	3.13383736622073	0.156306776790571	0.692579793785129	0.756243117447829
"hsa-miR-3194-5p"	6.12340646786052	3.4760405029374	47.9538625918325	4.36367588607013e-12	3.22747348554621e-11
"hsa-miR-32-3p"	0.167512833310024	3.2135300334823	0.0596690944732075	0.807019716522648	0.855004672640211
"hsa-miR-32-5p"	3.43102835931466	6.80181454476928	32.7330034761087	1.05726743554364e-08	4.87586864391892e-08
"hsa-miR-3202"	2.97818016966652	2.7297915501173	11.6895073531034	0.000628535386514371	0.00135376852480018
"hsa-miR-320a"	1.31588809094015	9.65394395575054	14.8768462327831	0.000114762992195515	0.000299913952937612
"hsa-miR-320b"	1.40631694417932	3.80922971595789	8.47066733782827	0.00360918998309388	0.00667359657251321
"hsa-miR-320d"	-0.0776297574883835	3.39971064818332	0.0162592101297228	0.898535486461045	0.917254975762317
"hsa-miR-323b-3p"	-4.25102253230058	2.83420515543926	10.6680767549227	0.00109000391528323	0.00222542466036992
"hsa-miR-324-3p"	0.0625352900405721	4.75861893672857	0.0229034239389487	0.879708485782482	0.901160582427439
"hsa-miR-324-5p"	0.0706412024658602	4.69859680816614	0.0243201480619577	0.876073076134898	0.901160582427439
"hsa-miR-326"	-1.15604202205992	6.24472768524576	8.98551531782463	0.00272128036644055	0.00510402824710381
"hsa-miR-328-3p"	-0.689224608649231	6.80290698106515	3.41577985432541	0.0645758952552361	0.0955235884530285
"hsa-miR-330-3p"	0.215652030090344	6.2487591229098	0.321583503138262	0.570657568035982	0.650284205436351
"hsa-miR-330-5p"	1.17608606565882	5.46224462827465	7.83610540833533	0.00512128256111105	0.00916686193587
"hsa-miR-331-3p"	-1.17600246937905	8.11567874759684	5.83728378633494	0.0156900298730863	0.0260614055519061
"hsa-miR-331-5p"	2.46420012508545	2.91475501168431	12.5805203843786	0.000389788183758885	0.000897847906524622
"hsa-miR-335-3p"	0.538344762301185	4.93417617304777	1.10096165702058	0.294055157632875	0.369453916000279
"hsa-miR-335-5p"	-0.267064540084774	6.04442557626894	0.280774067640661	0.596194313719651	0.671845913033243
"hsa-miR-338-3p"	-2.55210029881616	11.1071277602274	36.7422662383289	1.34824412164866e-09	7.55016708123249e-09
"hsa-miR-338-5p"	-4.00862615525649	7.34862237650962	63.5504702214567	1.56310294177755e-15	1.80216574463764e-14
"hsa-miR-339-3p"	2.77710475298197	8.37191324169812	32.4777576905231	1.2056453200924e-08	5.49549959856072e-08
"hsa-miR-339-5p"	1.2385269703678	7.72859390752786	6.02850568245045	0.0140766452654698	0.0237846764830352
"hsa-miR-33a-3p"	2.05855740850831	4.11149757854665	4.94256906350593	0.0262030622955028	0.0420967230321193
"hsa-miR-33a-5p"	1.99914233420536	5.22946210041051	21.7850952837516	3.04960010908216e-06	1.00457415358001e-05
"hsa-miR-33b-5p"	0.841139148460407	4.30433353100872	3.4466719915347	0.0633792647902243	0.0944664326911327
"hsa-miR-340-3p"	-2.79617515117795	6.22498444420345	31.7795548444422	1.727011512143e-08	7.548227679429e-08
"hsa-miR-340-5p"	-1.55065768907652	10.7491211343196	21.6732875253228	3.23261582209348e-06	1.04726066302533e-05
"hsa-miR-342-3p"	4.20631146900732	12.3091432552434	105.656291514202	8.77006362698627e-25	3.12533176525329e-23
"hsa-miR-342-5p"	5.23495132594724	7.57602600102177	136.580339788335	1.48963011983862e-31	8.34192867109626e-30
"hsa-miR-345-5p"	-1.91869625041966	9.02958495420923	19.2771199033471	1.13053025578032e-05	3.33208917493148e-05
"hsa-miR-34a-5p"	2.19260754384712	3.89386799201842	12.8607052879708	0.000335554102183789	0.00079239281961473
"hsa-miR-34c-5p"	-3.09495858306783	4.19274470382561	27.4648939291862	1.59972123085514e-07	6.147948259757e-07
"hsa-miR-3605-3p"	-1.84702413951586	4.81504146983311	13.0242420047348	0.000307484510498887	0.000734962976314412
"hsa-miR-3605-5p"	-3.26042921444331	4.08986779269445	30.2099754746646	3.87710180879949e-08	1.63421925704237e-07
"hsa-miR-3607-3p"	2.82041388585843	7.62534165385248	18.9478671284527	1.34339377549255e-05	3.87213499994912e-05
"hsa-miR-3609"	0.861940245739644	3.18995831195456	1.16271253776749	0.280903693543579	0.35520725119059
"hsa-miR-361-3p"	2.520411462828	11.3625245002567	30.9880605591295	2.59620593520577e-08	1.1062094854355e-07
"hsa-miR-361-5p"	-0.0268212696103201	8.25897915289922	0.00645593445342918	0.935959823140547	0.948052327315489
"hsa-miR-3613-3p"	-1.04057056351014	3.95010704995871	2.40495991666506	0.120951222326961	0.168729107303092
"hsa-miR-3613-5p"	-1.16038865985041	5.78168787509333	6.83247393586482	0.00895151958838029	0.0155265295515269
"hsa-miR-3614-5p"	-6.56054123710311	5.29576999674419	55.7703323537542	8.14514951097723e-14	6.94108393109364e-13
"hsa-miR-3615"	-1.0528738516697	6.31048831624873	8.18208507771599	0.0042306104055871	0.00768535847510148
"hsa-miR-362-3p"	2.93493686014466	3.83503425148918	27.7754995366371	1.36240571923194e-07	5.34063041938922e-07
"hsa-miR-362-5p"	-0.526885358719368	4.0827171752881	0.904433065798919	0.341595817793093	0.421086668474504
"hsa-miR-363-3p"	3.88399997429202	9.79044757562108	46.5786617083142	8.8013451933568e-12	6.05285493999274e-11
"hsa-miR-3651"	0.751382879972039	2.96276433975094	0.936717066845913	0.333123560591382	0.411938283128775
"hsa-miR-3653-3p"	2.21805064270446	2.31505492140047	4.36562996637848	0.0366709218247562	0.0579637151423566
"hsa-miR-3653-5p"	3.16315778626242	2.64194717448156	12.78697318614	0.000349041408361435	0.000809610840696347
"hsa-miR-365a-3p"	-3.74760495535164	4.83930124972666	47.2231555090813	6.33476456358465e-12	4.51495947077306e-11
"hsa-miR-365b-3p"	-3.74760495535164	4.83930124972666	47.2231555090813	6.33476456358465e-12	4.51495947077306e-11
"hsa-miR-3690"	-5.07240054948456	5.57709178563436	42.2389823177291	8.07737872813227e-11	5.02592454194897e-10
"hsa-miR-371b-3p"	-7.52879836459792	3.73057323351984	40.8127902127035	1.67533000954591e-10	1.01035286729538e-09
"hsa-miR-371b-5p"	-6.06297352332149	6.18393756202381	61.5769393408192	4.25776200105027e-15	3.97391120098025e-14
"hsa-miR-374a-3p"	1.10542761807267	7.29129242084545	6.93070269828461	0.00847283926162734	0.0148794931243084
"hsa-miR-374a-5p"	0.206333890016449	7.94482469852838	0.309570943500873	0.577943590938063	0.656677935210785
"hsa-miR-374b-3p"	0.794409975244614	3.29199185966159	1.2886085036513	0.256304544131986	0.328337847384766
"hsa-miR-374b-5p"	0.345974444797027	6.95139789444317	0.695331198611671	0.404356940258981	0.489221977103458
"hsa-miR-378a-3p"	0.572454923541849	9.95044317254201	2.22996416094477	0.135356987343821	0.186313651664458
"hsa-miR-378a-5p"	-1.48152968557126	3.18996030164124	5.19035005101764	0.0227126409742554	0.0367907242227609
"hsa-miR-378c"	0.275605627680844	3.31947062586742	0.222866263856348	0.636864594203525	0.706649576701609
"hsa-miR-381-3p"	-4.28350174964936	2.72286019443178	12.7906409635408	0.000348357742462016	0.000809610840696347
"hsa-miR-382-5p"	-5.38526295974878	2.17623372060395	12.8289280066671	0.000341301241390962	0.000801138243265012
"hsa-miR-3909"	-3.29278144694408	5.34034734520594	42.2675940427	7.96006663406899e-11	5.02592454194897e-10
"hsa-miR-3912-3p"	2.94482621494205	4.30212875343032	33.8057989627487	6.08970705744048e-09	2.94711748952675e-08
"hsa-miR-3928-3p"	-1.4280293513738	3.34496330531066	4.09254995127545	0.0430726136418911	0.0667562861157779
"hsa-miR-409-3p"	-6.97971059693251	6.15012719082074	31.9010102734323	1.62232754952364e-08	7.2267318115144e-08
"hsa-miR-409-5p"	-6.68459551447627	4.60156204582481	20.44534597331	6.13585818354604e-06	1.87910656871098e-05
"hsa-miR-410-3p"	-8.20155821047136	4.32178067034596	27.5695709065619	1.51544188953774e-07	5.88171505642372e-07
"hsa-miR-411-5p"	-7.48043097412101	3.69795168722035	24.5476169111021	7.2495946473029e-07	2.58349191067521e-06
"hsa-miR-421"	-1.04864727849645	7.18696954339751	6.26867403931923	0.0122891073789509	0.0210363759499945
"hsa-miR-423-3p"	-0.151621558617154	12.0538626657064	0.22117269592048	0.638147832021351	0.706649576701609
"hsa-miR-423-5p"	0.803624241897568	11.8580252095034	3.37501055993778	0.0661921555315237	0.0975463344675087
"hsa-miR-424-3p"	-4.87533115787618	5.21206584585716	62.235868621181	3.04687506722897e-15	3.14309217461515e-14
"hsa-miR-424-5p"	-4.74927953698228	7.61459059587577	62.3623372590427	2.85735795685042e-15	3.02725491644693e-14
"hsa-miR-425-3p"	-1.8868067479958	6.94971047758513	25.5466087528118	4.31824359535023e-07	1.56736249016416e-06
"hsa-miR-425-5p"	-1.60705601584058	10.143060127239	27.0168668306958	2.01687843340819e-07	7.67588685335933e-07
"hsa-miR-4286"	-4.34392867184304	2.89986162733763	18.5062703668751	1.69346246021034e-05	4.84552762337557e-05
"hsa-miR-429"	1.91166807895533	2.76713333177744	6.18154171604814	0.01290897500804	0.0220013834919639
"hsa-miR-431-5p"	-3.73311229148283	2.85242520069907	10.096901757987	0.00148518810983586	0.00294037241947302
"hsa-miR-4326"	-1.25519113601597	2.58172832155208	0.786595219300525	0.375131646069174	0.456682003910299
"hsa-miR-4433b-5p"	-6.79243517705837	4.77352698877033	77.5329485880663	1.30526801454163e-18	2.22463070304486e-17
"hsa-miR-4443"	4.15176261480712	2.94585098211881	23.6464593250903	1.15758699397558e-06	4.01570001449937e-06
"hsa-miR-450a-5p"	-5.27943960226549	7.15019841727513	73.9086941561667	8.18151673975109e-18	1.23352098537786e-16
"hsa-miR-450b-5p"	-4.99939101715027	7.48490285192351	35.9683940789913	2.00544226739494e-09	1.0768950257792e-08
"hsa-miR-451a"	-8.10574876550301	11.8925162115989	159.360012972092	1.56127531313584e-36	1.2240398454985e-34
"hsa-miR-454-3p"	-0.76106474541229	7.6856052304131	3.92564458502608	0.0475549564832494	0.0728185271149757
"hsa-miR-454-5p"	-1.03564410860822	5.27132794010021	5.55566322362987	0.018420992412359	0.0302135105675511
"hsa-miR-4645-3p"	-1.4782896101633	4.15315398956135	10.2775644172037	0.00134657583723992	0.00272091612473221
"hsa-miR-4662a-5p"	3.15791064496947	3.13517191886394	20.3048757073356	6.60321011896559e-06	2.00655687336009e-05
"hsa-miR-4677-3p"	-0.111450932206869	4.67279074780167	0.0574815029534834	0.810521741742093	0.856400330897305
"hsa-miR-4732-3p"	-5.44283336979664	2.20805569842235	11.4930706722626	0.000698561322592467	0.0014801948024662
"hsa-miR-4772-3p"	0.450815693531123	4.94674971550025	1.07434081156247	0.299967013657244	0.375677537871053
"hsa-miR-4772-5p"	1.27925039918285	6.93481775843567	8.9647614369034	0.00275236635832712	0.00513775053554396
"hsa-miR-484"	-0.894007631308391	11.1412679617837	9.0237648096492	0.00266491943726048	0.00502234817022168
"hsa-miR-485-3p"	-4.51727300960591	2.8253059381157	10.2101949735925	0.00139666406977999	0.00279332813955997
"hsa-miR-486-3p"	-0.829240754902811	4.23236954046004	2.83611868315687	0.0921665969999089	0.130430707667741
"hsa-miR-486-5p"	-5.12201583463448	12.8614032435323	98.1662185706905	3.84697021773857e-23	1.2566769377946e-21
"hsa-miR-487b-3p"	-4.54795256508252	2.90834241274623	13.9399094428491	0.00018874809163254	0.000468286404556682
"hsa-miR-491-5p"	-2.41263593603619	3.28141781561276	14.5056973048502	0.000139736290194869	0.000358017161806461
"hsa-miR-496"	-5.28281768384288	2.11891147237085	9.50546635903176	0.00204860685675717	0.00393063513888265
"hsa-miR-499a-5p"	0.293265614653307	3.34099925530627	0.253975473606541	0.614289631008871	0.686044260272016
"hsa-miR-500a-3p"	-0.442767685775705	8.86534730434278	1.95236511769147	0.162332214592465	0.218674323437273
"hsa-miR-501-3p"	-0.613422330326847	7.67976765127946	3.33317385071319	0.0678957372339304	0.0996821310700401
"hsa-miR-502-3p"	-0.15126483948519	4.58553818846128	0.0757027932224181	0.783207601427183	0.834286358041999
"hsa-miR-503-5p"	-3.24573586302964	2.52862485538491	11.5013429308875	0.000695459252312537	0.0014801948024662
"hsa-miR-504-5p"	-8.94337956529659	4.99334222030837	55.1161899367206	1.13611230560169e-13	9.47566008076307e-13
"hsa-miR-505-3p"	-0.155824568689581	6.44487622542655	0.0815345976939419	0.775228443589376	0.829420588856802
"hsa-miR-532-3p"	-0.33444909897414	5.21990426632174	0.815886404875106	0.366385636185235	0.449724899436221
"hsa-miR-532-5p"	0.354347449224449	9.27381853696317	0.941308716312307	0.33194150043502	0.411775532185214
"hsa-miR-542-3p"	-3.24227679527751	3.62759659922121	21.6935511984423	3.1986476869855e-06	1.0448915777486e-05
"hsa-miR-542-5p"	-6.99741446707043	4.88319965740159	84.6228427604131	3.61069466314408e-20	7.07696153976239e-19
"hsa-miR-548au-5p"	0.365896620499012	4.18444391260136	0.526130454220349	0.468238255568252	0.543045550836552
"hsa-miR-548e-3p"	-1.46541760790348	8.23796609188912	11.5415519519477	0.000680578041488877	0.00145785023094885
"hsa-miR-548e-5p"	-0.915517364002345	5.20645497022052	5.78125988129291	0.0161979268087048	0.0266789382731609
"hsa-miR-548j-3p"	3.86522504528112	3.09107549034369	21.9939783862703	2.73507219349323e-06	9.16366068247304e-06
"hsa-miR-548k"	-1.43199080468344	7.45496568470142	12.5592175302162	0.00039425679465774	0.000898538741312989
"hsa-miR-548o-3p"	-0.156474756064299	4.64797328256564	0.149620611439124	0.698898179502717	0.761022462125181
"hsa-miR-548w"	0.516829596847249	3.99345204161654	1.23018680364303	0.267370712288864	0.341398433932361
"hsa-miR-550a-3p"	-2.45392739763176	5.64606072296987	20.9831927103013	4.63330240629922e-06	1.46472140586233e-05
"hsa-miR-550a-5p"	-2.41375612812822	3.77833118443104	16.1614578763399	5.81656468620364e-05	0.000159447087901526
"hsa-miR-551a"	-5.09548046514273	3.90055540044393	48.6657240765915	3.03524992887869e-12	2.37963594424089e-11
"hsa-miR-5690"	0.943946673627082	3.21221551535681	2.3325802200928	0.126691724279815	0.176030086978784
"hsa-miR-5696-3p"	2.98510827822393	2.99047006351014	18.305748740969	1.88138571648993e-05	5.34422609321778e-05
"hsa-miR-574-3p"	-4.00269240317214	7.05297139665718	64.1284366789175	1.16566852991594e-15	1.42794394914702e-14
"hsa-miR-576-5p"	0.497675489183313	6.180728137256	1.74037959183975	0.187090737135916	0.246934575613734
"hsa-miR-580-3p"	0.29815232138119	3.18859195085557	0.25398081306127	0.614285908307928	0.686044260272016
"hsa-miR-582-3p"	-4.76197433895695	6.9034566278332	71.6154850804259	2.6149642147215e-17	3.79654063766974e-16
"hsa-miR-582-5p"	-5.73167484303081	7.59929936465061	75.6767613300976	3.34116808715081e-18	5.457241209013e-17
"hsa-miR-584-5p"	-5.89322692017794	6.02375004306955	79.5179844190573	4.77855716819315e-19	8.51452004514416e-18
"hsa-miR-589-3p"	-0.473721924629502	4.76632970995928	1.14588822952125	0.284411544248818	0.358486576673751
"hsa-miR-589-5p"	0.245303342615366	8.99631523876637	0.20135572402255	0.653628762906727	0.721753450871654
"hsa-miR-590-3p"	1.0381814376109	6.72191784068108	6.79768300834398	0.00912762495540605	0.0157622422137408
"hsa-miR-590-5p"	0.4648939048295	3.23916787653379	0.609947481462052	0.434807584983614	0.513387269016797
"hsa-miR-598-3p"	3.49497277317745	5.49825637340675	63.7806169026092	1.39075237144364e-15	1.65204524123002e-14
"hsa-miR-616-5p"	0.0753334606125845	4.80434513616633	0.0296934272533451	0.863187684314629	0.895157598548504
"hsa-miR-618"	-7.43211463989473	6.91059103591531	107.81197099143	2.95525978849417e-25	1.15846183708971e-23
"hsa-miR-625-3p"	1.72754229701689	5.54221541340504	15.0154446036544	0.000106634892113093	0.000286307381563921
"hsa-miR-625-5p"	0.371439276851503	4.9307583411673	0.765407703535348	0.381641475986582	0.463168602435728
"hsa-miR-627-3p"	0.119701229903798	3.38757189217902	0.0462657592158644	0.829693432983143	0.866791254062524
"hsa-miR-628-3p"	-2.00312449983988	4.86787256481025	21.8123160439598	3.0066395572292e-06	9.9881585291004e-06
"hsa-miR-628-5p"	-2.54804560549987	5.78910879199081	34.5419923405345	4.17154119739271e-09	2.09646685817685e-08
"hsa-miR-629-3p"	-0.797781517518495	3.59674237131716	1.82607929430273	0.176591342496221	0.235455123328294
"hsa-miR-629-5p"	-1.05807689246711	6.51616191662142	3.09471999908282	0.078546663794965	0.113199603704508
"hsa-miR-641"	0.0828464167991058	4.26113099129832	0.0350959776044295	0.851394686203771	0.885269806344505
"hsa-miR-642a-5p"	2.64579173786092	3.42005819900417	12.3851300844465	0.000432766485575545	0.000974968174400079
"hsa-miR-6503-3p"	5.66047775987651	3.30338643536285	20.9196036377232	4.78967761695444e-06	1.49012192527471e-05
"hsa-miR-651-5p"	1.03847392883392	3.74757685742261	3.24915457622585	0.0714603074632955	0.103749779724488
"hsa-miR-6516-3p"	0.0570830369804941	3.54290790931027	0.00475953944430074	0.944998044672025	0.954740292555242
"hsa-miR-652-3p"	-1.5182051198577	8.18765499535341	20.9502680607547	4.71361869309186e-06	1.47819082215361e-05
"hsa-miR-652-5p"	-1.45748440556294	4.69833255139301	11.7783035258181	0.000599250715100637	0.00129782475314613
"hsa-miR-654-3p"	-5.61993799603844	5.02058213064482	33.591656357657	6.79837200426807e-09	3.24995344594278e-08
"hsa-miR-659-5p"	0.509144204288339	3.79586714813043	0.982604914827298	0.321556539739646	0.401433641967966
"hsa-miR-660-5p"	0.541685200552712	8.70047743818556	1.86218363043908	0.172372989426056	0.231404835119911
"hsa-miR-664a-3p"	0.0608103497108305	7.0866573832417	0.0269260873676167	0.869658952430628	0.899488942883394
"hsa-miR-664a-5p"	1.25633630520839	4.21540378653184	7.34431296036894	0.00672752380614111	0.011932983402748
"hsa-miR-671-3p"	0.129375723910172	6.2751520107208	0.0998801005875949	0.751973565480223	0.809817685901779
"hsa-miR-671-5p"	2.96552414058332	3.73058016507226	28.0043305300535	1.21044267825427e-07	4.7928639381381e-07
"hsa-miR-6731-3p"	4.58399384751806	2.98495921062976	24.1809494985341	8.76954605560295e-07	3.09699284125798e-06
"hsa-miR-6769b-3p"	2.15292664326109	3.09267105321882	10.2304244565924	0.00138142869887291	0.00277702589722144
"hsa-miR-6803-3p"	0.127325654386387	4.24750340365837	0.0805719096437263	0.776523867628689	0.829420588856802
"hsa-miR-6819-3p"	-1.9137310310841	3.03234657564748	8.23913085206073	0.00409967593875869	0.00750968676632433
"hsa-miR-6842-3p"	-1.23448037929539	6.07719642345459	12.2089457209682	0.000475609040162831	0.00105332623584084
"hsa-miR-6852-5p"	-2.25023778162025	3.49073259247942	12.4625914641723	0.000415183526772364	0.000940762673380155
"hsa-miR-7-1-3p"	1.30957848442781	6.46240943228187	14.1611567845321	0.000167799080320428	0.000421648971061589
"hsa-miR-7-5p"	1.68931502997101	7.47909994676074	4.67480435552614	0.0306081889636475	0.0487740246900398
"hsa-miR-7155-3p"	-3.35068755491126	2.70721100173962	14.8962278299104	0.000113589894197258	0.000298840527015604
"hsa-miR-744-3p"	-1.58790380428328	2.93433634390635	5.83913988786298	0.0156734866434087	0.0260614055519061
"hsa-miR-744-5p"	-1.53235354617524	8.15944527439931	18.9947436858644	1.31079047151535e-05	3.80614714691865e-05
"hsa-miR-766-3p"	0.166048894374832	7.23838812383922	0.251408192092678	0.616085266947894	0.686094956373791
"hsa-miR-769-5p"	-0.27967451247327	9.59778587525132	0.788588593823263	0.3745272451894	0.456682003910299
"hsa-miR-7706"	1.01885155576028	4.71563834887378	4.62845062844809	0.0314459486008286	0.0499061208563757
"hsa-miR-7976"	-1.90206922075695	4.44169546498112	14.3644488648813	0.000150619374559757	0.000383394771606653
"hsa-miR-7977"	-0.79197273463883	3.22064812390311	1.62863071682106	0.201892544294841	0.264688553055444
"hsa-miR-873-3p"	2.59278386608346	6.13858920495188	11.9202252376441	0.000555277665541648	0.00122285867917037
"hsa-miR-873-5p"	4.57826031447522	8.26203614402381	42.3723068601921	7.54508498930399e-11	4.84864478001174e-10
"hsa-miR-874-3p"	3.8907629840591	6.65647314270994	66.513597345211	3.47488329253785e-16	4.69708362301669e-15
"hsa-miR-874-5p"	2.59161621386125	3.53884548862877	19.3581578230661	1.08355357033259e-05	3.21782575432102e-05
"hsa-miR-876-5p"	6.59566981596368	5.51686646220739	13.5433347954069	0.000233117815445052	0.000567591202822736
"hsa-miR-877-5p"	1.66139950427009	3.95397792198286	12.8983352437714	0.000328874522169759	0.000781326137518459
"hsa-miR-9-3p"	2.46720184486688	2.85578491363157	10.6998781514937	0.00107142590912523	0.00219894741558685
"hsa-miR-9-5p"	2.37733066528291	5.2023232960438	13.0355257837211	0.000305637405000783	0.000734962976314412
"hsa-miR-92a-3p"	0.243669179789636	16.191023850286	0.630067192208173	0.427330668429867	0.509159945363245
"hsa-miR-92b-3p"	1.49244116174624	8.07768859134372	9.41820843640416	0.00214841321030291	0.0040882426137803
"hsa-miR-93-3p"	-2.73899483591609	6.43854822900875	51.3508246049926	7.72495483986412e-13	6.1799638718913e-12
"hsa-miR-93-5p"	-1.39652705162618	10.8857167978217	16.5125932382179	4.83280216626752e-05	0.000133412566843441
"hsa-miR-935"	-5.69544609591417	2.36265885082933	17.271524644431	3.24006146835604e-05	9.07217211139692e-05
"hsa-miR-941"	-2.54903278777562	10.7335389609195	36.0861638365208	1.88782522284777e-09	1.02781595466156e-08
"hsa-miR-941-3-5p"	-2.54792245160978	8.41985073636452	33.9499585235769	5.65478911925534e-09	2.77084666843512e-08
"hsa-miR-942-5p"	-1.42460140107523	5.06568413220293	11.867560607219	0.000571201805480098	0.00125090004328602
"hsa-miR-95-3p"	5.66409722122527	3.41873355727949	44.9892168233544	1.98122429901815e-11	1.3163388562968e-10
"hsa-miR-96-5p"	-4.63319491940517	2.90555964025504	22.5194468385812	2.08026933500825e-06	7.15320683616872e-06
"hsa-miR-98-3p"	-0.663675742532795	3.26406655254351	1.37005201149453	0.241802947612548	0.314906164332621
"hsa-miR-98-5p"	0.678537532038749	10.5881318263062	3.01346981600585	0.0825753542092726	0.118569739377417
"hsa-miR-99a-5p"	0.916391804930098	6.29345751485884	3.94013129821187	0.047147097537479	0.0724771068027129
"hsa-miR-99b-3p"	-0.499019916868155	2.95079158256093	0.592895122579918	0.441301771415109	0.517935013157852
"hsa-miR-99b-5p"	-0.674995489536879	11.4527930016404	2.7254544180941	0.098760009731727	0.138759583565724
