"logFC"	"logCPM"	"LR"	"PValue"	"FDR2"
"hsa-let-7a-2-3p"	-6.44021585603192	2.58815692261256	8.18278440458369	0.00422897977389381	0.0117203153733628
"hsa-let-7a-3p"	-0.323718213460672	5.87434458180626	0.16590401516109	0.683777994093027	0.765894519942536
"hsa-let-7a-5p"	-0.79626092943719	15.1422345372578	0.86139950976758	0.353347344904216	0.474718732073531
"hsa-let-7b-3p"	-2.22171036486366	6.2198299181489	8.26215821129811	0.00404799758700246	0.0112832116649206
"hsa-let-7b-5p"	-1.26408355616946	11.7674020984833	2.29615109586692	0.12969502794101	0.21322741881827
"hsa-let-7c-5p"	-5.14613871783946	9.63391153062109	16.6107138582184	4.58910503444475e-05	0.00018394346625667
"hsa-let-7d-3p"	1.297003817828	8.3787225260567	2.42319326666374	0.119551008168224	0.199938755039961
"hsa-let-7d-5p"	1.09405714758785	11.0451881343755	1.82061561288849	0.177240016139862	0.273762445311571
"hsa-let-7e-3p"	0.667471602239392	4.02879201443045	0.203944480633661	0.651555637820927	0.741794564185797
"hsa-let-7e-5p"	-0.143326438499961	11.6566960256781	0.0242145243565801	0.876340309750357	0.917980670040871
"hsa-let-7f-1-3p"	0.454687255642163	4.7769017819532	0.242250158550331	0.622585634511717	0.717301715821125
"hsa-let-7f-2-3p"	-0.721805434011948	4.87195219432178	0.225764134787789	0.634682603135203	0.724284852989584
"hsa-let-7f-5p"	-0.296748108273904	15.3489788149279	0.155453381440111	0.693377451468146	0.77485729023514
"hsa-let-7g-3p"	0.0226403194675922	3.99597958675038	0.000524461915974328	0.981729136224675	0.989893203885587
"hsa-let-7g-5p"	1.00590961927332	12.9669549960889	1.55653491824572	0.21217329694996	0.317915363078902
"hsa-let-7i-3p"	-0.0394861672599286	6.17507239784407	0.00199582452938252	0.964366638310893	0.978489162302894
"hsa-let-7i-5p"	-1.01365025691071	14.4061076745714	1.79663591212568	0.180119729347913	0.277327202329326
"hsa-miR-100-3p"	-10.7700008470437	6.41663332357516	51.2603833542781	8.08917364170516e-13	1.783295098285e-11
"hsa-miR-100-5p"	-10.5324248187387	16.3543494456523	96.290131467475	9.92233833422846e-23	4.8123340921008e-20
"hsa-miR-101-3p"	0.598882840571857	11.2093013377086	0.559491036843156	0.454465384252742	0.561031885227283
"hsa-miR-101-5p"	1.8484681877784	3.4643001444465	1.59520854444239	0.206583553730295	0.312127799249823
"hsa-miR-103a-3p"	1.21902900241675	12.7799883353583	2.2571470294402	0.132998881255619	0.215733971267475
"hsa-miR-106b-3p"	-1.57110630328035	7.6606281098118	4.03762330929647	0.044496445502504	0.0873715630312325
"hsa-miR-106b-5p"	-0.451849978746839	7.70806347924916	0.2784172684668	0.597740476324148	0.695213743446551
"hsa-miR-107"	-1.69681815744297	6.32750562788738	2.85025578182587	0.0913594005606097	0.157846309390794
"hsa-miR-10a-5p"	-1.1656915521436	10.7482572094261	1.38135093547638	0.239871167882655	0.346242608402047
"hsa-miR-10b-5p"	-9.73118893674969	12.6405261360394	38.0384618275871	6.93636926700402e-10	6.86558998876928e-09
"hsa-miR-1180-3p"	-3.44007332342508	3.86065116647815	10.6248405260694	0.00111578590534961	0.00351400106554909
"hsa-miR-1185-1-3p"	-8.8274421262133	4.55728091333701	35.167622325408	3.0251149520158e-09	2.61996562808511e-08
"hsa-miR-1185-5p"	-8.26011952077438	4.04001469798425	30.4398673261027	3.44377416463598e-08	2.56958533822838e-07
"hsa-miR-1197"	-7.32859880412177	3.24512576004535	20.6541336514001	5.50182754601535e-06	2.93229270309609e-05
"hsa-miR-1226-3p"	2.03874920381811	4.47021966234716	4.25386338223452	0.0391611459475627	0.0777945372225734
"hsa-miR-1228-3p"	2.9274233303261	4.30406178969383	8.09309141352055	0.00444343054343669	0.0122446807589022
"hsa-miR-1228-5p"	5.63864090670986	2.45191027511479	5.56387801274639	0.0183347562061167	0.0409786025804913
"hsa-miR-1237-3p"	1.46782291781216	2.49578459477602	0.807994466896955	0.368713852223687	0.48594081067524
"hsa-miR-1249-3p"	1.55324146138958	7.39864249118675	1.77721902434151	0.182491185350506	0.28008931928796
"hsa-miR-125a-3p"	-1.08951527482601	4.3111106796323	1.14768117993678	0.284035086416181	0.396026020264164
"hsa-miR-125a-5p"	0.325401673204158	13.3328497024418	0.133139642841343	0.715198704701126	0.786556398594209
"hsa-miR-125b-1-3p"	-14.6429682430157	10.2625703977556	77.0623700795103	1.65643465762751e-18	1.09960310748704e-16
"hsa-miR-125b-2-3p"	-3.72056509287299	5.37418955956391	18.3830668597428	1.80656322094064e-05	7.9735103921142e-05
"hsa-miR-125b-5p"	-9.67671023840642	13.6456478902424	78.1807288934028	9.40314138952999e-19	7.60087262320341e-17
"hsa-miR-126-3p"	-0.668268628325788	4.69305868996948	0.2305992802034	0.631079826881726	0.72187197178688
"hsa-miR-126-5p"	-1.58895654734792	6.18933680073184	3.06254244277828	0.0801162212718782	0.141295881152222
"hsa-miR-1260a"	-0.524572886336507	5.26649661519103	0.295117277425007	0.586959766449688	0.687621948618595
"hsa-miR-1260b"	-0.00825402665946045	4.34191121981747	6.25272951646494e-05	0.993690857207956	0.997805519142564
"hsa-miR-1262"	-3.00729459302999	2.76094485486718	3.32675760380666	0.0681611236748622	0.123813277087296
"hsa-miR-127-3p"	-11.310345768204	13.7232435576774	89.7090389697458	2.75891642149507e-21	6.69037232212555e-19
"hsa-miR-127-5p"	-10.3979511392418	6.05310667688225	48.506406500233	3.29211648212119e-12	5.50578101320267e-11
"hsa-miR-1271-5p"	-0.95019634086788	6.83878409803651	1.29640305903079	0.254871292994746	0.363566403242506
"hsa-miR-1273h-3p"	6.26996677949218	2.89554536202337	8.56707210497262	0.00342297175756074	0.00976553707304092
"hsa-miR-128-1-5p"	-0.0682563961172661	4.35406694778012	0.00585932778211085	0.938984522857537	0.962343217081874
"hsa-miR-128-3p"	-0.3918396080105	9.62547488109721	0.260436346612803	0.609820537246284	0.707566891302506
"hsa-miR-1285-3p"	3.0553662122642	4.40900258517828	5.39558963782144	0.0201877034068099	0.0441037664518143
"hsa-miR-1296-5p"	-0.296503520782568	4.9831065862975	0.101380440423685	0.750179298643377	0.813952930295386
"hsa-miR-1301-3p"	3.31651182583349	7.82643997248311	10.5913903243664	0.00113615505239011	0.00355506580909165
"hsa-miR-1303"	3.74997809099579	4.14062488257181	3.44523869286083	0.0634342584046574	0.117875920790264
"hsa-miR-1304-3p"	-0.546503420992804	5.57383680032677	0.337150832728611	0.561478450296364	0.664187922911553
"hsa-miR-1306-5p"	0.585396502918233	3.45357628851634	0.186015241575728	0.666253999623388	0.756752200977384
"hsa-miR-1307-3p"	1.52493000855961	8.53953710196567	3.14064208953315	0.076363739662287	0.135169393197844
"hsa-miR-1307-5p"	-0.209978281031549	9.34673466768852	0.0719981485430594	0.788449389639246	0.8429324900444
"hsa-miR-130a-3p"	-4.92282822189571	9.5744988806266	25.799027530095	3.78879318421101e-07	2.48319553289505e-06
"hsa-miR-130b-3p"	-1.67993905076142	9.22195733648275	4.70599296975784	0.0300576335793801	0.0620338395148908
"hsa-miR-130b-5p"	-2.3424762914546	7.85486140386209	9.2718003146833	0.00232708854901202	0.00688193869677335
"hsa-miR-132-3p"	0.850472459158006	7.68327830677721	1.18488387748537	0.276363973262611	0.388869371143243
"hsa-miR-132-5p"	1.38283934445337	4.88093870061218	2.36531262601887	0.124059057986653	0.20605699699838
"hsa-miR-133a-3p"	3.46076299788134	4.72417436221486	2.8486056462244	0.0914532225542539	0.157846309390794
"hsa-miR-134-3p"	-6.22548550187981	2.41478596942064	7.64568240162872	0.00569083641217689	0.0147596559353251
"hsa-miR-134-5p"	-10.6194237362349	6.26972085402515	56.7242017389013	5.01426171521797e-14	1.35106496215595e-12
"hsa-miR-1343-3p"	0.89403897354479	3.3101909173419	0.70932999277149	0.399666327813908	0.515527045185493
"hsa-miR-136-3p"	-12.953501113288	8.57766974103928	76.8831522159867	1.8137783216281e-18	1.09960310748704e-16
"hsa-miR-136-5p"	-11.5553183163671	7.18978802850976	56.8951463012914	4.59678986074114e-14	1.31143710732909e-12
"hsa-miR-137"	-4.06972485509734	4.25915863905486	12.5959709792547	0.000386579173395722	0.00132035844434454
"hsa-miR-138-5p"	-4.58693818341648	5.25931942470116	14.8210620360861	0.000118207919490168	0.000451365024919218
"hsa-miR-139-5p"	7.6121066424437	3.99927121881384	18.3465802706396	1.84149220192411e-05	8.04615962101977e-05
"hsa-miR-140-3p"	1.11868497205902	11.4041483326202	1.94448561431064	0.163182319695703	0.255301371136825
"hsa-miR-140-5p"	0.646731153584117	6.1576246670163	0.532414251933915	0.465593622690214	0.568798254420035
"hsa-miR-141-3p"	2.43541814473629	4.79935026112144	7.3585994423944	0.00667427603023236	0.017076499314073
"hsa-miR-142-3p"	-1.53678896550259	10.8075316718782	0.98340579841453	0.321359413410777	0.439040325364019
"hsa-miR-142-5p"	0.116112856731883	13.5209703577211	0.00556817904566742	0.940516876075894	0.962343217081874
"hsa-miR-143-3p"	-7.17704918242869	12.7810112587465	42.4179289595453	7.37112298613719e-11	8.71949914213789e-10
"hsa-miR-143-5p"	-8.58367623342104	4.32864237140802	25.6015547116214	4.19701102915159e-07	2.7140671321847e-06
"hsa-miR-145-3p"	-6.84024333545133	5.05378264553563	18.4011335036183	1.78951497396303e-05	7.9735103921142e-05
"hsa-miR-145-5p"	-5.33060765203042	5.46324262477411	17.9885079848979	2.22242604273867e-05	9.48250084283025e-05
"hsa-miR-1468-5p"	-1.25496078529238	2.91959529664333	0.690089534747315	0.406133928299169	0.518355145329202
"hsa-miR-146a-3p"	4.65344894731448	4.95616829278176	8.80754925064132	0.00299986705390029	0.00866033048298595
"hsa-miR-146a-5p"	4.16441899055156	13.6497093279733	12.8309686382726	0.000340929214473828	0.00117269978028232
"hsa-miR-146b-3p"	5.14724081323375	9.72243566501105	18.6815564107366	1.54469424372761e-05	7.06770479441406e-05
"hsa-miR-146b-5p"	5.91075392206772	15.735970606435	15.4725965674423	8.37101182451526e-05	0.000324795258791192
"hsa-miR-147b"	6.30259610614662	6.47071682245152	24.2145630273918	8.61781790100385e-07	5.09712400242301e-06
"hsa-miR-148a-3p"	-3.3968065199625	13.2496818699348	8.70812823481182	0.00316794314780198	0.00909143447741988
"hsa-miR-148a-5p"	-4.02488665040628	7.89764678151279	7.3449950045815	0.00672497189482052	0.017076499314073
"hsa-miR-148b-3p"	0.13057567247658	11.1291768696655	0.02792661097061	0.867281475857284	0.912432789134019
"hsa-miR-148b-5p"	0.317730276167061	7.59561201526614	0.173979779621762	0.676598803449692	0.761369883232252
"hsa-miR-149-5p"	-4.90473958015887	5.98790871238334	25.8333701740412	3.7219761700339e-07	2.48237387861209e-06
"hsa-miR-150-5p"	3.24811286641768	6.87906791850384	4.42957007383064	0.0353214039875512	0.0710824935019183
"hsa-miR-151a-3p"	-2.99848376060531	11.5940372821307	14.3145613534777	0.000154663865312089	0.00055564425686195
"hsa-miR-151a-5p"	-2.55250247265071	12.1056680420787	10.9004638490846	0.000961401824492748	0.00312939520053009
"hsa-miR-151b"	-2.31559238982004	3.60811933255729	5.98099815041467	0.0144608158869833	0.0331111735371692
"hsa-miR-152-3p"	-2.13802413515345	7.56958102825803	7.4433900243535	0.00636698481717316	0.0164254661506861
"hsa-miR-152-5p"	-2.69825161973404	4.96307551766172	7.80034144084197	0.00522363627919545	0.0138440633628951
"hsa-miR-154-3p"	-6.20087744182646	2.41441961306077	13.2069651994062	0.000278910633878363	0.000966226124507188
"hsa-miR-154-5p"	-7.88614245124734	3.70598294406712	19.3321458340557	1.09841479545271e-05	5.2745660969759e-05
"hsa-miR-155-5p"	1.21648247555505	10.8564060394617	1.98252018957442	0.159125161626966	0.250113734366487
"hsa-miR-15a-3p"	-5.86668807259516	2.21634878849762	7.26760890592092	0.00702092093034219	0.0177351388084165
"hsa-miR-15a-5p"	1.83263214796874	10.1901941261957	4.71905173476703	0.0298301890803262	0.0618275286493942
"hsa-miR-15b-3p"	-1.86793148330551	5.87347121908989	5.20546225808412	0.0225160270327563	0.0481069300039067
"hsa-miR-15b-5p"	-0.650144469579509	8.51908195805036	0.728759364263347	0.393285622617793	0.511376747907854
"hsa-miR-16-1-3p"	-3.43750872701164	3.01455343526028	3.47296345682693	0.06237946257913	0.116361689811069
"hsa-miR-16-2-3p"	-0.798655730551604	6.3556516483263	0.884964372018842	0.346845573427096	0.467278064200393
"hsa-miR-16-5p"	0.879350760555258	12.7668940785343	0.957105945644457	0.327917111365887	0.44548963308811
"hsa-miR-17-3p"	-2.16178824127537	7.3042832604116	6.14903902225707	0.0131483526407498	0.0306584184171331
"hsa-miR-17-5p"	-1.54358673113587	8.53498119496185	1.9803758989505	0.159350812204628	0.250113734366487
"hsa-miR-181a-2-3p"	-3.13178063856733	7.51025596289664	14.8065167776155	0.000119123140597237	0.000451365024919218
"hsa-miR-181a-3p"	-1.41358230829975	9.79449112721685	3.43824943016979	0.0637031562498461	0.11792378160754
"hsa-miR-181a-5p"	-1.03919079822394	14.7984540085071	1.37292206873076	0.241310465689706	0.347286575250764
"hsa-miR-181b-3p"	-2.13091629585774	4.79117142174983	3.74761496166577	0.0528829191177859	0.102592863088505
"hsa-miR-181b-5p"	-2.24417745931479	11.9325720143244	6.43231554563363	0.0112062391085969	0.0266422841552426
"hsa-miR-181c-3p"	1.09305137803068	7.3069823060297	1.54353057110959	0.214093050843079	0.319492706642749
"hsa-miR-181c-5p"	1.51727538999334	9.67039694317557	3.39425150375987	0.0654240505454569	0.119738356658666
"hsa-miR-181d-5p"	1.07856694564217	6.32698971138378	1.13476208148464	0.286761853014697	0.398508592298361
"hsa-miR-182-5p"	-7.08911584503429	10.192792117349	18.3811042076359	1.80842503738673e-05	7.9735103921142e-05
"hsa-miR-183-3p"	-6.65961863320545	2.74339570452307	8.52980258579454	0.00349377594075865	0.00990924755127453
"hsa-miR-183-5p"	-7.33366172139063	8.10312838871744	12.4224357096006	0.000424206608849715	0.00142875142563966
"hsa-miR-185-3p"	2.1933763150138	4.89244305750509	4.87038690562707	0.0273213742266066	0.0573630584411437
"hsa-miR-185-5p"	3.0365146007613	8.0286190410062	11.0885887643316	0.000868605610709811	0.00284644406212337
"hsa-miR-186-5p"	0.0538721316769752	12.683725213961	0.00479627496435597	0.944786529902523	0.964676772637313
"hsa-miR-187-3p"	-1.48906917144731	2.33313719028068	0.738073320248269	0.390278762173408	0.508831181865868
"hsa-miR-188-5p"	-0.0379817292772946	4.36675059982803	0.00147627063132871	0.969351007279213	0.981493191086468
"hsa-miR-18a-3p"	-2.65735120768554	5.29327612251096	6.58642621333977	0.0102759254696427	0.0250443409687273
"hsa-miR-18a-5p"	-1.52409097862898	6.66437436621554	1.86355721801483	0.172214807103425	0.267705709760132
"hsa-miR-1908-5p"	6.93938208809331	3.4254310514976	13.8855824463393	0.000194283127203795	0.00067789436470389
"hsa-miR-190a-5p"	-0.250573190170147	4.48289313882666	0.0705535688277603	0.790532483516122	0.8429324900444
"hsa-miR-190b"	-0.458636459784472	3.18637260165048	0.103315719459238	0.74788634958908	0.813284483297542
"hsa-miR-191-3p"	0.751440112498306	4.96712397305528	0.538404384773961	0.463094754389061	0.568538951087074
"hsa-miR-191-5p"	1.2613521892623	15.1621439231555	2.34492383177303	0.125691705086963	0.208027658411169
"hsa-miR-192-5p"	-1.84619460022755	9.0583516393125	4.34241700497454	0.037174115284429	0.0741952506705682
"hsa-miR-193a-3p"	-0.876599816423875	9.0754919848904	0.609950424414762	0.434806476835346	0.5411135842827
"hsa-miR-193a-5p"	1.69434101309881	8.40025405091888	2.19095118538694	0.13882356232167	0.222945124920563
"hsa-miR-193b-3p"	-5.81667935961054	6.84870736624125	31.2325829158373	2.28891868863081e-08	1.79052510320313e-07
"hsa-miR-193b-5p"	-6.47529516230141	2.59156105602249	12.5137028143279	0.000403978170797939	0.0013701357541049
"hsa-miR-194-5p"	-2.22386984684973	4.25578020246726	3.75253709815837	0.052727420973589	0.102592863088505
"hsa-miR-195-5p"	-4.53678445569476	3.07873950877161	10.1379015663886	0.00145251421768141	0.00443062512940557
"hsa-miR-196b-5p"	-1.41692144954421	3.5205362396496	0.590473919505182	0.442235915484166	0.548553501303889
"hsa-miR-197-3p"	2.34928563594482	10.3627236679785	6.5220922323335	0.0106542592529339	0.0258365786883648
"hsa-miR-1976"	8.23188634576434	4.55771372124485	25.5475477300045	4.31614263943235e-07	2.75438050016407e-06
"hsa-miR-199a-3p"	-7.19270674922129	12.4466263536593	42.956678945591	5.59655115643938e-11	6.95981361762333e-10
"hsa-miR-199a-5p"	-11.0950747050993	10.3073825866842	60.9009063701209	6.00212005865066e-15	2.07930587746112e-13
"hsa-miR-199b-3p"	-7.25116529820374	11.3392815170178	42.1584475195976	8.41695731143733e-11	9.32568071117377e-10
"hsa-miR-199b-5p"	-4.75257245861539	9.8675708116471	14.6749959371478	0.000127729512957026	0.000480223362667888
"hsa-miR-19a-3p"	-0.679409155401609	7.84351855170634	0.61555327660939	0.432704532152918	0.540880665191148
"hsa-miR-19b-3p"	-0.534312439465572	9.56385797437886	0.349041044117882	0.554656474307797	0.657722225034919
"hsa-miR-200a-3p"	-3.17651699207205	4.08603962511473	3.04095618067688	0.0811880818776966	0.142667462719865
"hsa-miR-200b-3p"	-3.80734101798323	6.81142319452748	5.24593971670031	0.0219980439965809	0.047208191762574
"hsa-miR-200b-5p"	-2.96782846498756	2.10433368741599	2.33982939440538	0.126103364067802	0.208027658411169
"hsa-miR-200c-3p"	7.75490250371594	4.19779406284191	19.1818312644923	1.18839120874488e-05	5.59582268195404e-05
"hsa-miR-204-5p"	-10.5446250124198	8.67101710302982	25.8259270288522	3.73635655956047e-07	2.48237387861209e-06
"hsa-miR-20a-3p"	-0.155179942911634	2.76000646167822	0.0075853725759325	0.930596759251638	0.956227602197128
"hsa-miR-20a-5p"	-1.01494335252776	8.2558392717535	1.10031954640218	0.294195987929093	0.40535526745912
"hsa-miR-20b-5p"	-0.656624388678603	3.32299126587382	0.179731359105442	0.671604207968537	0.759272822528532
"hsa-miR-21-3p"	0.58485493022674	12.4546921857105	0.481132325754629	0.487909866801406	0.591590713496704
"hsa-miR-21-5p"	1.9387128553433	17.1931363301836	4.95959914007108	0.0259462213472059	0.0549516041632963
"hsa-miR-210-3p"	-0.152144851794265	9.4373661067608	0.0208074690230333	0.885304683846486	0.925372352727469
"hsa-miR-210-5p"	-0.3393471258021	6.32141776335408	0.116164219788322	0.733232524392738	0.8027489262539
"hsa-miR-2110"	1.79939497055257	3.43750977521999	1.420068438436	0.233392138773972	0.339916344479924
"hsa-miR-2110-3p"	0.806779608685971	4.29326199133238	0.643389900012786	0.42248592448561	0.530843713408085
"hsa-miR-2116-3p"	1.2424711154522	4.17744042698493	0.774898459353774	0.37870592757476	0.495073786721722
"hsa-miR-212-3p"	0.400346533707978	4.95362376241968	0.242164057739719	0.622647468784935	0.717301715821125
"hsa-miR-212-5p"	1.06993502430348	5.39895332832825	1.14709127505886	0.28415887639573	0.396026020264164
"hsa-miR-214-3p"	-11.0207208963138	6.66292037935319	57.7098119063843	3.03783680832471e-14	9.59997045262897e-13
"hsa-miR-214-5p"	-10.1846834905008	5.84518720146413	39.647858279237	3.04138070717962e-10	3.13844604889812e-09
"hsa-miR-215-5p"	0.906402396199863	3.34298693408494	0.643498945755307	0.422446611042729	0.530843713408085
"hsa-miR-218-1-3p"	-9.08576055553674	4.79524229671193	35.1290133376989	3.08568990849589e-09	2.62554316775528e-08
"hsa-miR-218-5p"	-3.87687088393305	5.34109280589398	13.8902390879539	0.000193802350926702	0.00067789436470389
"hsa-miR-22-3p"	0.390934375807639	16.6245787424573	0.237090034799621	0.626315790333242	0.719817910691048
"hsa-miR-22-5p"	-0.0130169351274111	7.22532851834396	0.000301807605577409	0.986139359283042	0.992277156125052
"hsa-miR-221-3p"	-2.48959129906472	12.7605173126249	6.22891670772754	0.012568060006319	0.0295898500148773
"hsa-miR-221-5p"	-2.30953808081392	9.48875090928553	5.03007510456286	0.0249108181616956	0.0529901175807999
"hsa-miR-222-3p"	-3.20295592934498	13.0628249898474	7.94587875993506	0.00481970086316426	0.0132065249640377
"hsa-miR-222-5p"	-2.83357819574922	4.90121428741051	6.89438382880562	0.00864669611972771	0.0211800384750906
"hsa-miR-223-3p"	8.22425032516368	10.3272454532257	24.7559055971478	6.50691253174007e-07	3.99475009859992e-06
"hsa-miR-223-5p"	8.43174807189617	4.74226519650191	25.3521608510487	4.7761706015873e-07	3.00836719710369e-06
"hsa-miR-224-3p"	-7.21182275698915	3.14249073909687	14.4254826879755	0.000145815765476185	0.000531734182375563
"hsa-miR-224-5p"	-10.2886592767209	8.42836661829075	49.0404403357395	2.50739276506409e-12	4.64673302740882e-11
"hsa-miR-2277-5p"	1.38535820511002	4.27864194372725	1.07415175545956	0.300009542074628	0.412194413331996
"hsa-miR-2355-5p"	1.75295937938606	4.25368844515553	2.23319047419921	0.135074674986059	0.217645240426042
"hsa-miR-23a-3p"	1.0392173121638	11.58396438451	1.49443380660733	0.221529802010609	0.328568666590658
"hsa-miR-23a-5p"	1.63445369667988	5.23164060887625	3.28156417492188	0.0700621263003799	0.125852337984016
"hsa-miR-23b-3p"	-3.52961554914004	8.77350467463974	18.8299672308507	1.42904109613742e-05	6.60080887263477e-05
"hsa-miR-24-2-5p"	0.871088893940216	7.99848661106787	1.17968461427319	0.277420211166107	0.388869371143243
"hsa-miR-24-3p"	1.29029370750297	10.4988804224262	2.44877695294173	0.117616478851997	0.197384056204909
"hsa-miR-2467-5p"	1.99778023790126	4.43877867989423	4.14645398987531	0.0417218095227845	0.0822564130835386
"hsa-miR-25-3p"	-1.29452504143539	11.3096387288191	2.69015175484486	0.100970197322921	0.170629079099709
"hsa-miR-25-5p"	-1.91978668503741	4.80952073676554	5.97947161057255	0.0144733377110925	0.0331111735371692
"hsa-miR-2682-3p"	-3.95349447341602	2.66850977104489	7.82907475570824	0.00514124106454858	0.013776253681249
"hsa-miR-2682-5p"	-3.77301633823659	3.24457813294345	9.09999734494961	0.00255609865864508	0.00751338090571433
"hsa-miR-26a-2-3p"	-1.60044194731298	4.50790340203381	3.01732054552872	0.0823794713872758	0.144238424631151
"hsa-miR-26a-5p"	0.439751003323235	14.6628735204451	0.305686209694613	0.580339442860069	0.684828782937064
"hsa-miR-26b-3p"	1.00056092298062	6.44572357801295	0.827169541527994	0.363092264545511	0.482259223649742
"hsa-miR-26b-5p"	1.80404550146491	12.0836853585103	4.60930627982539	0.031798894621413	0.0653494232685819
"hsa-miR-27a-3p"	0.96357517873193	12.7054090404289	1.42964577839147	0.231822256328387	0.339679136916216
"hsa-miR-27a-5p"	0.0952696373035239	5.86747955005207	0.0146886526391814	0.903535196866789	0.938360964626109
"hsa-miR-27b-3p"	-4.11823022835993	13.3618913082019	17.1225472122527	3.5043801996489e-05	0.000142825579565522
"hsa-miR-27b-5p"	-4.68602612453448	4.84813899622683	14.3651541526559	0.00015056296540462	0.00054494804642717
"hsa-miR-28-3p"	0.960004379206912	12.2964513258477	1.10785715618249	0.292548229969449	0.404233309217046
"hsa-miR-28-5p"	2.03035715139467	9.45721692999065	5.40294959287859	0.0201027498470177	0.0441037664518143
"hsa-miR-296-3p"	-7.71008536779557	5.95374145652739	27.0814734015025	1.95058393656098e-07	1.38164891240383e-06
"hsa-miR-296-5p"	-7.69356079896785	5.93774142894013	27.0666048237159	1.96564484445081e-07	1.38164891240383e-06
"hsa-miR-299-3p"	-8.94810164076431	4.66869762017108	38.0414667904674	6.92569456218667e-10	6.86558998876928e-09
"hsa-miR-299-5p"	-8.88453007758373	4.605675978692	26.5152659233149	2.61463726773371e-07	1.81157010692978e-06
"hsa-miR-29a-3p"	-1.59386782574422	13.314015285715	3.71643266557862	0.0538793679049974	0.10369640251557
"hsa-miR-29a-5p"	-1.18438848065785	5.19289610650864	1.88700220199998	0.169540431364306	0.264395849555268
"hsa-miR-29b-1-5p"	1.65382722000418	2.61385420479189	1.23504246611944	0.266428635031039	0.376728536414151
"hsa-miR-29b-2-5p"	6.15647916246228	2.8121091164218	8.86823241287922	0.00290175973391469	0.00842726629310554
"hsa-miR-29b-3p"	-1.97458755295781	8.65039339353168	5.30405287589869	0.0212758642616174	0.0458779683506935
"hsa-miR-29c-3p"	2.44729272254894	9.14217745871443	8.27505786163675	0.00401933817024915	0.0112680867778661
"hsa-miR-29c-5p"	3.72339572713892	5.00340613092685	9.42060617536128	0.0021456058257787	0.00642357299693007
"hsa-miR-301a-3p"	-3.00765812396166	9.02535514871164	5.73873570971841	0.016594733421011	0.0376095593887399
"hsa-miR-301a-5p"	-2.58442369615061	3.25692525859457	2.7415195997967	0.0977717512983743	0.166383506595479
"hsa-miR-301b-3p"	0.93498592669695	5.77713614048617	0.898853216656018	0.343089392100498	0.463505167600951
"hsa-miR-3074-3p"	-2.386550840807	2.42959050956921	1.3103536728849	0.252330630949111	0.361004000030439
"hsa-miR-3074-5p"	-2.87502260351306	3.07908698985247	2.41621405315825	0.120084839427766	0.200141399046277
"hsa-miR-30a-3p"	-4.65716724735051	6.45031022470946	22.6820872132158	1.91141446535246e-06	1.10361430439993e-05
"hsa-miR-30a-5p"	-4.22403313338509	11.9642602810393	17.9829910286064	2.22887648676835e-05	9.48250084283025e-05
"hsa-miR-30b-3p"	-0.894214314019669	2.78528662542019	0.631994984608182	0.426624483429552	0.534658590344529
"hsa-miR-30b-5p"	0.896968559422804	10.4486484037322	0.916615929825724	0.338365090215197	0.458399633392096
"hsa-miR-30c-1-3p"	0.122669781352744	4.68515098072767	0.020024115864026	0.887469751988126	0.92564049400912
"hsa-miR-30c-2-3p"	-5.78850285338291	4.1803764911175	19.7640049783136	8.76172959176426e-06	4.42649880417257e-05
"hsa-miR-30c-5p"	0.230026220447966	12.0447926938289	0.0748522042583275	0.784398713814534	0.841666761504533
"hsa-miR-30d-3p"	-1.85526308054148	5.5703614772552	2.72672449722313	0.0986814847209147	0.167344475837915
"hsa-miR-30d-5p"	0.701360133086305	12.9455635012005	0.697794069606118	0.403525913009262	0.518074523991399
"hsa-miR-30e-3p"	0.509031932396774	7.88409918236399	0.296518182328626	0.586073486364601	0.687621948618595
"hsa-miR-30e-5p"	0.76304639488691	13.1075693752727	0.609112239284968	0.435122263650006	0.5411135842827
"hsa-miR-31-3p"	-11.3260298192086	6.96386836476526	63.4674079099048	1.63042199100593e-15	6.58962221364897e-14
"hsa-miR-31-5p"	-12.7203517177067	12.9780075474513	81.311845817133	1.92767635569172e-19	2.33730758127621e-17
"hsa-miR-3117-3p"	-6.68568643013454	2.74755805464383	15.9060330309452	6.65661922740007e-05	0.000262476449210491
"hsa-miR-3152-5p"	-6.87873939309554	2.8899492701863	16.7485291269073	4.26753344890435e-05	0.000172479476893217
"hsa-miR-3158-3p"	0.0678409282593836	3.45755796036809	0.00234421215641056	0.961383859571376	0.977507697887038
"hsa-miR-3168"	-0.782713562023794	4.24097639708622	0.720405915281173	0.396010793863291	0.513269754536406
"hsa-miR-3174"	0.263034422083232	3.291889478893	0.0305313572489219	0.861290030121052	0.908099270888501
"hsa-miR-3176"	7.46174770947486	3.86810192253173	17.3131239561976	3.1699001361583e-05	0.000130288268308201
"hsa-miR-32-3p"	6.08673574793267	2.76328368532919	10.3862935966775	0.00126954210708694	0.00394697385857156
"hsa-miR-32-5p"	1.71788104865708	4.20464566440344	0.794213375466201	0.372829126310235	0.488750244455612
"hsa-miR-3200-3p"	-1.80384975573738	3.68755877601002	1.50127509453798	0.220475271999197	0.328007689937455
"hsa-miR-320a"	-0.274035605937123	10.4177678386652	0.107678793888752	0.742802430829203	0.809571188656547
"hsa-miR-320b"	-0.993848160069179	3.0860980556642	0.822512940381332	0.36444646417895	0.482259223649742
"hsa-miR-320d"	0.45230765040651	2.68521658392154	0.085230415004264	0.770330598792187	0.830245200920469
"hsa-miR-323a-3p"	-9.5038032985785	5.1920294664371	44.4967939461834	2.54774081028596e-11	3.33960619726673e-10
"hsa-miR-323b-3p"	-8.98780775828347	4.70593394304664	37.7730504126981	7.947210222201e-10	7.70879391553497e-09
"hsa-miR-324-3p"	0.89297649367766	6.14396412446779	1.33773399681722	0.247433978062935	0.355045796924625
"hsa-miR-324-5p"	1.18328695941661	5.38148877613598	1.4588065342045	0.227120109120192	0.334812318915785
"hsa-miR-326"	5.27187381440473	8.85747100767989	10.8402565725164	0.000993169700932354	0.00318998215200127
"hsa-miR-328-3p"	0.119998895430648	7.1533340004106	0.0245727459761769	0.875436390654499	0.917980670040871
"hsa-miR-329-3p"	-9.2755187921841	4.97270447848779	30.649874398176	3.09046605306427e-08	2.34199380583776e-07
"hsa-miR-330-3p"	1.37220414482972	4.49415712484572	2.1769216844696	0.140094425466832	0.223787862594719
"hsa-miR-330-5p"	-0.284843309550427	5.83462883080613	0.070374466381514	0.790792336021035	0.8429324900444
"hsa-miR-331-3p"	0.72572697259553	8.7944607532188	0.717825665779674	0.396858057631242	0.513269754536406
"hsa-miR-331-5p"	-0.770151879795563	3.4731793026176	0.427014554968239	0.51345750845713	0.61640319703393
"hsa-miR-335-3p"	-4.72654953310627	5.24889490450719	23.0277543632851	1.59679461885045e-06	9.33066735111407e-06
"hsa-miR-335-5p"	-0.474268302139637	4.65312247718955	0.35227105673442	0.552830346835052	0.657722225034919
"hsa-miR-337-3p"	-10.0083646919403	5.67605315274665	49.4579052747883	2.0267419268324e-12	3.93187933805486e-11
"hsa-miR-337-5p"	-7.19762745692703	3.13784346342255	19.1145860225824	1.23100494710055e-05	5.74074422445928e-05
"hsa-miR-338-3p"	11.6273898156886	7.84222319077945	45.9379986663514	1.22055367164977e-11	1.74108391397099e-10
"hsa-miR-338-5p"	9.95304354570032	6.19419077633184	24.8356685344014	6.24314778507671e-07	3.88195727661821e-06
"hsa-miR-339-3p"	0.639753715856833	7.48234843588836	0.686252379495076	0.407442017994527	0.518659786685946
"hsa-miR-339-5p"	0.551512999867591	7.39295725734788	0.420109565447252	0.516882378304538	0.618982601179509
"hsa-miR-33a-3p"	0.486333112416698	4.09004813707939	0.234672739829733	0.628080501203646	0.720139581758318
"hsa-miR-33a-5p"	-3.18742992968236	4.50980991679561	11.7188258478622	0.00061870979644594	0.00205530309093343
"hsa-miR-33b-3p"	0.157038081640562	3.24068804175107	0.0120828001224904	0.912471400595915	0.943600488889165
"hsa-miR-33b-5p"	-2.31295318591716	3.32294417091969	4.52055565352734	0.0334899529786823	0.0685342919605946
"hsa-miR-340-3p"	1.76488309333856	6.6898383141148	3.8559514983554	0.0495698030693046	0.0969409455185997
"hsa-miR-340-5p"	3.20175241666464	10.7900075311681	10.064627485355	0.00151143122304179	0.00458152589484541
"hsa-miR-342-3p"	4.39565719579607	11.195273072836	18.492627836584	1.70562774285201e-05	7.73111640451611e-05
"hsa-miR-342-5p"	2.67907724939583	5.75990340764737	7.34523271809661	0.00672408270708364	0.017076499314073
"hsa-miR-345-3p"	-5.05103491593014	3.47585357628197	5.69793632473446	0.0169848719235428	0.0381373281616585
"hsa-miR-345-5p"	0.398424215476323	9.39428867295873	0.166456711171207	0.683280232820344	0.765894519942536
"hsa-miR-34a-3p"	1.66154722427721	4.19185770793897	1.58379161231194	0.208215386625717	0.313616343209542
"hsa-miR-34a-5p"	1.92964233984846	9.41033180165249	3.55592673755407	0.059333167520708	0.112849357833503
"hsa-miR-34b-5p"	-4.83353924735137	3.360022315945	10.7232626819123	0.0010579695619408	0.00337575814171899
"hsa-miR-34c-5p"	-4.51339006046868	6.55544259163135	19.5433197160723	9.83440302963254e-06	4.8869609344336e-05
"hsa-miR-3605-3p"	-0.277188460916866	4.38105869664825	0.064088208333914	0.800147287624337	0.851033847582902
"hsa-miR-3605-5p"	-0.720054322302126	4.05645520168452	0.513251882363638	0.473734519414764	0.577175650496271
"hsa-miR-3607-3p"	0.690552669260801	6.27221956602143	0.41284326622064	0.520529892157688	0.621815265262262
"hsa-miR-361-3p"	0.776756058334037	9.29391961821592	0.657144583115148	0.417569826389161	0.527399390100893
"hsa-miR-361-5p"	0.945462082287338	8.40878016125891	1.41585582743478	0.2340867197037	0.339916344479924
"hsa-miR-3613-3p"	3.27133851929456	3.72237489030073	6.36744810465752	0.0116232626302075	0.0274989384178081
"hsa-miR-3613-5p"	1.10376875309722	3.44239693156333	0.794107430781159	0.372861011234178	0.488750244455612
"hsa-miR-3614-5p"	1.21943005984322	3.05608711712772	0.672491413148506	0.412184333281366	0.523323040946237
"hsa-miR-3615"	2.00882416394801	4.44481758164966	3.71894581735897	0.053798326617784	0.10369640251557
"hsa-miR-362-3p"	-0.570086464226682	3.70452347317951	0.35074671848478	0.553690734941843	0.657722225034919
"hsa-miR-362-5p"	3.1985801213926	5.06738970824911	6.48394740314865	0.0108852978102277	0.026265519591843
"hsa-miR-3620-3p"	1.91274695834057	2.77162536473293	1.67017781634782	0.196234719123934	0.299288801179584
"hsa-miR-363-3p"	1.20989950358595	6.50403172079742	0.693121930650046	0.405104522001407	0.518355145329202
"hsa-miR-3653-3p"	5.7796785198307	2.54580949056355	5.71285600878335	0.0168411188278978	0.0379904308443277
"hsa-miR-365a-3p"	0.471770629156674	7.07735632406429	0.282343629606959	0.595169217276156	0.693887188410903
"hsa-miR-365b-3p"	0.471770629156674	7.07735632406429	0.282343629606959	0.595169217276156	0.693887188410903
"hsa-miR-365b-5p"	1.02990969284341	3.73351591407945	0.663778908732387	0.415229007892556	0.525812190151148
"hsa-miR-3661"	-2.83549478286236	2.78050083620819	4.83017078716272	0.0279658601870463	0.0582121982434225
"hsa-miR-3677-3p"	1.02919475342539	2.94348190471803	0.510711299130622	0.474831102160849	0.577175650496271
"hsa-miR-369-3p"	-5.17034709764124	4.90044854236041	20.3229841207958	6.5410114201436e-06	3.3748835518826e-05
"hsa-miR-369-5p"	-9.72356497178471	5.4015576338587	47.0994652899492	6.74740928929862e-12	1.02265422040932e-10
"hsa-miR-3690"	6.47045881294681	6.64603337649082	17.5360043033079	2.81918252968355e-05	0.000117870993697976
"hsa-miR-370-3p"	-10.5043027261509	6.15677509488487	48.9792543849819	2.58684106680491e-12	4.64673302740882e-11
"hsa-miR-371b-5p"	7.85538949076405	4.21568588186113	20.5729621581275	5.74011165652019e-06	3.02603712327423e-05
"hsa-miR-374a-3p"	0.889632825460214	6.6796406830782	0.823682438589401	0.364105702623826	0.482259223649742
"hsa-miR-374a-5p"	1.7472824688464	6.29467763006299	3.66780993350196	0.0554730303278441	0.106341579877488
"hsa-miR-374b-3p"	-0.29814985991749	4.53341329523842	0.0461530254001277	0.829897872565669	0.880745006989824
"hsa-miR-374b-5p"	0.63280024564837	7.17113363135201	0.45930182556684	0.497950446768756	0.60076111115136
"hsa-miR-375"	-14.45246656538	10.0725729839521	21.4287268657734	3.67227740277373e-06	2.0239256140287e-05
"hsa-miR-376a-2-5p"	-6.21377533497769	2.41526599277409	11.8210863908178	0.000585636794983793	0.00195885410735958
"hsa-miR-376a-3p"	-8.87708304783203	4.60069800444624	33.6778912806564	6.50356595827319e-09	5.25704914960417e-08
"hsa-miR-376a-5p"	-10.1865447576438	5.84933186705239	41.8423565301212	9.89367755272231e-11	1.06631858068229e-09
"hsa-miR-376b-3p"	-8.05188215745316	3.85117602382105	21.3642953646236	3.79778330154411e-06	2.0695785407291e-05
"hsa-miR-376c-3p"	-10.0564565743519	5.72206982712477	50.1613351575584	1.41610754578775e-12	2.86171733211275e-11
"hsa-miR-377-3p"	-7.44451776862478	3.34296600302634	19.5355110843664	9.87468394998954e-06	4.8869609344336e-05
"hsa-miR-377-5p"	-9.04448580259588	4.75687336182039	35.9960567114933	1.97717249854238e-09	1.76627236058743e-08
"hsa-miR-378a-3p"	3.40965746510805	14.374589195356	5.52753319663083	0.0187194792310561	0.0416465478305606
"hsa-miR-378a-5p"	3.46593413298416	6.80004330538385	6.00813735525234	0.0142400514460382	0.0328877378634693
"hsa-miR-379-3p"	-8.13520875375806	3.9286282330379	28.6536017181965	8.65528590690496e-08	6.36032373461956e-07
"hsa-miR-379-5p"	-8.05335178003164	3.85282422590637	21.9883861716432	2.74305297104461e-06	1.52917320799613e-05
"hsa-miR-380-3p"	-3.40939899619853	3.15974274811844	7.8074692064361	0.00520307210523086	0.0138440633628951
"hsa-miR-381-3p"	-10.5031788041555	8.64601832937415	64.5495218384962	9.41363798915134e-16	4.150558567944e-14
"hsa-miR-382-3p"	-7.46207472972212	3.35112239803563	20.7009193795781	5.36902167854051e-06	2.89330612676905e-05
"hsa-miR-382-5p"	-9.955673055149	5.62462742349994	48.5558681386495	3.21012338372731e-12	5.50578101320267e-11
"hsa-miR-3909"	1.80968558985138	6.49795252345548	3.42822429278782	0.0640909773539966	0.118190585614785
"hsa-miR-3922-3p"	6.85285744850364	3.3542630487233	14.4976281362613	0.000140336128568343	0.000519565056149973
"hsa-miR-3928-3p"	0.0491452381470883	3.18640217455073	0.000999210024867914	0.974782842417909	0.984936830359762
"hsa-miR-409-3p"	-14.7148212961406	10.3343450616439	85.2460125597765	2.63459226087138e-20	4.25925748840874e-18
"hsa-miR-409-5p"	-10.1199082650493	8.26533217675574	62.6020712446882	2.52987271973078e-15	9.43837130053406e-14
"hsa-miR-410-3p"	-7.55511334066852	7.29081507620554	54.0169991580882	1.98762533384731e-13	5.07367519429446e-12
"hsa-miR-411-3p"	-8.09482307855099	3.89445165408332	28.3653877479282	1.00445207754501e-07	7.27103369566167e-07
"hsa-miR-411-5p"	-11.4421343152	9.58164996395062	74.1685811018453	7.17227927928849e-18	3.86506161161658e-16
"hsa-miR-412-5p"	-7.57481153070399	3.44556819728476	22.3537240894895	2.26772874022629e-06	1.29393934001147e-05
"hsa-miR-421"	0.0986885670218755	8.82908943878511	0.0108096433265015	0.917193604755442	0.946465741077424
"hsa-miR-423-3p"	-0.920487448550001	12.7195874639481	1.43252145168435	0.231353376670938	0.339679136916216
"hsa-miR-423-5p"	-0.967454276373929	11.991768675873	1.55512412632725	0.212380572448586	0.317915363078902
"hsa-miR-424-3p"	-0.962011980389117	4.60159832169218	0.963665824328316	0.326265000918947	0.444490240015981
"hsa-miR-424-5p"	2.23565831138556	8.28852134584523	3.15190862235643	0.0758382089659663	0.134730884060416
"hsa-miR-425-3p"	2.92636730921373	6.47704080321767	10.8482353566841	0.000988899489682634	0.00318998215200127
"hsa-miR-425-5p"	1.49963831756438	9.23666989450187	2.97794509076191	0.0844063734780985	0.146769754060996
"hsa-miR-429"	-4.72634838073375	5.07094507506828	4.24792705199454	0.0392982713804752	0.0777945372225734
"hsa-miR-431-3p"	-8.86817196661435	4.59355121148039	37.1464481560252	1.09582163113143e-09	1.04210488450734e-08
"hsa-miR-431-5p"	-10.6829174802109	6.33188052844687	57.6279081738436	3.16700056169203e-14	9.59997045262897e-13
"hsa-miR-432-5p"	-10.5059786058261	6.15830035881248	47.265770538724	6.19852564722717e-12	9.69769335130702e-11
"hsa-miR-4326"	0.32312378817826	5.09843449554127	0.142851026063245	0.705462997394794	0.781163364695149
"hsa-miR-433-3p"	-6.68101897985277	2.7465098657227	15.9485274737245	6.50883920686537e-05	0.000258753034043418
"hsa-miR-433-5p"	-5.90668755567783	2.21328657937498	7.14218194473883	0.00752914940996764	0.0185362307808848
"hsa-miR-4421"	-6.70730559494953	2.75073780729707	8.39902429122441	0.00375422462449224	0.010586040365574
"hsa-miR-450a-5p"	-1.04263897798656	5.24280027766746	1.29230080257833	0.255624374642473	0.363571324638121
"hsa-miR-450b-5p"	-0.995347030855328	5.77715956439113	0.84878374000434	0.356896639642121	0.476845372524597
"hsa-miR-451a"	0.573250904735366	3.11514956308852	0.133162436802261	0.715175389229572	0.786556398594209
"hsa-miR-452-3p"	-7.21182275698915	3.14249073909687	14.4254826879755	0.000145815765476185	0.000531734182375563
"hsa-miR-452-5p"	-10.0475893914033	5.71266937370606	42.148377429616	8.46041136683806e-11	9.32568071117377e-10
"hsa-miR-4521"	-1.57004943997967	4.72228726606764	1.10914793759387	0.292267242993373	0.404233309217046
"hsa-miR-4524a-5p"	-3.73349935558238	2.50391330273406	3.28729474220246	0.0698179670417561	0.125852337984016
"hsa-miR-454-3p"	1.25620496962166	6.18935756835524	1.7032998349578	0.191856995490874	0.293535150829886
"hsa-miR-454-5p"	-0.177232061339606	4.05243928806168	0.0355162045109907	0.850518080177175	0.89869557491488
"hsa-miR-455-3p"	-8.94516206726572	4.66635528354764	36.8245967573905	1.29249262440569e-09	1.18275268459766e-08
"hsa-miR-455-5p"	-9.30963455248898	5.0049527553111	30.6858290648619	3.03372589853836e-08	2.33548739808112e-07
"hsa-miR-4662a-5p"	0.00335332259728948	3.83675531050342	5.98921733629965e-06	0.99804734883676	0.999817139173983
"hsa-miR-4677-3p"	0.378068520245582	6.10224826680198	0.136710501551413	0.711573369107094	0.786134587737905
"hsa-miR-4707-3p"	1.84450583810002	2.71528321271926	1.39803030699617	0.237053639980136	0.343197060866763
"hsa-miR-4775"	-1.05309207915118	4.31007353906147	1.47536312411393	0.224501416158925	0.331960935478899
"hsa-miR-4787-3p"	3.02548710038693	3.54146332361731	3.53240813483991	0.0601803223637141	0.113396121399848
"hsa-miR-4802-3p"	5.5889600281197	2.4232632244712	5.44429659908061	0.0196323188091544	0.0432803391929085
"hsa-miR-484"	-0.539310217429826	10.7436466898775	0.455140872317166	0.499903692313347	0.601621068913085
"hsa-miR-485-3p"	-9.48141336749022	5.1701811673778	44.4107619862441	2.66219596317835e-11	3.39780274247763e-10
"hsa-miR-485-5p"	-10.4928930885069	6.14541669819561	45.4085051676124	1.59938334348929e-11	2.21628834740659e-10
"hsa-miR-486-5p"	-2.54460945759152	8.53137614835658	5.30342015381461	0.0212835935647547	0.0458779683506935
"hsa-miR-487a-3p"	-7.85990951084067	3.69134309933606	24.3573830655686	8.00194689906124e-07	4.79128919264778e-06
"hsa-miR-487b-3p"	-11.7006546584769	7.33383076693968	66.6484278149411	3.24514970326771e-16	1.57389760608484e-14
"hsa-miR-490-3p"	-5.90668755567783	2.21328657937498	7.14218194473883	0.00752914940996764	0.0185362307808848
"hsa-miR-493-3p"	-10.762904514214	6.40936977144722	45.1469989198943	1.82785599051199e-11	2.46252820943976e-10
"hsa-miR-493-5p"	-10.1501334591291	5.81286306305361	51.6442476635106	6.65252675328419e-13	1.61323773767142e-11
"hsa-miR-494-3p"	-10.0237150496032	5.69120619900417	46.8327342554697	7.73112210618514e-12	1.13624067318175e-10
"hsa-miR-495-3p"	-9.42696659925021	5.11787710047376	41.1962752108688	1.37684668851223e-10	1.4516753128879e-09
"hsa-miR-496"	-7.88614245124734	3.70598294406712	19.3321458340557	1.09841479545271e-05	5.2745660969759e-05
"hsa-miR-497-5p"	-2.54308307914199	2.82305604032968	3.30723457408805	0.0689754743984647	0.124825018967371
"hsa-miR-500a-3p"	2.40412195329841	10.647852843593	7.69594377658146	0.00553450623398065	0.0145882365406555
"hsa-miR-500a-5p"	3.21132611299572	3.23498993099097	5.34314013830787	0.0208039656485144	0.0452462930023743
"hsa-miR-500b-3p"	2.46591452642733	3.11576194648581	3.34216151117761	0.0675258489877594	0.123120438943847
"hsa-miR-500b-5p"	2.28612944473545	3.30206343770633	2.81262492195383	0.0935252305735117	0.160281755576513
"hsa-miR-501-3p"	2.46233546697761	10.1402852456322	7.90631451588722	0.004926253069351	0.0133476689309231
"hsa-miR-501-5p"	3.03612999362696	4.39523770820274	9.70947597321148	0.00183320280052128	0.00552238110716039
"hsa-miR-5010-3p"	8.15587015039197	4.48803593729988	24.4459619861679	7.64235212487697e-07	4.63317597570667e-06
"hsa-miR-502-3p"	1.8058265139363	5.72796622304102	4.49670272341724	0.0339602770960779	0.0691177382524363
"hsa-miR-502-5p"	6.3080267083302	2.92598449200445	10.6722627755126	0.00108753998773867	0.00344743068008662
"hsa-miR-503-5p"	-0.510152054616973	2.93638859818519	0.110182499062511	0.739936458837706	0.808263924631278
"hsa-miR-504-5p"	-4.46292051469304	3.32288936735719	7.25045304243647	0.0070883126516073	0.0178125991504121
"hsa-miR-505-3p"	1.16716050703734	6.63825888320567	1.99567039920719	0.15774924995792	0.24921298446121
"hsa-miR-511-3p"	7.33766745151954	7.54484510455677	25.9182540332296	3.56185002704583e-07	2.43309473678483e-06
"hsa-miR-511-5p"	11.3127279994967	7.53053906651245	42.6121261012678	6.67443288200392e-11	8.09274986942975e-10
"hsa-miR-532-3p"	1.87988116471064	7.0653851927782	5.4616485082406	0.0194382996002601	0.0430482890690692
"hsa-miR-532-5p"	1.41169872029842	10.2744704844918	2.84011735158214	0.0919374992165962	0.158119457872515
"hsa-miR-539-3p"	-9.08299736267067	4.79308983493104	37.0715712155582	1.13871855910257e-09	1.06207404070144e-08
"hsa-miR-539-5p"	-6.88384507412254	2.89124518339172	15.5180814270205	8.171982551543e-05	0.00031962996270148
"hsa-miR-541-5p"	-6.46847608556573	2.59086993055953	14.1724179023713	0.000166797749093651	0.00059483020816486
"hsa-miR-542-3p"	-0.882828486541781	3.42945069210645	0.556272280394849	0.455766108823813	0.561031885227283
"hsa-miR-543"	-8.77543949205382	4.50773807560737	35.9707788699211	2.00298927489296e-09	1.76627236058743e-08
"hsa-miR-548au-5p"	5.96825034570322	2.67809655165871	9.40250125335439	0.00216689628296999	0.00644751348000273
"hsa-miR-548e-3p"	2.19624933272279	6.41739144349857	4.48196591080948	0.0342542976277464	0.0692222264560708
"hsa-miR-548e-5p"	7.59581775931948	3.98515584016262	19.196015152649	1.17959370739171e-05	5.59582268195404e-05
"hsa-miR-548k"	2.22617154263178	6.92416553147535	3.52850762750941	0.0603220604560014	0.113396121399848
"hsa-miR-548o-3p"	0.879442030486598	4.68585546987037	0.849593562855491	0.356667342283513	0.476845372524597
"hsa-miR-549a"	-5.90668755567783	2.21328657937498	7.14218194473883	0.00752914940996764	0.0185362307808848
"hsa-miR-549a-5p"	-5.82051372283528	4.13246883584351	20.0636193234166	7.4908161483266e-06	3.82425877046147e-05
"hsa-miR-550a-3p"	0.402493828845897	4.06245952100773	0.0770892373363541	0.781281440347692	0.8401807063606
"hsa-miR-561-5p"	-6.22548550187981	2.41478596942064	7.64568240162872	0.00569083641217689	0.0147596559353251
"hsa-miR-5690"	5.94210482178181	2.6601801231726	9.01297217911554	0.00268070137094877	0.00783216966813345
"hsa-miR-574-3p"	-1.25646682477104	9.10304614926909	2.17155735700834	0.140583800573026	0.223787862594719
"hsa-miR-574-5p"	-1.55803008342039	3.03567828427951	0.697047170009068	0.403777670244843	0.518074523991399
"hsa-miR-576-5p"	1.26658881400031	4.95699240787037	2.26349206554595	0.13245508333831	0.215572870533826
"hsa-miR-582-3p"	1.55853436944274	3.74723788228964	2.16489799876687	0.141193991657699	0.223787862594719
"hsa-miR-582-5p"	0.784234777470067	4.07820646708532	0.556609643836016	0.455629503091128	0.561031885227283
"hsa-miR-584-5p"	-4.84809788852175	5.1363745906531	17.6020660394721	2.72292365918609e-05	0.000114836345626544
"hsa-miR-589-3p"	1.44015787360523	4.92973616229142	2.62866001358991	0.104950252755851	0.176739140925652
"hsa-miR-589-5p"	0.414496527279887	7.91657287730539	0.153164855689624	0.695529071557926	0.775129253445718
"hsa-miR-590-3p"	2.55634667846528	5.19631334477102	6.21606297606579	0.0126596318042887	0.0296614561598069
"hsa-miR-598-3p"	6.70739935795388	3.23632546731791	10.2462237727275	0.00136964690374097	0.0042042958754074
"hsa-miR-615-3p"	-7.02594730821291	3.012722308411	14.0204578398599	0.000180832448173661	0.000640173265432304
"hsa-miR-616-5p"	1.38074166628064	4.7195809201686	1.03544519349021	0.308883170641824	0.423187394805888
"hsa-miR-618"	7.14480792717772	3.59581706498075	14.8494306139628	0.000116443216494793	0.000448213968253767
"hsa-miR-625-3p"	-2.54588670960767	6.0999065043829	4.85999251648155	0.0274864553353635	0.0574609087829798
"hsa-miR-625-5p"	-1.67689082527641	5.29037815308866	2.97748380270555	0.0844304358412737	0.146769754060996
"hsa-miR-628-3p"	1.75853365962246	3.89748364634543	1.84042406556156	0.174901252307698	0.27101312258541
"hsa-miR-628-5p"	1.71901009941331	4.51323225105996	3.41479418934511	0.0646144702293188	0.118704613868256
"hsa-miR-629-3p"	2.10460386232852	2.88821526437759	1.1813944780473	0.27707229030784	0.388869371143243
"hsa-miR-629-5p"	1.03585261658224	5.7529199686996	0.820869552656687	0.364926051710217	0.482259223649742
"hsa-miR-641"	-0.356512524349009	3.81854449703542	0.0957876245156508	0.756944438142805	0.81945993861442
"hsa-miR-6503-3p"	8.18619962325418	4.51563366010087	22.09308156458	2.597441880266e-06	1.46483640921978e-05
"hsa-miR-6503-5p"	5.91854554774545	2.64133456860017	7.86650324757596	0.00503589428421648	0.0135689373769166
"hsa-miR-6511b-3p"	0.465851133668925	3.06461535379707	0.17512993828838	0.675592339071244	0.761369883232252
"hsa-miR-652-3p"	2.06067287432276	8.15887777306755	3.16355827246652	0.0752988929771874	0.134264570198294
"hsa-miR-652-5p"	2.54420041236025	3.99174614546687	6.4704109875036	0.0109685163984135	0.0263352992734186
"hsa-miR-653-5p"	5.77089593863496	2.54268716601598	7.90883072874241	0.00491940562821128	0.0133476689309231
"hsa-miR-654-3p"	-14.2861225400165	9.90629654680278	79.6618954552866	4.44286956824276e-19	4.30958348119548e-17
"hsa-miR-654-5p"	-8.87766478769298	4.60083094737027	32.1757169674407	1.40840058939761e-08	1.11979391124236e-07
"hsa-miR-655-3p"	-6.22548550187981	2.41478596942064	7.64568240162872	0.00569083641217689	0.0147596559353251
"hsa-miR-656-3p"	-8.61796651381092	4.3639368079226	34.4250950315941	4.42974808533234e-09	3.7041858989417e-08
"hsa-miR-660-3p"	6.77388965268503	3.28953426433291	11.6280372480382	0.00064965071181018	0.00214340540971386
"hsa-miR-660-5p"	2.23934261673238	9.58559329819278	6.45875884678773	0.0110406735753976	0.0263779639609254
"hsa-miR-664a-3p"	1.40839230681662	5.92038539068248	2.28252662042753	0.130838572926048	0.214380769828152
"hsa-miR-665"	-9.82921737960859	5.50218486896709	42.1947957989285	8.26195889104484e-11	9.32568071117377e-10
"hsa-miR-668-3p"	-7.04079120146427	3.01702090757366	18.2070798637542	1.98140915451383e-05	8.5802092851715e-05
"hsa-miR-671-3p"	-1.91890326730236	7.56857989087949	6.00880689583833	0.0142346491073611	0.0328877378634693
"hsa-miR-671-5p"	-0.086437176913113	4.57274351085875	0.0122552127212273	0.911851657376217	0.943600488889165
"hsa-miR-6769b-3p"	2.0675395766729	2.85492760304016	1.66490455835103	0.196942419205006	0.299426562114194
"hsa-miR-6810-3p"	6.36614842952138	2.96979081143143	10.330351002761	0.00130860317696951	0.00404250026006503
"hsa-miR-6842-3p"	7.81945362056162	4.18351857630125	20.3938350554075	6.30325275289147e-06	3.28718019908856e-05
"hsa-miR-7-1-3p"	0.0853524989681184	4.32461560515262	0.00968497473295749	0.921604932544857	0.948998709733026
"hsa-miR-7-5p"	-0.385154853322016	4.41009004559748	0.151804097377938	0.696817225778006	0.775129253445718
"hsa-miR-708-3p"	-4.30721942904695	4.25435221517978	17.472181225549	2.91542644235433e-05	0.000120853147396739
"hsa-miR-708-5p"	-2.17453703449704	4.42255835135932	4.90904370996941	0.0267164284996345	0.0563368166187946
"hsa-miR-744-3p"	-0.3216454911402	3.81367875967765	0.0935962232564869	0.759654137835482	0.820561819265498
"hsa-miR-744-5p"	0.410105769099828	8.62486462673901	0.255198550318283	0.61343817317262	0.710065665844203
"hsa-miR-758-3p"	-10.1099202649503	5.77405587483609	51.3518046770128	7.7210992042385e-13	1.78320624478842e-11
"hsa-miR-766-3p"	2.11950361980086	5.07452668447713	5.82927676269896	0.0157616020871565	0.0358890939543235
"hsa-miR-769-5p"	-1.15304479363067	9.06703093090073	2.24011396233993	0.134471069093113	0.217394895033866
"hsa-miR-7705"	2.80286393968135	3.39321263257168	4.49168546518762	0.0340600813243965	0.0691177382524363
"hsa-miR-7706"	1.69822846397883	5.68686010288796	3.54145574633769	0.0598529090657884	0.113393206628544
"hsa-miR-7974"	-3.34193699826585	4.56613461592947	4.37451002115284	0.0364803171938095	0.0731113794999902
"hsa-miR-7976"	2.34339665653306	3.83334876638896	3.17959854283723	0.0745630472568818	0.133443091954198
"hsa-miR-7977"	-0.876066914957621	2.80639553131161	0.145281169243626	0.703086257064585	0.780313122829116
"hsa-miR-873-3p"	-5.90668755567783	2.21328657937498	7.14218194473883	0.00752914940996764	0.0185362307808848
"hsa-miR-874-3p"	-0.0802837400547844	4.87506137769395	0.00319053275856174	0.954955603135891	0.97301148638846
"hsa-miR-877-3p"	-0.501933760297096	2.62537122925385	0.124358470928393	0.724354623739679	0.794823512474535
"hsa-miR-877-5p"	0.172356507491311	6.122027040367	0.0451132246395469	0.831795968898356	0.880831975798477
"hsa-miR-887-3p"	-8.6162007273262	4.36259794304611	34.0140737166493	5.47148798756054e-09	4.49774859994384e-08
"hsa-miR-889-3p"	-10.0714485631288	5.73682864272407	50.9430885510346	9.50832240133222e-13	2.00501581071571e-11
"hsa-miR-9-5p"	-1.24951797937918	6.29435689024031	2.16899327011708	0.140818394177769	0.223787862594719
"hsa-miR-92a-3p"	-1.18221684962209	15.1975993806243	2.27265617260605	0.131674055528644	0.215023289331288
"hsa-miR-92b-3p"	-4.49841530314928	11.5137098179233	19.4479296409517	1.03379839652982e-05	5.06456790219154e-05
"hsa-miR-93-3p"	-0.0971812391482323	5.55765838876776	0.016888530041854	0.896601335393686	0.933158042201583
"hsa-miR-93-5p"	-0.49583572469372	9.74308817889761	0.298500274314449	0.584824145106816	0.687621948618595
"hsa-miR-935"	-10.040046637044	5.70599089534352	48.3713085470358	3.52690870226941e-12	5.70183573533555e-11
"hsa-miR-940"	-0.41387558813308	4.77230228098286	0.181539645449535	0.670053418830004	0.759272822528532
"hsa-miR-941"	2.333977445446	10.0568837437181	3.55824167138746	0.0592504703601965	0.112849357833503
"hsa-miR-941-3-5p"	2.33070856536488	7.74267421909469	3.52134023390911	0.0605834386543351	0.11344775192028
"hsa-miR-942-5p"	0.919793685829776	3.67907750284185	0.463083149775767	0.496186573209912	0.600125905253883
"hsa-miR-96-5p"	-9.19402470840655	4.9035064805254	14.5066518981979	0.000139665499490696	0.000519565056149973
"hsa-miR-98-3p"	-0.000221581666092822	4.96570675376882	5.25244168159134e-08	0.999817139173983	0.999817139173983
"hsa-miR-98-5p"	0.965951192976732	11.5021667239908	1.41933087074121	0.233513569854812	0.339916344479924
"hsa-miR-99a-3p"	-2.26195272374011	2.67126735187812	2.74960685634743	0.0972783449753051	0.166126751102194
"hsa-miR-99a-5p"	-1.00445746970907	6.01602995092527	1.24303285016048	0.264887349233255	0.375644340286925
"hsa-miR-99b-3p"	0.578896697572459	6.07893234203546	0.535726732056246	0.464209122949446	0.568538951087074
"hsa-miR-99b-5p"	1.12509044881536	14.960388918989	1.65942426297579	0.197681076640527	0.299610381783298
