"logFC"	"logCPM"	"LR"	"PValue"	"FDR2"
"hsa-let-7a-2-3p"	-1.85785410656648	4.32427811445612	7.35253461383484	0.00669682774920546	0.0681638295755408
"hsa-let-7a-3p"	-1.97702274898945	6.87946851072796	7.84142573358136	0.00510623180698335	0.0649028937571831
"hsa-let-7a-5p"	0.82973695447109	15.9439193532639	1.49012341932166	0.222197311628738	0.439841399658526
"hsa-let-7b-3p"	-0.180951256747453	7.20912185430964	0.0854047583856232	0.770102422861362	0.875198753510677
"hsa-let-7b-5p"	0.41996194108388	12.8355680292441	0.313789586541446	0.575364000450792	0.74648594028829
"hsa-let-7c-3p"	-2.26793540338059	3.68594054799442	1.47145662867357	0.225116011081353	0.443800136131809
"hsa-let-7c-5p"	-1.20119475008236	10.0660267231939	1.03966309555801	0.307899839908115	0.541402393622557
"hsa-let-7d-3p"	0.475225307895795	6.70690839494437	0.58988258720213	0.442464525108362	0.649218715398229
"hsa-let-7d-5p"	0.975778467180571	9.75619399955794	1.90571131467875	0.167440431961734	0.374415410358879
"hsa-let-7e-3p"	-0.375378772748925	4.00060126200874	0.419318055610681	0.517277517508941	0.713842974162338
"hsa-let-7e-5p"	0.5558143816232	11.5270428361499	0.569593232532156	0.450420600213357	0.653312762471626
"hsa-let-7f-1-3p"	-1.8671801182752	4.89174844070977	5.71384309681762	0.0168316524798162	0.0979480499729063
"hsa-let-7f-2-3p"	-3.6907497404307	5.62284498912103	5.29716062904617	0.0213602164363899	0.114633161541959
"hsa-let-7f-5p"	0.283877503439011	14.5922818037011	0.165153606928357	0.684455365789038	0.824418807172333
"hsa-let-7g-3p"	-2.50533242619722	3.40896271899224	4.09324724885012	0.0430548492194186	0.159358141370472
"hsa-let-7g-5p"	0.428354088732317	12.1199459988814	0.40972690026922	0.522108152532907	0.716415447935778
"hsa-let-7i-3p"	-0.808382183543503	5.79934364936646	1.73122640912307	0.188254349536953	0.404119337005993
"hsa-let-7i-5p"	-0.0108475997149247	14.0440769757398	0.000266721486468668	0.986969839736623	0.991853568623752
"hsa-miR-1-3p"	-6.76166172069215	5.74454010297661	4.32605514851366	0.0375331371675084	0.151093566512345
"hsa-miR-100-3p"	0.295168254068424	8.78675373731835	0.130330564050603	0.718089544751351	0.848012836466754
"hsa-miR-100-5p"	0.491012428398726	17.8265513725048	0.256625330798215	0.612448135134109	0.770732259737307
"hsa-miR-101-3p"	-0.944566876293052	10.9611737622647	0.961023055735055	0.326929254174625	0.554059051811734
"hsa-miR-101-5p"	-2.97542808190139	3.48299584530661	4.20351200236672	0.0403403517009101	0.154638014853489
"hsa-miR-103a-3p"	-0.547149398273581	11.8713766643913	0.554622420282556	0.456435102566797	0.659303062722276
"hsa-miR-106a-5p"	-10.2358158505651	7.17714052849633	6.23530980154978	0.0125227684196528	0.0869526884385625
"hsa-miR-106b-3p"	0.928883617610389	6.37934316670431	1.82186559346713	0.177091370450912	0.383565614025967
"hsa-miR-106b-5p"	-0.315596491045454	6.63754021622865	0.19603820446888	0.65793787889536	0.805164544129814
"hsa-miR-107"	-0.735331322307986	8.41650452569779	0.276049327937953	0.599302396782623	0.76328899676128
"hsa-miR-10a-3p"	-0.961964507995998	4.68481583155417	0.274216511211818	0.600517223124816	0.76328899676128
"hsa-miR-10a-5p"	1.2230324571603	15.030035075541	0.618047603543346	0.431773735244279	0.6426988796466
"hsa-miR-10b-5p"	-6.22424867124731	13.0417121360715	5.13914341546136	0.0233921873172554	0.118930804991941
"hsa-miR-1180-3p"	-0.956862320528254	4.59197997844109	2.24115411527131	0.134380647050965	0.321316101611962
"hsa-miR-1185-1-3p"	-1.43054182547393	5.01836028248347	5.53863090947412	0.0186011294919244	0.105783193362348
"hsa-miR-1185-5p"	0.165343366913494	5.20380393874565	0.0758439262386066	0.783010664802404	0.885897781992
"hsa-miR-1197"	-1.86210562819617	3.83272599047255	6.37601691963484	0.0115672741873315	0.084651415643653
"hsa-miR-122-3p"	-7.60894986913226	3.67891179962308	4.51928284567827	0.0335148770847001	0.144200318235033
"hsa-miR-122-5p"	-5.39751647772973	6.8818351630646	3.2905807232268	0.0696783740455172	0.214360857732387
"hsa-miR-124-3p"	-11.1319774655541	7.04323126658671	7.29487161341629	0.00691517111635921	0.0681638295755408
"hsa-miR-124-5p"	-6.96093337633855	3.12781343112473	4.20634520463827	0.0402730199746455	0.154638014853489
"hsa-miR-1249-3p"	0.863977384953561	3.57081491157139	1.334545662081	0.247998146955411	0.471587027478202
"hsa-miR-125a-3p"	0.619749326553479	4.98359011023947	1.05742149842268	0.303804018921249	0.537499418091441
"hsa-miR-125a-5p"	0.57046194657818	12.7656941859248	0.627043149559711	0.428441984877086	0.6426988796466
"hsa-miR-125b-1-3p"	0.702439103825531	10.9813107966949	1.00416203010747	0.31630550983986	0.544311083951185
"hsa-miR-125b-2-3p"	-2.32862430307443	8.79562418838121	2.43880317701254	0.118366505164832	0.300013964576641
"hsa-miR-125b-5p"	-0.113890454360223	14.5855517472416	0.018664788746662	0.891331848759619	0.965276419172412
"hsa-miR-126-3p"	-5.34125292097594	8.27624769545624	9.27369910710625	0.00232467735980089	0.0423963041233994
"hsa-miR-126-5p"	-6.12763261396541	9.81539784953733	12.2583207247281	0.0004631881468557	0.0227553267919724
"hsa-miR-1260a"	-0.672438183749634	3.68681696231087	0.927139733371345	0.33560726815497	0.558959691444313
"hsa-miR-1260b"	-0.468914829067516	3.21824861605569	0.343558391710289	0.557782416950742	0.740995194285587
"hsa-miR-127-3p"	0.917355419119413	14.3195218536601	1.77610586772084	0.182628231408255	0.393792123974051
"hsa-miR-127-5p"	0.325662622552285	6.66464222819354	0.232526851894804	0.62965650285294	0.783824976489613
"hsa-miR-1271-5p"	0.666135630756369	6.84996276055407	0.259571918941866	0.610414404802833	0.770732259737307
"hsa-miR-1277-5p"	-5.54911635361147	2.17205766778136	11.0484092022175	0.000887633284033057	0.0260645170983514
"hsa-miR-128-1-5p"	-0.980673454467204	4.73872178025843	0.609120586052956	0.43511911727627	0.6426988796466
"hsa-miR-128-2-5p"	-3.03157898499489	2.48925670065428	1.02514016075534	0.311302843725817	0.543397866140073
"hsa-miR-128-3p"	-2.5643322571233	10.9807211650087	3.24408397876053	0.0716817491199483	0.216713664019105
"hsa-miR-1285-3p"	-1.48612914244322	3.91510501653719	1.69474119340696	0.192977152862358	0.408672673560175
"hsa-miR-129-2-3p"	-3.4093021835238	4.06342440181949	2.73133319319387	0.0983971151104766	0.267335014253473
"hsa-miR-129-5p"	-3.92446412268658	3.68983566325767	3.43810935504062	0.0637085577657874	0.199813203901788
"hsa-miR-1296-5p"	-0.913569260054152	5.45710867914883	1.93749079580258	0.16394123875618	0.371754076616126
"hsa-miR-1301-3p"	1.03346052071192	4.90917887526326	2.19095560169674	0.138823164312072	0.330303390949414
"hsa-miR-1304-3p"	1.93426412888421	6.45746819218989	4.41081473213777	0.0357117811748087	0.147425558183185
"hsa-miR-1306-5p"	-1.0217610154486	2.91862459149273	0.770657717930058	0.380013658907195	0.603771701487418
"hsa-miR-1307-3p"	0.0299619124960943	7.12159691270306	0.00177578110313448	0.966387078870147	0.990249594919757
"hsa-miR-1307-5p"	0.315053985735795	9.22224895190207	0.195390030656778	0.65846789840844	0.805164544129814
"hsa-miR-130a-3p"	-0.527896729648879	11.3818867898498	0.301374887871276	0.58302177071637	0.752939880363655
"hsa-miR-130b-3p"	-0.361320130470515	9.53904805752847	0.110311139549705	0.739790185579619	0.862558029856348
"hsa-miR-130b-5p"	-0.193711497056316	7.86497502482868	0.0345872871367305	0.852463129836759	0.942544000262586
"hsa-miR-132-3p"	-0.668769699147459	6.46454774256376	0.730325816014734	0.392777599229673	0.610005081761839
"hsa-miR-132-5p"	-1.76771387931758	5.58593863431044	1.97457374985921	0.159963219970703	0.367915405932616
"hsa-miR-133a-3p"	-9.44989793491771	10.0434176490662	10.8692754324814	0.000977727745328062	0.0260645170983514
"hsa-miR-133a-5p"	-7.07984827107298	3.22576095696482	4.26353759615492	0.0389387520662028	0.153906187208703
"hsa-miR-134-5p"	0.456896317224971	7.26012544228485	0.385746793313928	0.534543583640812	0.723206024925804
"hsa-miR-1343-3p"	0.495593283560705	2.87765428032841	0.2203901689943	0.638742789875518	0.789035211022698
"hsa-miR-135a-5p"	-9.35117268745736	5.31035789951638	6.92013930082215	0.00852303365579375	0.0735111652812211
"hsa-miR-136-3p"	-0.79561736315449	9.6702726011153	1.26398587038508	0.260897966023755	0.480968387746082
"hsa-miR-136-5p"	2.00297535560774	8.30727667101459	7.73285587124213	0.00542249150821134	0.0671554717555404
"hsa-miR-137"	-2.45255645201127	6.6627068128738	6.49859073748168	0.0107960031668035	0.084651415643653
"hsa-miR-138-1-3p"	1.28378771893013	3.34458864969946	0.933384404864087	0.333985031046496	0.558959691444313
"hsa-miR-138-2-3p"	-5.81010178657492	2.27971009579492	3.79316707930896	0.0514621883655906	0.169428706926671
"hsa-miR-138-5p"	-1.90624685300428	10.0921803528863	1.69217550947322	0.193314437256959	0.408672673560175
"hsa-miR-139-5p"	-6.19900113690912	4.42594851119515	6.43876701237701	0.011165611971821	0.084651415643653
"hsa-miR-140-3p"	-2.26256308957552	12.1615524806412	2.89189187864272	0.0890263277402741	0.249998350572979
"hsa-miR-140-5p"	-3.9911839868746	7.20387032984107	8.92361501417092	0.00281506751429188	0.0468854348069992
"hsa-miR-142-3p"	-4.5797408888545	3.64532955132883	2.75024874486817	0.0972392995823192	0.267335014253473
"hsa-miR-142-5p"	-6.50157615612897	5.95253957585363	4.69550327318329	0.0302416411931365	0.135247339780416
"hsa-miR-143-3p"	0.00082542200227562	15.6403649593881	1.14830672259814e-06	0.999144994453508	0.999144994453508
"hsa-miR-143-5p"	-0.303952189349173	6.36271831963999	0.170995818848301	0.679228304232235	0.820715488925173
"hsa-miR-144-3p"	-9.56778498671052	5.50881774580585	6.99551763575607	0.00817140749629056	0.0717598149219698
"hsa-miR-144-5p"	-5.68761959566183	3.97065200282572	3.96857275952154	0.0463570487927219	0.168323643977576
"hsa-miR-145-3p"	-0.544001646558327	8.0368776299187	0.296973141291313	0.585786241257979	0.754492678740277
"hsa-miR-145-5p"	-2.19587067656555	10.1270881680271	5.78687539231214	0.0161462627472607	0.0951054256942309
"hsa-miR-1468-5p"	-0.304544188005136	3.46669308447225	0.0997908552961815	0.752080760334974	0.869031117803331
"hsa-miR-146a-3p"	-6.02404253781489	4.25087615591893	17.9166499628666	2.30793174699446e-05	0.00557365516899163
"hsa-miR-146a-5p"	-3.87858467265089	10.98656860717	11.5120614734433	0.000691460519818345	0.0260645170983514
"hsa-miR-146b-3p"	3.31083874960974	3.3297168826365	13.3632467534156	0.00025660368545825	0.0213918644417742
"hsa-miR-146b-5p"	3.8688789188422	9.25566323064361	13.2976608356356	0.000265737446481667	0.0213918644417742
"hsa-miR-147b"	-2.18068988459934	2.70922681575357	2.89599822351217	0.0887997546547148	0.249998350572979
"hsa-miR-148a-3p"	-2.41356323637401	12.8263199164377	2.91769205507444	0.0876130945825405	0.248924262843336
"hsa-miR-148a-5p"	-2.83983176535199	7.00099331426228	3.860994611404	0.049421023103941	0.169400634833524
"hsa-miR-148b-3p"	-0.685487544559269	10.7449947425352	0.780028452813228	0.377132438047468	0.601171510154876
"hsa-miR-148b-5p"	0.161833139386099	6.70008683035509	0.0614296704730624	0.804250392296043	0.907600325885488
"hsa-miR-149-5p"	-0.560663575107148	6.9989529386984	0.655367529021447	0.418200159349455	0.634311957869953
"hsa-miR-150-5p"	-6.07854259460272	4.31841432431784	5.44836077095562	0.0195866967303148	0.107504255917523
"hsa-miR-151a-3p"	0.1201160395852	12.0915256747593	0.0315876423944808	0.858935709789281	0.945062205734192
"hsa-miR-151a-5p"	0.235170198088918	12.4400587578296	0.110400165869692	0.739689011845416	0.862558029856348
"hsa-miR-151b"	-0.0533636232734207	3.38746075854126	0.00412602898031844	0.948783767454204	0.990249594919757
"hsa-miR-152-3p"	-0.441907951552825	8.46791516214092	0.342427852081034	0.558431160910878	0.740995194285587
"hsa-miR-152-5p"	0.750767699980061	6.5963915529328	1.17156255680429	0.27908040965657	0.504853325333795
"hsa-miR-153-3p"	-8.8146037341351	6.95689502118847	6.07537526416262	0.0137079176375238	0.0905260882334401
"hsa-miR-153-5p"	-6.15037782092803	2.50920652069836	3.91219658126363	0.0479369036209718	0.169003828094375
"hsa-miR-154-5p"	0.784860766930185	4.39337252218833	1.00265223143617	0.316669595425017	0.544311083951185
"hsa-miR-155-5p"	-1.78554450441748	9.64529193520234	3.07227789344092	0.0796378100151864	0.235981976916166
"hsa-miR-15a-5p"	-2.27520387958512	9.53039104063037	3.95621895584085	0.046698485078665	0.168323643977576
"hsa-miR-15b-3p"	0.0166796446564467	4.74850674206067	0.000774554779714887	0.977797081264617	0.990249594919757
"hsa-miR-15b-5p"	-1.18912518789721	8.50480981692858	1.30869887119672	0.252630366978062	0.474787810312857
"hsa-miR-16-2-3p"	1.52463804826813	6.0978595511954	4.38983598193863	0.0361537910546222	0.147985432876123
"hsa-miR-16-5p"	-1.28827023025015	11.191444824457	2.72467129021594	0.0988084620558862	0.267335014253473
"hsa-miR-17-3p"	1.55113186833837	7.28203707443679	2.5142218554564	0.11282331266155	0.289689857558759
"hsa-miR-17-5p"	-2.52875746969599	8.29931581774347	5.5053730552804	0.0189581357467575	0.106474180996324
"hsa-miR-181a-2-3p"	-0.0297496244703388	8.98116202152687	0.00111449199152958	0.973368362305538	0.990249594919757
"hsa-miR-181a-3p"	-0.641425230920423	10.3382447530431	0.440651985744552	0.506807937385156	0.705441595841586
"hsa-miR-181a-5p"	-2.04501666325365	14.8033930058879	4.48136136120127	0.0342664159218962	0.144200318235033
"hsa-miR-181b-2-3p"	-2.77964359454947	2.83941749774656	2.32143837712103	0.12760198488282	0.313432112200003
"hsa-miR-181b-3p"	-1.30575796338035	4.83559988323557	3.01549393501485	0.0824723266561536	0.242891059603184
"hsa-miR-181b-5p"	-1.74648097424079	12.2077336166024	2.66251973221868	0.102737866560439	0.271160598626733
"hsa-miR-181c-3p"	-0.406655284888984	5.94821709672061	0.32585673424552	0.568109038748472	0.74610178991194
"hsa-miR-181c-5p"	-0.743799080389755	7.860659399884	0.872592331488363	0.350238640065198	0.575392051535683
"hsa-miR-181d-5p"	-1.26533873641437	5.12623035131097	1.50457921860007	0.219968116497779	0.438576791301823
"hsa-miR-182-5p"	-7.77561546260941	11.2699006876386	8.94822392312849	0.00277739487909932	0.0468854348069992
"hsa-miR-183-3p"	-5.65091602404274	2.18817416705514	5.1576748161016	0.0231438618370032	0.118920056034814
"hsa-miR-183-5p"	-8.04377424245367	9.38143471196994	8.53667490357293	0.00348060892444958	0.0525354409534108
"hsa-miR-184"	-4.75943378455411	5.15027587137133	2.07287190983805	0.149938943098946	0.34985753389754
"hsa-miR-185-3p"	1.19346752580698	3.55668157622851	2.73869959430064	0.0979444419750961	0.267335014253473
"hsa-miR-185-5p"	-1.12336602195292	6.51149854418975	1.43423643382569	0.231074292679012	0.44822844724483
"hsa-miR-186-5p"	-0.248940275865056	11.8291768935744	0.122965173564182	0.725840508438903	0.855075525795098
"hsa-miR-187-3p"	-8.3170365037978	4.32112137976678	7.01430447816721	0.00808610385172475	0.0717598149219698
"hsa-miR-188-3p"	1.61701303680624	2.37361574069759	1.24493047162947	0.264522943206789	0.485796888094597
"hsa-miR-188-5p"	-0.452227887904665	4.21165962462966	0.321535900242973	0.570686083918951	0.74610178991194
"hsa-miR-18a-3p"	-1.5532577170697	4.63042656266928	1.32742732809077	0.249263414940278	0.472134233004527
"hsa-miR-18a-5p"	-3.83564310812534	6.85377872373137	9.24098098380826	0.00236658136656787	0.0423963041233994
"hsa-miR-18b-5p"	-9.90990562404113	6.41102076722334	6.41344248137327	0.0113259626038561	0.084651415643653
"hsa-miR-190a-5p"	1.09885045063333	6.58871212150556	2.87908829655433	0.0897368162753203	0.250536891681964
"hsa-miR-190b"	-5.38393968647127	5.33227046014258	4.17147495514073	0.0411099967414809	0.155126003329182
"hsa-miR-191-3p"	-0.225409165425989	3.35279697324405	0.0757189862665388	0.783184995674087	0.885897781992
"hsa-miR-191-5p"	0.336188862058685	13.4622222928769	0.263893421291243	0.607457851220204	0.770084362570495
"hsa-miR-1910-5p"	1.52961807106477	3.08691235199163	2.9474325862001	0.0860141056041281	0.248771335370023
"hsa-miR-192-5p"	1.22548399878906	8.61191013332081	2.99355568709818	0.0835964246832304	0.244709534072729
"hsa-miR-193a-3p"	-3.36460980398093	10.1134362258879	15.094436157871	0.000102264254597956	0.016464544990271
"hsa-miR-193a-5p"	0.559609097262874	8.36582228389441	0.335876824060037	0.562218921522943	0.743977367385155
"hsa-miR-193b-3p"	0.0382877574025268	8.56026561637989	0.0025692080752151	0.959574652015459	0.990249594919757
"hsa-miR-193b-5p"	0.623560392675725	3.35714381740504	0.814429254148089	0.366813972103584	0.590570495086771
"hsa-miR-194-5p"	-1.26454559780548	3.55016616148165	3.71344839243563	0.0539757693820201	0.176150652780512
"hsa-miR-195-5p"	1.62659205504073	5.02280872760016	6.27389855479493	0.0122529259739355	0.0869526884385625
"hsa-miR-196a-5p"	-8.67856781854222	8.15880635947442	4.32579955483329	0.0375387742887814	0.151093566512345
"hsa-miR-197-3p"	0.607620469646174	8.25971292581698	0.831240068527736	0.361914195220683	0.584630623048795
"hsa-miR-199a-3p"	-0.294139363999238	13.8606083224816	0.109031129692795	0.741249888304056	0.862558029856348
"hsa-miR-199a-5p"	-0.972938383654671	12.156778451562	0.880064486192282	0.348184017776953	0.573968875721052
"hsa-miR-199b-3p"	-0.127168041115634	12.6544957441472	0.0198784500045832	0.887877086112664	0.963695803578464
"hsa-miR-199b-5p"	0.946288525348441	10.3337687498611	0.539088580996804	0.462810693636244	0.66331621669527
"hsa-miR-19a-3p"	-2.3277211497627	7.95225177960545	4.88431931932756	0.0271017188159643	0.129754539702738
"hsa-miR-19a-5p"	-2.44951380631869	4.20164482203862	1.07427265344708	0.299982345019582	0.534654880606857
"hsa-miR-19b-3p"	-2.31506979662358	9.21754570099622	5.23024966030356	0.0221973460389707	0.115955880217993
"hsa-miR-200a-3p"	-10.2188255074212	6.15547659912113	7.14008641215051	0.00753795266595405	0.0710388959040059
"hsa-miR-200a-5p"	-7.05683602901304	3.20668320093773	4.25246072482012	0.0391935010904149	0.153906187208703
"hsa-miR-200b-3p"	-8.5041192112616	7.48812717691161	7.11408104277923	0.00764807989028634	0.0710388959040059
"hsa-miR-202-5p"	-6.74755676508892	2.95623576072993	4.10713911582641	0.0427025397308122	0.159358141370472
"hsa-miR-203a-3p"	-12.2620973501537	8.16511377383155	5.53722404095321	0.0186160899291916	0.105783193362348
"hsa-miR-203a-5p"	-6.5307305767838	2.78795050615802	4.03821284265316	0.0444809031437053	0.162759668321285
"hsa-miR-204-5p"	-1.76855050798441	10.0227906067361	1.95333632629439	0.162227782993175	0.371233084217997
"hsa-miR-205-3p"	-5.96477243627386	2.38156352476152	3.84807616404502	0.049803085189152	0.169400634833524
"hsa-miR-205-5p"	-14.7761183133294	10.6735348634161	11.0270625692676	0.000897913163942336	0.0260645170983514
"hsa-miR-206"	-10.1068122217787	6.03351804050865	5.22012792131317	0.0223269086134024	0.115955880217993
"hsa-miR-20a-3p"	-3.25730170174152	2.7628056248606	4.46322960961875	0.0346319604870887	0.144200318235033
"hsa-miR-20a-5p"	-2.34269852072185	8.31437558860667	5.88342531451395	0.0152840597883717	0.0924618718499135
"hsa-miR-20b-5p"	-11.5849389083991	7.49296105425729	5.81653772392026	0.015876166464358	0.0946689926208017
"hsa-miR-21-3p"	-0.0699114867896572	12.3942345854669	0.00889454222114239	0.924862206881412	0.979623784920443
"hsa-miR-21-5p"	-0.83773968802503	16.2336698626759	1.61271011224335	0.204111261913039	0.421306579076913
"hsa-miR-210-3p"	-1.32892382723627	8.71437715106459	2.687111814421	0.101163029982137	0.268471118029518
"hsa-miR-210-5p"	-0.61258808826511	4.93535161638949	0.751666700915847	0.385949055919073	0.607449064231375
"hsa-miR-2114-5p"	-5.96323358199967	2.43328903969646	10.5523860123986	0.00116038198485588	0.0280232249342695
"hsa-miR-2116-3p"	-0.925276379463338	2.74892338992799	1.0165407650014	0.313340957045016	0.544311083951185
"hsa-miR-212-3p"	-0.10744519416575	3.60515332467174	0.0298272059396891	0.862882883496436	0.945062205734192
"hsa-miR-212-5p"	-3.01971643608543	6.05464724127911	3.81177730901131	0.0508934203760352	0.169428706926671
"hsa-miR-214-3p"	-1.52728137384016	9.65174992372875	1.46406283204855	0.226284786408977	0.4439438172812
"hsa-miR-214-5p"	-0.575174357637463	7.60373764495909	0.343009884390501	0.558096990690607	0.740995194285587
"hsa-miR-215-5p"	-4.18758032017229	6.7823243529902	4.48978594288573	0.0340979469270036	0.144200318235033
"hsa-miR-216a-5p"	-2.6264557597199	2.97780534601468	2.51161189682963	0.113010286881851	0.289689857558759
"hsa-miR-216b-5p"	-8.52049203772209	4.50992197365759	6.64599317234903	0.00993790641088506	0.0827587723527152
"hsa-miR-217"	-7.07415939911664	3.23615498998528	8.09310549667121	0.00444339601646576	0.0613188650272275
"hsa-miR-218-1-3p"	1.70105912727657	5.39644371956182	4.18485803542707	0.0407866285566885	0.155117650337642
"hsa-miR-218-5p"	-1.72437564014386	7.74009498724429	2.69122274016054	0.100902357192994	0.268471118029518
"hsa-miR-219b-3p"	-7.91589075626292	7.33690078226419	6.58753718825644	0.0102695144634536	0.084070770946578
"hsa-miR-219b-5p"	-4.54700215087289	3.71791053218128	3.8665330801456	0.0492581726148299	0.169400634833524
"hsa-miR-22-3p"	-0.903938623169925	16.3545573320767	1.88148737911888	0.170165193664746	0.375270298099701
"hsa-miR-22-5p"	0.218983362258586	7.21261996191211	0.106987798034567	0.743599896047924	0.862558029856348
"hsa-miR-221-3p"	0.597840806867477	13.1926401711698	0.707010244953551	0.400438128380536	0.615960560534392
"hsa-miR-221-5p"	0.883160921388795	10.0320076109407	0.757526968641457	0.384103561235762	0.607449064231375
"hsa-miR-222-3p"	0.527732344233407	13.567429963332	0.530494691586341	0.466398955118825	0.664515325434786
"hsa-miR-222-5p"	-0.0851517833671037	6.29751719529951	0.0110912103814131	0.916126007215803	0.974645069350733
"hsa-miR-223-3p"	-1.79435458090124	4.02874425861967	0.618147819634186	0.431736401569159	0.6426988796466
"hsa-miR-224-3p"	0.0329620191907424	3.42483074779454	0.00037915168195557	0.984464719050247	0.991853568623752
"hsa-miR-224-5p"	-0.875787145021001	9.91634178956938	0.717398135848711	0.39699869616757	0.61338406255093
"hsa-miR-2277-5p"	0.822405279783925	3.3559334272589	1.27685702352074	0.25848423748598	0.478344393508538
"hsa-miR-2355-5p"	0.757128805457823	4.39653567114979	1.35403785897121	0.244573451403123	0.466912952678689
"hsa-miR-23a-3p"	-0.131282148440921	10.7679653329992	0.0371903071067123	0.84707809978124	0.940548786653653
"hsa-miR-23a-5p"	0.852240042174466	5.44654783668667	1.84942508846021	0.173850274781156	0.378241814050893
"hsa-miR-23b-3p"	-0.0332168770344355	10.3885434013441	0.002111768811627	0.963346925140424	0.990249594919757
"hsa-miR-23b-5p"	1.44366963429325	2.75543899868038	2.71148907060261	0.0996279556224125	0.267335014253473
"hsa-miR-24-1-5p"	-1.19221525532621	2.87678522059433	1.59581193345482	0.206497732047705	0.423542337886725
"hsa-miR-24-2-5p"	-0.722368335610023	7.64445754515048	0.903160110069589	0.341935780385419	0.565599253171771
"hsa-miR-24-3p"	0.0302962721801282	9.77763808715496	0.00149050836118114	0.96920363956341	0.990249594919757
"hsa-miR-2467-5p"	0.935385622956493	2.85502188207849	0.992457463445931	0.319142489809477	0.545936768717023
"hsa-miR-25-3p"	0.441998440127158	9.76856904471597	0.372230319557197	0.541791055818855	0.728927799332888
"hsa-miR-25-5p"	2.05595978470789	4.20450604159013	6.05704531111931	0.0138509235540202	0.0905260882334401
"hsa-miR-2682-3p"	0.526750900219482	3.08474071512506	0.451125989001788	0.501800724622544	0.702521014471561
"hsa-miR-2682-5p"	0.172991910733994	4.7651003407777	0.0871641102424802	0.767813842873849	0.875094961433606
"hsa-miR-26a-1-3p"	-1.68693699487903	3.15723249239463	1.70453548967588	0.191695900551324	0.408672673560175
"hsa-miR-26a-2-3p"	-0.0349566104051853	4.77317553466732	0.00364923387524252	0.951829979157252	0.990249594919757
"hsa-miR-26a-5p"	-1.10849043534959	14.5667479306698	1.67062163214166	0.196175292654993	0.411968114575485
"hsa-miR-26b-3p"	-2.50818423703939	4.58969470885233	12.2266196548614	0.000471124778301705	0.0227553267919724
"hsa-miR-26b-5p"	-1.27010549361343	10.4010916548873	2.50678610187945	0.113356900783862	0.289689857558759
"hsa-miR-27a-3p"	-0.453542954691	11.6581367448848	0.434374709647386	0.509850115332788	0.705609185403257
"hsa-miR-27a-5p"	0.355626281353771	6.33280215535754	0.256181001455072	0.612756082275623	0.770732259737307
"hsa-miR-27b-3p"	-0.36180217077554	14.3405747763037	0.315559561024315	0.574288486463203	0.74648594028829
"hsa-miR-27b-5p"	0.376668533731455	6.97697022825937	0.285973094464511	0.592812698361338	0.759492130791847
"hsa-miR-28-3p"	0.973880323635597	11.6686406349923	1.97791560810685	0.159610165435722	0.367915405932616
"hsa-miR-28-5p"	-1.0357188534835	8.16259594369554	2.39346937256141	0.121842954988781	0.304923042795758
"hsa-miR-296-3p"	0.201684658880547	4.47755121295135	0.0520520588057756	0.819530250162376	0.918710564045818
"hsa-miR-296-5p"	0.430484834113757	4.39067173912386	0.416296687409398	0.518790733428669	0.71389152206851
"hsa-miR-299-3p"	-0.699161914467014	5.5882043455262	0.931136318890726	0.33456782730845	0.558959691444313
"hsa-miR-299-5p"	2.19295965023668	4.80675796407106	10.3784785156939	0.00127492714558449	0.0293233243484432
"hsa-miR-29a-3p"	1.04712987535166	13.4024515603882	2.31768678767264	0.127910116216307	0.313432112200003
"hsa-miR-29a-5p"	-0.434468478389263	5.91451234723779	0.458545539920821	0.498304502580613	0.702521014471561
"hsa-miR-29b-1-5p"	-0.583942808288742	4.68003675891733	0.696605757176435	0.403926564783199	0.619190225340175
"hsa-miR-29b-3p"	0.971757137467004	9.52138914365051	1.45363045288381	0.227946307837966	0.4439438172812
"hsa-miR-29c-3p"	0.613315538842087	7.5455160310908	0.623711757285035	0.429671308812585	0.6426988796466
"hsa-miR-29c-5p"	-1.0932554193403	3.46763489159273	1.87476293099231	0.170930570563011	0.375270298099701
"hsa-miR-301a-3p"	-5.71776956662849	10.6290657366443	12.5745799877982	0.000391029113927644	0.0227553267919724
"hsa-miR-301a-5p"	-0.788750085151465	3.35269150739629	0.499617026752639	0.479668445647082	0.68141135072806
"hsa-miR-301b-3p"	-2.35371925480844	6.21043943082929	7.84751470049956	0.00508906193625398	0.0649028937571831
"hsa-miR-301b-5p"	-3.66827141950921	2.92564927831827	1.94670014429561	0.162942885826533	0.371233084217997
"hsa-miR-302a-5p"	1.97035792685807	2.91965333560063	1.5393729800884	0.214711159944999	0.435737354006028
"hsa-miR-302b-3p"	-2.21846569794926	2.43338453065787	4.73597506597944	0.0295381001743651	0.133335536301106
"hsa-miR-302d-3p"	-1.00103260960382	2.29768782759087	0.399506608828137	0.527344174634743	0.716820198241395
"hsa-miR-30a-3p"	-0.905021273054608	8.1005932897824	1.37063909606011	0.241702108519389	0.466174101074119
"hsa-miR-30a-5p"	-0.693289655164783	13.5592775179832	0.838729621998255	0.359760352469024	0.58370061316106
"hsa-miR-30b-5p"	-1.72700122232435	8.94577052307702	4.29334367636978	0.0382618479528372	0.152731178191904
"hsa-miR-30c-1-3p"	-2.33473975475218	5.17130353825608	3.36120155221894	0.0667493493950213	0.207999585534163
"hsa-miR-30c-2-3p"	-0.235510549069543	5.7649533093351	0.107540516493335	0.742961786866237	0.862558029856348
"hsa-miR-30c-5p"	-1.07336570282997	11.4642811542286	1.00422886297707	0.316289405876257	0.544311083951185
"hsa-miR-30d-3p"	-2.48190719104922	5.81350076535735	6.22416406971919	0.0126018389041395	0.0869526884385625
"hsa-miR-30d-5p"	-1.9157065581889	12.2249420189988	3.44404813037291	0.0634799772574386	0.199813203901788
"hsa-miR-30e-3p"	-3.3423201484239	7.43072032031646	9.76251872054992	0.00178105732450666	0.0391023039880326
"hsa-miR-30e-5p"	-2.12491512625855	12.4405100352498	3.85478377221223	0.0496043202833998	0.169400634833524
"hsa-miR-31-3p"	-1.64699443752307	8.18658564390001	6.08581932958261	0.0136271156026891	0.0905260882334401
"hsa-miR-31-5p"	0.277367835863271	13.5002467006573	0.178276567545595	0.672858533641833	0.816965772746333
"hsa-miR-3117-3p"	-0.498478509322583	3.95847577027267	0.138670306333621	0.709606502215552	0.844187045739191
"hsa-miR-3120-3p"	-6.23490630823426	2.56921923920226	3.94080227190923	0.0471282965682274	0.168327339063114
"hsa-miR-3129-3p"	-0.163991300487644	3.08265028897553	0.0303185830260411	0.861769330726537	0.945062205734192
"hsa-miR-3152-5p"	1.41865574302305	3.39588094565903	1.87660179876957	0.170720878633905	0.375270298099701
"hsa-miR-3158-3p"	0.140047845633421	3.46182057772941	0.0155845166260935	0.900651833545522	0.967405985199243
"hsa-miR-3168"	2.5802280376456	4.2002885107428	3.5282589532871	0.0603311089074386	0.192915005131965
"hsa-miR-3176"	0.653299112536145	3.45877183304518	0.576433083311477	0.44771384455426	0.652829093839853
"hsa-miR-32-5p"	-3.10511477836782	3.6098752439571	12.2396557792157	0.000467844592575354	0.0227553267919724
"hsa-miR-3200-3p"	1.09530036837497	3.25459893870085	1.28351453335499	0.257246588602422	0.478344393508538
"hsa-miR-320a"	0.158567941487902	10.3360520517278	0.0396398614512989	0.842186384573526	0.93727194412215
"hsa-miR-323a-3p"	-1.1637981207645	6.00547085729476	3.31342092063541	0.0687163068614163	0.212756257782462
"hsa-miR-323b-3p"	-0.543549609364286	4.87060969474397	0.441066600042403	0.506608101730446	0.705441595841586
"hsa-miR-324-3p"	1.24021152340555	4.86161994599474	4.08672315959062	0.0432213592536891	0.159358141370472
"hsa-miR-324-5p"	-0.401646106417188	3.64927598805733	0.224726041058355	0.63546226798705	0.789018702924795
"hsa-miR-328-3p"	-0.201995407447039	5.87309407134026	0.0965065344184621	0.756062903832686	0.871547452389468
"hsa-miR-329-3p"	0.335222318941965	5.9803913754804	0.239240538842263	0.624755176449576	0.779733204716137
"hsa-miR-330-3p"	0.859471119529659	4.1618736775663	1.08290872354726	0.298047764847144	0.533174334893225
"hsa-miR-330-5p"	-2.11854796117565	5.03075344495611	10.7812895296655	0.00102531226680885	0.0260645170983514
"hsa-miR-331-3p"	-1.01354139286242	8.35506948945523	1.62843085396288	0.201920220924789	0.418826410757399
"hsa-miR-331-5p"	-0.452772465805893	3.60262017898342	0.278780532264262	0.597501615167544	0.76328899676128
"hsa-miR-335-3p"	0.757252674849084	8.07718407294642	0.435448618219333	0.509327433877972	0.705609185403257
"hsa-miR-335-5p"	1.02885056779967	6.95850649843335	0.845656041581094	0.357784134278767	0.58370061316106
"hsa-miR-337-3p"	-0.207391382702198	6.22644268592893	0.10604466934077	0.744692957453617	0.862558029856348
"hsa-miR-337-5p"	-0.333240108516352	4.53155961305642	0.217415821859631	0.641016026251351	0.789823318059701
"hsa-miR-338-3p"	-9.66395694309296	5.60218509780271	7.44619435629066	0.00635707199860504	0.0681638295755408
"hsa-miR-338-5p"	-5.80955822419921	2.30453981549647	6.8315019463188	0.0089563920764952	0.0758936381218804
"hsa-miR-339-3p"	0.518307018696482	6.79845758708799	0.531959889847339	0.465784044659246	0.664515325434786
"hsa-miR-339-5p"	1.30549924950902	6.8631502547697	3.23625949018773	0.0720249024253717	0.216713664019105
"hsa-miR-33a-5p"	0.197781162371641	5.10463348412709	0.034438154027753	0.852777904999482	0.942544000262586
"hsa-miR-33b-3p"	1.89895577621785	3.16585912223803	2.93167351769548	0.0868574139551694	0.248924262843336
"hsa-miR-33b-5p"	2.64235106274162	4.45267976103949	12.0047475130303	0.000530651998367716	0.0233004468374188
"hsa-miR-340-3p"	-0.0449213630719232	3.64897343391695	0.0042226995234862	0.948188091730949	0.990249594919757
"hsa-miR-340-5p"	-0.0203502636655059	7.53008684671439	0.000726605090399346	0.978495136579795	0.990249594919757
"hsa-miR-342-3p"	-0.764995961847397	7.07183361048493	1.11598077415418	0.29078554616929	0.524064995521519
"hsa-miR-345-5p"	1.12402513366486	8.06974270038364	2.92415463042615	0.0872629192531615	0.248924262843336
"hsa-miR-34a-3p"	-1.20954757376414	4.01680366235045	1.357425352797	0.243984189243252	0.466912952678689
"hsa-miR-34a-5p"	-1.81764251212085	9.54597346045811	2.08255830806237	0.148990283487566	0.349331587012109
"hsa-miR-34b-5p"	0.821521733491195	4.05180790534887	0.67312842975577	0.411963015744401	0.627691282664183
"hsa-miR-34c-5p"	-0.296344648845856	7.26236079937451	0.140856813071931	0.707430705631188	0.843676619308306
"hsa-miR-3607-3p"	-1.7521297978487	4.7658765903484	8.23969312457062	0.00409840611564284	0.0582214751133968
"hsa-miR-361-3p"	1.90892737395908	7.54068691273077	5.9352894634456	0.0148406310120971	0.0924618718499135
"hsa-miR-361-5p"	0.0267674623596024	7.16995232893251	0.00164793658770002	0.967618941516878	0.990249594919757
"hsa-miR-3613-3p"	-0.331633771331209	2.60521673602463	0.0500748857501794	0.822933018208518	0.918710564045818
"hsa-miR-3613-5p"	-0.759237486548063	3.77754500952901	0.397584192564426	0.528339524997798	0.716820198241395
"hsa-miR-362-3p"	2.4335444013934	2.66568603876347	5.87991100708955	0.0153145957515385	0.0924618718499135
"hsa-miR-362-5p"	-0.483427566137998	4.29301303167317	0.177889443800108	0.673193328267165	0.816965772746333
"hsa-miR-363-3p"	-15.2583441933055	11.1554115964534	8.31880288954219	0.00392367701472548	0.0574283635791638
"hsa-miR-363-5p"	-6.06056535028763	2.4467199919999	3.8814003218033	0.0488238193800472	0.169400634833524
"hsa-miR-3651"	-1.53828210162269	2.75182353775855	2.59937864276245	0.106905620909797	0.27911035080774
"hsa-miR-365a-3p"	-0.0675670051027732	6.89758711988162	0.0105530299557639	0.91817889688284	0.974682213614091
"hsa-miR-365b-3p"	-0.109014220066542	6.87779818276188	0.026761667845804	0.870053966228687	0.950760329611891
"hsa-miR-365b-5p"	-0.0810444234374144	3.6809281463598	0.0133522892963347	0.908007522086732	0.972110907619935
"hsa-miR-3661"	0.876143913762998	3.26364441621406	1.02372052152999	0.311638113707661	0.543397866140073
"hsa-miR-3677-3p"	0.314773337808208	3.41718739168212	0.170484512849142	0.679681564327265	0.820715488925173
"hsa-miR-369-3p"	-0.716654203229617	6.19688343116091	0.793512779624572	0.373040047232065	0.598599145558429
"hsa-miR-369-5p"	0.0750196225097704	5.94896900671823	0.0159288529242055	0.899566044443593	0.967405985199243
"hsa-miR-370-3p"	0.570903215150434	6.61624974320638	0.739571536168347	0.389798164925357	0.609296160708568
"hsa-miR-370-5p"	-0.0129826215395862	2.90355777370365	0.000127888373181229	0.990977096010965	0.993033065089826
"hsa-miR-374a-3p"	-0.934265203626427	6.88781851156824	1.36741739883543	0.242256106355288	0.466174101074119
"hsa-miR-374a-5p"	0.0603410083466184	5.24801116373034	0.00617098245471492	0.937386103587799	0.988553467320757
"hsa-miR-374b-3p"	-0.900101751810799	3.17946076876816	1.23152860370725	0.267109966902217	0.488689825809739
"hsa-miR-374b-5p"	-1.85528524780331	4.99248115164219	5.22891103750834	0.0222144361911563	0.115955880217993
"hsa-miR-375"	-8.42168767382818	4.41671849775766	4.82545785689772	0.0280424162155363	0.129754539702738
"hsa-miR-376a-2-5p"	-0.801824789793519	2.58900240434221	0.184054282415037	0.667911959032064	0.814650192455775
"hsa-miR-376a-3p"	1.03715911424802	5.81934192727686	1.90937871928501	0.167032287853711	0.374415410358879
"hsa-miR-376a-5p"	-1.50019472673602	6.3364293333337	2.37836280631208	0.123026420451658	0.30629773751624
"hsa-miR-376b-3p"	1.13728154510231	5.42177379918967	2.82047071957095	0.0930691058682993	0.258347000772348
"hsa-miR-376c-3p"	-0.697857387804049	7.72737629645547	0.626706795994229	0.42856586210295	0.6426988796466
"hsa-miR-377-3p"	-1.09611655241205	4.79156568720935	2.51664420055061	0.112650083733165	0.289689857558759
"hsa-miR-377-5p"	0.241669212132893	5.94402727619051	0.136439841867697	0.7118462611641	0.844770870128404
"hsa-miR-378a-3p"	1.09476371732724	7.7725145838259	1.59264795126428	0.206948223066806	0.423542337886725
"hsa-miR-379-3p"	0.179094072927809	4.66171683952791	0.0869109295560675	0.768141626722027	0.875094961433606
"hsa-miR-379-5p"	0.894137450263556	5.3509942367196	1.63040741127282	0.201646707113302	0.418826410757399
"hsa-miR-380-3p"	-0.372517534664948	4.22899146246073	0.377005257940003	0.539210345376947	0.727482114014149
"hsa-miR-381-3p"	-1.53880712865313	9.89943755267187	4.97056885060442	0.0257821667243679	0.127069250284385
"hsa-miR-382-3p"	-0.232365638209891	4.44632416230232	0.131815569919188	0.716556971454067	0.848012836466754
"hsa-miR-382-5p"	-0.448799196407931	6.81209870181294	0.239990145984908	0.624213231944904	0.779733204716137
"hsa-miR-383-5p"	-8.67856754303555	4.65844345756248	7.07536083781197	0.00781510819595574	0.0712207029933325
"hsa-miR-3909"	0.708405595624393	4.71133647360551	1.05836492604236	0.30358840382374	0.537499418091441
"hsa-miR-409-3p"	0.463778564636278	11.1085959340733	0.452191221943764	0.50129621065657	0.702521014471561
"hsa-miR-409-5p"	-0.0712402436999351	8.66414530549337	0.00293191267423865	0.956817935726475	0.990249594919757
"hsa-miR-410-3p"	-0.687193389098258	8.91761256267949	0.97795567726964	0.322704038189686	0.548824121287388
"hsa-miR-411-3p"	-1.45570177305267	4.77080043374542	3.51787301904849	0.0607103121740344	0.192915005131965
"hsa-miR-411-5p"	-0.290674137238129	10.166401591161	0.16043755026007	0.688753994098537	0.827532783954213
"hsa-miR-412-5p"	1.36842615565466	4.27939297543618	1.45831507321092	0.227198400581774	0.4439438172812
"hsa-miR-421"	-0.376015897042387	6.46129155945581	0.323646412882296	0.569424480838321	0.74610178991194
"hsa-miR-423-3p"	0.473492408396813	11.0809128312838	0.455098015696706	0.499923877713361	0.702521014471561
"hsa-miR-423-5p"	1.24960158011682	10.6808132379756	3.10007793658188	0.0782885461174731	0.233415850461355
"hsa-miR-424-3p"	2.66361506399982	5.44138187087313	8.68338596679362	0.00321123834545841	0.0500331651889166
"hsa-miR-424-5p"	0.897169882157691	6.68494583053984	0.837439912937732	0.360129984931668	0.58370061316106
"hsa-miR-425-3p"	-0.446979961394201	3.98828605257167	0.311961871803559	0.576478790326154	0.74648594028829
"hsa-miR-425-5p"	-1.99646098716452	8.05987475151367	5.45116381557861	0.0195552952223798	0.107504255917523
"hsa-miR-429"	-11.5302566263908	7.43786743551699	7.38978319644318	0.00655953947745898	0.0681638295755408
"hsa-miR-431-3p"	0.582446452431923	5.2627331313516	0.587041129307723	0.443565581949101	0.649218715398229
"hsa-miR-431-5p"	-0.0729614805060489	6.78887498119103	0.012655146578932	0.910430858046768	0.972110907619935
"hsa-miR-432-5p"	-0.0904957837989865	7.19992659707177	0.0122888260598941	0.911731348140436	0.972110907619935
"hsa-miR-4326"	1.54286529936218	4.67098026968814	1.8960265401126	0.168523750752179	0.375101251674206
"hsa-miR-433-3p"	-0.0200822144249933	3.73630279228851	0.000628540434129743	0.979998563916446	0.990249594919757
"hsa-miR-449b-5p"	-10.1003130467457	6.04156096807326	7.53168872040018	0.00606230558004029	0.0680951998874293
"hsa-miR-450a-5p"	-0.0256265724966879	5.51075654004987	0.0010257355904173	0.974450433627079	0.990249594919757
"hsa-miR-450b-5p"	0.585315757185047	6.4118603738984	0.401257892375272	0.526440342939409	0.716820198241395
"hsa-miR-451a"	-9.27685394522339	8.2588583724174	6.45641904608913	0.0110552216709553	0.084651415643653
"hsa-miR-452-3p"	-1.63177221179048	4.9968777793634	3.25942730056197	0.0710139239777103	0.216713664019105
"hsa-miR-452-5p"	-1.15591157365972	7.52354677361063	1.68879476535684	0.193759921832878	0.408672673560175
"hsa-miR-4521"	2.10329949493577	4.86245360388908	7.37396378431464	0.00661749103955658	0.0681638295755408
"hsa-miR-454-3p"	-6.06355666736097	10.8488546757711	9.61930644464195	0.00192542432599446	0.0404339108458837
"hsa-miR-454-5p"	-0.390008456457648	4.03304819172905	0.250148745886656	0.616970360382003	0.774017361206513
"hsa-miR-455-3p"	-2.90386905475201	7.71662711304664	5.88636770239591	0.0152585414971157	0.0924618718499135
"hsa-miR-455-5p"	-3.02148003780419	8.44818220600214	4.49577493684817	0.0339787097390291	0.144200318235033
"hsa-miR-4636"	0.971268757182483	2.39020041781014	0.552542732919481	0.457280592157272	0.659303062722276
"hsa-miR-4662a-5p"	-2.62772399192316	2.74559176252712	3.23142312590297	0.0722378880063683	0.216713664019105
"hsa-miR-4677-3p"	0.883109684679198	5.04753760898916	2.34426453581677	0.125744895637177	0.311460433809008
"hsa-miR-4775"	0.320163242835869	4.96455204567077	0.145368120712364	0.70300163950178	0.841326738605637
"hsa-miR-484"	0.759848628268954	9.37780819940124	1.1875144927766	0.275831486438588	0.500851909585857
"hsa-miR-485-3p"	-0.180055634387772	6.12336323091304	0.0519818898992481	0.819649837972749	0.918710564045818
"hsa-miR-485-5p"	1.93012657876499	6.64264560163328	7.30399136019581	0.0068801606883625	0.0681638295755408
"hsa-miR-486-3p"	0.191739149480221	3.8534463785837	0.0213168416738334	0.883919112973819	0.961560656680979
"hsa-miR-486-5p"	-0.275860725461775	8.52977173444198	0.051066292080634	0.821218125789031	0.918710564045818
"hsa-miR-487a-3p"	-1.59275161756134	4.25149810038858	6.03099014066166	0.0140568459989814	0.0905260882334401
"hsa-miR-487b-3p"	0.0786626531412661	7.77336877681704	0.0153776760793924	0.901309924098674	0.967405985199243
"hsa-miR-490-3p"	-2.4368089801536	5.44180755776141	0.653301392398161	0.418934812754689	0.634311957869953
"hsa-miR-493-3p"	0.674469049589525	6.74058985945935	0.747216856448091	0.387358823567834	0.607449064231375
"hsa-miR-493-5p"	-0.489957713285705	6.15510292970963	0.326373187262208	0.567802531604307	0.74610178991194
"hsa-miR-494-3p"	-0.641802660734799	6.49193837620965	0.944982923821483	0.330999647255993	0.557048186845451
"hsa-miR-495-3p"	0.775905143388907	6.54019124950788	0.989453441237	0.319875994921154	0.545936768717023
"hsa-miR-496"	2.0448974363694	4.75637836301778	9.44308852006069	0.0021194627605593	0.0423963041233994
"hsa-miR-497-5p"	-1.07474227170413	4.50484279398319	2.31068158535727	0.128487698168945	0.313432112200003
"hsa-miR-499a-5p"	-13.0068379365174	8.90713670859204	8.04156821051345	0.00457159427477587	0.0613355565199096
"hsa-miR-500a-3p"	1.49916204319003	9.39644304626534	3.82225391348784	0.0505761605393583	0.169428706926671
"hsa-miR-501-3p"	1.96219271328688	8.25778619526034	3.54682995134326	0.0596593256804958	0.192103028691196
"hsa-miR-501-5p"	-0.377444645512134	3.55842944170347	0.201051493738334	0.653873445938465	0.803615456458725
"hsa-miR-502-3p"	1.76098168684646	5.4098358582452	3.78981788405829	0.0515652586298565	0.169428706926671
"hsa-miR-502-5p"	0.820927170125829	2.67323065498503	0.735487703940275	0.391110172669815	0.609374881933938
"hsa-miR-503-5p"	2.72426249730871	3.96350983887739	9.23835339998128	0.00236997973360618	0.0423963041233994
"hsa-miR-504-5p"	5.87752911289225	2.39093966647113	13.7815239297056	0.000205345791950688	0.0213918644417742
"hsa-miR-505-3p"	-1.38570353713637	6.12865848857221	3.79124104319858	0.051521434773137	0.169428706926671
"hsa-miR-532-3p"	0.671932215581818	5.90019643834625	0.610859076416349	0.434464535943849	0.6426988796466
"hsa-miR-532-5p"	1.73867529334114	9.38333523040424	4.4768886443517	0.0343562115904308	0.144200318235033
"hsa-miR-539-3p"	-0.185344053658282	6.18172809576764	0.0900812009618592	0.764073950799433	0.875094961433606
"hsa-miR-539-5p"	-0.0452785580921011	4.1569027803923	0.003518310209214	0.952700938710721	0.990249594919757
"hsa-miR-541-5p"	1.91552640792651	2.89365337066328	3.93125653351128	0.0473965178314358	0.168327339063114
"hsa-miR-542-3p"	1.60205217385239	4.937200915944	4.84236731567805	0.0277687497453673	0.129754539702738
"hsa-miR-542-5p"	2.41993597424909	3.50301730746787	4.86311022236792	0.0274368320664047	0.129754539702738
"hsa-miR-543"	1.53880002239443	5.59737810348104	6.26691242515613	0.0123013318349286	0.0869526884385625
"hsa-miR-548e-3p"	1.65029143178204	5.07012691615681	4.8371350470594	0.0278531318116026	0.129754539702738
"hsa-miR-548e-5p"	0.0272146351639408	2.67352355987616	0.000677074060612348	0.979240870249582	0.990249594919757
"hsa-miR-548k"	0.472106870833514	5.60714400181352	0.602090079902553	0.437781675275227	0.644660210847361
"hsa-miR-548o-3p"	-1.06456841454612	3.23911603335226	2.28339950929169	0.130764972478712	0.317053890222863
"hsa-miR-549a"	2.5081906523644	3.21450514576284	5.37461927308615	0.0204317997894246	0.110882688744855
"hsa-miR-549a-5p"	3.82137239051997	5.34496185774292	20.3115453044913	6.5802326502556e-06	0.00317825237007345
"hsa-miR-550a-3p"	1.64409767679918	3.03369779765745	3.66301528550437	0.0556328651155532	0.180340092958471
"hsa-miR-550a-5p"	1.47712476571855	3.24323324708347	2.25097135698995	0.133530560067843	0.320871942849593
"hsa-miR-551b-3p"	-8.787237335957	4.76301893855528	10.8559116469333	0.000984808695845283	0.0260645170983514
"hsa-miR-561-5p"	1.14377819388552	4.64610723422494	2.6427912536253	0.104020640867905	0.273054182278249
"hsa-miR-574-3p"	0.119337228958184	9.57245263731274	0.0259346140383077	0.872060105259504	0.950801424018827
"hsa-miR-574-5p"	0.776324213681035	4.37818646844944	1.51741290446172	0.218011418102665	0.438576791301823
"hsa-miR-576-5p"	0.0269718749241682	3.9625787090206	0.00177979300808273	0.966349153060705	0.990249594919757
"hsa-miR-582-3p"	-1.28008205583461	4.12854153440295	2.98322012124692	0.0841317362406988	0.244792943399142
"hsa-miR-582-5p"	-2.78003489973046	3.09397222860753	4.81533986931704	0.0282075086310301	0.129754539702738
"hsa-miR-584-5p"	0.439830836233573	6.39616142219538	0.320099333955024	0.571547955005006	0.74610178991194
"hsa-miR-585-3p"	-0.464895964670535	3.51489739331301	0.290434391715128	0.58994229627257	0.757824811435243
"hsa-miR-589-3p"	-1.0043950584352	3.67438854612501	1.55121579408337	0.212956046469523	0.433999031412573
"hsa-miR-589-5p"	1.61021404644515	7.11653586308622	4.74208548502052	0.0294333706256299	0.133335536301106
"hsa-miR-590-3p"	-0.0407160526227415	4.89126770247375	0.00304679107743944	0.955980925252208	0.990249594919757
"hsa-miR-598-3p"	-1.92686644783975	3.45136890131038	2.42387223836515	0.119499214836685	0.300615212323536
"hsa-miR-605-3p"	2.45755116592451	3.44058562396689	2.27724077199166	0.131285254750668	0.317053890222863
"hsa-miR-605-5p"	5.45869917242836	2.13040728496867	10.7854149148048	0.00102302970482337	0.0260645170983514
"hsa-miR-615-3p"	5.24899743237484	3.42209384539052	6.52068453325584	0.0106626954822623	0.084651415643653
"hsa-miR-616-5p"	2.09695310087394	3.53170272961011	5.06443805406711	0.0244216219835466	0.122871285604719
"hsa-miR-625-3p"	2.03878882247118	5.9231271958147	7.61420594133547	0.00579102536463335	0.0680951998874293
"hsa-miR-625-5p"	0.663264492184397	6.13113437897939	0.573843791270917	0.448735526200478	0.652829093839853
"hsa-miR-628-5p"	-1.02875310720963	3.55594931938826	2.08259876085215	0.14898633590096	0.349331587012109
"hsa-miR-629-5p"	1.78369315793308	5.20972244921184	7.13757705835862	0.00754850821462799	0.0710388959040059
"hsa-miR-641"	0.634547909028287	4.11749957546848	0.749127195109903	0.386752706720006	0.607449064231375
"hsa-miR-652-3p"	-1.05882314929681	5.04551656157705	1.21428662757667	0.27048482493315	0.492996869595138
"hsa-miR-652-5p"	-0.984769797480695	2.31159527186913	0.541522935507407	0.461802257061298	0.66331621669527
"hsa-miR-654-3p"	0.222279357649812	10.7861484004407	0.108768575685289	0.741550473684224	0.862558029856348
"hsa-miR-654-5p"	1.52129226702738	5.16843739880974	4.98101024129716	0.0256270140770243	0.127069250284385
"hsa-miR-655-3p"	0.0118564899182452	3.32641034364318	0.000235870324187815	0.987746514509368	0.991853568623752
"hsa-miR-656-3p"	0.0282209560660161	5.10561507030601	0.00218467394907274	0.962720054606147	0.990249594919757
"hsa-miR-659-5p"	0.218421070453494	2.52933204744075	0.0315167878414915	0.859092352970547	0.945062205734192
"hsa-miR-660-5p"	1.5906928191153	8.69496491152028	4.22545326556562	0.0398219816979238	0.154638014853489
"hsa-miR-664a-3p"	-1.92152258138989	4.40156774206449	2.43519603454431	0.11863906259656	0.300013964576641
"hsa-miR-664a-5p"	-1.96078339695149	1.98315391973714	1.28062117078412	0.257783571048614	0.478344393508538
"hsa-miR-665"	1.73875239097631	5.44160101664526	7.65997978786519	0.0056459137270151	0.0680951998874293
"hsa-miR-668-3p"	1.00704226193502	3.35782075689201	1.52193634822737	0.217326701059828	0.438576791301823
"hsa-miR-671-3p"	0.895349290022702	7.39694059220683	1.85499684956845	0.173203347835263	0.378241814050893
"hsa-miR-671-5p"	0.0719217845090477	4.94140795988111	0.0071463865061161	0.932630040598542	0.985689955380953
"hsa-miR-6852-5p"	0.0372795766475716	2.86285028574035	0.00152124053918445	0.968887930038001	0.990249594919757
"hsa-miR-7-1-3p"	-0.925238100288889	4.16432136899727	0.911225623750021	0.339789433698388	0.563980400262273
"hsa-miR-7-5p"	0.738283530920529	5.92069608052844	0.405017681217409	0.5245092282364	0.716820198241395
"hsa-miR-708-3p"	0.812974477949707	6.25544868622321	1.51178608179287	0.218866748308404	0.438576791301823
"hsa-miR-708-5p"	0.769458670149433	6.43730733680223	1.30093703701533	0.254042133946231	0.475590506573759
"hsa-miR-744-5p"	0.609214008452645	7.48138577678273	0.947127160567455	0.330451633462208	0.557048186845451
"hsa-miR-758-3p"	-0.834466580610474	6.67596254909877	1.9233338434994	0.165489604881088	0.373511584848436
"hsa-miR-758-5p"	3.35719741501406	2.79692025848788	11.1915606903136	0.000821702019458538	0.0260645170983514
"hsa-miR-766-3p"	-0.855412462953474	3.09971322159169	0.345263736069819	0.556806537624269	0.740995194285587
"hsa-miR-769-5p"	-0.427646893775684	9.45204176584909	0.344827948948812	0.557055607000074	0.740995194285587
"hsa-miR-7706"	1.3464426418374	5.16758449546895	4.51878253630994	0.0335246794409155	0.144200318235033
"hsa-miR-7974"	2.11164549071958	4.98582980098172	4.9147606664551	0.0266281521602083	0.129754539702738
"hsa-miR-7976"	0.819595569349794	2.87863057083544	0.693130319536904	0.405101679518624	0.619190225340175
"hsa-miR-874-3p"	-1.05585076748179	4.10565480056258	2.09690836428253	0.147597316359584	0.349331587012109
"hsa-miR-877-5p"	-0.362584059495061	5.07484598575879	0.220937491094125	0.638326523789439	0.789035211022698
"hsa-miR-887-3p"	0.248513967911009	5.01391222901853	0.0868664212526462	0.768199303618735	0.875094961433606
"hsa-miR-889-3p"	-1.51922637502779	7.24532014394015	4.50465504530719	0.0338027136552625	0.144200318235033
"hsa-miR-9-3p"	-16.0173080036147	11.9140223829466	6.03472198349601	0.014027159842702	0.0905260882334401
"hsa-miR-9-5p"	-12.1058966930539	11.6133987646708	8.83950867219943	0.00294778492895648	0.0474593373561994
"hsa-miR-92a-1-5p"	-0.90009195643776	3.43584775856579	0.839116344204283	0.359649619148265	0.58370061316106
"hsa-miR-92a-3p"	-0.766421367507345	14.5073995994242	0.611446251920512	0.434243789841101	0.6426988796466
"hsa-miR-92b-3p"	0.103640188418467	12.0658034869355	0.0155158866586476	0.900869694514022	0.967405985199243
"hsa-miR-92b-5p"	1.96235520930771	2.96428414147208	5.89909457720256	0.0151486701977469	0.0924618718499135
"hsa-miR-93-3p"	0.260079733298281	4.13824278865803	0.144632500661031	0.7037184314631	0.841326738605637
"hsa-miR-93-5p"	-0.618271939326181	8.34739288460356	0.715896644098279	0.397493191673791	0.61338406255093
"hsa-miR-935"	0.177177405904447	6.16011160410778	0.04968864042677	0.823605950790557	0.918710564045818
"hsa-miR-939-3p"	5.18321653950775	1.98075869328225	6.39058737980718	0.0114727059019269	0.084651415643653
"hsa-miR-940"	0.692312199007638	4.51609990999846	1.03815104371421	0.308251880426922	0.541402393622557
"hsa-miR-941"	0.927872580765699	7.10766950295307	1.50013601241628	0.220650435375451	0.438576791301823
"hsa-miR-941-3-5p"	0.91068805312692	4.86419062279405	1.6275478271267	0.20204255425771	0.418826410757399
"hsa-miR-942-5p"	1.22764682405252	2.77281093328232	2.00257486835813	0.157032253070558	0.364647010735958
"hsa-miR-96-5p"	-10.2652801358825	6.18908606003522	7.56938482590632	0.00593680438013463	0.0680951998874293
"hsa-miR-98-3p"	-0.676991122491445	4.1263934068653	1.30993901726506	0.252405696911352	0.474787810312857
"hsa-miR-98-5p"	0.713408595060845	11.0668134662361	0.783359650356573	0.376115604728803	0.601171510154876
"hsa-miR-99a-3p"	-1.35659526640733	4.71963981095866	1.09898930443344	0.294488016750825	0.528764728961518
"hsa-miR-99a-5p"	-2.61878182642545	9.57446373347431	2.71730243677622	0.0992656476083732	0.267335014253473
"hsa-miR-99b-3p"	-0.208546705001173	5.71380578556232	0.0880560366152263	0.766663203434565	0.875094961433606
"hsa-miR-99b-5p"	0.662727271091404	13.7513427680275	0.466549404252874	0.494578901697261	0.700532579236882
