"logFC"	"logCPM"	"LR"	"PValue"	"FDR2"
"hsa-let-7a-2-3p"	0.244118120393054	3.82830875560204	0.0189052235265414	0.890638542973394	0.987995876059832
"hsa-let-7a-3p"	-0.0469908258414828	5.87791154076692	0.00138379786800691	0.970325990138851	0.987995876059832
"hsa-let-7a-5p"	0.425891480122528	15.489166273329	0.146336898754498	0.702060819394893	0.987995876059832
"hsa-let-7b-3p"	0.251168984641826	7.13019053016302	0.0466943474255856	0.828918569576045	0.987995876059832
"hsa-let-7b-5p"	0.878127622679683	12.6527207987473	0.587226174077841	0.443493748959079	0.987995876059832
"hsa-let-7c-5p"	-0.775543320591044	10.5577705528574	0.316066561883247	0.573981141694352	0.987995876059832
"hsa-let-7d-3p"	-0.146862508916217	7.34738520117553	0.0155941039924854	0.900621437942132	0.987995876059832
"hsa-let-7d-5p"	0.0316205429513547	10.1456402985637	0.000767606709018764	0.977896864603067	0.987995876059832
"hsa-let-7e-3p"	0.688706547489741	3.62809610511181	0.166166816327918	0.683541193441131	0.987995876059832
"hsa-let-7e-5p"	0.304786597677669	11.5463322115236	0.0676079766952853	0.794851941358678	0.987995876059832
"hsa-let-7f-1-3p"	-0.130425910109795	4.37079138390423	0.00991027266986766	0.920701310952782	0.987995876059832
"hsa-let-7f-2-3p"	-2.03736734204216	4.5250802500322	1.16630162723512	0.280162461696807	0.987995876059832
"hsa-let-7f-5p"	-0.732560522637026	14.964651914854	0.485227773589713	0.48606384375906	0.987995876059832
"hsa-let-7g-3p"	-1.26986608108308	3.36333300620356	0.71699876104467	0.397130137938026	0.987995876059832
"hsa-let-7g-5p"	-0.0374563827186203	12.0448270575817	0.0011741831173353	0.972664753549357	0.987995876059832
"hsa-let-7i-3p"	-0.214589220600533	5.91169312748226	0.0331810473508956	0.855459787286876	0.987995876059832
"hsa-let-7i-5p"	-0.455805281658585	14.4439389981563	0.187831417602411	0.664727671800413	0.987995876059832
"hsa-miR-100-3p"	-0.422302934203174	7.18720305368862	0.121660540997375	0.727240430970759	0.987995876059832
"hsa-miR-100-5p"	0.773716224699967	17.9470901996388	0.438317787433334	0.507935507178742	0.987995876059832
"hsa-miR-101-3p"	0.447555299019337	10.9295836936402	0.113914900452016	0.735730353158263	0.987995876059832
"hsa-miR-103a-3p"	-0.131619854591774	11.6128698782678	0.014453774505057	0.904305823925757	0.987995876059832
"hsa-miR-106b-3p"	-0.728936779878702	7.9091455013065	0.407075640788658	0.523457538869935	0.987995876059832
"hsa-miR-106b-5p"	-0.766509892239629	7.52512141575427	0.35293842260068	0.552454454994445	0.987995876059832
"hsa-miR-107"	1.14790315009647	7.45556426101864	0.616074531232478	0.432509766233527	0.987995876059832
"hsa-miR-10a-3p"	3.69777571615178	4.14037425027412	2.27915227120876	0.13112352699877	0.987995876059832
"hsa-miR-10a-5p"	3.74554814002865	14.4161945299572	6.04632570793456	0.0139352656757875	0.377071894756602
"hsa-miR-10b-5p"	-0.476751702601884	13.8001520853102	0.06944658834027	0.792144256982195	0.987995876059832
"hsa-miR-1180-3p"	-0.324654097668604	4.44149919786551	0.0379791324402614	0.845485047715074	0.987995876059832
"hsa-miR-1185-1-3p"	-0.872857340672249	5.30530719658736	0.262828167863907	0.608183789403595	0.987995876059832
"hsa-miR-1185-2-3p"	-0.703636897763548	2.89719988880016	0.148398025530875	0.70007098714185	0.987995876059832
"hsa-miR-1185-5p"	-0.982070407548862	4.62533241961348	0.318186387056818	0.57269960372697	0.987995876059832
"hsa-miR-1197"	-0.245249047652987	4.14432501409402	0.017408067966957	0.895032036408294	0.987995876059832
"hsa-miR-122-5p"	5.22176938503031	2.15868361408726	3.97094080680628	0.0462919014364515	0.575520936777505
"hsa-miR-1226-3p"	0.995480703323162	3.57023566432044	0.395951845956035	0.529187332663755	0.987995876059832
"hsa-miR-1233-3p"	1.63888195861114	2.31581047310081	0.576625546536681	0.447638046967327	0.987995876059832
"hsa-miR-1249-3p"	-2.46211452476182	5.44905439766899	2.5129992090849	0.112910859075001	0.911210441657901
"hsa-miR-1257"	2.71028941525334	2.97246239671664	1.68464786714071	0.194308003337826	0.987995876059832
"hsa-miR-125a-3p"	0.428826874911264	4.71442423377173	0.0993350373347806	0.752629079108263	0.987995876059832
"hsa-miR-125a-5p"	0.788155644098871	13.2921130373216	0.439537929111452	0.507345561636365	0.987995876059832
"hsa-miR-125b-1-3p"	-0.456879946216867	10.9872782438298	0.162995812026224	0.686413189848888	0.987995876059832
"hsa-miR-125b-2-3p"	1.18592679688863	7.09280584886092	0.746055896522941	0.387727837487036	0.987995876059832
"hsa-miR-125b-5p"	0.883916726623745	15.2438316802594	0.571574938820959	0.449633755538489	0.987995876059832
"hsa-miR-126-3p"	4.12683685092816	8.51715790297612	3.26394842167053	0.0708184141183633	0.721548932711385
"hsa-miR-126-5p"	3.46455757441152	9.74899733997385	3.62467995597632	0.0569285205029634	0.609002777473562
"hsa-miR-1260a"	-0.411740809129267	5.01828965058376	0.105400370913395	0.745442776679023	0.987995876059832
"hsa-miR-1260b"	0.351339036675669	4.2714219840454	0.0690591444701933	0.792711621744497	0.987995876059832
"hsa-miR-1262"	-0.981983307873493	2.93870856068334	0.406914832964603	0.523539582466036	0.987995876059832
"hsa-miR-1269b"	4.92487517469722	2.03770356030421	2.91677656779025	0.0876628233106511	0.775478821594221
"hsa-miR-127-3p"	-0.639811955652749	14.4160563844836	0.214832386323906	0.643005909462518	0.987995876059832
"hsa-miR-127-5p"	-1.55871425036718	6.35047457810298	1.13594831963709	0.286510098736174	0.987995876059832
"hsa-miR-1271-3p"	0.541181988041803	3.19325796638609	0.0616224252602855	0.80394976690646	0.987995876059832
"hsa-miR-1271-5p"	1.1451899879964	7.77159862051969	0.596832115943073	0.439789276404725	0.987995876059832
"hsa-miR-128-1-5p"	-1.04265978131978	3.87889468416601	0.570826076040901	0.449930842395954	0.987995876059832
"hsa-miR-128-3p"	-0.0953277177572612	9.59142633651433	0.007072266349887	0.932979494485697	0.987995876059832
"hsa-miR-1285-3p"	1.90651567939884	3.14925703243885	0.496734824042204	0.480938336324644	0.987995876059832
"hsa-miR-1296-5p"	0.511134770300249	5.10021196068482	0.159906760539837	0.689242374563322	0.987995876059832
"hsa-miR-1301-3p"	1.09270085025216	5.59649342654165	0.61051092029777	0.43459550446278	0.987995876059832
"hsa-miR-1304-3p"	0.456052100685455	5.78023123075458	0.110433268478167	0.739651404023333	0.987995876059832
"hsa-miR-1306-3p"	5.18718316739644	2.14052357756964	4.25363153999248	0.0391664919266791	0.545957160190072
"hsa-miR-1306-5p"	1.55621539535835	4.17119511100357	0.622612898457236	0.43007797068582	0.987995876059832
"hsa-miR-1307-3p"	0.452047254441261	7.44845663148746	0.150486225324116	0.698071136393329	0.987995876059832
"hsa-miR-1307-5p"	0.130534565992427	9.33393179748968	0.0119769536131571	0.912854088574159	0.987995876059832
"hsa-miR-130a-3p"	-0.410752421217227	10.2323532508039	0.125856090649954	0.72276788384834	0.987995876059832
"hsa-miR-130b-3p"	-0.420422309108817	9.65191519791526	0.130348658762557	0.718070811177262	0.987995876059832
"hsa-miR-130b-5p"	-0.455465637566358	8.42651649154464	0.155937640161527	0.69292451137308	0.987995876059832
"hsa-miR-132-3p"	-0.293390789273904	6.83710428603706	0.0443518207904319	0.833200411343807	0.987995876059832
"hsa-miR-132-5p"	0.797312847531862	4.31530843893903	0.341919216338614	0.558723503260031	0.987995876059832
"hsa-miR-133a-3p"	0.641740211709634	2.75509753138121	0.0867076976428329	0.768405119360492	0.987995876059832
"hsa-miR-134-3p"	-1.48364970098543	2.52972616258146	0.533800316996676	0.465013494818436	0.987995876059832
"hsa-miR-134-5p"	-0.608941468973295	7.06629328123182	0.205519954186848	0.650301711621943	0.987995876059832
"hsa-miR-1343-3p"	3.11322395418125	4.90944686865859	3.12017799834648	0.0773283361912075	0.729402793215992
"hsa-miR-136-3p"	-0.99129312054003	9.24195272654917	0.422372645793061	0.515755508224856	0.987995876059832
"hsa-miR-136-5p"	-1.90536062104085	7.36332783288791	2.04746572401583	0.152459787128834	0.987995876059832
"hsa-miR-137"	-1.65193835271779	4.57836696170332	0.981115387530219	0.321923590014781	0.987995876059832
"hsa-miR-138-5p"	2.03211743494456	8.00480264361957	1.10406053087856	0.293376711350061	0.987995876059832
"hsa-miR-140-3p"	0.809726947651907	11.0076636062672	0.39678595213644	0.528753810519488	0.987995876059832
"hsa-miR-140-5p"	-0.565028869272996	5.43683956541577	0.179869484085953	0.671485427841263	0.987995876059832
"hsa-miR-142-3p"	-14.7281981061931	10.3274480001113	23.2713483891754	1.40680175282709e-06	0.000647128806300463
"hsa-miR-142-5p"	-11.1628015157145	12.2501531029671	20.5613638538344	5.7749947780157e-06	0.00132824879894361
"hsa-miR-143-3p"	-0.542294496315783	13.3932235508666	0.209783631623282	0.646937044171268	0.987995876059832
"hsa-miR-143-5p"	-1.08011978436941	4.69774602172601	0.612359253675397	0.433900889808477	0.987995876059832
"hsa-miR-145-3p"	-0.42454422197163	5.65657900299702	0.0929873043194771	0.760413222925538	0.987995876059832
"hsa-miR-145-5p"	0.150771348323847	6.43069297240452	0.0150286852232213	0.902430555485689	0.987995876059832
"hsa-miR-1468-5p"	1.16498391621457	3.71030555022244	0.435910808478252	0.509102766220156	0.987995876059832
"hsa-miR-146a-5p"	-1.9617010472028	9.0245303242331	1.95661626656798	0.161875665435398	0.987995876059832
"hsa-miR-146b-3p"	0.347502359401411	5.18012396631832	0.0364544182307736	0.848580121318304	0.987995876059832
"hsa-miR-146b-5p"	1.05010278925136	10.8111951661822	0.33868573865152	0.560588822566522	0.987995876059832
"hsa-miR-147b"	1.79203809073243	2.39995541149085	0.672482869897255	0.412187302639117	0.987995876059832
"hsa-miR-148a-3p"	-1.98117079619186	13.6257590526556	1.62235332198406	0.202763962409652	0.987995876059832
"hsa-miR-148a-5p"	-3.50794228047285	8.06661912077364	3.8583654744468	0.0494985279405682	0.594325586456558
"hsa-miR-148b-3p"	-0.179584909461015	10.7568415034723	0.0253054336884802	0.87360835302219	0.987995876059832
"hsa-miR-148b-5p"	-0.80676272796445	6.86480645568881	0.454293315024241	0.500303147434336	0.987995876059832
"hsa-miR-149-5p"	1.79452528518432	8.48425228999778	1.86695076505774	0.171824721119825	0.987995876059832
"hsa-miR-150-5p"	-2.89841832381927	3.53414239973281	1.86057900277649	0.172557989917653	0.987995876059832
"hsa-miR-151a-3p"	-0.087809360777813	12.3831969808386	0.00649323915881084	0.935775465065372	0.987995876059832
"hsa-miR-151a-5p"	0.33833183938053	13.0963335464834	0.0961400961376455	0.756511782596144	0.987995876059832
"hsa-miR-151b"	-0.362958442285419	4.18541386782269	0.0816270502201517	0.775104472684198	0.987995876059832
"hsa-miR-152-3p"	0.416798425922621	8.47353677722092	0.13193799628316	0.716431060307734	0.987995876059832
"hsa-miR-152-5p"	0.29016481644493	5.80584127994245	0.0560854420354575	0.812793601979214	0.987995876059832
"hsa-miR-154-3p"	-2.77352119756911	2.52503462569915	2.30851473453381	0.128666943581787	0.987995876059832
"hsa-miR-154-5p"	-0.917157530223913	4.10786738931224	0.295180594180239	0.586919650476781	0.987995876059832
"hsa-miR-155-5p"	-0.503114461533856	9.71879893419338	0.175171514920549	0.675556029601611	0.987995876059832
"hsa-miR-15a-3p"	-2.65453968697091	2.44885422425919	1.71408908042776	0.190455691588457	0.987995876059832
"hsa-miR-15a-5p"	-0.0622826809391631	8.67100977555997	0.00279784767855773	0.957815819396336	0.987995876059832
"hsa-miR-15b-3p"	-0.850926983290371	6.14353021129548	0.519744584962557	0.470950655105121	0.987995876059832
"hsa-miR-15b-5p"	-0.51574193593641	8.44589594611353	0.197458433609825	0.656780193846816	0.987995876059832
"hsa-miR-16-1-3p"	-1.24069080222307	3.52798696672709	0.244152360826735	0.621223015790241	0.987995876059832
"hsa-miR-16-2-3p"	-0.716365552733164	6.05924466264446	0.324078308241043	0.569166977670285	0.987995876059832
"hsa-miR-16-5p"	-1.10112800230586	11.6228563981194	0.874272963488423	0.349775081525096	0.987995876059832
"hsa-miR-17-3p"	-1.0047269476308	7.44647149293892	0.588233635951433	0.44310297472214	0.987995876059832
"hsa-miR-17-5p"	-2.5499020298827	8.36256092669001	3.19810876352989	0.0737234779074676	0.721548932711385
"hsa-miR-181a-2-3p"	-2.29973386216124	7.58035149453732	3.82435889235454	0.0505126687083411	0.594325586456558
"hsa-miR-181a-3p"	-2.14726049464009	9.42257115048005	3.48508968691382	0.061924005781145	0.647387333166516
"hsa-miR-181a-5p"	-2.36143103564834	14.375059050387	3.75157398423653	0.0527578091469857	0.594325586456558
"hsa-miR-181b-3p"	-2.98950114079705	4.64820165613444	3.2292761065711	0.0723326555862442	0.721548932711385
"hsa-miR-181b-5p"	-2.8304897485292	11.8298141936009	5.3266139670211	0.0210021494269619	0.377914863156938
"hsa-miR-181c-3p"	-0.610577123071012	5.9637790087394	0.241239301809897	0.623312455145991	0.987995876059832
"hsa-miR-181c-5p"	-0.496936086630927	8.14145851911752	0.192800484240353	0.660595948335493	0.987995876059832
"hsa-miR-181d-5p"	0.368960830391708	5.48581490917965	0.0789563673551434	0.778716722399021	0.987995876059832
"hsa-miR-182-5p"	-6.92001698947961	10.3122549829067	13.8828443608018	0.000194566382372216	0.0223751339728048
"hsa-miR-183-3p"	-6.7899446951321	2.81729282097592	6.79611628692276	0.00913563838504299	0.300170975508555
"hsa-miR-183-5p"	-7.16906819839593	8.22444873886227	10.1873122207023	0.00141410286523543	0.0929267597154713
"hsa-miR-184"	14.1443685507089	10.328690278595	8.37634722533785	0.0038013566400044	0.194291561600225
"hsa-miR-185-3p"	0.064626729072956	3.17536228779767	0.00222445578069386	0.962382410548547	0.987995876059832
"hsa-miR-185-5p"	1.06788542791307	6.28931737688537	0.567805115615879	0.45113242551656	0.987995876059832
"hsa-miR-186-5p"	-0.0354106928154356	12.5532466859824	0.00093679789347334	0.975582836529327	0.987995876059832
"hsa-miR-187-3p"	-5.57822863869363	2.03182096279239	5.24972188931289	0.0219502790148791	0.377914863156938
"hsa-miR-188-5p"	-0.855664549107409	3.98818155703517	0.330042222081832	0.565634227241139	0.987995876059832
"hsa-miR-18a-3p"	-3.09281012933646	5.28829070092894	4.63987688545089	0.0312372433287436	0.478971064374069
"hsa-miR-18a-5p"	-2.84124904571003	6.42838806010309	3.1027159837324	0.0781617942958529	0.729402793215992
"hsa-miR-190a-5p"	-0.0961552536557375	4.43558368466953	0.0054305631280176	0.94125518238611	0.987995876059832
"hsa-miR-190b"	-2.06847421910408	2.77137612001845	1.03857116792601	0.30815401341566	0.987995876059832
"hsa-miR-191-3p"	-0.455760487300162	4.24591008302873	0.107028999610563	0.743552266288813	0.987995876059832
"hsa-miR-191-5p"	-0.763436607866513	13.7401997829644	0.466039495538553	0.49481485053695	0.987995876059832
"hsa-miR-1910-5p"	1.44834314229278	3.05855210747636	0.79332611048691	0.373096273897093	0.987995876059832
"hsa-miR-192-5p"	-0.811554330098488	9.45304155810584	0.379272152281942	0.537993025718673	0.987995876059832
"hsa-miR-193a-3p"	-0.720363322098546	9.20877271420846	0.227748952716937	0.633197992789259	0.987995876059832
"hsa-miR-193a-5p"	1.42250417960973	7.75995293025609	1.19091039195369	0.275145996347824	0.987995876059832
"hsa-miR-193b-3p"	1.58383108302063	8.91610510019617	1.5461468208583	0.213705177132187	0.987995876059832
"hsa-miR-193b-5p"	0.786042069003066	3.77765153079928	0.329334806454762	0.566051040891784	0.987995876059832
"hsa-miR-194-5p"	-1.32820224315747	4.55926952884619	0.610346752518733	0.434657281564841	0.987995876059832
"hsa-miR-195-5p"	2.65963287707903	5.84291804743142	4.03109410114726	0.0446689632531743	0.570770086012782
"hsa-miR-196b-5p"	-7.10890822374262	3.08957840786395	7.22608030157106	0.00718519197428802	0.254245254474807
"hsa-miR-197-3p"	0.913205353325081	8.86979444795029	0.579871499181911	0.446362693555501	0.987995876059832
"hsa-miR-199a-3p"	-0.100863726842695	13.3159599726258	0.00782327122806237	0.929519612506981	0.987995876059832
"hsa-miR-199a-5p"	0.17679617076821	11.3693438824287	0.0224683810081387	0.880847798743066	0.987995876059832
"hsa-miR-199b-3p"	-0.112623884166103	12.1908363187636	0.00935109034617199	0.922963817150327	0.987995876059832
"hsa-miR-199b-5p"	0.419588550199006	10.9046220764749	0.0425519295377939	0.836571270412522	0.987995876059832
"hsa-miR-19a-3p"	-1.70945510663624	7.42499118448809	1.44154989866138	0.229888697760205	0.987995876059832
"hsa-miR-19b-3p"	-1.94954366069437	9.03488239975485	2.01445351963726	0.155807359995943	0.987995876059832
"hsa-miR-200a-3p"	-8.21471525309331	3.99444688172543	9.27222736377469	0.00232654603793484	0.133776397181253
"hsa-miR-200b-3p"	-6.39797617912519	6.81021700856071	5.63609793810544	0.017594322987071	0.377914863156938
"hsa-miR-200b-5p"	-5.57822863869363	2.03182096279239	5.24972188931289	0.0219502790148791	0.377914863156938
"hsa-miR-204-5p"	-0.0717697226131508	10.0613087819293	0.00200730882815492	0.964264333671297	0.987995876059832
"hsa-miR-205-5p"	7.074312558224	3.49853043671617	7.84860492910728	0.0050859938896042	0.21604211958686
"hsa-miR-20a-3p"	-0.986665368574839	2.51618183867457	0.312156349621311	0.576359967757424	0.987995876059832
"hsa-miR-20a-5p"	-2.3441454696714	7.892118491224	3.06571058462785	0.0799601960499625	0.729402793215992
"hsa-miR-20b-5p"	-6.57515916771281	2.6644136369711	6.51343356657773	0.0107062586129435	0.307804935122125
"hsa-miR-21-3p"	-0.937409046562555	11.3488992536882	0.723516381802284	0.394992888907105	0.987995876059832
"hsa-miR-21-5p"	0.0738645443157214	15.6002619042211	0.00460862382510641	0.945875710170369	0.987995876059832
"hsa-miR-210-3p"	-0.726249420288091	8.82283620707933	0.339869050477205	0.559904818211256	0.987995876059832
"hsa-miR-210-5p"	-1.06601112271613	5.7490675566698	0.733306925457984	0.391813380872802	0.987995876059832
"hsa-miR-2110-3p"	0.0421496851153999	3.7929130639011	0.000775314912860647	0.977786191991783	0.987995876059832
"hsa-miR-2116-3p"	-0.261139491900402	2.92873184737613	0.0207688637431893	0.885410398364287	0.987995876059832
"hsa-miR-212-3p"	0.232746011405281	4.73585196141781	0.0271689119528045	0.86907783087743	0.987995876059832
"hsa-miR-212-5p"	0.415795619464335	4.94976306980994	0.0560060140744749	0.812923751350685	0.987995876059832
"hsa-miR-214-3p"	0.781262986578015	8.23268859948079	0.435620138155462	0.50924403919426	0.987995876059832
"hsa-miR-214-5p"	-0.130907833489189	6.70395343702802	0.0119784409516974	0.912848699274808	0.987995876059832
"hsa-miR-215-5p"	2.07272027243869	3.9303966759176	1.75015868695012	0.185856784450866	0.987995876059832
"hsa-miR-216a-5p"	5.77065486548765	2.5119231577162	4.41617469342139	0.0355997594069325	0.52825449442545
"hsa-miR-217"	5.18718316739644	2.14052357756964	4.25363153999248	0.0391664919266791	0.545957160190072
"hsa-miR-218-1-3p"	0.81628305868022	6.29606061964896	0.292182602836853	0.588825250088657	0.987995876059832
"hsa-miR-218-5p"	1.1737709519889	6.94239127698465	0.409515877565168	0.522215329086366	0.987995876059832
"hsa-miR-22-3p"	-0.0411655055180227	16.2358344385415	0.0014000096853124	0.970152754694279	0.987995876059832
"hsa-miR-22-5p"	-0.263645323168319	6.88408896525657	0.0476514899521252	0.827201441841651	0.987995876059832
"hsa-miR-221-3p"	1.07845123758879	14.0748190671769	0.775216046658215	0.378608247773694	0.987995876059832
"hsa-miR-221-5p"	0.716577530414167	10.5250242192548	0.337414551238567	0.56132540723098	0.987995876059832
"hsa-miR-222-3p"	0.374542011630307	13.9628321253483	0.0956783802856762	0.757078711422024	0.987995876059832
"hsa-miR-222-5p"	0.533250498897115	5.88957547534511	0.186212536114587	0.66608776494104	0.987995876059832
"hsa-miR-223-3p"	0.933313055505123	3.28928794293693	0.217831877728171	0.640696907655284	0.987995876059832
"hsa-miR-224-3p"	-0.216178204985222	3.81008563419189	0.0152078365867077	0.901853658456908	0.987995876059832
"hsa-miR-224-5p"	1.14897387606202	10.1669142873091	0.54192493574331	0.461636063760237	0.987995876059832
"hsa-miR-2277-5p"	-0.279254031105689	2.91834873459288	0.0182513541119	0.89253472939995	0.987995876059832
"hsa-miR-23a-3p"	0.91254601607233	11.2631189263224	0.584452577033822	0.444572326086476	0.987995876059832
"hsa-miR-23a-5p"	0.0793764246603884	4.06036351971991	0.00390965314019942	0.950142986561014	0.987995876059832
"hsa-miR-23b-3p"	1.955602633134	11.2954931346322	1.8678742800879	0.171718739528868	0.987995876059832
"hsa-miR-23b-5p"	2.41196201911294	3.11466112651652	1.58912957283258	0.207450537660641	0.987995876059832
"hsa-miR-24-1-5p"	2.11145072235437	3.29667533801672	1.058911436438	0.30346359239235	0.987995876059832
"hsa-miR-24-2-5p"	0.445890407160928	7.50746771557966	0.11886091412271	0.730273218611604	0.987995876059832
"hsa-miR-24-3p"	1.42564947740867	10.3777556770324	1.12130306143887	0.289638044059519	0.987995876059832
"hsa-miR-25-3p"	-1.17978067913574	11.3083106841984	1.02742520242128	0.31076418168351	0.987995876059832
"hsa-miR-25-5p"	-1.62335976083009	4.77634580442915	1.79018809768163	0.180903246782756	0.987995876059832
"hsa-miR-2682-3p"	-0.615342345121079	3.21148642182126	0.13468075695308	0.713627395070927	0.987995876059832
"hsa-miR-2682-5p"	-0.794514054451489	3.84294455370761	0.202523186716904	0.652691864689441	0.987995876059832
"hsa-miR-26a-2-3p"	-0.599272620760312	4.65991949511562	0.252551727493566	0.615284031310185	0.987995876059832
"hsa-miR-26a-5p"	0.210202559401179	14.2747437829697	0.0384664719260854	0.844509423226602	0.987995876059832
"hsa-miR-26b-3p"	-1.95071487071539	5.048677941413	1.89868277524509	0.168225832516977	0.987995876059832
"hsa-miR-26b-5p"	-0.194653373396801	10.5799073211105	0.0277821990326146	0.867621898221509	0.987995876059832
"hsa-miR-27a-3p"	0.226087715014585	12.0726102726404	0.0369982878151518	0.84746853303696	0.987995876059832
"hsa-miR-27a-5p"	0.847055507572581	6.1361627506868	0.404930657266081	0.524553783208918	0.987995876059832
"hsa-miR-27b-3p"	0.739338613236087	15.0877726659709	0.337799812301455	0.561101973416312	0.987995876059832
"hsa-miR-27b-5p"	1.16864030811852	6.82868637792634	0.807366207324242	0.368900079753638	0.987995876059832
"hsa-miR-28-3p"	0.952746321869533	11.9371305707781	0.604528643539993	0.436855341494902	0.987995876059832
"hsa-miR-28-5p"	1.37625563069626	8.7578050241636	1.12346412945804	0.289173758201891	0.987995876059832
"hsa-miR-296-3p"	0.0868237999080034	7.35143269260068	0.00187709253102675	0.965442123296128	0.987995876059832
"hsa-miR-296-5p"	-3.99093134767481	6.11208103159602	6.56383327252914	0.0104071945843003	0.307804935122125
"hsa-miR-299-3p"	-0.544653067419753	5.53287904596218	0.128936766404209	0.71953699289308	0.987995876059832
"hsa-miR-299-5p"	-0.556884328585419	5.18797504152481	0.147611690803656	0.700828240335107	0.987995876059832
"hsa-miR-29a-3p"	-0.0467400432754985	13.7215894517789	0.00182406109661315	0.965933482611454	0.987995876059832
"hsa-miR-29a-5p"	-0.114051830051146	5.52090709559914	0.00804384422369608	0.928535564669726	0.987995876059832
"hsa-miR-29b-1-5p"	2.60000748786984	3.24535317025482	2.06248432062489	0.1509638727843	0.987995876059832
"hsa-miR-29b-3p"	0.137045427009442	9.24468589941683	0.0100738733296453	0.920051628362358	0.987995876059832
"hsa-miR-29c-3p"	0.983278925236564	7.73028788298789	0.570012973689359	0.450253761029946	0.987995876059832
"hsa-miR-29c-5p"	1.39742427280025	3.21726882487541	0.426080045610643	0.513918705633552	0.987995876059832
"hsa-miR-301a-3p"	-2.70676953538275	9.17901003868989	3.04735853557086	0.0808685705522078	0.729402793215992
"hsa-miR-301a-5p"	-2.11083042102745	3.43124738770747	1.34003862756622	0.247027156280255	0.987995876059832
"hsa-miR-301b-3p"	0.961074773331246	5.57163471677909	0.519289118429026	0.471145081436598	0.987995876059832
"hsa-miR-3074-3p"	-5.98860172261418	2.2713123672255	5.77359998242024	0.0162686746462656	0.377914863156938
"hsa-miR-3074-5p"	-3.58456010186783	3.0837935550824	2.7544153662179	0.0969862634497183	0.826179281238341
"hsa-miR-30a-3p"	-0.834429781729766	7.25047571583694	0.432736020669683	0.510649469469173	0.987995876059832
"hsa-miR-30a-5p"	-1.26910385865088	12.5545481761413	1.1367501208984	0.286340092125711	0.987995876059832
"hsa-miR-30b-3p"	-5.86753831874746	2.20444956054781	7.6631885945496	0.00563588138052678	0.21604211958686
"hsa-miR-30b-5p"	-1.08159912586066	9.31406596980185	0.755817246398086	0.384640682841287	0.987995876059832
"hsa-miR-30c-1-3p"	-0.49035109337872	4.27212329681972	0.14539057709511	0.702979790591377	0.987995876059832
"hsa-miR-30c-2-3p"	-0.762350309307831	4.94816552145584	0.361643173671443	0.547595072183668	0.987995876059832
"hsa-miR-30c-5p"	-1.24561339149996	11.284916539663	1.14262147988885	0.285099076370798	0.987995876059832
"hsa-miR-30d-3p"	-2.34561280356256	5.50681791513752	2.82002995746345	0.093094665871791	0.80799143964196
"hsa-miR-30d-5p"	-0.496104966503951	12.1682673821801	0.184005182887176	0.667953605851176	0.987995876059832
"hsa-miR-30e-3p"	-1.60613088267812	6.86049433100773	1.61459899968333	0.203846527572425	0.987995876059832
"hsa-miR-30e-5p"	-1.61491270657919	11.8869769785187	1.60921216135961	0.20460258329309	0.987995876059832
"hsa-miR-31-3p"	-0.64726632114131	7.80887123936893	0.214146321148453	0.643536790190788	0.987995876059832
"hsa-miR-31-5p"	-0.334203298765308	13.8268212695295	0.0627366782750869	0.802221652396924	0.987995876059832
"hsa-miR-3117-3p"	-2.59376383207798	2.83794390955139	2.59851493565024	0.106963901474414	0.878632047825544
"hsa-miR-3129-3p"	0.593793225457957	3.05900135450154	0.0691975006033037	0.79250882101889	0.987995876059832
"hsa-miR-3152-5p"	0.964821868561672	4.36520202617177	0.300236754215766	0.583734035215502	0.987995876059832
"hsa-miR-3158-3p"	0.044894780973747	3.06735257541541	0.000666432996502486	0.979404607572355	0.987995876059832
"hsa-miR-3168"	-0.857706128378721	3.96320689928785	0.467377035649081	0.494196336049926	0.987995876059832
"hsa-miR-32-5p"	1.01185378289804	3.79469430442889	0.223614435017029	0.636299593700606	0.987995876059832
"hsa-miR-3200-3p"	0.868379993323289	4.56435906513816	0.335635848010921	0.562359191034226	0.987995876059832
"hsa-miR-320a"	0.685814837747988	10.7116481232335	0.342577003179713	0.558345490422696	0.987995876059832
"hsa-miR-320b"	-0.789060816868569	2.92292905149477	0.333786479428403	0.563437932465307	0.987995876059832
"hsa-miR-323a-3p"	-0.0645379900124414	6.32344488536274	0.00178497468008665	0.966300232385627	0.987995876059832
"hsa-miR-323b-3p"	-0.299516684659481	5.71864119223371	0.0305720738918502	0.861198507166423	0.987995876059832
"hsa-miR-324-3p"	0.13439244998098	5.46435182014462	0.0128897919531262	0.909607827900545	0.987995876059832
"hsa-miR-324-5p"	-0.926853694484535	4.15298564558198	0.445023048354586	0.504707954556224	0.987995876059832
"hsa-miR-326"	0.000173423104372834	3.98489207255117	7.32599048092197e-09	0.999931707464676	0.999931707464676
"hsa-miR-328-3p"	-0.764429589484129	6.60593944691142	0.424127413710379	0.514884697058081	0.987995876059832
"hsa-miR-329-3p"	0.163915924148165	5.96677590206353	0.0111163374891117	0.916031403939419	0.987995876059832
"hsa-miR-330-3p"	1.17355732992486	4.11722941895991	0.713764811977136	0.398196811615197	0.987995876059832
"hsa-miR-330-5p"	-0.76594448333723	5.66635953020667	0.262694741135313	0.608274846574835	0.987995876059832
"hsa-miR-331-3p"	0.684199419390409	8.7556627621257	0.257514204351281	0.611833095998975	0.987995876059832
"hsa-miR-331-5p"	1.04824169655108	4.12950426033435	0.536584934737355	0.46385149643853	0.987995876059832
"hsa-miR-335-3p"	-0.416714591157355	5.97673785214429	0.0789644768318487	0.778705654832826	0.987995876059832
"hsa-miR-335-5p"	-0.7254208231468	4.32151769259991	0.198731974970623	0.655746311894287	0.987995876059832
"hsa-miR-337-3p"	-0.905807090321721	6.39833133193232	0.401879956051372	0.526119962997099	0.987995876059832
"hsa-miR-337-5p"	-1.19467167824004	3.55863993730091	0.509893555081931	0.475184938902093	0.987995876059832
"hsa-miR-338-3p"	6.67921767996851	3.18868442470288	5.13127512205639	0.0234984584807287	0.386046103611972
"hsa-miR-339-3p"	-0.291378471996884	6.74602839508264	0.0419843484428153	0.837649609956986	0.987995876059832
"hsa-miR-339-5p"	1.47048090366628	7.80715870320006	1.12976861495077	0.287824699108711	0.987995876059832
"hsa-miR-33a-3p"	-1.29431236971596	3.23497422180559	0.641951757550713	0.423004919983497	0.987995876059832
"hsa-miR-33a-5p"	-0.647543236723133	5.14770227989769	0.139489135672568	0.708789409582295	0.987995876059832
"hsa-miR-33b-3p"	0.192783580637042	2.89599956464115	0.0121081158430791	0.912380123300022	0.987995876059832
"hsa-miR-33b-5p"	2.16648917083651	5.35880638718961	1.60888819698516	0.204648157772975	0.987995876059832
"hsa-miR-340-3p"	-1.59652164012837	4.73777686800264	1.53449054902966	0.215439742528132	0.987995876059832
"hsa-miR-340-5p"	-0.126496909017151	8.14258639726307	0.0093226072243886	0.923080866807516	0.987995876059832
"hsa-miR-342-3p"	0.901670222764647	7.92986319582622	0.488863900645867	0.484434530467732	0.987995876059832
"hsa-miR-342-5p"	-1.06896497822269	3.19294504727846	0.591642996063448	0.441784484704647	0.987995876059832
"hsa-miR-345-3p"	0.953191798421611	5.30992827474201	0.126166853095247	0.722439961813498	0.987995876059832
"hsa-miR-345-5p"	-0.461356574612043	8.50730374619529	0.155777338805106	0.69307435539351	0.987995876059832
"hsa-miR-34a-3p"	0.874973817031045	3.26304884969282	0.148778300145811	0.699705602841151	0.987995876059832
"hsa-miR-34a-5p"	1.29230927608505	8.510462197173	0.963176192133261	0.326387933717726	0.987995876059832
"hsa-miR-34b-5p"	-1.17227375099658	3.65442160309052	0.508775531287987	0.47566940015622	0.987995876059832
"hsa-miR-34c-5p"	0.054925241035488	7.5332952960592	0.00173206430564932	0.966803162627977	0.987995876059832
"hsa-miR-3605-3p"	0.00704424623423619	4.14808814217005	2.20619021344959e-05	0.99625234208757	0.998422826492989
"hsa-miR-3605-5p"	-1.38936394193813	3.50953251363939	0.957193497810774	0.327894988336183	0.987995876059832
"hsa-miR-3607-3p"	-0.743059800919612	5.49374188228972	0.26806446510468	0.604633110412444	0.987995876059832
"hsa-miR-361-3p"	0.0319098165818782	8.48660729794828	0.000735090811218697	0.978369958461954	0.987995876059832
"hsa-miR-361-5p"	0.242725476336076	7.81440237993667	0.0383665881843598	0.84470885936292	0.987995876059832
"hsa-miR-3613-5p"	1.03050417970634	3.18440084892151	0.493815048549368	0.482230416400044	0.987995876059832
"hsa-miR-3615"	0.046756021141661	3.13877870897598	0.000891001236046129	0.976186966345262	0.987995876059832
"hsa-miR-362-3p"	-2.60697006485856	3.10290384045335	2.6103896034732	0.106165676853113	0.878632047825544
"hsa-miR-362-5p"	1.89888698247725	3.60982176106177	1.21917985302158	0.269521666249339	0.987995876059832
"hsa-miR-363-3p"	-8.83420452714458	4.54736060559577	10.603852606405	0.00112852267155847	0.0865200714861494
"hsa-miR-3651"	2.63757791586007	3.28204562873266	1.76880743988336	0.183529736623574	0.987995876059832
"hsa-miR-365a-3p"	1.29754943205742	7.3880093764403	1.04135587717264	0.307506340315623	0.987995876059832
"hsa-miR-365b-3p"	1.31710388189781	7.40325088978455	1.06719773656471	0.301579269642626	0.987995876059832
"hsa-miR-365b-5p"	1.36187926564677	3.92137512540973	0.87482046640737	0.349624247402313	0.987995876059832
"hsa-miR-3661"	-0.117142805903205	3.35978267787457	0.00710882448218086	0.932806904769541	0.987995876059832
"hsa-miR-3677-3p"	1.13339489631875	2.67302531376955	0.196083957048038	0.657900506078829	0.987995876059832
"hsa-miR-369-3p"	0.54912865980183	6.42740663485542	0.101845378022587	0.74962624706904	0.987995876059832
"hsa-miR-369-5p"	-0.563507665934522	6.20510721381608	0.109268486260567	0.740978495504741	0.987995876059832
"hsa-miR-370-3p"	-0.271198719931018	7.00930032426402	0.0254269472172499	0.873307815159943	0.987995876059832
"hsa-miR-370-5p"	-0.143940652918798	3.16274484322216	0.00730979464913428	0.931866012417506	0.987995876059832
"hsa-miR-374a-3p"	0.503074944196897	6.18968633545658	0.134018274469025	0.714301601901464	0.987995876059832
"hsa-miR-374a-5p"	0.820577640697916	5.27025933393673	0.386861948982298	0.533953523918717	0.987995876059832
"hsa-miR-374b-3p"	-3.25316083000917	3.78271578213648	2.310402362039	0.128510780358581	0.987995876059832
"hsa-miR-374b-5p"	-1.09820842274252	6.2336224863972	0.675244635051772	0.411229042388114	0.987995876059832
"hsa-miR-375"	-14.5937272991697	10.1931682141039	18.2449748741856	1.94237706518472e-05	0.0029783114999499
"hsa-miR-376a-2-5p"	-1.60867208322872	2.58423136553139	0.925872022305223	0.335937879773001	0.987995876059832
"hsa-miR-376a-3p"	-1.02318014664839	5.08005297208922	0.401650252937699	0.526238225934927	0.987995876059832
"hsa-miR-376a-5p"	-1.09047493992854	6.61277505534189	0.436267471183106	0.508929511694522	0.987995876059832
"hsa-miR-376b-3p"	-0.533795580612897	4.43661866073858	0.133474667344343	0.714856242439677	0.987995876059832
"hsa-miR-376c-3p"	-0.782146938393415	6.41047152170947	0.270518999209466	0.602983835597064	0.987995876059832
"hsa-miR-377-3p"	-0.442885708347562	4.25415693964501	0.0629438779160205	0.801902105520961	0.987995876059832
"hsa-miR-377-5p"	-0.395375013562774	5.53512938050774	0.0733795283882337	0.786478282261235	0.987995876059832
"hsa-miR-378a-3p"	-0.091754721328546	11.675030917887	0.00231087109466444	0.961659243209598	0.987995876059832
"hsa-miR-378a-5p"	0.337120243030386	4.41015905896641	0.0166508823625806	0.897327344682531	0.987995876059832
"hsa-miR-379-3p"	-1.13813563350468	4.42250053761131	0.490025803898421	0.483915794145108	0.987995876059832
"hsa-miR-379-5p"	-0.436235489087476	4.49560951774166	0.0674821081740387	0.795038735515196	0.987995876059832
"hsa-miR-380-3p"	-0.0861734386022663	3.97174644281036	0.0032498567099708	0.954539209169117	0.987995876059832
"hsa-miR-381-3p"	-0.346675436399185	9.67030881636873	0.0472007138434662	0.828007868840907	0.987995876059832
"hsa-miR-382-3p"	0.431012580815096	4.52993991664234	0.0602599983128149	0.806085473554332	0.987995876059832
"hsa-miR-382-5p"	-0.680584189487673	6.34301113299562	0.16845023818002	0.681492818618873	0.987995876059832
"hsa-miR-3909"	-1.05934709771081	4.35838785817876	0.566835856625655	0.451519009316912	0.987995876059832
"hsa-miR-3928-3p"	0.400171330889797	2.99783247360148	0.0501472495540249	0.822807246437936	0.987995876059832
"hsa-miR-409-3p"	-0.640907655573693	11.0224432578174	0.221321132037993	0.638035120609067	0.987995876059832
"hsa-miR-409-5p"	0.1763260068835	9.55367376445374	0.0133820447238122	0.907905532930923	0.987995876059832
"hsa-miR-410-3p"	0.80804930603106	9.0110482590903	0.263943345725195	0.60742387467274	0.987995876059832
"hsa-miR-411-3p"	-0.751339345625584	4.62214952672449	0.201049786141176	0.653874819933514	0.987995876059832
"hsa-miR-411-5p"	-0.771939595986807	10.3150387044933	0.266333897282891	0.605801695252102	0.987995876059832
"hsa-miR-412-5p"	-0.958728383836595	3.96391351379906	0.34454655633021	0.557216546364223	0.987995876059832
"hsa-miR-421"	-1.4757076182778	8.12988271260853	1.28503205808393	0.256965501603062	0.987995876059832
"hsa-miR-423-3p"	-1.13930940461718	12.5237105152374	1.04939534306752	0.305646385874973	0.987995876059832
"hsa-miR-423-5p"	-0.940255383675378	11.8429357784792	0.730656669355138	0.392670419186063	0.987995876059832
"hsa-miR-424-3p"	0.485710283599026	5.01408833424183	0.077897546712399	0.780167070310834	0.987995876059832
"hsa-miR-424-5p"	-0.708388485247717	6.02498951468347	0.338565329381904	0.560658513862085	0.987995876059832
"hsa-miR-425-3p"	0.25418263619699	4.21997013001254	0.0399962774516768	0.841487859674538	0.987995876059832
"hsa-miR-425-5p"	-0.809481607688591	7.72251444930979	0.470093498000491	0.492944158241701	0.987995876059832
"hsa-miR-429"	-6.94933480412022	5.12252984595984	7.81014331293094	0.00519537839636234	0.21604211958686
"hsa-miR-431-3p"	0.0730447008916494	5.70314383646406	0.00181728522372016	0.965996776846492	0.987995876059832
"hsa-miR-431-5p"	-0.569201797551539	7.16783823911785	0.140039230784696	0.708242014702434	0.987995876059832
"hsa-miR-432-5p"	-0.559573643370154	6.8411675271841	0.158862147803582	0.690206277177376	0.987995876059832
"hsa-miR-4326"	-0.433088841850514	4.39009321885686	0.0997819748185051	0.752091429792476	0.987995876059832
"hsa-miR-433-3p"	0.678542848496146	4.09949685232307	0.15037382218388	0.698178376143103	0.987995876059832
"hsa-miR-433-5p"	-0.421390863288484	2.63266845840006	0.0405486901617715	0.84041157517609	0.987995876059832
"hsa-miR-4421"	-1.61915543810403	2.84018248425693	0.627295669750083	0.428349018557813	0.987995876059832
"hsa-miR-449a"	2.38989222063158	4.14817217843564	1.31071031961304	0.252266088403401	0.987995876059832
"hsa-miR-449b-5p"	4.89217076496736	2.03514443858364	3.70454360171572	0.0542645100677727	0.594325586456558
"hsa-miR-450a-5p"	0.728712464012582	6.12047320286857	0.306850840076617	0.579619095655472	0.987995876059832
"hsa-miR-450b-5p"	1.17109173086165	6.76058436073573	0.873925020137244	0.349870984066868	0.987995876059832
"hsa-miR-451a"	-5.57822863869363	2.03182096279239	5.24972188931289	0.0219502790148791	0.377914863156938
"hsa-miR-452-3p"	0.954778893302526	4.50149294861043	0.268674583529812	0.60422226164274	0.987995876059832
"hsa-miR-452-5p"	0.351471494376767	6.90129856263851	0.0616457683472404	0.80391339432179	0.987995876059832
"hsa-miR-4521"	-0.770201844470878	4.57199899042278	0.175399071700902	0.675357390650029	0.987995876059832
"hsa-miR-4524a-5p"	-1.72428767541162	2.4763835686579	0.524158758258099	0.469073045364196	0.987995876059832
"hsa-miR-454-3p"	0.725549771275064	5.48347951770915	0.3301985987301	0.565542169344985	0.987995876059832
"hsa-miR-454-5p"	0.487623346730849	4.13197886039588	0.142481614202677	0.705826310173662	0.987995876059832
"hsa-miR-455-3p"	1.01854431231505	6.52877644214471	0.603964958906468	0.437069201008074	0.987995876059832
"hsa-miR-455-5p"	0.421741547156524	6.16035609643143	0.105770690980535	0.745011498305624	0.987995876059832
"hsa-miR-4662a-5p"	-0.157236145160076	3.35123462864688	0.00569516625363775	0.939843689629308	0.987995876059832
"hsa-miR-4677-3p"	-0.778384573301018	5.06736871770307	0.331619063951924	0.564707276254983	0.987995876059832
"hsa-miR-4775"	-0.49070182432678	4.42171226369156	0.123768804891312	0.72498232670639	0.987995876059832
"hsa-miR-484"	-1.06642223192987	10.4521333482767	0.85832589597549	0.354207602088799	0.987995876059832
"hsa-miR-485-3p"	-0.567263139458024	5.95779991413208	0.171727855883094	0.67858075082601	0.987995876059832
"hsa-miR-485-5p"	-0.989390857708502	6.61247452849621	0.347964738852348	0.555267509271263	0.987995876059832
"hsa-miR-486-3p"	1.03037616345095	3.02915825100359	0.235629705357015	0.627380545488775	0.987995876059832
"hsa-miR-486-5p"	-0.100739784882738	9.01023344968081	0.00421672457946443	0.948224709023262	0.987995876059832
"hsa-miR-487a-3p"	-0.398375783603867	4.62619894515777	0.0662390363595158	0.796893580239529	0.987995876059832
"hsa-miR-487b-3p"	-0.138135551233079	8.41717950553923	0.00797909587396362	0.9288230024733	0.987995876059832
"hsa-miR-490-3p"	-2.9778715488125	2.09645366693781	1.8332228989948	0.175747346586146	0.987995876059832
"hsa-miR-493-3p"	-0.529625276883371	7.06520485082122	0.126483260524537	0.722106550031924	0.987995876059832
"hsa-miR-493-5p"	-0.515008223894896	6.65213236669166	0.118629928494012	0.730525219112847	0.987995876059832
"hsa-miR-494-3p"	-0.997148898102718	6.42449918268862	0.464603713971329	0.495480244270819	0.987995876059832
"hsa-miR-495-3p"	-0.281041130425733	5.98594406129204	0.0463006563683228	0.829630200815786	0.987995876059832
"hsa-miR-496"	-0.721873127716744	4.18983537139553	0.233030017124596	0.62928616151068	0.987995876059832
"hsa-miR-497-5p"	3.15188014770137	5.62983960123475	4.05303727781434	0.0440919468945368	0.570770086012782
"hsa-miR-500a-3p"	1.47092678721758	9.62084061767714	1.41984711251326	0.233428569239584	0.987995876059832
"hsa-miR-500a-5p"	2.25163717872428	2.33648834144864	1.38897504141832	0.23857826685232	0.987995876059832
"hsa-miR-500b-5p"	1.63900692146127	2.56788113871007	0.745590084058041	0.387876038063428	0.987995876059832
"hsa-miR-501-3p"	-0.0827037837783194	8.14395313130241	0.00356475400498368	0.9523901426637	0.987995876059832
"hsa-miR-501-5p"	1.41038293512943	3.03415135729902	0.585530242610832	0.4441527698985	0.987995876059832
"hsa-miR-502-3p"	1.32531582035282	5.28765574281387	0.679146467467096	0.409880789971755	0.987995876059832
"hsa-miR-503-5p"	0.316830943831113	2.95092972687107	0.022890470067833	0.879742249390032	0.987995876059832
"hsa-miR-504-5p"	-1.32513357212774	3.4804964013613	0.597585229163058	0.439500856584838	0.987995876059832
"hsa-miR-505-3p"	0.491094191798936	5.98133802135087	0.130064609906502	0.718365058562999	0.987995876059832
"hsa-miR-532-3p"	1.04039542149818	6.25309838468391	0.674186193455377	0.411595905555943	0.987995876059832
"hsa-miR-532-5p"	0.61829697192279	9.50435547706942	0.280453511296429	0.596404123364879	0.987995876059832
"hsa-miR-539-3p"	0.685115115149542	6.23613637954979	0.154531160100928	0.694242289146767	0.987995876059832
"hsa-miR-539-5p"	0.664316548691416	4.10309025602603	0.144303557749638	0.70403963030245	0.987995876059832
"hsa-miR-541-5p"	-0.597632530183261	3.14748897300315	0.0851750278599726	0.770403141001247	0.987995876059832
"hsa-miR-542-3p"	1.40873652551337	4.38426402346188	0.94437970467447	0.331154033140804	0.987995876059832
"hsa-miR-542-5p"	0.546999835061015	3.19450572638384	0.0993921600790078	0.752560288532191	0.987995876059832
"hsa-miR-543"	0.403705696206881	5.81516211779446	0.082447267609163	0.774007941407957	0.987995876059832
"hsa-miR-545-5p"	6.53822263603182	3.07772315029286	5.36411734310476	0.0205551883249337	0.377914863156938
"hsa-miR-548e-3p"	-0.355706197158451	4.27881205144206	0.0730600604477556	0.78693235339138	0.987995876059832
"hsa-miR-548k"	-0.0163390192987153	4.85101443377415	0.000136461253952724	0.990679593307571	0.995005705068739
"hsa-miR-548o-3p"	-1.85576878778354	3.16973409323991	1.72830130498672	0.188627982050709	0.987995876059832
"hsa-miR-549a"	-0.554707946734201	2.58366007710429	0.0757071503643454	0.783201518530421	0.987995876059832
"hsa-miR-549a-5p"	-1.2130344234472	4.5179791133463	0.552381307597563	0.457346322350902	0.987995876059832
"hsa-miR-550a-3p"	-0.0749809132523278	3.39401160068356	0.00198599367980856	0.964454448196473	0.987995876059832
"hsa-miR-561-5p"	0.79755639428171	3.47617289572559	0.199824760339883	0.654862331609568	0.987995876059832
"hsa-miR-574-3p"	0.524860524076377	9.73081790004565	0.198008724708359	0.656332969787781	0.987995876059832
"hsa-miR-574-5p"	0.537150564133075	3.5383854788128	0.0955075656420421	0.757288830011495	0.987995876059832
"hsa-miR-576-5p"	0.239208227396847	4.04233925314332	0.0313051637379329	0.85956128975989	0.987995876059832
"hsa-miR-582-3p"	1.48037977292134	3.6125657271687	1.05517409301621	0.304318448907685	0.987995876059832
"hsa-miR-582-5p"	-2.15820043727304	2.89794120088192	1.56885905972323	0.210372783274146	0.987995876059832
"hsa-miR-584-5p"	0.636171764468274	6.74085042660524	0.192539906115549	0.660811029796864	0.987995876059832
"hsa-miR-589-3p"	-0.232361603325884	3.60596314378504	0.0190119852649442	0.890332130706612	0.987995876059832
"hsa-miR-589-5p"	0.194189305443937	7.3786698886036	0.0194876054701325	0.888977609975827	0.987995876059832
"hsa-miR-590-3p"	1.75088336867166	4.23537838997959	1.11777339421865	0.290398405383705	0.987995876059832
"hsa-miR-598-3p"	5.66185607840111	2.43425134030451	5.7823074310135	0.0161882761839112	0.377914863156938
"hsa-miR-615-3p"	1.69759096703619	5.30988508796077	1.21105906489684	0.271122478190593	0.987995876059832
"hsa-miR-616-5p"	-0.568832813208988	3.17473408232268	0.105360109905736	0.745489715490337	0.987995876059832
"hsa-miR-625-3p"	-0.6862127121594	6.25507118433578	0.20439285503522	0.651198182520987	0.987995876059832
"hsa-miR-625-5p"	-0.982150199738326	5.16838143915995	0.523311169230548	0.469432639049577	0.987995876059832
"hsa-miR-628-5p"	0.778634927268013	3.66101831734451	0.27603839962622	0.599309625012045	0.987995876059832
"hsa-miR-629-5p"	-0.335643779190282	4.48178458258379	0.053758866927911	0.81664707604587	0.987995876059832
"hsa-miR-641"	-0.135460186322154	3.59243003959107	0.00915286056093123	0.923782204614764	0.987995876059832
"hsa-miR-652-3p"	-1.33856770782113	6.08974434478092	0.90828500735725	0.340569866562069	0.987995876059832
"hsa-miR-654-3p"	-0.758673061839434	10.5222328862545	0.29921246897436	0.58437655366165	0.987995876059832
"hsa-miR-654-5p"	-0.606407012668173	5.23706297368787	0.133784771165432	0.714539687998713	0.987995876059832
"hsa-miR-655-3p"	0.890627981965635	3.53205602004512	0.225870746968276	0.634602656071006	0.987995876059832
"hsa-miR-656-3p"	-0.723856481896513	5.11512604080436	0.188450713844813	0.664209215012621	0.987995876059832
"hsa-miR-660-5p"	2.22164631877925	9.2958150728454	2.24416106852811	0.134119630257119	0.987995876059832
"hsa-miR-664a-3p"	-1.22572875308171	4.417605183183	0.522906429048007	0.469604508526668	0.987995876059832
"hsa-miR-664b-3p"	2.011062284208	2.86204449703899	0.690715347117761	0.405921171188787	0.987995876059832
"hsa-miR-665"	-0.509297843333755	6.21716744298804	0.11719261015155	0.73209950446338	0.987995876059832
"hsa-miR-668-3p"	-0.940567734070535	3.59237283036874	0.328959988307628	0.566272127295566	0.987995876059832
"hsa-miR-671-3p"	-0.982867040175402	7.7314752181338	0.722354690933997	0.395372612389965	0.987995876059832
"hsa-miR-671-5p"	-0.390383741413532	4.2460997582222	0.0785451575663876	0.779278734939101	0.987995876059832
"hsa-miR-7-1-3p"	-0.533528796609585	3.81498384402728	0.179226262736729	0.672039022963993	0.987995876059832
"hsa-miR-7-5p"	0.211300294630299	4.68145377668337	0.0224971300974746	0.880772162953804	0.987995876059832
"hsa-miR-708-3p"	0.601524448810912	5.50495312325583	0.157878703612612	0.691117099414557	0.987995876059832
"hsa-miR-708-5p"	1.67307494784053	6.13365041308712	0.811540828747843	0.367665096005853	0.987995876059832
"hsa-miR-744-3p"	-1.61189531647296	3.367067421961	0.847309921274739	0.357314463528139	0.987995876059832
"hsa-miR-744-5p"	-0.633682295089634	7.75783975359892	0.288503491958156	0.591181127551337	0.987995876059832
"hsa-miR-758-3p"	-1.03259374598114	6.40602730534527	0.530261886271045	0.466496777878437	0.987995876059832
"hsa-miR-760"	6.39648834402012	2.9678605607126	5.23145576864199	0.0221819593592116	0.377914863156938
"hsa-miR-766-3p"	-1.18697431851196	2.93817915724038	0.730319611113219	0.392779609710762	0.987995876059832
"hsa-miR-769-5p"	-0.250273830758542	9.31088299523509	0.0494052783971828	0.824101383515481	0.987995876059832
"hsa-miR-7706"	0.830441277848958	4.74463446698302	0.367346227662996	0.544454366805759	0.987995876059832
"hsa-miR-7974"	-1.3573981939365	4.55513783180476	0.645967002586176	0.421558282521871	0.987995876059832
"hsa-miR-7976"	1.46084155626248	2.85633889345959	0.550347258327714	0.458175839288384	0.987995876059832
"hsa-miR-7977"	0.331802946667876	2.96430149457805	0.0356529328822641	0.850234019598518	0.987995876059832
"hsa-miR-873-3p"	-5.46050461646002	1.98701453320783	5.24430283185976	0.0220187495494026	0.377914863156938
"hsa-miR-874-3p"	0.73618354151589	4.91876027410606	0.14769814577102	0.7007448696817	0.987995876059832
"hsa-miR-877-3p"	-0.0322992273475664	2.87584100011483	0.00022361995245479	0.988068936669169	0.99455516601273
"hsa-miR-877-5p"	0.48480188825245	6.11367650089195	0.163904479462344	0.685586904418647	0.987995876059832
"hsa-miR-887-3p"	0.147417983325833	5.592271893143	0.0134704858775905	0.907603070129065	0.987995876059832
"hsa-miR-887-5p"	1.2834085906922	2.9554656904002	0.779225992015137	0.377377963498844	0.987995876059832
"hsa-miR-889-3p"	0.491612635746035	7.19835752657489	0.06915707039769	0.79256806068551	0.987995876059832
"hsa-miR-9-3p"	6.14867004419039	2.78469385885712	3.72110556057216	0.0537287848163362	0.594325586456558
"hsa-miR-9-5p"	-1.87504037340277	6.0647900394968	0.814975361936085	0.366653359872538	0.987995876059832
"hsa-miR-92a-3p"	-1.50101179996558	15.0263346901802	1.8291866179527	0.176223648327212	0.987995876059832
"hsa-miR-92b-3p"	-0.0773994968502606	12.2898189888297	0.00345038866453251	0.953159191715108	0.987995876059832
"hsa-miR-92b-5p"	5.25240691461626	2.17414159455424	4.18675394428665	0.0407410351777324	0.55120224063991
"hsa-miR-93-3p"	-1.01293870575803	4.97367674409072	0.642816673791521	0.422692675506143	0.987995876059832
"hsa-miR-93-5p"	-1.27531573886964	9.4213703247789	1.03510148211081	0.308963480658482	0.987995876059832
"hsa-miR-935"	-0.10470293289067	6.70430198263889	0.00584953368090746	0.939035439655237	0.987995876059832
"hsa-miR-940"	-1.38216475971509	4.04745816553077	1.10392883735334	0.293405502671527	0.987995876059832
"hsa-miR-941"	-0.110079838685716	7.77136781480293	0.00650193225263251	0.935732580845315	0.987995876059832
"hsa-miR-941-3-5p"	-0.131780127586156	5.48865178555966	0.00855031163732534	0.926326297853347	0.987995876059832
"hsa-miR-942-5p"	-0.213881416343447	2.71513162111559	0.0148165861567304	0.903118080358924	0.987995876059832
"hsa-miR-96-5p"	-9.33320574479897	5.01336820214402	11.7093720450102	0.000621861013940473	0.0572112132825235
"hsa-miR-98-3p"	-1.9465629222224	4.19661606988153	2.03634230091431	0.153578551300045	0.987995876059832
"hsa-miR-98-5p"	0.192897178352063	10.7948970054847	0.028828087584543	0.865176580477097	0.987995876059832
"hsa-miR-99a-3p"	0.412128184478374	3.61652682146662	0.0646863612060056	0.799236657727367	0.987995876059832
"hsa-miR-99a-5p"	3.18872366093713	8.73555083074959	4.87975587281145	0.0271734621609388	0.431027330828685
"hsa-miR-99b-3p"	0.65419510420005	5.94184278193564	0.293443989119286	0.58802194691666	0.987995876059832
"hsa-miR-99b-5p"	1.09171874370833	14.607199890988	0.864469831594761	0.352490856599321	0.987995876059832
