"logFC"	"logCPM"	"LR"	"PValue"	"FDR2"
"hsa-let-7a-2-3p"	-6.3216469599951	2.53140747477399	6.1954748049569	0.0128077359202737	0.0262639647985359
"hsa-let-7a-3p"	-1.03210241558682	5.35034024326009	1.53365071124652	0.215565363920811	0.293458730715726
"hsa-let-7a-5p"	-0.0474757980103984	15.2749167958	0.00335563569024089	0.95380610006594	0.957747447586874
"hsa-let-7b-3p"	-2.07599722242425	6.06113556192	11.4207508328482	0.000726283384289126	0.00181945218950781
"hsa-let-7b-5p"	-0.868924231771747	11.6764999802174	1.22757542766118	0.267879078333078	0.34997105395128
"hsa-let-7c-5p"	-6.16976867463393	9.47862579849227	25.3479834589356	4.78652506427666e-07	2.52853389265049e-06
"hsa-let-7d-3p"	-0.577990311424822	6.99803322098951	0.670243558612363	0.412966704315233	0.490713492169201
"hsa-let-7d-5p"	0.130986316281379	10.1679752306389	0.0408002281985134	0.839924023082156	0.870369030315411
"hsa-let-7e-3p"	-3.09269419612851	2.57343802480614	2.4000597334952	0.121330617385084	0.179230030544532
"hsa-let-7e-5p"	-5.32546399754822	10.1998437240234	30.3759922381536	3.55905837419306e-08	2.08397875886485e-07
"hsa-let-7f-1-3p"	-1.01899845135014	3.8817192977673	1.80413543219735	0.179213344253703	0.249563568215758
"hsa-let-7f-2-3p"	-1.09594201174598	4.61399517787387	0.426102702607968	0.513907515468771	0.582188933607978
"hsa-let-7f-5p"	0.551698315231859	15.6690366295921	0.653442377962165	0.418884621669086	0.492924760608174
"hsa-let-7g-3p"	1.6914611540714	4.9387439233727	4.89580653847281	0.0269219952648779	0.0482807737960541
"hsa-let-7g-5p"	3.55917950463157	14.9619531144521	18.4881642425663	1.70962703621692e-05	6.75511170407661e-05
"hsa-let-7i-3p"	0.738273734317311	6.4700058643773	1.41444272420287	0.23432027359271	0.31285618946719
"hsa-let-7i-5p"	-1.51445352330553	13.9868249999833	5.20294926372344	0.0225485991110967	0.0412542738060494
"hsa-miR-1-3p"	5.89006647577877	2.6084839290892	8.96601603056751	0.00275047697893266	0.00648898937748191
"hsa-miR-100-3p"	-10.5160642196995	6.17821405502636	53.0791917469206	3.20368304460788e-13	5.86141797846843e-12
"hsa-miR-100-5p"	-10.7008624215691	16.1235980669875	46.9885103065403	7.14040770175699e-12	9.91496612301113e-11
"hsa-miR-101-3p"	4.30311275134211	14.2232315720601	22.1101639496195	2.57443055999235e-06	1.16932079640774e-05
"hsa-miR-101-5p"	4.15277431044713	5.25874980071346	13.3420086248051	0.000259526216015395	0.000733312447578384
"hsa-miR-103a-3p"	1.25708447140133	12.5775305652126	2.97310499442983	0.0846592190930537	0.133585650906572
"hsa-miR-106a-5p"	7.65347336554974	5.02827607826647	33.0293525398703	9.07779774723998e-09	6.12751347938698e-08
"hsa-miR-106b-3p"	0.860605634896942	8.77812195403829	1.5116729941074	0.218883979703243	0.29714417356362
"hsa-miR-106b-5p"	0.948051321398651	8.43379368222504	1.44414103097076	0.229470405382686	0.308502601740443
"hsa-miR-107"	-2.11960653407923	5.93711914308625	4.65227126039279	0.0310124877111389	0.0545277234815855
"hsa-miR-10a-5p"	2.00219117576494	12.6674284771483	3.43462113810023	0.0638432264951644	0.104470734264814
"hsa-miR-10b-5p"	-7.62975105596153	12.5337448580935	17.7502893933465	2.51879175547578e-05	9.00097642030316e-05
"hsa-miR-1180-3p"	-5.05150257209279	3.55866061195254	17.9356645955187	2.28498925211031e-05	8.28734907854935e-05
"hsa-miR-1185-1-3p"	-8.64651129956011	4.40858191805972	36.3667389823877	1.63469212374755e-09	1.25488238758832e-08
"hsa-miR-1185-5p"	-8.04565451087337	3.87403914001471	36.3455983205123	1.65252001657721e-09	1.25488238758832e-08
"hsa-miR-1197"	-7.12740856949712	3.11517490491279	24.3842323213575	7.8911934520637e-07	3.99491668510725e-06
"hsa-miR-1248"	6.75904907409281	3.26681267736371	17.9632011854771	2.2521699853997e-05	8.26983212350333e-05
"hsa-miR-1249-3p"	-2.58926976759708	5.22428317749718	4.23909616177204	0.0395031919693065	0.0680799691385921
"hsa-miR-1255a"	1.5409274585181	2.35623157314042	0.506010769297642	0.476870881598447	0.549192531888259
"hsa-miR-125a-3p"	-2.46753119494825	3.70326293012433	5.61842431133089	0.017772620396405	0.0344123247516049
"hsa-miR-125a-5p"	-0.558399153263185	12.5543537322793	0.476534856790636	0.489996090719172	0.560324941387101
"hsa-miR-125b-1-3p"	-14.3774251605742	10.0026888334154	77.6939028088603	1.20312162345834e-18	1.05773524780409e-16
"hsa-miR-125b-2-3p"	-4.08289874590514	5.13495812498656	18.6062027086299	1.60696844598385e-05	6.40153003891927e-05
"hsa-miR-125b-5p"	-7.46379540160809	13.4025789628197	69.7934081734518	6.58525858118834e-17	2.90948697314321e-15
"hsa-miR-126-3p"	-1.07206278219061	4.42267871744683	0.427163310449965	0.513384161398134	0.582188933607978
"hsa-miR-126-5p"	-2.05827521091848	5.92051620776469	4.35999049638452	0.0367925105268432	0.063861286128735
"hsa-miR-1260a"	0.209733904945677	5.42738570182632	0.083497652861146	0.77261229064632	0.819846229812471
"hsa-miR-1260b"	0.160267466701589	4.21193642049355	0.0332248674673039	0.855365427858308	0.878874414247649
"hsa-miR-1262"	-4.37280522645414	2.5006780399437	8.31979606606137	0.00392153224728767	0.00898992769897079
"hsa-miR-127-3p"	-12.2609835603887	13.4802655091351	128.760292143188	7.65239041902212e-30	3.71906174364475e-27
"hsa-miR-127-5p"	-10.14733200141	5.8208074700889	51.0391226334278	9.05432459353886e-13	1.43754245071038e-11
"hsa-miR-1271-5p"	0.338636357540883	7.27937955494896	0.189567280708037	0.663277010247809	0.722763737624295
"hsa-miR-1273h-3p"	7.644455630742	4.02157854454126	30.5980501615359	3.17412576315557e-08	1.88125014743123e-07
"hsa-miR-128-1-5p"	-1.54617258997564	3.60811207643406	3.07902429922849	0.0793080900483796	0.126693555021421
"hsa-miR-128-3p"	0.31115324532187	9.82355458546681	0.230626517027076	0.631059664224201	0.697034083665822
"hsa-miR-1285-3p"	2.82114240479372	3.96806035177473	1.20626421918515	0.272073247779261	0.353549728397649
"hsa-miR-1291"	2.3729978126194	2.85158824509328	3.75554183682749	0.0526327344627302	0.0880530096697696
"hsa-miR-1294"	2.25727029342357	2.77696487871747	2.48611054537084	0.114855251679925	0.171752776358288
"hsa-miR-1296-5p"	-2.80092858213857	3.94613265186788	5.92781945873768	0.0149036724852965	0.029807344970593
"hsa-miR-1301-3p"	0.145242891952829	5.05052656653507	0.0338352102149382	0.854057781014674	0.878874414247649
"hsa-miR-1304-3p"	-1.50246597349966	4.9316102648887	2.5938423788102	0.107279797787865	0.161919197903424
"hsa-miR-1306-5p"	-0.323912642470638	2.90520288288767	0.048442713715672	0.825795568177188	0.859968592832907
"hsa-miR-1307-3p"	0.189366207820241	7.32876685888534	0.0729234985422371	0.787126778676482	0.828016481464871
"hsa-miR-1307-5p"	-0.244434310908388	9.10525013838123	0.137853370880414	0.710424447003787	0.765557164620489
"hsa-miR-130a-3p"	-5.0213922685594	9.30441660231809	31.3350255579664	2.17126922918746e-08	1.35286775049372e-07
"hsa-miR-130b-3p"	-1.95877921060231	8.95372371981771	8.61902904641352	0.00332669126879509	0.0077357509886814
"hsa-miR-130b-5p"	-2.59608923233588	7.61188668418432	16.1876450671772	5.73670508233937e-05	0.000185869244667796
"hsa-miR-132-3p"	-1.21825324952407	6.33941139150146	3.60502975294378	0.0576050379979425	0.0949018592101697
"hsa-miR-132-5p"	0.0994278205096487	3.86153078478954	0.0237647024788357	0.877485122838508	0.895919684242678
"hsa-miR-133a-3p"	2.09588748687719	3.50510288535893	3.07490314449712	0.079509329797394	0.126693555021421
"hsa-miR-134-3p"	-5.92611587754525	2.27398290246376	5.80487025899605	0.0159818469344498	0.0313192645570266
"hsa-miR-134-5p"	-10.40327508726	6.06866652480454	64.9140275069336	7.82381338644708e-16	2.92490254293329e-14
"hsa-miR-136-3p"	-10.7362562316563	8.37985071125463	79.483303796216	4.8631769087386e-19	5.9087599441174e-17
"hsa-miR-136-5p"	-11.2984045032334	6.9441044212488	58.0527016898598	2.55188743696e-14	6.76452667405763e-13
"hsa-miR-137"	-8.19469818226901	4.0043859477626	34.4681911557453	4.33274395417057e-09	3.09663759077485e-08
"hsa-miR-138-5p"	-6.82114311691073	5.073743345282	18.2094731474884	1.97892091112758e-05	7.63298065720638e-05
"hsa-miR-140-3p"	2.64890976324671	12.485486335291	12.2283498700092	0.000470688084480963	0.0012432304840095
"hsa-miR-140-5p"	1.24777373178025	6.44015813330439	1.83827971481601	0.175152709088482	0.246023747447983
"hsa-miR-141-3p"	6.39574144727452	8.3104748979346	39.465578092222	3.33893442262717e-10	2.95040387163055e-09
"hsa-miR-142-3p"	1.75684177967547	12.696410732438	0.870844784100292	0.350721542840809	0.432525233105935
"hsa-miR-142-5p"	2.99527969134417	15.7138067383424	2.22227233858956	0.136032713033991	0.197939815971615
"hsa-miR-143-3p"	-8.48346053539655	12.4959935628375	42.9752440197945	5.54369371572296e-11	5.85703292574209e-10
"hsa-miR-143-5p"	-8.30761387045325	4.10347888215821	23.8668357202701	1.03235034312959e-06	5.01722266760978e-06
"hsa-miR-145-3p"	-5.8588420843943	4.81161349316414	14.6861736068883	0.000126974347992041	0.000388110271220956
"hsa-miR-145-5p"	-6.84799880016182	5.18333053698829	23.5891263201643	1.1925954354273e-06	5.66235001811211e-06
"hsa-miR-1468-5p"	2.59996579228337	4.96646566720642	3.56237396386057	0.0591031555320522	0.097040991853302
"hsa-miR-146a-3p"	2.43190310278176	2.99598997736741	1.69184702042578	0.193357670096228	0.26696541950786
"hsa-miR-146a-5p"	3.62177005385716	12.8823524578887	7.31801931426503	0.00682666085901278	0.0151495761528777
"hsa-miR-146b-3p"	4.68281726570176	8.99684367108049	17.3076020393314	3.17912477629016e-05	0.00010957834335298
"hsa-miR-146b-5p"	5.21531789343128	14.7578488143202	9.27143436452741	0.00232755354384722	0.00557236956802833
"hsa-miR-148a-3p"	-1.84080514987597	13.4457003997479	2.07239397483909	0.149985927227947	0.215660238558527
"hsa-miR-148a-5p"	-3.96671215539764	7.79329233166353	5.55340428645076	0.0184447793628144	0.0354314734005052
"hsa-miR-148b-3p"	-0.269990375622236	10.6794355722389	0.160429046673372	0.688761810868032	0.743862755737474
"hsa-miR-148b-5p"	-0.834981281939119	6.77587668599078	1.80536320763643	0.179065459211721	0.249563568215758
"hsa-miR-149-5p"	-5.58515961688847	5.80806440964893	16.5140084302245	4.82919645637496e-05	0.000160752703958783
"hsa-miR-150-3p"	10.9271363291622	7.15285769597585	51.8539104358164	5.97874834053509e-13	1.03773989053573e-11
"hsa-miR-150-5p"	12.7183855785265	16.1139878244832	23.0939986781485	1.54271461065463e-06	7.20922404594375e-06
"hsa-miR-151a-3p"	-3.11296087027562	11.3484190682889	17.469144762337	2.92008677778731e-05	0.00010209799812983
"hsa-miR-151a-5p"	-3.29748042403105	11.7592544940837	24.2038781507589	8.66576079869638e-07	4.29750994710862e-06
"hsa-miR-151b"	-0.854029024146039	3.88708892283501	1.24402937947042	0.26469590491394	0.346744500776752
"hsa-miR-152-3p"	-0.13556325896865	8.15017141577603	0.0433668546300288	0.835036034199587	0.867152804745725
"hsa-miR-152-5p"	-2.79984085626195	4.71474672782994	6.41631205119777	0.011307674872264	0.0236876292582773
"hsa-miR-153-3p"	1.13229994985454	3.26861666744826	1.81258702952391	0.178198202726715	0.249563568215758
"hsa-miR-154-3p"	-6.01004783092837	2.3278907347329	14.4577846475114	0.000143336201554909	0.000435383712223036
"hsa-miR-154-5p"	-7.6057769132284	3.49945083809584	17.9539495036242	2.26314335890112e-05	8.26983212350333e-05
"hsa-miR-155-5p"	0.199369146961504	9.97891313460707	0.0665521080285263	0.796424694552831	0.835987908321115
"hsa-miR-15a-3p"	-1.90186136216301	2.44721582147054	1.42020952657937	0.233368919111716	0.312444337984281
"hsa-miR-15a-5p"	2.83532986563237	10.8730468950187	14.9270155742089	0.000111751185592458	0.000343740988594522
"hsa-miR-15b-3p"	-0.403804150975235	6.27542971811008	0.426609823576498	0.513657162209266	0.582188933607978
"hsa-miR-15b-5p"	0.468357362836999	8.97066790435194	0.531600217841762	0.465934870626137	0.53787255849003
"hsa-miR-16-1-3p"	-2.93207089318937	2.99575252748163	2.90283853540837	0.0884237179325336	0.136425164810195
"hsa-miR-16-2-3p"	1.38905238729626	7.48183784839455	2.9486793392851	0.0859477678978072	0.134743919994627
"hsa-miR-16-5p"	1.33865500281636	12.9650229421338	2.28815346981165	0.130364936596589	0.190835419234766
"hsa-miR-17-3p"	0.243824039047588	8.12185452922911	0.0988621381024331	0.753199409201802	0.80451629202654
"hsa-miR-17-5p"	-1.17255171282224	8.5532081247599	0.969575970995217	0.324785953269177	0.404733264843129
"hsa-miR-181a-2-3p"	2.7851556192826	10.592072278281	13.1639527359892	0.000285386241181661	0.000788055188717542
"hsa-miR-181a-3p"	-0.989583688349963	9.75984257502937	2.47952273211674	0.115337246852997	0.17194448457226
"hsa-miR-181a-5p"	1.02500391595303	15.8728697537384	1.48137448491434	0.223559595162903	0.302646137184319
"hsa-miR-181b-2-3p"	2.89751516359636	3.37743421392588	7.02948307346173	0.00801784938740029	0.0171659682919671
"hsa-miR-181b-3p"	-3.59989371369092	4.42665937082049	11.8118104855798	0.000588561716210506	0.00149759682763511
"hsa-miR-181b-5p"	-0.879652118308659	12.2491142319832	1.1061974270437	0.292910039717883	0.37265518142118
"hsa-miR-181c-3p"	0.647440469719314	6.74445439209835	0.849809726627246	0.356606170748345	0.436550627162961
"hsa-miR-181c-5p"	2.71321623169885	10.492013473304	12.611481681851	0.000383384481813081	0.00104092099531373
"hsa-miR-181d-5p"	1.00089622162979	6.01003994839969	1.06503718384341	0.302069125220473	0.383304425214491
"hsa-miR-182-5p"	-7.00370339156147	10.0827075872188	14.9689489819557	0.000109294922106144	0.000338326956328574
"hsa-miR-183-3p"	-4.70628104867008	2.72273742106444	3.91951696494232	0.0477285920327961	0.0808226331983935
"hsa-miR-183-5p"	-8.78690313182993	7.98590921126532	9.1327394281695	0.00251075492402315	0.00595232630768415
"hsa-miR-185-3p"	0.751413052699557	3.62019216072189	0.586517641517489	0.44376889333006	0.51509680392466
"hsa-miR-185-5p"	2.36896242070994	7.25051155479274	6.84948352641763	0.00886669008511977	0.0188175169492061
"hsa-miR-186-5p"	1.89311387375079	13.866488739152	6.33302627019566	0.0118509925360475	0.0245088611596556
"hsa-miR-187-3p"	-5.34026329658412	1.94974548572954	5.26924055703477	0.0217054800869278	0.0399578156145716
"hsa-miR-188-5p"	-1.92856208959302	3.51915280257469	1.86812030930927	0.171690518153279	0.243878880863753
"hsa-miR-18a-3p"	-3.02423551276976	5.11521944508074	5.46886369902427	0.0193582078679093	0.036324668045575
"hsa-miR-18a-5p"	-2.5763245255973	6.27162089535595	4.64861802686323	0.0310785584452658	0.0545277234815855
"hsa-miR-190a-5p"	-2.55281330352003	3.56210315469372	10.2908473029162	0.00133691685941042	0.0032650331340375
"hsa-miR-190b"	0.429386100525923	3.52508045218477	0.0739530375068105	0.785665787724915	0.828016481464871
"hsa-miR-191-3p"	-0.863039912824815	3.95124909682823	1.14540686818415	0.284512721192552	0.366772367372892
"hsa-miR-191-5p"	0.2355750656744	14.2318772155644	0.120746090672696	0.728226698662674	0.781276325717571
"hsa-miR-192-5p"	3.46203365019954	12.5325009226177	11.5728319727025	0.00066922417249235	0.00168519662088747
"hsa-miR-193a-3p"	-6.60687873667852	8.10970165239256	17.0859726904318	3.57251995073665e-05	0.000122270753243522
"hsa-miR-193a-5p"	-3.78369158263656	5.75873593723907	11.8201190013149	0.000585941149933733	0.00149759682763511
"hsa-miR-193b-3p"	-4.08457879430023	6.67952781274815	20.525289271307	5.88485888097903e-06	2.55360840728197e-05
"hsa-miR-193b-5p"	-4.37280522645414	2.5006780399437	8.31979606606137	0.00392153224728767	0.00898992769897079
"hsa-miR-194-5p"	2.00569140916675	6.42326039034834	3.64968002535892	0.0560799844358934	0.0927036477409666
"hsa-miR-195-5p"	0.308773250079485	4.10673230528983	0.19633382632712	0.657696493289833	0.718293248851368
"hsa-miR-196a-5p"	6.80538752342351	3.68426639273088	17.6637974709169	2.63596135655825e-05	9.35092860793656e-05
"hsa-miR-196b-5p"	1.59728441562881	5.0669574257101	1.13559435528644	0.286585190884377	0.366796054362387
"hsa-miR-197-3p"	2.22527077072918	9.99938905237139	7.6633332118631	0.00563542966232793	0.0126212848658589
"hsa-miR-1976"	6.99776872203086	3.4631657872931	20.7781428782275	5.15681557218032e-06	2.25784898025192e-05
"hsa-miR-199a-3p"	-7.45723711298438	12.1726693682009	51.5600037032456	6.94419504050834e-13	1.16375130678864e-11
"hsa-miR-199a-5p"	-8.8771664010324	10.0433320600417	62.61978313844	2.50722307631431e-15	8.12340276725838e-14
"hsa-miR-199b-3p"	-7.52048532745662	11.0623543374448	48.170462320364	3.90730106603949e-12	5.7543888427127e-11
"hsa-miR-199b-5p"	-4.80416597146583	9.56817794020093	11.842495852778	0.000578941769368952	0.00148870740694873
"hsa-miR-19a-3p"	0.372670905845717	8.28657493296966	0.225730576196451	0.63470777306693	0.699473872359473
"hsa-miR-19b-3p"	0.938028105184686	10.3452924900173	1.11949911727068	0.29002633250532	0.369954849337495
"hsa-miR-200a-3p"	-1.27346246803607	4.41898605527587	0.597541591168285	0.439517560705081	0.51509680392466
"hsa-miR-200b-3p"	-2.40812594308721	6.91270246354643	1.64558196991678	0.199561316857145	0.273974011278453
"hsa-miR-200b-5p"	-5.34026329658412	1.94974548572954	5.26924055703477	0.0217054800869278	0.0399578156145716
"hsa-miR-200c-3p"	7.75602818595743	4.18390764417508	23.8989373510633	1.01527789061884e-06	4.98409146303794e-06
"hsa-miR-203a-3p"	1.19433689708792	2.93146043652476	0.291124473012796	0.589500841086603	0.655667510050274
"hsa-miR-204-5p"	-10.9226553135136	8.55986244371115	20.0540422846134	7.52842319238573e-06	3.18157710565171e-05
"hsa-miR-20a-3p"	0.23463448047638	2.84681817891869	0.0262823867188375	0.871212589804603	0.891388039252709
"hsa-miR-20a-5p"	0.29402876370459	8.82616769341761	0.0847022099904677	0.771023449324561	0.819846229812471
"hsa-miR-20b-5p"	2.86597644742458	5.58586771247643	3.33730282630486	0.0677255404751055	0.110082316625088
"hsa-miR-21-3p"	-1.9451671280505	10.9988749256954	8.90666322728499	0.00284131968775849	0.00666519711826222
"hsa-miR-21-5p"	-0.741960777010936	15.1420183187839	1.32528642146326	0.249645502543696	0.330593226801734
"hsa-miR-210-3p"	-4.04104879059608	8.08362600026501	24.3218839566229	8.15077756881358e-07	4.08379164787979e-06
"hsa-miR-210-5p"	-4.69068993643125	5.0939403226486	28.977070755664	7.32401031941683e-08	4.13891745957742e-07
"hsa-miR-2110"	2.12178245711143	3.4290849052742	3.27714097421165	0.0702512084191404	0.113428861434227
"hsa-miR-2110-3p"	2.0678589873357	5.07126654388336	7.14723746539404	0.0075079545858992	0.0163324916744621
"hsa-miR-2116-3p"	-2.34355596027737	2.49000936258979	1.94563472275592	0.163058028567578	0.233764607326971
"hsa-miR-212-3p"	-1.63578117928509	3.8628327394331	4.96230439405638	0.0259056631473631	0.0468035401101059
"hsa-miR-212-5p"	-0.932280163833746	4.1247898137128	1.02853919877332	0.310502014957296	0.391958387712326
"hsa-miR-214-3p"	-10.7812732189314	6.43688182607266	63.3758177859155	1.70802007521787e-15	5.92926968968489e-14
"hsa-miR-214-5p"	-7.90120830089797	5.60005475953488	31.386807807868	2.11412491600624e-08	1.33436975218056e-07
"hsa-miR-215-5p"	3.07985460621288	4.77213969925714	13.254941633865	0.000271862249175741	0.000763728630632428
"hsa-miR-218-1-3p"	-8.83166758874882	4.57739192614932	36.0803230629812	1.89349219466831e-09	1.41574954862892e-08
"hsa-miR-218-5p"	-4.84463740793807	5.03653929458871	21.7426747793682	3.11778042915322e-06	1.40300119311895e-05
"hsa-miR-22-3p"	-1.4492923609115	15.4952927577435	4.10884900939163	0.042659385370272	0.0727454782103585
"hsa-miR-22-5p"	-0.531940320335832	6.7271890230062	0.790953807950949	0.373811870685785	0.449684577112107
"hsa-miR-221-3p"	-1.68181235163286	12.6936129994298	3.20417206830689	0.0734506752402318	0.117811974147699
"hsa-miR-221-5p"	-2.39059820201771	9.20117745237639	8.09660436548282	0.00443482646981544	0.0100716152538799
"hsa-miR-222-3p"	-3.7598406968733	12.7075173727131	12.5216806864598	0.000402256884453275	0.00107415849364995
"hsa-miR-222-5p"	-3.91689977698004	4.53507509545891	15.261566283032	9.36017979231619e-05	0.000291605601222158
"hsa-miR-223-3p"	6.83277663875905	8.6630814676914	16.3988065920216	5.13175294387314e-05	0.000168515670994753
"hsa-miR-224-3p"	-6.92839904378598	2.96132778578462	13.3895821432319	0.000253025753091784	0.000719125824576648
"hsa-miR-224-5p"	-10.0031551944595	8.16282724271926	45.6260759755451	1.43123512492512e-11	1.78353915567592e-10
"hsa-miR-2277-5p"	1.49118122738249	4.08990837639315	1.13460472926007	0.286795268843019	0.366796054362387
"hsa-miR-2355-5p"	1.95410678689506	4.18224855677571	4.19002128476756	0.0406625867414693	0.0698304493157388
"hsa-miR-23a-3p"	1.29707485127833	11.556226802206	3.21636878507597	0.0729051911129002	0.117324247949899
"hsa-miR-23a-5p"	1.52895091005485	4.96252872773078	5.336471114711	0.0208837074117188	0.0387384801606692
"hsa-miR-23b-3p"	-1.53889359014158	9.02194472698283	4.6674829920554	0.0307389459311592	0.0543241008092487
"hsa-miR-23c"	7.03992714243323	3.86575511729066	4.87878230197736	0.0271887935117876	0.0485799766423852
"hsa-miR-24-2-5p"	-0.54120373192606	6.91088092330932	0.66126704568084	0.416112984605529	0.492046010993399
"hsa-miR-24-3p"	0.855738842837637	9.94263903793185	1.30563815604904	0.253185912095482	0.334370525213055
"hsa-miR-2467-5p"	0.289538197493416	3.10694638641267	0.0758608298874481	0.782987090720207	0.827242882804393
"hsa-miR-25-3p"	0.658478710064424	12.2040417937795	0.797669275723749	0.371791132601562	0.449478831951142
"hsa-miR-25-5p"	-0.430550076913146	5.19308688364187	0.497373109387423	0.480656634732683	0.550941331320953
"hsa-miR-2682-3p"	-6.25525247625168	2.48512213446558	16.8722812695864	3.99812026074899e-05	0.000134936558800278
"hsa-miR-2682-5p"	-7.0120959766671	3.02649043628402	19.4626204242473	1.02587743105836e-05	4.26133702131933e-05
"hsa-miR-26a-2-3p"	-0.514334161898437	4.71935844988665	0.585703135948397	0.444085516140808	0.51509680392466
"hsa-miR-26a-5p"	1.91613134390301	15.5668560565683	7.14062357614557	0.00753569505723155	0.0163324916744621
"hsa-miR-26b-3p"	1.75872983294158	6.91440994169301	1.85852728411994	0.172794869046783	0.244122983595165
"hsa-miR-26b-5p"	3.48278002367988	13.4163579715711	18.4039339344955	1.78688690517599e-05	6.96956695538422e-05
"hsa-miR-27a-3p"	1.09455080538574	12.6105880444304	2.4735832226663	0.115773723037867	0.17206736818472
"hsa-miR-27a-5p"	1.5119184230986	6.64157295760089	4.93439972241438	0.0263272053575634	0.0473889696436141
"hsa-miR-27b-3p"	-2.48257897745428	13.4451193019982	7.18787528245124	0.0073397841000639	0.0161408826815885
"hsa-miR-27b-5p"	-2.72549402637937	4.91204575205438	7.77976342168346	0.00528347159018149	0.0118878110779083
"hsa-miR-28-3p"	2.35585868156154	13.1787941514887	6.80574972023253	0.00908647931647076	0.0192001258600208
"hsa-miR-28-5p"	2.9736637950506	10.0931509462365	16.026914940046	6.24483827409457e-05	0.000199670486921708
"hsa-miR-296-3p"	-5.59942274402765	5.86145104643584	18.0006243864681	2.20832525488688e-05	8.26983212350333e-05
"hsa-miR-296-5p"	-3.16295679092685	6.018672114615	8.30251089820213	0.0039590304716978	0.00903328079457808
"hsa-miR-299-3p"	-8.7541317603702	4.50658881365634	41.6054336371707	1.11682440140423e-10	1.04380126746626e-09
"hsa-miR-299-5p"	-8.6023158095931	4.36778018699962	23.715615991655	1.11672727815299e-06	5.37355898200349e-06
"hsa-miR-29a-3p"	0.77613379826182	14.3171386814116	1.04961149299788	0.305596580471036	0.386770672158655
"hsa-miR-29a-5p"	0.0778686326887774	5.60350630467046	0.0154144048697018	0.90119273990425	0.914362571176337
"hsa-miR-29b-3p"	1.43878490278233	10.2594415962287	2.71363851547494	0.0994938272366459	0.151579937420094
"hsa-miR-29c-3p"	5.49774097493282	11.8227879197691	42.3527130652278	7.62105417066185e-11	7.71631734779513e-10
"hsa-miR-29c-5p"	4.45316868198752	5.5369654782879	14.2658262412369	0.000158720531084298	0.000476161593252894
"hsa-miR-301a-3p"	-3.51273240669073	8.84099342085777	6.92062447984835	0.0085207215632059	0.0181625907005178
"hsa-miR-301a-5p"	-3.76370982180755	3.04390824801964	3.29749052974375	0.0693858096545	0.11240501164029
"hsa-miR-301b-3p"	-1.06207560861347	4.45688321557423	0.908570082499597	0.340494102764315	0.42214319883535
"hsa-miR-3074-3p"	-2.24063118835212	2.38953686920465	1.88733194802785	0.169503158622494	0.241579281790416
"hsa-miR-3074-5p"	-1.13645547389778	3.38370666546481	0.559696739649747	0.454382456568939	0.525785414029772
"hsa-miR-30a-3p"	-9.96085476659308	6.22985485587941	40.2069243340145	2.28437124807784e-10	2.09472533314308e-09
"hsa-miR-30a-5p"	-9.811530387719	11.70390659247	76.0219888299016	2.80523515605231e-18	1.94763469405917e-16
"hsa-miR-30b-3p"	-0.463391208483627	2.8252306667192	0.231604931929213	0.630336340815313	0.697034083665822
"hsa-miR-30b-5p"	1.53252796937212	10.7933203986449	2.56550828714168	0.10921744870765	0.164333374835659
"hsa-miR-30c-1-3p"	-1.45212967851911	3.82853546815561	3.38872104448268	0.0656438489833934	0.107056746999762
"hsa-miR-30c-2-3p"	-8.2063831789994	4.01489765992039	30.0452309653263	4.22085294208998e-08	2.44206491649492e-07
"hsa-miR-30c-5p"	0.0545439500661032	11.7815613939418	0.00449249888873737	0.946560920326152	0.952440180700848
"hsa-miR-30d-3p"	-0.622974849532703	5.90940443868148	0.355828219012988	0.550832314485945	0.61825520748307
"hsa-miR-30d-5p"	0.822022273925922	12.8655043707248	1.16900371205558	0.279606045437891	0.362369434887507
"hsa-miR-30e-3p"	1.22469760538588	8.26419105917459	1.59709993239343	0.206314677244886	0.282447698988773
"hsa-miR-30e-5p"	1.08423067205424	13.2026313115007	1.38760539781185	0.238809907169752	0.317977027080821
"hsa-miR-31-3p"	-4.69540747444801	6.8573082114976	28.5213607001121	9.26704518962456e-08	5.17676317489372e-07
"hsa-miR-31-5p"	-5.70967749661231	12.7751869454437	45.3703408534536	1.6308542397163e-11	1.95613612307823e-10
"hsa-miR-3117-3p"	-6.46482310796807	2.62680965073677	18.3978683203814	1.79258409346302e-05	6.96956695538422e-05
"hsa-miR-3152-5p"	-6.64787254312373	2.75576203665382	19.2632126911318	1.13879529550042e-05	4.65087826565718e-05
"hsa-miR-3158-3p"	-0.747102565223125	2.87769957819907	0.211656157971687	0.645472409781544	0.708125487931898
"hsa-miR-3168"	-2.19831285627307	3.60124613996524	4.41401194465612	0.0356449159717021	0.0620911439507068
"hsa-miR-3194-5p"	7.22116115983883	3.65233757953339	25.2744918073329	4.97241353052565e-07	2.59848707079082e-06
"hsa-miR-32-5p"	4.88170596687431	6.89002463187465	9.1404224268652	0.00250023370727648	0.00595232630768415
"hsa-miR-3200-3p"	-5.05529252507999	3.10093659516496	9.31509733966059	0.00227273304907425	0.00549526498432879
"hsa-miR-3202"	6.11763924981853	2.77131356686776	11.3091593335946	0.000771256837096929	0.00192220934784158
"hsa-miR-320a"	-0.246081527114835	10.1809979121899	0.114637001809562	0.734925499943592	0.786726416239176
"hsa-miR-320b"	1.06495790849756	3.92305307917155	1.90056101418728	0.168015537144607	0.24016338544788
"hsa-miR-323a-3p"	-9.3082805556626	5.02072613141724	48.3569369123953	3.55285167498334e-12	5.39589348138095e-11
"hsa-miR-323b-3p"	-6.78994518556966	4.56302970111029	33.3682447555884	7.62590317478499e-09	5.29455563277929e-08
"hsa-miR-324-3p"	-0.691609551544124	5.00511022433879	1.26015007377036	0.261622685585315	0.344576220039195
"hsa-miR-324-5p"	0.20170544211684	4.57925436557386	0.0627228551324088	0.802242990628559	0.838473319237591
"hsa-miR-326"	1.43469198250725	5.0880752662991	0.867897607098084	0.351537998100503	0.432525233105935
"hsa-miR-328-3p"	-0.582296174529506	6.59112266064111	0.757219766719674	0.384199992407943	0.461039990889531
"hsa-miR-329-3p"	-8.99633832595678	4.72909696805112	27.5540443600896	1.52765599809263e-07	8.43682744401157e-07
"hsa-miR-330-3p"	3.05644683653836	5.65726311252526	16.1267797818502	5.92404116619206e-05	0.000190667815017837
"hsa-miR-330-5p"	-0.0319208282420787	5.8515513162209	0.000891078527530453	0.976185933822451	0.978198688325178
"hsa-miR-331-3p"	-0.846778230339934	7.72068522463737	1.01875997538334	0.312813327137859	0.393853049194299
"hsa-miR-331-5p"	-0.131504992982315	3.53526091977994	0.0187533983448334	0.89107581210744	0.907888563279279
"hsa-miR-335-3p"	-1.17985964979736	5.65610117508937	2.48790256100538	0.114724524221626	0.171752776358288
"hsa-miR-335-5p"	1.19526787926597	5.47136074393775	2.10265007175391	0.147044089266696	0.212057648022594
"hsa-miR-337-3p"	-9.81503266917299	5.50151276134281	53.5049763803273	2.57938619803194e-13	5.0143267689741e-12
"hsa-miR-337-5p"	-6.97051772230092	2.99430352063412	22.6100755138199	1.98441199714436e-06	9.09834179822792e-06
"hsa-miR-338-3p"	12.2941432523327	8.50870896642023	58.3404307499408	2.20466403839839e-14	6.30274542742129e-13
"hsa-miR-338-5p"	7.20533361211641	3.63852934812084	17.9947249796286	2.21517958457567e-05	8.26983212350333e-05
"hsa-miR-339-3p"	2.2363428960808	8.54213384103894	9.3012765628237	0.00228994237804837	0.00550946532540351
"hsa-miR-339-5p"	1.33437648027101	7.73017339879417	2.76687388439512	0.0962339370052436	0.14707450749858
"hsa-miR-33a-3p"	1.13737142915916	4.36139624044701	0.829873439474268	0.362309127849365	0.441308862493212
"hsa-miR-33a-5p"	0.435968688663976	5.65101415556419	0.397181092606538	0.528548660539604	0.595996865480853
"hsa-miR-33b-3p"	-0.278262814964348	2.81931118855179	0.038530371158588	0.844381977740463	0.873126896131628
"hsa-miR-33b-5p"	0.711477147078385	4.33951110406338	0.734224037890134	0.391517430498712	0.467512214305587
"hsa-miR-340-3p"	-1.11757341254108	4.76219478604773	1.36546600073075	0.242592417621605	0.322130915202459
"hsa-miR-340-5p"	1.62107913714868	9.23625181089018	3.84609288635244	0.0498620162106309	0.0841421523554396
"hsa-miR-342-3p"	5.86576470177175	12.4255008359299	41.8529450474002	9.8402447078824e-11	9.37717436868794e-10
"hsa-miR-342-5p"	5.03034997255439	7.74339064766712	37.724003375627	8.14955679620529e-10	6.82876655682029e-09
"hsa-miR-345-3p"	-7.42705019380369	3.35523795686036	7.49985829429217	0.00617038481011816	0.0137559954941166
"hsa-miR-345-5p"	-1.18854674965378	8.28258307268725	1.86437874242325	0.172120280115776	0.243878880863753
"hsa-miR-34a-3p"	-5.60987426886935	2.08974213182392	5.50518429594685	0.0189601820630989	0.0357156917932794
"hsa-miR-34a-5p"	-3.34684697689655	6.61329425282297	13.1764735084421	0.000283485731115172	0.000787280373268422
"hsa-miR-34b-5p"	-5.1393345921982	3.16657871149195	13.8642973013497	0.000196496061852466	0.000575283650965654
"hsa-miR-34c-5p"	-5.8424764090336	6.27060235074812	37.3928095759602	9.65775327269378e-10	7.82278015088196e-09
"hsa-miR-3605-3p"	-0.715951270224927	3.92868224727541	0.444464527540199	0.504975451993545	0.576098755091227
"hsa-miR-3605-5p"	-2.61165844660401	3.3119109479717	6.34056866890398	0.0118007042412376	0.0245088611596556
"hsa-miR-3607-3p"	2.69134061422098	7.75752590826377	4.68160555212683	0.0304872414898631	0.0542739903445915
"hsa-miR-3609"	6.22713346873742	2.85204102624408	13.5838480340399	0.000228140079364925	0.000659976658162818
"hsa-miR-361-3p"	3.515578177164	11.38365251588	14.3596943915576	0.000151000194627735	0.000455814252106081
"hsa-miR-361-5p"	0.573431854121589	7.95473537494656	0.739047656125742	0.389966118681427	0.466806733199935
"hsa-miR-3613-3p"	2.42897302022899	2.88969275725871	3.03047065455002	0.0817143100579984	0.129781551268586
"hsa-miR-3613-5p"	2.75317353800651	4.46596331096835	12.573109056647	0.000391337001907238	0.00105660990514954
"hsa-miR-3615"	2.90553968849498	5.03136251301073	11.7784230484585	0.000599212240095968	0.00151675598274292
"hsa-miR-362-3p"	0.762886013052486	4.28723818912081	0.880898439492606	0.347955722150756	0.430296389224598
"hsa-miR-362-5p"	1.39023660262195	3.39486570644183	1.15064809888621	0.283413520931904	0.366327050991769
"hsa-miR-363-3p"	5.08725307933831	9.90526857183987	6.09764105804034	0.013536245880138	0.0275255878566822
"hsa-miR-3651"	2.06969674252096	2.75911146678103	2.1995801512983	0.138048332900071	0.200273103849058
"hsa-miR-3653-3p"	5.41774947980884	2.29397092392533	6.40284918200765	0.0113937368404426	0.023765476843155
"hsa-miR-3653-5p"	2.19756503340342	2.84197781450053	2.78826786726534	0.0949568171726495	0.145580483110119
"hsa-miR-365a-3p"	-4.72513042618907	5.33753975999019	30.8197639471497	2.83139452487332e-08	1.69883671492399e-07
"hsa-miR-365b-3p"	-4.72513042618907	5.33753975999019	30.8197639471497	2.83139452487332e-08	1.69883671492399e-07
"hsa-miR-365b-5p"	-5.71426002569614	2.15126365584104	11.062963960885	0.000880692452032167	0.00217267274968342
"hsa-miR-3661"	-0.274683917228641	3.30802825986119	0.123148158663682	0.725644826007029	0.780228728848265
"hsa-miR-369-3p"	-8.96915926462636	4.7045553746432	35.436166710963	2.63547489198785e-09	1.91170268284492e-08
"hsa-miR-369-5p"	-9.50635734158625	5.20757351634098	53.9542504036873	2.05212613774107e-13	4.15555542892567e-12
"hsa-miR-370-3p"	-10.2515578760982	5.92154023832043	51.014308917242	9.16950945926373e-13	1.43754245071038e-11
"hsa-miR-374a-3p"	1.80647740189823	7.17093953629569	5.69811538706302	0.0169831391512593	0.033015222510048
"hsa-miR-374a-5p"	3.20788265017164	7.32008399656014	12.5347439376678	0.000399454349974227	0.00107256803363245
"hsa-miR-374b-3p"	-1.19619547817776	4.04780706076361	0.499908680527631	0.479540249916052	0.550941331320953
"hsa-miR-374b-5p"	0.411754544293332	6.87612240385736	0.20708724394843	0.649060034712603	0.710457605563795
"hsa-miR-375"	-14.337316864921	9.9626927757857	13.1884065953712	0.000281686299964612	0.000786778975763228
"hsa-miR-376a-2-5p"	-5.95443672921887	2.29279271395596	11.8843888464799	0.000566063966490517	0.00146333557294889
"hsa-miR-376a-3p"	-8.62727176678395	4.39078484951481	35.5850794465182	2.44150463718253e-09	1.79783523283441e-08
"hsa-miR-376a-5p"	-10.0332091408986	5.71106226374776	37.1964298733872	1.06809142724053e-09	8.50971202686716e-09
"hsa-miR-376b-3p"	-7.77578995232897	3.64203957889391	20.2255307912459	6.88281980724796e-06	2.96022161621461e-05
"hsa-miR-376c-3p"	-9.83394555048159	5.51956037125651	57.5055544574814	3.37026186529223e-14	7.82191572209804e-13
"hsa-miR-377-3p"	-7.27986747153328	3.2357288469157	19.8627131694559	8.32075170690178e-06	3.4861080427192e-05
"hsa-miR-377-5p"	-8.79721842837525	4.54583166091123	38.2578192518751	6.19881875674146e-10	5.28530862416904e-09
"hsa-miR-378a-3p"	-1.37935627395404	10.8377725490103	0.992976916872863	0.319015876862035	0.400624589547672
"hsa-miR-378a-5p"	-2.0082435990211	3.28379600407646	1.56948609906228	0.210281660274229	0.287069907003582
"hsa-miR-378c"	1.79084475613907	2.97419285906046	2.22759877235909	0.135564385616893	0.197850724954385
"hsa-miR-379-3p"	-7.91161711051755	3.75836418699668	34.2534304066703	4.83821853552875e-09	3.40778870763329e-08
"hsa-miR-379-5p"	-7.78078185689057	3.64633173294898	21.210461592521	4.11512195804219e-06	1.81813570146228e-05
"hsa-miR-380-3p"	-4.31725217939557	2.96229256469882	12.7716526235858	0.000351911790607527	0.000966266272515583
"hsa-miR-381-3p"	-10.9957655103689	8.46252529511166	75.6795723660828	3.33641488730234e-18	2.02687204403617e-16
"hsa-miR-382-3p"	-7.222287692912	3.18934203019248	23.5771436008096	1.20004537420895e-06	5.66235001811211e-06
"hsa-miR-382-5p"	-9.72811223562422	5.41839337282171	55.2711125085036	1.05000425964853e-13	2.31955486449629e-12
"hsa-miR-3909"	-2.13351358370536	4.13646111575801	5.07560234560557	0.0242648399316373	0.0441674614485982
"hsa-miR-3912-3p"	2.33772037085613	4.48527371314649	8.49116251984966	0.0035687570132188	0.00825912337344922
"hsa-miR-3928-3p"	-0.494265579836347	2.73555707557904	0.0899563836653794	0.764232612075067	0.814511073395795
"hsa-miR-409-3p"	-11.3759246853536	10.0918269087276	83.223544084745	7.32797124008229e-20	1.18713134089333e-17
"hsa-miR-409-5p"	-10.681781527605	8.06928743040538	77.5320741916133	1.30584598494332e-18	1.05773524780409e-16
"hsa-miR-410-3p"	-11.4497473362703	7.09321251226016	71.2289726300577	3.18082793491512e-17	1.54588237636875e-15
"hsa-miR-411-3p"	-7.89864822701734	3.74735902731535	32.7099905598502	1.0698591507479e-08	7.12262393511617e-08
"hsa-miR-411-5p"	-13.7450092978357	9.3718046416675	98.1336297411227	3.91080443222039e-23	9.50325477029554e-21
"hsa-miR-412-5p"	-7.34426158134591	3.2866000457547	26.2944286787993	2.93133071493396e-07	1.60070418815495e-06
"hsa-miR-421"	-2.16865511906656	7.73638953262257	4.66790079109927	0.0307314685416832	0.0543241008092487
"hsa-miR-423-3p"	-1.12600285801123	12.4449520100321	2.89129253433271	0.0890594497487079	0.136971179043899
"hsa-miR-423-5p"	-0.172634777136445	12.1851442407241	0.0653295533758467	0.798262447590545	0.836111098122856
"hsa-miR-424-3p"	-3.60322230796542	3.78125532473337	7.87342754397415	0.00501664749391046	0.0113399566606534
"hsa-miR-424-5p"	-2.65267035913451	5.41652684886734	8.89943142920863	0.00285259465143733	0.00666519711826222
"hsa-miR-425-3p"	1.6893922940897	5.20901453961773	6.10339956791821	0.013492208061339	0.0275255878566822
"hsa-miR-425-5p"	1.03257664210687	8.71184044320531	1.72743837163007	0.18873837203041	0.262076710876512
"hsa-miR-429"	-3.17945323972725	5.10469177358553	2.92936186673434	0.0869818672416773	0.135926647843907
"hsa-miR-431-3p"	-8.64608320116266	4.40801772525092	43.0829405144975	5.2467754819954e-11	5.66651752055503e-10
"hsa-miR-431-5p"	-7.94971665115556	6.14343959868673	53.0471668407943	3.25634332137135e-13	5.86141797846843e-12
"hsa-miR-432-5p"	-10.2473158861308	5.91741407220579	47.7911694991938	4.74122736230039e-12	6.77716617081762e-11
"hsa-miR-4326"	-3.37782393301275	3.66829156627978	4.15405127894913	0.04153503571456	0.0710775611171696
"hsa-miR-433-3p"	-6.48493254363783	2.64089999733291	18.1093867332586	2.08570700507647e-05	7.98152444462335e-05
"hsa-miR-433-5p"	-5.60987426886935	2.08974213182392	5.50518429594685	0.0189601820630989	0.0357156917932794
"hsa-miR-4421"	-4.56986759292095	2.62697521394059	3.76415450332218	0.0523623246351297	0.0880530096697696
"hsa-miR-4443"	6.50851154900852	3.06724488008274	16.5941579908842	4.62934006595942e-05	0.000155162708417674
"hsa-miR-450a-5p"	-2.78847693400362	4.5974586282016	7.09984701769915	0.00770905313855199	0.0165778753333463
"hsa-miR-450b-5p"	-2.64732606912109	5.0611783785974	4.58941898425802	0.0321699176645912	0.0562394963488896
"hsa-miR-451a"	2.39980467542318	4.26043525576229	2.91731541816537	0.0876335495760891	0.136425164810195
"hsa-miR-452-3p"	-6.92839904378598	2.96132778578462	13.3895821432319	0.000253025753091784	0.000719125824576648
"hsa-miR-452-5p"	-9.78598785021468	5.47354626356478	41.9195206025612	9.51083957495811e-11	9.37717436868794e-10
"hsa-miR-4521"	-3.32475873174171	4.10172530383184	3.72804479144653	0.0535059914839329	0.0887505524272744
"hsa-miR-4524a-5p"	-5.92611587754525	2.27398290246376	5.80487025899605	0.0159818469344498	0.0313192645570266
"hsa-miR-454-3p"	2.13261250171312	6.64738114807665	6.24470405023185	0.0124565193394436	0.0256519847413966
"hsa-miR-454-5p"	0.75561915925242	4.36807955131908	0.81875878945117	0.365543316698593	0.444135129788791
"hsa-miR-455-3p"	-6.08312748133836	4.53821845793351	31.059444861611	2.50245665838598e-08	1.53948599490581e-07
"hsa-miR-455-5p"	-4.95533265525758	4.81939559107871	12.6537061227036	0.000374821908799775	0.00102339015548703
"hsa-miR-4662a-5p"	0.265743468894473	3.72426147833999	0.0332695965358356	0.85526917743383	0.878874414247649
"hsa-miR-4677-3p"	-1.121784950622	5.05810143364686	1.25027656214289	0.263499661989979	0.346110366830081
"hsa-miR-4772-3p"	8.04120259075301	4.37919752472382	33.1522961815087	8.52156848582434e-09	5.83307363959243e-08
"hsa-miR-4772-5p"	10.3892316148878	6.62315107769656	45.9379938043861	1.22055670084154e-11	1.56102778054996e-10
"hsa-miR-4775"	-4.75220650988051	3.52569628713617	17.3982641860357	3.03102653204345e-05	0.000105219921040937
"hsa-miR-484"	-0.336863834848417	10.6809248613322	0.22240582203986	0.637212885283826	0.700645842189908
"hsa-miR-485-3p"	-7.50793545202021	4.98432215150519	45.34719919935	1.65023829313184e-11	1.95613612307823e-10
"hsa-miR-485-5p"	-10.2287465304869	5.89942732508479	44.6235122566463	2.38806548471215e-11	2.69906936179094e-10
"hsa-miR-486-3p"	1.36999134071375	3.38139624147453	1.14152063062265	0.285331239799879	0.366796054362387
"hsa-miR-486-5p"	-0.613292571753324	8.89390862592148	0.31797054087977	0.572829835646281	0.64146382517072
"hsa-miR-487a-3p"	-7.68408053772394	3.56586330665194	25.7306471755513	3.92543614295747e-07	2.11973551719703e-06
"hsa-miR-487b-3p"	-9.6581061569276	7.13826024982985	68.7452895832582	1.12038156673433e-16	4.53754534527402e-15
"hsa-miR-490-3p"	-3.7746882384106	2.15030703842274	2.96249743506545	0.0852162243738469	0.134029401442361
"hsa-miR-493-3p"	-10.4911435017019	6.15391099590277	42.6047544909282	6.6996339893408e-11	6.92770663578645e-10
"hsa-miR-493-5p"	-9.93449038717762	5.61596513452116	59.2404769102865	1.39533968547283e-14	4.23834429462372e-13
"hsa-miR-494-3p"	-9.84723389342852	5.53239521703281	46.6954991973093	8.29192313763521e-12	1.08915530942992e-10
"hsa-miR-495-3p"	-9.18604348643297	4.90601094015525	44.7779661380748	2.2069221903448e-11	2.55372424882755e-10
"hsa-miR-496"	-7.6057769132284	3.49945083809584	17.9539495036242	2.26314335890112e-05	8.26983212350333e-05
"hsa-miR-497-5p"	-0.56119531490332	3.16769487162381	0.291030190709523	0.589561115004053	0.655667510050274
"hsa-miR-499a-5p"	6.16682047647424	2.80730705854252	12.4693241425024	0.000413689745521241	0.0010986514553187
"hsa-miR-500a-3p"	-0.045636654957433	8.55845433949943	0.00499067641469253	0.943680518163877	0.951511891758598
"hsa-miR-501-3p"	-0.834294408657195	7.64532019567009	1.44670781467007	0.229056946970424	0.308502601740443
"hsa-miR-502-3p"	0.124006200647399	4.3876065678215	0.0295950183797409	0.86341235027867	0.885270890792054
"hsa-miR-503-5p"	-3.077351513725	2.20083860527123	1.85158791996239	0.173598822763217	0.244547906849053
"hsa-miR-504-5p"	-7.06361035688624	3.06448563125967	13.635016458731	0.000222005917633635	0.000646077101616447
"hsa-miR-505-3p"	0.653392348070519	6.06033065376101	0.593423156619571	0.441098449815227	0.51509680392466
"hsa-miR-532-3p"	-0.579014992534266	5.21353456649567	0.971828683103854	0.324224533714806	0.404733264843129
"hsa-miR-532-5p"	0.282654170307863	9.24468918055643	0.173465613450199	0.67704999609758	0.733320833754575
"hsa-miR-539-3p"	-8.83928797089583	4.58447064279324	39.9755838137597	2.57157251874475e-10	2.31441526687028e-09
"hsa-miR-539-5p"	-6.63026050857561	2.74279936568495	16.4656990985261	4.95382525237057e-05	0.000163779528751843
"hsa-miR-541-5p"	-6.23159485320523	2.46932811513497	15.6284752586725	7.70850007583246e-05	0.000241698776571263
"hsa-miR-542-3p"	-2.46731950896533	2.82649705839762	2.90392218054236	0.0883643045661326	0.136425164810195
"hsa-miR-543"	-8.5526304900457	4.32336932474662	41.8682944225267	9.763299606246e-11	9.37717436868794e-10
"hsa-miR-548au-5p"	7.17711883145534	3.6145858711804	19.42075686197	1.04861159635702e-05	4.31885793075856e-05
"hsa-miR-548e-3p"	2.76738387946367	6.64906372036771	7.19589977044179	0.0073070343636129	0.0161408826815885
"hsa-miR-548e-5p"	7.56616390230631	3.95224621634829	29.86546785794	4.63087610182709e-08	2.64777151233878e-07
"hsa-miR-548j-3p"	6.6701493218485	3.19506279076757	17.0147369937408	3.7090818052611e-05	0.000126056906108874
"hsa-miR-548k"	1.52913167326786	6.06057619137429	1.66499613267457	0.19693010393981	0.271127565197585
"hsa-miR-548o-3p"	0.632170050174776	4.28863336700283	0.653924044556879	0.418713215111207	0.492924760608174
"hsa-miR-548w"	1.78167960088733	3.70513897335854	5.52679212634905	0.0187274099073187	0.0357156917932794
"hsa-miR-549a"	-5.60987426886935	2.08974213182392	5.50518429594685	0.0189601820630989	0.0357156917932794
"hsa-miR-549a-5p"	-8.09042651137724	3.91282270192462	31.9262401019692	1.60139203180418e-08	1.0240480624432e-07
"hsa-miR-550a-3p"	0.43935914898463	3.82393089980247	0.078288910179654	0.779629758619666	0.825490332656117
"hsa-miR-561-5p"	-5.92611587754525	2.27398290246376	5.80487025899605	0.0159818469344498	0.0313192645570266
"hsa-miR-5690"	6.28113315373642	2.89257337815298	15.7496535702373	7.23011778492812e-05	0.000228171249576303
"hsa-miR-5696-3p"	6.46566630108747	3.03372619184145	17.9838894697285	2.22782474560827e-05	8.26983212350333e-05
"hsa-miR-574-3p"	-5.60534073527073	8.19194561220056	32.0507333427073	1.50198386677802e-08	9.73285545672155e-08
"hsa-miR-574-5p"	-6.18534122591911	2.43716167337811	6.04407107908167	0.0139530723054916	0.0281377308733151
"hsa-miR-576-5p"	2.53179480032228	5.75452922567068	11.2145370330312	0.000811590543061208	0.00201241328534565
"hsa-miR-580-3p"	5.98773184655115	2.67729770741739	12.0659255838874	0.000513518079936016	0.00134902587485894
"hsa-miR-582-3p"	0.740112556822106	3.07436383764391	0.387684379953969	0.533519108129637	0.600208996645842
"hsa-miR-582-5p"	-0.501725777907027	3.26687574134317	0.172962918894132	0.677491881390544	0.733320833754575
"hsa-miR-584-5p"	-5.18501405321352	4.98236152075505	24.4307522615514	7.70292451737547e-07	3.94065401625735e-06
"hsa-miR-589-3p"	0.746582210318779	4.2131321321351	0.807473583295247	0.368868242291269	0.447057271205877
"hsa-miR-589-5p"	1.64855940017149	8.56208772798695	2.15266291582248	0.142322854726609	0.205859843443846
"hsa-miR-590-3p"	4.1430804199525	6.38667052608792	20.1071895817344	7.3220912183302e-06	3.12152309834077e-05
"hsa-miR-590-5p"	2.43658013253053	2.89406558978927	4.07290147439701	0.0435763625830161	0.0740493434103002
"hsa-miR-598-3p"	9.3000563364191	5.5633077821166	46.8177186073106	7.79058506900613e-12	1.05172898431583e-10
"hsa-miR-615-3p"	-1.49283731551356	3.4006959087361	1.71776579779087	0.189980890027566	0.263050463115091
"hsa-miR-616-5p"	1.30775036265996	4.39127668539535	0.83870027289276	0.359768758153945	0.43931561925331
"hsa-miR-625-3p"	-0.736344087076703	6.39732282447986	0.400688160481107	0.52673407602588	0.595332002205995
"hsa-miR-625-5p"	-0.787833885625651	5.36364039015985	0.791102117888594	0.373767077199886	0.449684577112107
"hsa-miR-627-3p"	2.45796245114059	2.90837219607235	4.35054366028987	0.0369971340100588	0.0639879257255821
"hsa-miR-628-3p"	1.2023153826166	3.27355480830074	0.856689233388036	0.354666847609299	0.435272949338685
"hsa-miR-628-5p"	0.940899615978471	3.76370620847079	1.44216075122918	0.229790003765515	0.308502601740443
"hsa-miR-629-3p"	2.17635027986514	2.72483406874672	2.31088810723858	0.128470628864297	0.189202198872873
"hsa-miR-629-5p"	1.05934642346633	5.49067125331793	0.679294679003187	0.40982970469085	0.488179501175866
"hsa-miR-641"	0.513786117476608	4.05133105482098	0.281985214941485	0.59540297905942	0.660652620600178
"hsa-miR-642a-5p"	3.12262181674505	3.50538358556717	6.63828293427074	0.0099810088970623	0.0209990057314817
"hsa-miR-6503-3p"	7.01524656358552	3.47749348675538	11.9224927545836	0.0005546021932541	0.00144137254503472
"hsa-miR-651-5p"	6.95079484211445	3.42424272071327	19.0911070390855	1.24624241030962e-05	5.04728176175398e-05
"hsa-miR-6516-3p"	6.29712695886645	2.90462982516366	13.9875860799531	0.000184021617371424	0.000545332353917758
"hsa-miR-652-3p"	0.649607811897331	6.93531396491304	0.313322624885609	0.575648411097114	0.643138224811948
"hsa-miR-652-5p"	1.93623802559859	3.35792481845081	5.45785665009052	0.0194805280904039	0.0364136025074473
"hsa-miR-654-3p"	-10.7959306612681	9.65977732268916	73.1208173038339	1.21951447844409e-17	6.58537818359809e-16
"hsa-miR-654-5p"	-8.61989348758067	4.38401582581907	32.6813304874327	1.08575097565216e-08	7.13074289414797e-08
"hsa-miR-655-3p"	-5.92611587754525	2.27398290246376	5.80487025899605	0.0159818469344498	0.0313192645570266
"hsa-miR-656-3p"	-8.41798454149197	4.20240970478183	39.2040592853222	3.81745734481405e-10	3.31300762424934e-09
"hsa-miR-659-5p"	2.17152814746916	3.46567431748718	2.9053487750939	0.0882861541586372	0.136425164810195
"hsa-miR-660-5p"	1.20236310931808	8.48772165968626	2.44127797286839	0.118179908916546	0.175108035772687
"hsa-miR-664a-3p"	2.27544148180344	6.48716226726799	5.93103272539204	0.0148765210962278	0.029807344970593
"hsa-miR-664a-5p"	3.71177708659093	3.99262438395718	11.9328068829895	0.000551540162964259	0.00144112107097113
"hsa-miR-665"	-9.57518202754978	5.27271969168303	43.4827294659398	4.27717645184141e-11	4.72433580817028e-10
"hsa-miR-668-3p"	-6.84163636912657	2.89756790127927	21.2992122277628	3.92892924597516e-06	1.75179781059076e-05
"hsa-miR-671-3p"	-1.9717845946382	7.34858129448984	10.4791464552445	0.00120729520339772	0.00296336095379441
"hsa-miR-671-5p"	-0.00483373975714189	4.42345766210265	6.14213838674438e-05	0.99374689942029	0.99374689942029
"hsa-miR-6731-3p"	6.58400677929418	3.12669014360808	15.8204468740014	6.9645808267907e-05	0.000221227861556881
"hsa-miR-6769b-3p"	2.77199829066846	3.12877802585951	5.36404834321549	0.0205560015578181	0.0382766925559372
"hsa-miR-6803-3p"	3.29896638019029	3.65187826936743	9.6974114245106	0.00184527768514555	0.0044840247749037
"hsa-miR-6842-3p"	8.25514935129935	4.57569324284583	36.4979798263244	1.52824560165503e-09	1.19794735871668e-08
"hsa-miR-7-1-3p"	2.9429616897578	6.27375575211836	17.6243496863937	2.69120461180974e-05	9.47772058941691e-05
"hsa-miR-7-5p"	3.658371790572	7.34241071166395	7.13453170387982	0.00756133873817691	0.0163324916744621
"hsa-miR-708-3p"	-4.42062050606117	4.04633021771734	17.9120193993405	2.31355380510053e-05	8.32879369836192e-05
"hsa-miR-708-5p"	-2.85919049391302	4.07466596484348	5.52283066055945	0.018769863045582	0.0357156917932794
"hsa-miR-744-3p"	-2.23518127432667	3.09014650557303	3.74694008337914	0.0529042774147587	0.0880530096697696
"hsa-miR-744-5p"	-1.02218382296145	7.60932805762448	2.29721631663841	0.129606091329252	0.190297765516666
"hsa-miR-758-3p"	-9.9041949568412	5.58690629656963	57.9825238190957	2.64456804129825e-14	6.76452667405763e-13
"hsa-miR-766-3p"	4.03791549900112	6.56070805613349	25.5811801281252	4.24156221467118e-07	2.26527388607713e-06
"hsa-miR-769-5p"	-0.0664282400383	9.39010304372436	0.0111189242661034	0.916021670893602	0.927471941779772
"hsa-miR-7706"	0.799477987631807	4.78192343248406	0.971431779642811	0.324323356621295	0.404733264843129
"hsa-miR-7974"	-5.62303108923492	4.1643267491569	6.0821930522901	0.013655115160854	0.0276516082007294
"hsa-miR-7977"	-0.202227037216512	2.85122015150212	0.0178183840036796	0.893809415290483	0.908768568684466
"hsa-miR-873-3p"	4.25316216055674	6.15505780326731	5.72807363665205	0.0166957873390943	0.0325869584208829
"hsa-miR-873-5p"	6.96854677312116	8.39354539229913	16.3659052620559	5.2216110995961e-05	0.000170315637208302
"hsa-miR-874-3p"	2.91929576387624	6.85872075964046	2.99114961904119	0.0837207130599595	0.132535070186125
"hsa-miR-874-5p"	7.07657281795968	3.52922223075565	22.6161753236501	1.97812173918668e-06	9.09834179822792e-06
"hsa-miR-876-5p"	5.74198793272168	5.71050993820873	3.74844149313621	0.0528567737924526	0.0880530096697696
"hsa-miR-877-3p"	-3.50517800119201	2.01615489336908	2.70427398687023	0.100079632766122	0.151995942263547
"hsa-miR-877-5p"	-1.44443617255258	5.14543373422938	5.58410649174581	0.0181241768614383	0.0349537696613453
"hsa-miR-887-3p"	-8.4230606111916	4.20698688608491	37.6866354606011	8.3071756645e-10	6.84285995414746e-09
"hsa-miR-889-3p"	-9.86586346648001	5.55015661038537	57.4999724903681	3.37984012683249e-14	7.82191572209804e-13
"hsa-miR-9-3p"	6.21432996463052	2.84243456395523	13.5350908070111	0.000234144054135249	0.000673337339110834
"hsa-miR-9-5p"	-0.926238844848714	6.26872511303246	0.945967868638121	0.330747769680846	0.411108480984377
"hsa-miR-92a-3p"	0.601785960419088	16.0068830300953	0.661745419630492	0.415944420005173	0.492046010993399
"hsa-miR-92b-3p"	-3.92720892251419	11.2770932586482	14.2033661965704	0.00016407673219046	0.0004892103794145
"hsa-miR-93-3p"	-0.98736895098183	4.93677294817971	2.61069265659027	0.106145391071385	0.160706106108078
"hsa-miR-93-5p"	0.0633221117112705	9.91426128463685	0.00506248190853853	0.943277483178069	0.951511891758598
"hsa-miR-935"	-9.8053847150826	5.49220426402373	54.1753926645191	1.83368862692499e-13	3.87466379428497e-12
"hsa-miR-940"	-2.30106822863247	3.89695693417672	5.91091058440589	0.0150473918404399	0.0299714444034991
"hsa-miR-941"	0.881060005642159	8.58193404246961	0.587675325296267	0.443319466524016	0.51509680392466
"hsa-miR-941-3-5p"	0.88014984345126	6.28837410173634	0.587350936570321	0.44344532723475	0.51509680392466
"hsa-miR-942-5p"	1.45169774073998	3.78206040233575	1.21255783210078	0.270826140804584	0.352872666034928
"hsa-miR-95-3p"	7.14538801536791	3.58774178813959	24.8150488316794	6.31028891466857e-07	3.26255363034992e-06
"hsa-miR-96-5p"	-7.31757236885225	4.81522424919549	7.17791643568088	0.00738063709620249	0.0161576109403352
"hsa-miR-98-3p"	-2.2352834252995	3.98996117801861	5.04436045730238	0.0247062259363011	0.0448030813620982
"hsa-miR-98-5p"	0.156540605243587	10.7359311553818	0.0481307539927975	0.826348421508163	0.859968592832907
"hsa-miR-99a-3p"	-3.41945654042827	2.44537343454325	5.20056870583588	0.0225794996551629	0.0412542738060494
"hsa-miR-99a-5p"	0.324949284861459	6.47297097092263	0.177397052856672	0.673619781239409	0.732391976918015
"hsa-miR-99b-3p"	-3.25057343932734	4.46663964800376	18.8452128140265	1.41766451130498e-05	5.69409051648117e-05
"hsa-miR-99b-5p"	-2.9482611990333	12.8649918725056	13.9118261253555	0.000191589199417922	0.000564317278285516
