"logFC"	"logCPM"	"LR"	"PValue"	"FDR2"
"hsa-let-7a-2-3p"	-5.65762633224212	2.7454810049737	16.6250771028506	4.55448356367677e-05	0.000156280174785373
"hsa-let-7a-3p"	-0.486870760905559	5.36045937889739	0.264620721806121	0.606963280864733	0.646518191303109
"hsa-let-7a-5p"	0.451614501043122	15.64651939524	0.590403757016929	0.442263030847328	0.494416690145362
"hsa-let-7b-3p"	-2.53290994752967	6.05759610051353	12.7382051342548	0.000358261339948881	0.000914996313924885
"hsa-let-7b-5p"	-1.77863640548324	11.936941072669	8.82644417243125	0.00296896336242234	0.00586370264078413
"hsa-let-7c-5p"	-6.87134081532866	8.77145870273023	47.7304479081589	4.89037175744022e-12	1.05365282410303e-10
"hsa-let-7d-3p"	0.576129730455562	7.3814244171338	0.911076021196259	0.339829079759921	0.398710355955947
"hsa-let-7d-5p"	0.797096895059536	10.4179478644362	1.52409656631503	0.217000611705864	0.27283366034106
"hsa-let-7e-3p"	-6.4778183236143	2.70490874449876	20.706801226988	5.3525547657326e-06	2.56273834238106e-05
"hsa-let-7e-5p"	-4.4917924210443	10.2717160944229	9.96410143882876	0.00159622062501105	0.00348667546661401
"hsa-let-7f-1-3p"	-0.854263937347977	3.72913735023256	1.32769075685209	0.249216450348577	0.306032635920274
"hsa-let-7f-2-3p"	0.513936938036468	3.53473996977284	0.269286579433161	0.603810742719835	0.64460876587658
"hsa-let-7f-5p"	1.10419273627349	15.0982884559915	3.61404972649734	0.0572934444348781	0.083560285114253
"hsa-let-7g-3p"	2.7784781602585	4.47621939873909	6.95867448415596	0.0083413807578403	0.0146981950900234
"hsa-let-7g-5p"	3.00987084733321	14.1038525210652	21.4533195560417	3.62547832141872e-06	1.79007992120049e-05
"hsa-let-7i-3p"	2.87563760300669	7.73407990818037	16.6761017688189	4.43360224363158e-05	0.000154278168161411
"hsa-let-7i-5p"	-0.345510759423254	13.7929042585732	0.376455612133781	0.539506263588729	0.586527451699674
"hsa-miR-100-3p"	-8.91212991710404	5.54774042347937	42.1669043847528	8.38063721661929e-11	1.41872215738484e-09
"hsa-miR-100-5p"	-12.363000450076	16.6978238189075	77.3889336999891	1.40399655430606e-18	8.31867958426342e-17
"hsa-miR-101-3p"	3.02578960711016	13.229224992729	7.04397959630251	0.00795321213176872	0.0140786280066209
"hsa-miR-101-5p"	4.13426333167904	4.13527472665966	8.37435543588072	0.00380552502254003	0.00727346314791926
"hsa-miR-103a-3p"	0.874044945929011	11.8633318434176	2.12991718253994	0.144448560198445	0.188100597621052
"hsa-miR-106a-5p"	7.23598943482446	4.11076391126596	32.1427548965777	1.4324989542293e-08	1.54052172988583e-07
"hsa-miR-106b-3p"	2.42775602044663	9.10807231846789	13.0220748580644	0.000307840549285136	0.000806168068293672
"hsa-miR-106b-5p"	1.63352224204415	8.07358013788987	2.53669897892144	0.111227106720527	0.150859639021901
"hsa-miR-107"	-4.49743462637709	6.47225683780721	18.9545949947182	1.33866486174336e-05	5.66542093273528e-05
"hsa-miR-10a-3p"	-5.43005690267913	3.46042013564259	9.12263351185036	0.0025246625836499	0.0052257208063321
"hsa-miR-10a-5p"	-3.11737544198626	13.7734719750994	14.8885921841427	0.000114050604479083	0.000360399910153902
"hsa-miR-10b-5p"	-6.10752216382516	12.2072227473765	13.8372741276158	0.00019934218143439	0.000549349965115702
"hsa-miR-1180-3p"	-3.59226520656149	3.14960817629468	5.71091486256003	0.0168597507832426	0.0282385931846536
"hsa-miR-1185-1-3p"	-6.76089413178516	3.58322453248784	11.0244167491652	0.000899195664617893	0.00207911582940918
"hsa-miR-1185-2-3p"	-4.95922480189046	1.82186615536719	6.38205456922721	0.0115279906426083	0.0197980708862186
"hsa-miR-1185-5p"	-6.15902095599846	2.96820333865911	8.8277335311043	0.00296686636893141	0.00586370264078413
"hsa-miR-1197"	-6.6612754517125	2.8494496241671	9.01134551894869	0.00268308823159883	0.00543497359734123
"hsa-miR-122-5p"	3.60975286606177	4.83055355804431	4.29408261319494	0.0382452240533633	0.0582901485572161
"hsa-miR-1226-3p"	-2.50214014276026	2.86507635028981	4.87650680773464	0.027224662052731	0.0433036570905856
"hsa-miR-1233-3p"	-3.06148630985597	1.86915954581177	3.58665141279602	0.0582454979922931	0.0846882394121071
"hsa-miR-1248"	4.1739811406299	3.70076636016317	6.44878280938281	0.0111028382204091	0.0191372556962687
"hsa-miR-1249-3p"	-1.95510917495675	3.21841977264081	4.25791809672783	0.0390677731652463	0.0593529630779704
"hsa-miR-1257"	-5.9940484916922	2.36026878882733	10.8263680989907	0.00100064728184012	0.00229133725406867
"hsa-miR-125a-3p"	-4.60268037244509	3.64335149470351	14.3177266019889	0.000154404032653647	0.000449003137900791
"hsa-miR-125a-5p"	-5.18376387597061	12.1442027573764	35.1894906554733	2.99133473091843e-09	4.17027253663334e-08
"hsa-miR-125b-1-3p"	-12.9285563006382	9.29894913507884	102.720863199286	3.85859380498929e-24	4.57243365891231e-22
"hsa-miR-125b-2-3p"	-6.28037035114243	6.07512898831382	24.9711523771006	5.81945468172506e-07	3.62950199886537e-06
"hsa-miR-125b-5p"	-11.4479060513315	14.0423103349116	112.580367398962	2.66634938217347e-26	6.31924803575112e-24
"hsa-miR-126-3p"	-4.93130775371413	7.84478377815869	13.307141820028	0.000264397093444753	0.000704068664566365
"hsa-miR-126-5p"	-2.13364596120075	9.35355347546825	2.43827777658852	0.118406161553904	0.158097241060705
"hsa-miR-1260a"	-1.27738239554118	4.10091837120404	2.44837908709658	0.117646297489231	0.157526398333038
"hsa-miR-1260b"	-1.46739625353655	3.60562141387147	2.61169060570121	0.106078620354283	0.144486396689455
"hsa-miR-1269b"	-4.69779413666217	1.7103384784221	4.81631448860615	0.0281915621065693	0.0446916402625881
"hsa-miR-127-3p"	-8.96457068550635	12.6072196137914	38.4761867450074	5.5425863823822e-10	8.75728648416387e-09
"hsa-miR-127-5p"	-7.02002107518404	4.15242708456626	17.3242532839641	3.15138969895349e-05	0.000117618796638106
"hsa-miR-1271-3p"	-3.96412876622278	2.41937604961144	3.90348455400048	0.0481860672584048	0.0720510911056274
"hsa-miR-1271-5p"	-0.886050351467777	7.39532233661512	0.562662124625096	0.453189616357251	0.50543971330197
"hsa-miR-1273h-3p"	9.21468135212051	5.3966272684605	45.7379681793141	1.35177095033667e-11	2.56295772183832e-10
"hsa-miR-128-1-5p"	2.53983053124877	4.89288679373645	4.73093645365253	0.0296247514917446	0.0466516020169001
"hsa-miR-128-3p"	-0.557858011637687	8.98971593013751	0.787472353030111	0.374865526382493	0.436575576180103
"hsa-miR-1285-3p"	-2.74632260198503	2.61363995840457	2.61191566219056	0.106063568654668	0.144486396689455
"hsa-miR-1296-5p"	-4.76822065876805	3.96745645712781	26.1324868216254	3.18775266687838e-07	2.22205112367699e-06
"hsa-miR-1299"	6.18600282465429	2.74228685263201	5.99047342763737	0.0143833415650944	0.0242622914656753
"hsa-miR-1301-3p"	-1.647550304149	4.97186940304706	3.66705849149619	0.0554980482451251	0.0819503889974744
"hsa-miR-1304-3p"	-0.725498030442759	5.30829729803302	0.677068798633718	0.410597903767274	0.465606235372459
"hsa-miR-1306-3p"	-2.72297792053026	1.91742624995328	3.62810035637913	0.0568116273082065	0.0833706233563154
"hsa-miR-1306-5p"	-4.60299626644488	3.40999107323033	9.62675320003817	0.00191763307537581	0.00409440575553213
"hsa-miR-1307-3p"	-0.455664716040142	7.12496005720808	0.497429161227082	0.480631909677658	0.530412686809926
"hsa-miR-1307-5p"	-1.65174025290314	8.42996341504892	4.6101056437238	0.0317840751382548	0.049886263627592
"hsa-miR-130a-3p"	-4.97258355370997	8.62489555920781	39.3693914375323	3.50752233324928e-10	5.73298477917296e-09
"hsa-miR-130b-3p"	-2.48079324669773	8.31947365231046	14.1375396865414	0.00016991880456365	0.000491106788799816
"hsa-miR-130b-5p"	-4.37848704653761	6.85502822464581	33.5356086617109	6.99711793759163e-09	8.08935098150838e-08
"hsa-miR-132-3p"	-0.914085476934136	5.98436104647856	0.694656656990464	0.404584980934952	0.460993463853768
"hsa-miR-132-5p"	-2.4669139210007	3.50848026989045	7.72491759437853	0.00544638456854184	0.010068457542229
"hsa-miR-133a-3p"	-0.987296376094415	2.45153931958683	0.462571557187707	0.496424598520523	0.542263069377107
"hsa-miR-134-5p"	-9.54584193161502	5.32825407756475	30.1060367506788	4.09055890061864e-08	3.59060170165414e-07
"hsa-miR-1343-3p"	-5.84876915574279	4.22186439899893	15.9187914563966	6.61189904590407e-05	0.000219163646696401
"hsa-miR-136-3p"	-7.90593832897044	7.26398086696192	23.0409757063302	1.58585128706479e-06	8.84345305963186e-06
"hsa-miR-136-5p"	-7.94690349305256	4.87029290457686	25.7283998573591	3.93000980155695e-07	2.62369668441971e-06
"hsa-miR-137"	-6.34877776158369	2.62276316845429	9.69004439807781	0.00185269063248039	0.00399170618088956
"hsa-miR-138-5p"	-2.65869811871249	7.28758209120709	3.80038847388824	0.0512406932556068	0.076138208787328
"hsa-miR-140-3p"	1.52122203980947	12.1111666239955	3.12032141777104	0.0773215305390077	0.108433152294348
"hsa-miR-140-5p"	1.42444490384722	5.89960075076797	2.67962973784218	0.101639357705192	0.139240044948731
"hsa-miR-141-3p"	9.94103119179668	9.7079828515471	46.8678879085763	7.59368172947951e-12	1.56495875642317e-10
"hsa-miR-142-3p"	14.8690088019704	10.9926391859138	54.7941841591096	1.3383623579984e-13	4.22922505127495e-12
"hsa-miR-142-5p"	14.5107858969899	15.8134229638139	114.755337163553	8.90314298000068e-27	4.22008977252032e-24
"hsa-miR-143-3p"	-5.33082570591023	11.6907381958014	43.8017549564279	3.63379048000794e-11	6.37932106490284e-10
"hsa-miR-143-5p"	-6.00958923960929	2.98136900489829	16.6132802296803	4.58289964033055e-05	0.000156280174785373
"hsa-miR-144-5p"	5.86211636248508	2.51513528420106	9.64052835156262	0.00190330480473556	0.00408220125540567
"hsa-miR-145-3p"	-6.5187927608584	4.09901573437536	25.3305417293903	4.83000142254317e-07	3.13619270450063e-06
"hsa-miR-145-5p"	-6.00235967384017	5.074293833963	35.8099471540851	2.17534405641053e-09	3.12458509920786e-08
"hsa-miR-1468-5p"	1.9445781529934	5.11266406704134	5.03163836026955	0.0248883440532901	0.0399057751758097
"hsa-miR-146a-5p"	6.00477540572776	12.8305432672093	24.0847032750277	9.2189724735961e-07	5.39480611417846e-06
"hsa-miR-146b-3p"	2.01479239101572	6.41929671712577	1.96720877449861	0.160744446739774	0.207609993881888
"hsa-miR-146b-5p"	3.53881630256398	13.664665301678	4.47913197060905	0.0343111431620044	0.0531486335254578
"hsa-miR-147b"	-2.04558948685901	2.09420175588893	2.14719931246355	0.142830225790743	0.186505584090392
"hsa-miR-148a-3p"	-1.127173180672	11.7636941136937	1.35826922786475	0.243837664834646	0.300987117530266
"hsa-miR-148a-5p"	0.270865661934461	5.68799422219047	0.0695733522624415	0.791958994136144	0.812529357620199
"hsa-miR-148b-3p"	0.0675160595001549	10.474676732499	0.0117146192158017	0.913810000292211	0.923552111169526
"hsa-miR-148b-5p"	-0.816207542569194	5.86666114511112	1.31594256937216	0.251321532858342	0.307820172028047
"hsa-miR-149-5p"	-8.69802813659675	7.50790502074616	59.0146781178267	1.56500182587555e-14	5.29864903903579e-13
"hsa-miR-150-3p"	10.652729004496	6.79733116260733	49.8649781701013	1.64698298397137e-12	4.30710077652066e-11
"hsa-miR-150-5p"	13.1926726385718	13.6416022386413	108.152750654905	2.48841695069226e-25	3.93169878209376e-23
"hsa-miR-151a-3p"	1.20636287396288	12.8807727501907	4.07091680973156	0.0436275890445754	0.0658582076660151
"hsa-miR-151a-5p"	-0.343236135067382	12.7664437637511	0.328522640879839	0.566530308284139	0.611697872725927
"hsa-miR-151b"	4.73074555487456	7.58489351866331	36.3640005547309	1.63699053457367e-09	2.42479222933725e-08
"hsa-miR-152-3p"	-3.63057560832455	7.29465153380812	26.0061777316674	3.40326601204929e-07	2.30449727101623e-06
"hsa-miR-152-5p"	-5.5190793528392	4.56747308863451	30.0127829738326	4.29207532240958e-08	3.69898855058571e-07
"hsa-miR-154-5p"	-6.28574576576054	2.56783332815508	10.4737570805796	0.00121082223131339	0.00272004614996468
"hsa-miR-155-5p"	4.65398280780966	13.1379019407094	13.684785839276	0.000216198919277204	0.000588955676651693
"hsa-miR-15a-5p"	3.90706318751177	11.571557009742	19.4959786631479	1.00811689983308e-05	4.42451306037853e-05
"hsa-miR-15b-3p"	-0.0825665496602459	5.465427061679	0.0171469402136897	0.895817767555834	0.907302610729627
"hsa-miR-15b-5p"	0.531874101967836	8.29758508147235	0.635601767755951	0.425307962851107	0.478850295466567
"hsa-miR-16-1-3p"	-0.315149965206803	2.75874175081575	0.0330153542091107	0.855817163440593	0.87238136660396
"hsa-miR-16-2-3p"	1.72736000838122	6.64239805173583	5.02943253648228	0.0249200621351048	0.0399057751758097
"hsa-miR-16-5p"	4.61230520702118	14.66626810063	31.6040007008167	1.89039733650158e-08	1.90648582447181e-07
"hsa-miR-17-3p"	0.788191178660383	7.25264870738192	0.748262624214563	0.38702685229082	0.447440799965485
"hsa-miR-17-5p"	2.70529184537027	8.61254180012174	12.7570488184831	0.000354670045022667	0.00091366087685187
"hsa-miR-181a-2-3p"	2.61303172675371	7.91862337337362	13.201501963911	0.000279724851794995	0.000736608776393487
"hsa-miR-181a-3p"	1.5883421161957	9.00393598819828	5.66415154687782	0.0173150905027957	0.0287977294678076
"hsa-miR-181a-5p"	4.37633257900267	16.2973238338714	28.6292746023473	8.76470594941221e-08	6.92411770003565e-07
"hsa-miR-181b-3p"	0.419734527480296	2.96330453963163	0.161819738731889	0.687486624078856	0.720948362418977
"hsa-miR-181b-5p"	1.47328735705618	10.7789486258207	5.06332476378901	0.0244373136421652	0.0393989342394091
"hsa-miR-181c-3p"	-1.71012792429021	4.79124916743972	4.73902931581882	0.0294857034123512	0.0465874113915149
"hsa-miR-181c-5p"	0.813661543404118	8.19134245055626	1.49356317464757	0.221664435144272	0.276713174849047
"hsa-miR-181d-5p"	-1.78094749305449	4.69747574772968	4.57537975140941	0.0324345561506077	0.050572301366408
"hsa-miR-182-5p"	4.13781006703737	7.84599329027171	9.53889831140698	0.0020116245307778	0.00427582972012861
"hsa-miR-183-5p"	3.79476146715794	5.23151035151303	17.4488586790883	2.95141434029309e-05	0.000111917631783914
"hsa-miR-184"	-11.1853077355485	9.65962433679891	11.5133914107703	0.000690965986706542	0.0016375893884945
"hsa-miR-185-5p"	-0.687169094965338	6.06645548620013	0.618117728812957	0.431747610840815	0.483802287325169
"hsa-miR-186-5p"	1.69302714147047	13.487993229382	4.55104624310025	0.032898637964723	0.0511277193287827
"hsa-miR-188-5p"	-1.05277663768757	3.01924908979324	0.706498701052712	0.400608614459176	0.458667833946013
"hsa-miR-18a-3p"	0.381765905685156	3.44604236675386	0.212442779612224	0.644859478734689	0.680764794922589
"hsa-miR-18a-5p"	0.860050065569498	5.02637693660078	0.689431260263618	0.406357897557484	0.461903221684046
"hsa-miR-190a-5p"	-2.4803233860627	3.36189509113311	5.09659942340377	0.0239727970171802	0.0387819310107284
"hsa-miR-191-3p"	-1.68308550643499	3.27197255766303	2.94728268048135	0.0860220855743483	0.120278668325195
"hsa-miR-191-5p"	1.98765245645038	14.5353937960692	8.18772793085373	0.00421747110425813	0.00799632521367341
"hsa-miR-1910-5p"	-0.195670083372101	3.08768883235833	0.0448925009749246	0.83220182023622	0.850137204293035
"hsa-miR-192-5p"	3.78938239229017	11.9116246414114	16.6652258317785	4.45909473377918e-05	0.000154278168161411
"hsa-miR-193a-3p"	-7.982857230709	7.45451032457794	29.0789956850459	6.94862718446391e-08	5.67870566454464e-07
"hsa-miR-193a-5p"	-1.66891339704137	7.19771415900506	6.35995764415359	0.0116724329992923	0.0199737662153954
"hsa-miR-193b-3p"	-4.67230236122328	7.98649159383304	33.4317034093039	7.38108988342325e-09	8.26640191164735e-08
"hsa-miR-193b-5p"	-3.98073738134883	2.91400234346253	14.7443671344576	0.000123114787248631	0.000376492962295813
"hsa-miR-194-5p"	3.04245340964684	5.948128717154	7.11002326777585	0.0076654114703899	0.0137109624036408
"hsa-miR-195-5p"	0.740092943757798	6.62320030982605	0.830204329502746	0.362213451658465	0.422879744054464
"hsa-miR-197-3p"	0.698652777663185	9.34580102568784	1.15007409742473	0.28353363897258	0.340240366767096
"hsa-miR-1976"	6.65490629049668	3.10323515038094	24.9977796077548	5.7396374514819e-07	3.62745086933656e-06
"hsa-miR-199a-3p"	-7.50062172382781	11.7860405032815	84.1176208541463	4.66197006201643e-20	3.68295634899298e-18
"hsa-miR-199a-5p"	-8.32050923469589	9.95719089406293	70.3579027636861	4.94642974701793e-17	2.60511966676277e-15
"hsa-miR-199b-3p"	-7.56681029499962	10.6556630418852	84.7454786972571	3.39354230940425e-20	3.21707810931523e-18
"hsa-miR-199b-5p"	-6.75570510464534	9.55455245399824	13.5182661112234	0.000236252596285893	0.000633879037202376
"hsa-miR-19a-3p"	1.49599566422294	7.31810101932545	1.49244451658411	0.221837566334679	0.276713174849047
"hsa-miR-19b-3p"	3.0151281101398	10.0562935315809	7.49526204007569	0.00618615292405117	0.0112346225517251
"hsa-miR-200a-3p"	8.41312056549667	4.64477892183312	30.7676193396503	2.90850911413986e-08	2.75726664020458e-07
"hsa-miR-200b-3p"	4.28352554870644	4.96792132569272	8.38193498431946	0.00378968744794907	0.00727251761266339
"hsa-miR-200c-3p"	6.59418951339463	4.9873965282064	34.3069977770865	4.70686296562385e-09	6.19736957140474e-08
"hsa-miR-204-5p"	-9.50501830380516	8.58719512383369	54.4069485860603	1.62985531466637e-13	4.82844636969911e-12
"hsa-miR-205-5p"	-6.24115610557769	2.90918877816995	13.9189315216075	0.000190866321434117	0.000532180213881008
"hsa-miR-20a-5p"	4.43461946927543	9.92970394342954	26.3976051233326	2.77884811722519e-07	1.96593135457424e-06
"hsa-miR-20b-5p"	9.62346956203733	5.79420237610081	49.7724933425299	1.72647499480786e-12	4.30710077652066e-11
"hsa-miR-21-3p"	1.15631314658955	11.4064714378648	1.07903443890075	0.298913659034988	0.355100437049083
"hsa-miR-21-5p"	-0.456573255232865	15.1397659864756	0.373321889435829	0.541199098459614	0.58702144775711
"hsa-miR-210-3p"	-2.26520985268081	7.40590212252161	7.79246185667075	0.00524646594331562	0.00975225434169257
"hsa-miR-210-5p"	-1.15169835072193	4.52130948480299	1.08172374897035	0.298312261427664	0.355100437049083
"hsa-miR-2110"	2.84342811942542	3.08647027138014	8.77972334320274	0.00304597393313655	0.00599083669836815
"hsa-miR-2110-3p"	0.284831878270821	3.70369222359491	0.102646208865741	0.748676896461714	0.773240482884116
"hsa-miR-212-3p"	-1.85995987574689	3.85894135306212	2.36649808576239	0.123964858532242	0.165054334113153
"hsa-miR-212-5p"	-3.64562835112987	3.84398286649895	6.62918578430104	0.0100321111186975	0.0174183907335627
"hsa-miR-214-3p"	-8.81739437475349	7.04713153140436	62.5377644257541	2.61384164526675e-15	1.03246744988037e-13
"hsa-miR-214-5p"	-8.02538973993028	5.21511846693457	46.3200459944697	1.00431177995848e-11	1.983515765418e-10
"hsa-miR-215-5p"	-0.15812233573094	4.13310045580314	0.0273012464815761	0.868762253964347	0.883676627422963
"hsa-miR-216a-5p"	-5.56361855995182	2.12854281780857	7.70672704044268	0.00550154114649224	0.010068457542229
"hsa-miR-217"	-4.9689546050477	1.82099122490591	7.81301576737742	0.0051871269346214	0.0096799140433486
"hsa-miR-218-1-3p"	-9.30874397868817	5.10212269828951	24.8137335247278	6.31459625113014e-07	3.88716704290349e-06
"hsa-miR-218-5p"	-7.94665459073999	5.82236235022354	14.7643557763406	0.000121816513310384	0.000374941735773519
"hsa-miR-22-3p"	-3.91501859435998	14.8517779507723	34.5993406753303	4.0504345650428e-09	5.48544566808653e-08
"hsa-miR-22-5p"	-3.49865411165438	5.51565164635044	17.8835315668093	2.34844545420605e-05	9.19969541565013e-05
"hsa-miR-221-3p"	-2.2565006164459	13.3128290637052	10.9859576588824	0.0009180483140251	0.00211240243130047
"hsa-miR-221-5p"	-3.75351226883157	9.4346576094662	21.4703925797829	3.59334130975811e-06	1.79007992120049e-05
"hsa-miR-222-3p"	-3.7278979907185	12.755590999875	37.1501355273178	1.09375144927911e-09	1.67238124825258e-08
"hsa-miR-222-5p"	-3.24842976804991	4.8409282447807	10.1852702213956	0.00141566973392031	0.00312105792501501
"hsa-miR-223-3p"	7.31985151170572	9.52547712368086	28.2593519484153	1.06100774333267e-07	8.11157532805945e-07
"hsa-miR-223-5p"	9.04704364685636	5.23619737599756	44.3060408233152	2.80848238716172e-11	5.12007942890253e-10
"hsa-miR-224-3p"	-6.29898125152535	2.57474715923281	10.5167306962145	0.0011829858604591	0.00267016808503625
"hsa-miR-224-5p"	-9.29351230196759	9.00809386050847	33.7072973131897	6.40599298586763e-09	7.59110168825315e-08
"hsa-miR-2355-5p"	1.49345227163357	4.17759952835908	3.46301219187721	0.0627558944650657	0.0904142674055962
"hsa-miR-23a-3p"	-3.03614208251756	10.3275708858348	18.1712124290975	2.01907847941537e-05	8.04237982557047e-05
"hsa-miR-23a-5p"	1.01245847778137	4.4396924744078	1.3426637886813	0.246564749501829	0.303562834451602
"hsa-miR-23b-3p"	-5.19526539113914	10.4253348811165	25.3853878632648	4.69460676089589e-07	3.09061611758979e-06
"hsa-miR-23b-5p"	-5.52282411261964	2.5074355043316	12.8729184931493	0.000333371310285478	0.000868230775139101
"hsa-miR-24-1-5p"	-3.99003300565209	2.72894094547405	7.0874678981211	0.00776248465524284	0.0138323974683651
"hsa-miR-24-2-5p"	-3.94762436365717	6.36994090575144	17.6570109796939	2.64538344594401e-05	0.000102779651916185
"hsa-miR-24-3p"	-2.0787349618939	9.75694520064837	6.02650437419882	0.0140926150552784	0.0238567840578642
"hsa-miR-25-3p"	2.8389647981642	12.6505274437503	16.7352404984669	4.29752748134671e-05	0.000152017016877488
"hsa-miR-25-5p"	0.495202997112303	4.00516830492158	0.551388733672625	0.457750812900697	0.509328369283874
"hsa-miR-2682-3p"	-5.40584305202775	2.03598227815211	8.51476115636187	0.00352277157015989	0.00684341690268765
"hsa-miR-2682-5p"	-6.05714726529198	2.42998319197598	8.96347145570882	0.00275431040441156	0.00553196242241983
"hsa-miR-26a-2-3p"	-0.263725365395424	4.04988311255837	0.101193420234161	0.750402156385429	0.773240482884116
"hsa-miR-26a-5p"	2.21857506205389	15.7259500907843	10.4248879678159	0.0012432839915505	0.00277979533959875
"hsa-miR-26b-3p"	1.95314768170474	5.08344993412126	7.47762868782874	0.00624702919223865	0.0113018772409203
"hsa-miR-26b-5p"	3.59513324195336	13.1273049541553	22.2011558917765	2.45525936415339e-06	1.27889333913045e-05
"hsa-miR-27a-3p"	-1.97421027834473	11.0965012064566	7.04243625966978	0.00796006815564217	0.0140786280066209
"hsa-miR-27a-5p"	-0.355366400053492	6.01272025903359	0.184712878895366	0.667353964222009	0.701387536676789
"hsa-miR-27b-3p"	-2.21869187858814	14.2499119889148	8.95208206982929	0.00277153521624501	0.00554307043249002
"hsa-miR-27b-5p"	-2.84314470027801	5.99258898505003	14.9984728445047	0.000107598216143088	0.000344605097647458
"hsa-miR-28-3p"	2.28526945944243	13.6996451292876	9.21492100572459	0.0024005056919788	0.00499052499121909
"hsa-miR-28-5p"	1.24001964590543	9.76495292265056	2.30088700411175	0.129300141275225	0.169773592699326
"hsa-miR-296-3p"	-7.40678148667833	6.01629930703857	11.027996119193	0.000897461088478571	0.00207911582940918
"hsa-miR-296-5p"	-0.677560174310377	3.00188543575115	0.46240427019637	0.496502472805199	0.542263069377107
"hsa-miR-299-3p"	-8.00724740504774	3.92474297318675	17.9653396555314	2.24964117241649e-05	8.88608263104514e-05
"hsa-miR-299-5p"	-7.64051324343394	3.59878608372625	20.3419517735367	6.47649190565317e-06	2.98044384784427e-05
"hsa-miR-29a-3p"	0.224996370688325	13.5899335881972	0.104818984795656	0.746121557464601	0.773240482884116
"hsa-miR-29a-5p"	-1.56352416300623	4.60498690071778	3.47355744069197	0.0623570698453106	0.0901135704471867
"hsa-miR-29b-1-5p"	0.0710300892780997	3.52930224962836	0.00774250291445622	0.929883437184703	0.937797338777764
"hsa-miR-29b-3p"	0.62211109745562	9.47772502455359	0.397330908438107	0.528470916070869	0.575851067166878
"hsa-miR-29c-3p"	4.30840342451791	11.3649489853758	14.790214921782	0.00012015737099988	0.000372252247411392
"hsa-miR-29c-5p"	3.40584821580109	5.84445219643806	9.72460159726419	0.00181817728027579	0.00393523301758322
"hsa-miR-301a-3p"	-0.977022779618717	6.81642539971857	0.931386847997929	0.334502812613209	0.394413764126022
"hsa-miR-301b-3p"	-2.29595116602009	4.80055221323763	6.790620869093	0.00916380321525324	0.0160875656445557
"hsa-miR-30a-3p"	-3.88019048892851	5.51994325484433	14.4406597524018	0.000144645409239644	0.000425850459500568
"hsa-miR-30a-5p"	-0.859350692675474	11.2165445565927	1.24828528319267	0.263880231762138	0.32071597398783
"hsa-miR-30b-3p"	6.67303722543813	3.11802024931191	20.3620845993389	6.40870770315395e-06	2.98044384784427e-05
"hsa-miR-30b-5p"	3.10945069238595	10.9606693551213	11.3754067530841	0.000744229258416156	0.00175504810193661
"hsa-miR-30c-1-3p"	0.67281466255825	4.24341235861607	0.701435632654721	0.402301720961723	0.459496423459896
"hsa-miR-30c-2-3p"	-6.4656680596751	3.33404434935361	25.1139790712772	5.40396898465494e-07	3.46146121449519e-06
"hsa-miR-30c-5p"	1.12883056016554	11.1388566073149	2.93641575029878	0.0866027074310987	0.120734362712767
"hsa-miR-30d-3p"	3.21736058967542	6.3281789598968	14.8533333072084	0.000116202528454557	0.000364768201903709
"hsa-miR-30d-5p"	2.40754512330616	13.4994106870809	11.8393491555894	0.00057992091806469	0.00138829553112456
"hsa-miR-30e-3p"	4.46620494330895	9.41578425156879	9.1027305549524	0.00255228190790621	0.00525992010585889
"hsa-miR-30e-5p"	3.26923092798643	13.3557412218865	10.1964425738735	0.00140711840333978	0.0031167015102012
"hsa-miR-31-3p"	-9.41544263255343	6.02991900515027	29.6634122244303	5.13957857692308e-08	4.35028615260989e-07
"hsa-miR-31-5p"	-11.9660022986779	12.163708967865	65.0160768120629	7.42894989416964e-16	3.52132224983641e-14
"hsa-miR-3129-3p"	-3.01157641966461	2.28860945376757	2.49356341549285	0.114312642038455	0.153932364563146
"hsa-miR-3150b-3p"	9.22773875469574	5.40917160634096	47.7978249354471	4.72515962765558e-12	1.05365282410303e-10
"hsa-miR-3152-5p"	-7.32183480170621	3.34479814593674	12.5821312251403	0.000389452369370657	0.000976721815247045
"hsa-miR-3158-3p"	0.387933755558329	3.05338152399208	0.252867353647207	0.615063283158841	0.653677121563432
"hsa-miR-3168"	-5.37793588414004	2.5341441608292	17.2841850418148	3.2185448111761e-05	0.000119186737538865
"hsa-miR-3176"	1.39634214435785	2.88382634943579	1.21557442284571	0.27023092511327	0.327484662298599
"hsa-miR-32-3p"	2.48447617394025	2.84738871054628	5.68923911947624	0.0170692540385321	0.0284888254023388
"hsa-miR-32-5p"	4.5112586789967	7.46367180860467	9.28639546016276	0.00230861984946559	0.00484197260463137
"hsa-miR-3200-3p"	-4.32994053645332	3.57396881085465	13.5147023994946	0.00023670166579076	0.000633879037202376
"hsa-miR-320a"	-0.587073029641256	10.3930301040844	0.905324280975357	0.341358075974593	0.399515377807302
"hsa-miR-320b"	1.88381087826391	3.48987696399773	6.28839047886069	0.0121531364741358	0.020702613035377
"hsa-miR-323a-3p"	-7.28333838727599	4.85814190848014	17.0733182686549	3.59640443510187e-05	0.000130671327207901
"hsa-miR-323b-3p"	-8.31328848157816	4.19235187570047	14.0808493976073	0.000175117708315342	0.00050003490205706
"hsa-miR-324-3p"	-0.889654659359428	4.85635028149154	1.77907222706918	0.182263292886105	0.232238711903263
"hsa-miR-324-5p"	1.1179896170739	4.2140817779134	2.03271710632371	0.153945172032638	0.199917839845124
"hsa-miR-326"	-2.68553899025204	3.00569504789102	8.42778777697064	0.0036952965106039	0.00712020547165141
"hsa-miR-328-3p"	-0.190886948808187	5.90913810229334	0.0744019269581471	0.785032200359216	0.807169767831385
"hsa-miR-329-3p"	-8.76048095548123	4.59330110306783	21.1345954736378	4.28128869295242e-06	2.09209364995819e-05
"hsa-miR-330-3p"	0.050207941478462	4.21274863961209	0.00425790722308816	0.947972848541197	0.951989682645185
"hsa-miR-330-5p"	-0.0589170227653737	5.02432915349465	0.00464509023587567	0.945662328956244	0.951685655892271
"hsa-miR-331-3p"	-3.12088354358964	7.76603597300164	12.1370390273211	0.00049430194134135	0.00121398507873471
"hsa-miR-331-5p"	-1.25407154557691	3.72206163578962	2.48560476659967	0.114892177946933	0.15427448256897
"hsa-miR-335-3p"	1.4748240886448	6.49438656776019	1.79667239611802	0.180115307114249	0.230120365423596
"hsa-miR-335-5p"	2.03895247464213	5.10174997962269	2.30949885220119	0.128585501278946	0.169304243350612
"hsa-miR-337-3p"	-8.70839074816933	4.54720656506251	22.8353569954593	1.7648883015052e-06	9.72740761527286e-06
"hsa-miR-337-5p"	-5.50135572568912	2.09282439900434	8.2983028319995	0.00396821448686714	0.007553950468976
"hsa-miR-338-3p"	0.950686315896268	4.17244837740672	0.474677525286863	0.49084312201631	0.53856398110123
"hsa-miR-339-3p"	2.29279466725489	8.00128369639132	4.96055222677847	0.0259319247861469	0.0413863042041536
"hsa-miR-339-5p"	-1.63637674901122	7.31929625314776	3.17937568846104	0.0745732176055845	0.105201503407878
"hsa-miR-33a-3p"	1.38247598714713	3.28002915757172	1.86999662048781	0.171475466568983	0.220269298519507
"hsa-miR-33a-5p"	-1.04666554796888	4.23203649753643	0.493188477014277	0.482508435003519	0.530647327590877
"hsa-miR-33b-3p"	0.389963006125774	2.95076946534458	0.224552711916326	0.63559266237471	0.672479736530385
"hsa-miR-33b-5p"	-2.90301847026399	4.75136799603078	5.36783397316882	0.0205114332597234	0.0336415894986467
"hsa-miR-340-3p"	-0.325051053469452	3.5884718680599	0.226703051996763	0.633979315324281	0.672273367927761
"hsa-miR-340-5p"	1.28752246696544	8.72351072593798	2.00393003934717	0.156891960200631	0.203187948456555
"hsa-miR-342-3p"	4.28584882180272	11.5316657780893	21.4747338730605	3.58521525996e-06	1.79007992120049e-05
"hsa-miR-342-5p"	4.67209023449796	6.01968816256205	28.3662244654658	1.00401803246012e-07	7.80171389157537e-07
"hsa-miR-345-3p"	-7.90253565793406	4.3084632641982	7.70994833734035	0.00549173233802899	0.010068457542229
"hsa-miR-345-5p"	-0.781864888218912	7.65550124604102	1.73996871070083	0.18714279135094	0.237427828779075
"hsa-miR-34a-3p"	-4.15565977066005	2.52621161250068	5.25726159094827	0.0218553805154314	0.0355994857880223
"hsa-miR-34a-5p"	-4.48036434947584	7.54559327723305	23.9799266928063	9.73453299134514e-07	5.62703492426536e-06
"hsa-miR-34c-5p"	-7.76915479863105	6.14908369212802	32.0088274388904	1.53473590414067e-08	1.58144525774495e-07
"hsa-miR-3605-3p"	-1.60159019573066	3.30772878385751	3.34068562482696	0.0675864411326303	0.0964938948700806
"hsa-miR-3607-3p"	3.49992295403241	7.65105053912321	5.97750823860713	0.0144894591697187	0.0243546228597399
"hsa-miR-3609"	9.25610059537783	5.43639617700297	30.2427680268901	3.8121001786943e-08	3.54301075431588e-07
"hsa-miR-361-3p"	3.36263609425982	10.8779117358558	18.9203459722661	1.36291329632003e-05	5.71699913677606e-05
"hsa-miR-361-5p"	1.47793331995955	8.68767414920738	3.55263849103951	0.0594508456837582	0.0861764552113192
"hsa-miR-3613-5p"	1.25688247687776	3.95211829869895	1.46540970711309	0.226071337346365	0.281254104730123
"hsa-miR-3614-5p"	2.68078809164156	2.59030223277348	3.62047760518993	0.057072486723368	0.0834949342804828
"hsa-miR-3615"	3.89813695156712	5.76520725256866	14.6435103316798	0.000129881080476927	0.000392125045516327
"hsa-miR-362-3p"	2.07467014403796	2.84352791833147	2.53432876788461	0.111394248222922	0.150859639021901
"hsa-miR-362-5p"	2.26500374682731	5.36043358238042	4.14632111370484	0.0417250840273953	0.0631875074408478
"hsa-miR-363-3p"	13.5375909627637	9.66303496203787	81.3291722293283	1.91084977437675e-19	1.29391827579225e-17
"hsa-miR-3651"	1.20760180367671	4.30450380285662	1.15697553809002	0.282093671452284	0.339381454822941
"hsa-miR-3653-3p"	4.93168865124363	3.59074839769854	14.7121130385895	0.000125239147772002	0.000380534333614929
"hsa-miR-3653-5p"	5.13965652171608	3.76913075038666	16.6936102779631	4.39287086421233e-05	0.000154238577010122
"hsa-miR-365a-3p"	-5.25040423390209	6.39410389813179	33.9078111044911	5.77862345066255e-09	7.20807240951065e-08
"hsa-miR-365b-3p"	-5.27057636964751	6.41315247468799	33.8449432271447	5.96840217830052e-09	7.25390418593447e-08
"hsa-miR-365b-5p"	-4.768110142065	3.11304168144982	17.0654266690203	3.61138056207489e-05	0.000130671327207901
"hsa-miR-3661"	-1.40137553821274	2.63400429450339	2.31397891658541	0.128215470856116	0.169287279069078
"hsa-miR-3677-3p"	-2.26275662814669	2.17266855668838	1.92073713506442	0.165775421802342	0.213525950908452
"hsa-miR-3681-5p"	6.29846420596778	2.82770086547512	17.1339736611256	3.48336125593576e-05	0.000127993274055314
"hsa-miR-369-3p"	-7.68993277274959	5.16626669304281	15.858982231107	6.82418535126859e-05	0.000224629434479258
"hsa-miR-369-5p"	-8.68874965877748	4.53165513438203	14.4806521766069	0.000141606549928283	0.000419509404162537
"hsa-miR-370-3p"	-8.80579606155086	5.42118405365402	15.8011710156278	7.03589488008992e-05	0.000230000977459491
"hsa-miR-370-5p"	-5.5633029798438	2.1176995776916	9.05930871527705	0.00261360772418265	0.00533987095371799
"hsa-miR-374a-3p"	1.10447856760594	6.81149596913382	0.986706335005252	0.320548709557441	0.379850220825568
"hsa-miR-374a-5p"	2.23506448802222	6.90953652547248	4.41145039412671	0.0356984767534447	0.0546210569908573
"hsa-miR-374b-3p"	1.72093431818921	2.8316809461624	2.89616672123815	0.088790470928396	0.123421358416597
"hsa-miR-374b-5p"	0.638579755216612	5.87824209832858	0.62506506247777	0.42917128086838	0.482054945809508
"hsa-miR-376a-3p"	-7.27567177901156	3.3085956233551	12.6033560850144	0.000385054750620114	0.000970829530818798
"hsa-miR-376a-5p"	-8.82126813162289	4.65522338509003	17.5112101339356	2.85618647589057e-05	0.000110067673948954
"hsa-miR-376b-3p"	-6.86167313000113	2.99138026564124	16.7359240504871	4.29597946440581e-05	0.000152017016877488
"hsa-miR-376c-3p"	-8.13010701134342	4.62341522640636	18.8785845615454	1.3930782401648e-05	5.74190509424447e-05
"hsa-miR-377-3p"	-5.85576578281764	2.87778287746003	9.01826051830531	0.00267295647476003	0.00543497359734123
"hsa-miR-377-5p"	-8.07993069696465	3.98017616681098	19.8495780778709	8.37812229785569e-06	3.74644336715434e-05
"hsa-miR-378a-3p"	0.412876364240804	11.6995863228684	0.101213609425656	0.75037808754699	0.773240482884116
"hsa-miR-378a-5p"	0.0449981106039969	4.3805886450922	0.000763365381107661	0.977957997851162	0.977957997851162
"hsa-miR-378c"	5.61535263246411	4.28767844284313	26.6076983417675	2.49248616445629e-07	1.79005824538225e-06
"hsa-miR-378d"	4.89919058400783	2.94391610592847	14.89356733831	0.000113750206672363	0.000360399910153902
"hsa-miR-379-3p"	-6.50581007556801	2.7268758641591	10.6143941375409	0.00112210713840646	0.00255710953656088
"hsa-miR-379-5p"	-4.88884528438744	3.09199096041865	8.44309011435237	0.00366433065691665	0.00708935808725915
"hsa-miR-380-3p"	-4.78377055937483	2.78940829871229	10.5477178533632	0.00116331634801267	0.0026383346840096
"hsa-miR-381-3p"	-7.46314931209966	8.0199959038927	19.3926250113144	1.0641722275346e-05	4.62768473258164e-05
"hsa-miR-382-3p"	-7.34429982464824	3.36869090274511	11.9571187964913	0.000544389863020031	0.00132328612857177
"hsa-miR-382-5p"	-8.7701499155577	4.6014074159297	15.3978197571013	8.70887182788686e-05	0.000280816683429821
"hsa-miR-3909"	-1.92562939647343	3.00096078982207	3.8974460727276	0.0483595692963592	0.0720831315926864
"hsa-miR-3912-3p"	4.14130754041328	4.10365242853567	12.394566290952	0.000430584993519453	0.00106857218287026
"hsa-miR-3928-3p"	-0.981534487270117	2.55310936642249	1.09363188752225	0.295667898746029	0.353255215894152
"hsa-miR-409-3p"	-7.78493435814382	9.2224741800716	29.1268463152822	6.77910694945697e-08	5.63736262112737e-07
"hsa-miR-409-5p"	-9.54763947352027	8.10779003357603	30.1129847003299	4.07592978971068e-08	3.59060170165414e-07
"hsa-miR-410-3p"	-6.29913233173523	7.79430414012154	17.4932922783089	2.88323136562138e-05	0.000110213844137463
"hsa-miR-411-3p"	-6.93888553969231	3.0489887093872	11.2325141207168	0.000803766902368997	0.00188606688971735
"hsa-miR-411-5p"	-7.07484861996936	8.45467815996166	19.918112427217	8.08308998539845e-06	3.64893776483702e-05
"hsa-miR-412-5p"	-6.10249205499404	2.43842941635281	10.0143517689119	0.00155325074810019	0.00340852247499765
"hsa-miR-421"	-1.13274580080938	6.58956116822786	2.77833185564603	0.0955476399262367	0.132425676388995
"hsa-miR-423-3p"	-0.526086251510959	11.4078971889552	0.735375492094462	0.39114631204897	0.450008135706825
"hsa-miR-423-5p"	0.275848559725844	11.2929024909525	0.205402656729532	0.650394869221998	0.685082595580504
"hsa-miR-424-3p"	-4.78457679040513	3.86142310462976	8.66095555017928	0.00325100769007789	0.00636767621940877
"hsa-miR-424-5p"	-4.19699961034327	4.39948377778369	18.3387970225832	1.84903053835255e-05	7.42746165406022e-05
"hsa-miR-425-3p"	1.55021372410693	5.06535394286028	4.05998580880167	0.0439108684385236	0.0660754020313021
"hsa-miR-425-5p"	2.50976139560256	8.95250822169254	12.6060804959312	0.000384493914023013	0.000970829530818798
"hsa-miR-429"	3.51111077557585	2.54979462974436	6.68935006909317	0.00969905583799082	0.0169644002479987
"hsa-miR-431-3p"	-8.45318535215563	4.31712601032106	14.3867195747994	0.000148848386988126	0.000435519354520812
"hsa-miR-431-5p"	-6.94335611224958	5.45822817718024	16.7986738695673	4.15623377832419e-05	0.000149246576585278
"hsa-miR-432-5p"	-7.97651567230665	5.13697833921792	23.3471650421954	1.35242690485147e-06	7.63155182023329e-06
"hsa-miR-4326"	-1.76444920797025	3.32773879254253	3.43894315868072	0.0636764121909576	0.0914624829651937
"hsa-miR-433-3p"	-5.19497154174706	3.07783239179215	8.11126733966625	0.00439909605285347	0.008307456291046
"hsa-miR-433-5p"	-4.74662134727457	1.71955512282637	6.66058859447584	0.00985683531747503	0.0171769850753057
"hsa-miR-4424"	6.07092026357538	4.5870653875032	15.4470760047064	8.48481134615187e-05	0.000275465793018903
"hsa-miR-4443"	3.83471256115283	2.76519549297955	7.84406588499876	0.00509877978275137	0.00959056197231806
"hsa-miR-4464"	7.65155746482467	3.94444870754426	14.5642955218349	0.000135457011944743	0.000403815243156026
"hsa-miR-4482-3p"	6.44896445773314	2.93982739731624	9.44940070710456	0.00211218103007063	0.00446952592970302
"hsa-miR-4485-3p"	2.76335896087929	2.2786999792157	3.20271206678042	0.0735162650468468	0.104020028752852
"hsa-miR-449a"	-2.23925492147853	3.72818474517493	2.5025480804723	0.113662264086286	0.153492630133617
"hsa-miR-449b-5p"	-1.56311729741744	1.95895503212995	1.2878128416952	0.256451407617684	0.313293729924696
"hsa-miR-450a-5p"	-5.33347404583553	4.97326862817156	22.5990333393668	1.99585001240317e-06	1.06295832121247e-05
"hsa-miR-450b-5p"	-5.63761095186327	5.70306089147714	30.897529176287	2.72017876302653e-08	2.63135659933587e-07
"hsa-miR-451a"	10.0874164262239	6.24281145224975	20.3560181149141	6.42905734346339e-06	2.98044384784427e-05
"hsa-miR-452-3p"	-7.46732178125965	3.46526550678364	12.7340967542535	0.000359049186476854	0.000914996313924885
"hsa-miR-452-5p"	-8.22706817351787	5.55770876901539	27.1334403381457	1.89884750214959e-07	1.40633393127954e-06
"hsa-miR-4521"	-2.32328181879021	3.22897324634416	4.0356086344662	0.0445496032193157	0.0668244048289736
"hsa-miR-454-3p"	1.60793323786136	6.55739182229758	4.45356139181186	0.0348285406044265	0.0537743591091145
"hsa-miR-454-5p"	-0.562144988856495	3.80900005099419	0.640038627632427	0.423696809889397	0.478172114018034
"hsa-miR-455-3p"	-6.68094140074809	5.40884551653379	34.181905888042	5.01934926213788e-09	6.43019337906313e-08
"hsa-miR-455-5p"	-4.61694301604232	4.97013858573094	23.9094464937385	1.00975060965324e-06	5.7665275780197e-06
"hsa-miR-4661-5p"	3.34046578129829	3.01259364576449	7.67474342685349	0.00559990551191928	0.0102090585101913
"hsa-miR-4662a-5p"	2.119563031755	4.37855577259297	2.6824593781658	0.101458928043277	0.139240044948731
"hsa-miR-4677-3p"	0.978360535015615	5.05020340153145	1.55426845721387	0.212506405619785	0.267893713467495
"hsa-miR-4775"	-1.83541937370542	3.32575644702312	3.2383754453157	0.0719319310284371	0.102083039842752
"hsa-miR-484"	-0.209759126062893	9.5593353966234	0.123311565318171	0.725470218534974	0.759101288268383
"hsa-miR-485-3p"	-7.19600682543783	4.30547555298681	22.1668813010322	2.49948454604993e-06	1.28777790742138e-05
"hsa-miR-485-5p"	-8.03791912009074	4.69829504586533	14.102534185138	0.000173110399750658	0.000497298966556435
"hsa-miR-486-3p"	5.02079231539241	6.9761971054716	16.4973959797483	4.87169367255792e-05	0.000164941628628032
"hsa-miR-486-5p"	6.89284795129675	14.7587474225504	20.4951153866606	5.97836219892146e-06	2.83374368228877e-05
"hsa-miR-487a-3p"	-5.75800216056005	3.20986909090425	12.0711214985883	0.000512088861652852	0.00125118618774975
"hsa-miR-487b-3p"	-9.86805359064818	6.85895564207606	26.6542522479001	2.43314713624297e-07	1.77432575781411e-06
"hsa-miR-493-3p"	-8.74577869220569	5.36568673035422	22.8002583260701	1.79741544130767e-06	9.79281516298663e-06
"hsa-miR-493-5p"	-7.05636790745245	4.98353386563537	18.6167782499286	1.59807871024121e-05	6.4742675953362e-05
"hsa-miR-494-3p"	-7.3195976069012	4.53331911104501	18.8228265631609	1.43440110363365e-05	5.86125968208922e-05
"hsa-miR-495-3p"	-7.76999390628524	4.45519723160539	27.4916785172822	1.57771885032516e-07	1.18704561119703e-06
"hsa-miR-496"	-5.08982107544144	2.72179320329933	11.5445169373462	0.000679493528907335	0.00161849212413104
"hsa-miR-497-5p"	-1.29263358072319	5.39276677218538	1.38545549007076	0.239174060266625	0.296001317405693
"hsa-miR-5000-3p"	4.35536608981332	3.1325530682015	14.8184653921095	0.000118370785729021	0.000369129950233921
"hsa-miR-500a-3p"	-0.636467086822456	9.4613486279083	0.496196648093928	0.481176066093393	0.530412686809926
"hsa-miR-500a-5p"	-0.365491288598846	2.43573681798949	0.11885942532579	0.730274841980409	0.760769835381789
"hsa-miR-500b-5p"	-0.618173873724462	2.52742890233376	0.322240839405733	0.570264084384943	0.614329945451052
"hsa-miR-501-3p"	0.224939271687115	7.94629082970528	0.061109333733933	0.804751107206188	0.823870463964867
"hsa-miR-501-5p"	-1.06324863109625	2.74973500882423	0.657134594016221	0.417573365641401	0.47238609860149
"hsa-miR-502-3p"	-3.33634969078974	4.40629728302057	7.81818261831018	0.00517231815689257	0.0096799140433486
"hsa-miR-505-3p"	-1.13029372443742	5.35487725239559	1.73677885612552	0.18754748504938	0.237427828779075
"hsa-miR-5196-3p"	7.72966467497344	4.01411887469346	33.4008659980501	7.49905658651553e-09	8.26640191164735e-08
"hsa-miR-532-3p"	-1.51525532624817	5.6961034224438	3.29662331158669	0.0694224558081657	0.0988175497089205
"hsa-miR-532-5p"	0.63942167700148	9.86722847441901	0.763462704308143	0.382247045933174	0.442995353966564
"hsa-miR-539-3p"	-8.55342178114399	5.01775226945391	16.1320646457201	5.90753390294292e-05	0.000198593692907443
"hsa-miR-539-5p"	-6.95080455248862	3.05013627872173	11.8806712507834	0.000567194957677358	0.00136472289309172
"hsa-miR-541-5p"	-5.32926737972497	2.01055833352608	5.40189113211551	0.02011494451481	0.033221197561045
"hsa-miR-542-3p"	-4.47931781109035	3.53840154590864	14.5743268838011	0.000134737786155865	0.000403815243156026
"hsa-miR-542-5p"	-5.27749739915572	2.36310955973183	8.62566479663431	0.00331459451731253	0.00646550535475778
"hsa-miR-543"	-8.03501373646016	4.5353147665067	24.2101373378641	8.63764355825473e-07	5.11780380826593e-06
"hsa-miR-545-5p"	-3.42025206267086	2.71008706773951	4.58405971788272	0.0322706724746981	0.0504828341683395
"hsa-miR-548e-3p"	1.9947512273096	5.21554349046517	4.44262264675974	0.0350523615066154	0.0539442186822588
"hsa-miR-548e-5p"	2.96926212236535	3.93178681133394	6.52313313750018	0.0106480255931913	0.0184203070480755
"hsa-miR-548k"	0.740168881425564	5.02121263761913	0.925870520260201	0.33593827175608	0.395123426333454
"hsa-miR-548o-3p"	2.17062646042348	3.36961634222866	7.37089797814023	0.00662878240431063	0.0119469310252595
"hsa-miR-549a-5p"	-3.66695846203315	2.83925064845128	5.41311990219295	0.0199859653068021	0.0331235928511336
"hsa-miR-561-5p"	-4.54826030833268	2.621068335789	11.1333513754861	0.000847892567517313	0.00197980826109954
"hsa-miR-574-3p"	-6.07534633459183	8.4733877402924	61.8805465888686	3.64937066958833e-15	1.33061669029605e-13
"hsa-miR-574-5p"	-6.33331704364735	2.60684383977185	17.4261911557733	2.98681928377675e-05	0.000112361296865887
"hsa-miR-576-5p"	2.74046419154936	5.81471836051337	9.33335495257604	0.00225020002068701	0.00474042137691397
"hsa-miR-577"	11.4475273769702	7.58276576666785	64.1279872373013	1.16593447654568e-15	5.02411765347865e-14
"hsa-miR-582-3p"	3.62026268348854	6.5036836661283	14.0431127122466	0.000178666966808765	0.00050638064189204
"hsa-miR-582-5p"	5.43142779620251	5.69282503641079	18.9928863252738	1.31206704460193e-05	5.60288089316501e-05
"hsa-miR-584-5p"	-3.45093618804085	5.64603928170216	8.87734778636147	0.00288730689990489	0.00575035071661729
"hsa-miR-589-3p"	-1.08792761182224	2.87618733128262	0.941545817283672	0.331880613840948	0.392297782944163
"hsa-miR-589-5p"	0.465892378773629	7.44241801569097	0.28532486198271	0.593232164313321	0.636181099286231
"hsa-miR-590-3p"	1.52681926835164	5.39644430980956	1.51334692782213	0.218629084371442	0.274153931195935
"hsa-miR-598-3p"	4.36802303499619	5.98034641175511	22.0050848740591	2.71929088140694e-06	1.38596115891063e-05
"hsa-miR-615-3p"	-5.81299031509313	4.38768244686027	22.7302966766996	1.8640563097832e-06	1.00404851231504e-05
"hsa-miR-616-5p"	1.61034209950522	3.67299883283441	4.41029647212265	0.0357226322092105	0.0546210569908573
"hsa-miR-625-3p"	0.311976291369251	5.84097744678932	0.11215498247823	0.737703931915623	0.766823823964924
"hsa-miR-625-5p"	0.0390650605367402	4.47066228694556	0.00171677876995346	0.966949884758401	0.968994176269518
"hsa-miR-628-3p"	1.12640608203194	3.02432095684001	1.73449019778574	0.187838472135344	0.237427828779075
"hsa-miR-628-5p"	-0.312503524319604	3.50371782690269	0.119548897570098	0.729524262335501	0.760769835381789
"hsa-miR-629-5p"	2.46229065732628	5.81069633928987	7.71394367426356	0.00547959135696884	0.010068457542229
"hsa-miR-641"	0.552425676873066	3.58800620500799	0.516114025047692	0.472504052129817	0.52328719791947
"hsa-miR-650-3p"	5.7735909132846	2.45571410733675	9.86041450843879	0.00168873053278283	0.00367182693825257
"hsa-miR-651-5p"	4.53040820738203	3.96821406935424	11.900058192165	0.000561321904893111	0.00135748256591497
"hsa-miR-6516-3p"	4.56722202942476	4.49284569749134	9.06447429970574	0.00260623453267818	0.00533987095371799
"hsa-miR-652-3p"	2.58689439904478	7.08462636398026	14.0346093952531	0.000179476683202242	0.00050638064189204
"hsa-miR-654-3p"	-8.24977552755026	8.66026433514822	31.4207852288394	2.07745016269388e-08	2.05148203566021e-07
"hsa-miR-654-5p"	-7.6652071477176	3.61764377954742	13.2062650441279	0.00027901484849586	0.000736608776393487
"hsa-miR-655-3p"	-5.53346439924077	2.64451024879292	12.1773948275822	0.000483721554119827	0.00119418758673332
"hsa-miR-656-3p"	-7.47743013450876	3.47606292460402	12.4301988244628	0.000422446924907248	0.00105389390740019
"hsa-miR-659-5p"	4.17006113250437	4.49069045949141	18.8893340395001	1.38525022184291e-05	5.74190509424447e-05
"hsa-miR-660-5p"	-1.10353893489361	9.1105735962697	1.44922039363131	0.228653088137763	0.283721371144764
"hsa-miR-664a-3p"	4.40662141926787	7.04083299880628	13.7925184988134	0.00020414756226595	0.000559340719734452
"hsa-miR-664a-5p"	4.45402605813006	4.75057902043259	22.2381367461154	2.40842222898789e-06	1.26843570726696e-05
"hsa-miR-664b-3p"	1.1880002523461	3.76890217030199	0.770206073350536	0.380153309437302	0.441648697728631
"hsa-miR-665"	-8.7283795834429	4.5642368165108	20.9936887933712	4.60798811430217e-06	2.22876159814207e-05
"hsa-miR-668-3p"	-4.43082672211242	2.21571041578843	7.16983733974469	0.00741394970870732	0.01331140970427
"hsa-miR-671-3p"	-1.29283507723476	6.40432955249885	2.7096287188457	0.0997442035873415	0.137758971433977
"hsa-miR-671-5p"	-1.42618231287825	3.34675472889212	2.36184505647318	0.124335055840238	0.165083519518972
"hsa-miR-6842-3p"	9.72836034765594	5.89266990490933	52.7910083952367	3.70995793763575e-13	1.03442356614079e-11
"hsa-miR-7-1-3p"	3.12994135152242	5.63174699578788	12.8251699626821	0.000341987440779169	0.000885803535132928
"hsa-miR-7-5p"	1.37887797487545	5.42800291030459	1.86135184116804	0.172468859466871	0.22094659293864
"hsa-miR-708-3p"	-1.12776102383173	4.91985847326203	0.7086925085444	0.399878209357088	0.458667833946013
"hsa-miR-708-5p"	-1.71111253364139	5.5886370566008	1.09271753281349	0.295869874915566	0.353255215894152
"hsa-miR-744-5p"	-1.4081513886597	6.56584042826465	3.73813083328142	0.0531839084746589	0.0787786644280884
"hsa-miR-758-3p"	-7.26789646393631	4.49952884114206	20.1257089771016	7.25153562237239e-06	3.30502681250434e-05
"hsa-miR-760"	-2.32373893825374	2.7258181464468	2.70591071255672	0.0999769750491311	0.137758971433977
"hsa-miR-766-3p"	4.82315948495552	5.82312366629054	32.1024592686384	1.46252062963844e-08	1.54052172988583e-07
"hsa-miR-769-5p"	0.43841767749396	9.21777510173753	0.525919987801702	0.468327250376335	0.519876151471622
"hsa-miR-7706"	2.20508972017829	6.28043358861211	5.09961976816064	0.0239310887996621	0.0387819310107284
"hsa-miR-7974"	-0.561563622881923	3.44309825719862	0.339902512752168	0.559885498805173	0.605903485008338
"hsa-miR-7976"	-2.26495032429934	2.35301560780882	3.15518910074761	0.0756859218630761	0.106454382679816
"hsa-miR-7977"	-0.592930932449405	2.67043916490338	0.309871696996674	0.577758927853921	0.620992589121901
"hsa-miR-874-3p"	0.548255120934663	5.27750431546972	0.274228932225773	0.600508972844785	0.642531045436632
"hsa-miR-877-3p"	-3.76012161437922	2.03885330699656	5.28582022468227	0.0214997626047515	0.0351409912919041
"hsa-miR-877-5p"	-1.32621677998207	5.45540617567272	2.32590660914146	0.127236070507681	0.168463400616315
"hsa-miR-887-3p"	-7.00809160928645	4.26405370353255	30.1903451019658	3.91654339464657e-08	3.57007994050476e-07
"hsa-miR-887-5p"	-4.93713832606122	2.25761144478091	13.8378875155579	0.000199277120136887	0.000549349965115702
"hsa-miR-889-3p"	-6.07790762758855	5.91473389509387	10.4156493176139	0.00124951914314901	0.00278062006503582
"hsa-miR-9-3p"	-3.41974686659563	2.45112221094792	3.39189324993027	0.065517678986871	0.0938228998180569
"hsa-miR-9-5p"	0.244909616709601	5.01978468384928	0.0217647481675378	0.882714645737733	0.895945914517528
"hsa-miR-92a-1-5p"	2.37334847912217	4.02000315226609	9.25783425479433	0.00234490155151189	0.00489640235866359
"hsa-miR-92a-3p"	3.34273278847831	16.62441418068	24.3482482306413	8.03998246319892e-07	4.82398947791935e-06
"hsa-miR-92b-3p"	-4.1522412532218	10.8458427421304	18.9938973987938	1.31137197402628e-05	5.60288089316501e-05
"hsa-miR-92b-5p"	-2.91670394265693	1.89017639763554	3.65982387599222	0.0557395249174501	0.0820513503443209
"hsa-miR-93-3p"	-1.15819360553027	3.79975695066212	2.14722720421569	0.142827630495096	0.186505584090392
"hsa-miR-93-5p"	2.13604862858944	10.0885975660135	8.98018422991538	0.0027292312969764	0.00550491759475239
"hsa-miR-935"	-9.40955872408734	5.19666826280334	29.0340388804501	7.11176361938864e-08	5.71351856879697e-07
"hsa-miR-940"	-2.33419687505859	2.55552365824062	6.28364582970786	0.0121857152676586	0.020702613035377
"hsa-miR-941"	0.880899854485855	8.00524102708976	1.2795802545021	0.257977094446877	0.314347410714189
"hsa-miR-941-3-5p"	0.860584221373375	5.6904849729666	1.15693604905372	0.282101884388689	0.339381454822941
"hsa-miR-942-5p"	1.83453443277612	3.45319437834145	5.36809963039809	0.0205083094281229	0.0336415894986467
"hsa-miR-944"	6.04651204090192	2.64310167069483	16.0002073809516	6.33355455885402e-05	0.000211415835274423
"hsa-miR-95-3p"	6.72484727871916	3.15858113923502	26.0396171032797	3.34482799879481e-07	2.29775140786774e-06
"hsa-miR-96-5p"	6.68397423767701	3.12614813849604	19.5221426093515	9.94403034450679e-06	4.40511250775348e-05
"hsa-miR-98-3p"	-0.944598178512086	2.70524292245892	1.21253223990356	0.270831197512765	0.327484662298599
"hsa-miR-98-5p"	0.657009629614489	11.0345961021034	0.743637755827308	0.388498061320869	0.448048859041586
"hsa-miR-99a-3p"	-6.40500919560913	2.66025074568777	13.5158408684164	0.0002365581119168	0.000633879037202376
"hsa-miR-99a-5p"	-5.55301180780403	7.9648511232022	24.4673741158611	7.55788736522861e-07	4.59287001425431e-06
"hsa-miR-99b-3p"	-4.41865971572173	4.84429998701466	13.9509953599516	0.000187638279367186	0.000526275410769503
"hsa-miR-99b-5p"	-6.36841682975137	13.5050630151967	48.4498328773879	3.38847194260308e-12	8.0306785039693e-11
