"logFC"	"logCPM"	"LR"	"PValue"	"FDR2"
"hsa-let-7a-2-3p"	-8.19117593442218	4.19771272886935	42.0737570191646	8.78948564913184e-11	1.20202155093533e-09
"hsa-let-7a-3p"	-3.00340678006026	6.9908792453743	11.4174183895081	0.000727587255021939	0.00187836301551582
"hsa-let-7a-5p"	-1.29822574357937	15.1910263000746	2.75449048444273	0.0969817081615908	0.132988467018333
"hsa-let-7b-3p"	-3.33064511234707	6.68612733509696	17.4656003891808	2.92553611916024e-05	9.61247582009794e-05
"hsa-let-7b-5p"	-2.31603687813008	12.09403096175	6.97458572250562	0.00826753599322088	0.0152677854473349
"hsa-let-7c-3p"	-7.71715078543273	3.73445814623703	7.2088769715695	0.00725438718671788	0.0135737900414359
"hsa-let-7c-5p"	-7.39377574318253	9.89717673137751	19.6968283193125	9.07518620841324e-06	3.25676895138801e-05
"hsa-let-7d-3p"	-0.094569634846627	6.65254577652932	0.0189247917248592	0.890582315273317	0.906709560419111
"hsa-let-7d-5p"	0.440477863832598	9.65190113270861	0.313836796463676	0.575335261951575	0.627413022731675
"hsa-let-7e-3p"	-5.84772791707908	3.47972408208096	34.0017800284058	5.50616769437412e-09	3.81732262095013e-08
"hsa-let-7e-5p"	-5.29802388650517	10.4775606764689	30.2996496669837	3.70192761273757e-08	2.10469142926428e-07
"hsa-let-7f-1-3p"	-2.87555621722828	5.00666564465429	11.1744651675187	0.000829307982766723	0.00213010070700488
"hsa-let-7f-2-3p"	-3.34987356348694	5.96713217028518	5.52023290549992	0.0187977559108505	0.0316002142554497
"hsa-let-7f-5p"	0.384507867282287	14.9215514519845	0.23286997292189	0.62940390427266	0.67761356502546
"hsa-let-7g-3p"	1.07899514445815	4.94571514175715	1.40453398057798	0.23596590720851	0.293363019772742
"hsa-let-7g-5p"	3.17879339911509	14.4716771753186	13.3594631422242	0.000257121900518025	0.000722798231456226
"hsa-let-7i-3p"	0.790068124263245	6.80407152548683	1.28943830394795	0.256151489883875	0.313832091722133
"hsa-let-7i-5p"	-1.37052677930449	13.7781093097272	3.14077460035946	0.0763575359525122	0.107924338525059
"hsa-miR-1-3p"	-10.1791511305735	6.0824676097935	8.48835916558923	0.00357426017427163	0.00741219527943215
"hsa-miR-100-3p"	-10.4646967112844	7.85389645337124	47.7277266860162	4.89716446491741e-12	1.17998343773724e-10
"hsa-miR-100-5p"	-11.2825107271896	16.8110401829746	33.4550710187645	7.29293779900876e-09	4.73105964910055e-08
"hsa-miR-101-3p"	2.73878731353042	13.6174782181894	5.5723504870349	0.0182462515574116	0.0309818902283566
"hsa-miR-101-5p"	1.39915144619804	5.36399633497278	1.15015755730754	0.283516169790646	0.341569480747779
"hsa-miR-103a-3p"	-0.227141369558028	12.2934957627647	0.0754566620959167	0.783551525176003	0.807488944478732
"hsa-miR-106a-5p"	-5.10936194711077	7.57839550224111	2.97146079783059	0.0847452978000244	0.118456134493957
"hsa-miR-106b-3p"	2.55345350032945	7.83475219463081	10.8821267935116	0.000970966869313419	0.0024546911042003
"hsa-miR-106b-5p"	1.53170189950337	7.95128912914002	3.627430264284	0.0568345078205168	0.0833572781367579
"hsa-miR-107"	-5.18876685380056	8.13424829437152	8.46018628943167	0.00363004674683286	0.00746668151990823
"hsa-miR-10a-3p"	-6.23714413139003	4.45089786279197	6.42638333598421	0.0112437301729096	0.0200328431953953
"hsa-miR-10a-5p"	-4.15057182256657	13.7286057478323	5.40471322279291	0.0200824478122673	0.0334267058980501
"hsa-miR-10b-5p"	-8.97177549796994	13.3922021462484	8.91547536145012	0.00282764200305216	0.00616718471355341
"hsa-miR-1180-3p"	-5.31481366444128	4.26216807324397	34.5010057763535	4.26031126314696e-09	3.17017279287112e-08
"hsa-miR-1185-1-3p"	-8.84297232029627	4.80761554799328	51.4595523303617	7.30874948414128e-13	3.32855617277233e-11
"hsa-miR-1185-5p"	-8.40281125078145	4.39634590520222	49.0092936148531	2.54752599898634e-12	8.0565509717943e-11
"hsa-miR-1197"	-7.66658268585209	3.73261479287148	34.0418079280794	5.39405281297463e-09	3.81732262095013e-08
"hsa-miR-122-3p"	-7.98921513744741	3.97804001702307	4.94216936399113	0.0262091220392133	0.0425058197174421
"hsa-miR-122-5p"	-9.77704469629654	7.20966079226126	4.57204931321046	0.0324976675057152	0.0513869367434121
"hsa-miR-124-3p"	-11.5143979843145	7.40368232365531	7.77420442503606	0.00529975519140312	0.0105163769680391
"hsa-miR-124-5p"	-7.3396232550288	3.39541877828411	4.70707417054461	0.0300387338725471	0.0479482629006587
"hsa-miR-1248"	1.10215720348497	2.9287324338344	0.822974611888768	0.364311892304417	0.429701206307774
"hsa-miR-1249-3p"	0.287322875941388	3.47881898331894	0.189658666677921	0.663200858191304	0.706483440515368
"hsa-miR-125a-3p"	-3.55286701324029	4.04717436636224	23.5288726037043	1.23053231958094e-06	5.14586242733848e-06
"hsa-miR-125a-5p"	-0.529894324315748	12.445319844465	0.4427133412524	0.50581574013874	0.564995065143935
"hsa-miR-125b-1-3p"	-11.7491793884322	9.84793388276965	55.8397014540387	7.86275475746795e-14	5.68364843896969e-12
"hsa-miR-125b-2-3p"	-8.38460311180478	8.89590619793464	12.4025138501581	0.00042875626123486	0.00118552277696634
"hsa-miR-125b-5p"	-8.77165212728926	13.9149660582089	34.7877680308879	3.67676280155275e-09	2.77677907102342e-08
"hsa-miR-126-3p"	-5.6158634577219	8.626148427849	9.67523765975445	0.00186768109370278	0.00423787727988164
"hsa-miR-126-5p"	-5.27699969613574	10.1881216416294	8.7285248556504	0.00313269846909925	0.00668837732221191
"hsa-miR-1260a"	1.07537568611093	4.75175003680022	2.83725750607341	0.0921012867283265	0.127331287116211
"hsa-miR-1260b"	-0.258968487308696	3.49171710329333	0.149828629841395	0.698699179559619	0.736545385119099
"hsa-miR-127-3p"	-10.971937188146	13.0310115863986	78.4427020471721	8.23525917058777e-19	4.16704114031741e-16
"hsa-miR-127-5p"	-9.82288357688329	5.74598406890453	49.967885445613	1.56283013602578e-12	5.64851463449319e-11
"hsa-miR-1271-5p"	0.448812108229288	6.96039642844536	0.113734272276999	0.735932125140929	0.769383585374607
"hsa-miR-1273h-3p"	7.74378866049022	3.83762044697477	38.9879010902055	4.2644023313014e-10	4.31557515927702e-09
"hsa-miR-1277-5p"	-1.3609443862625	2.59583938336827	1.41188703747	0.234743386746671	0.292561954910876
"hsa-miR-128-1-5p"	-2.43178256034362	4.71414152277891	3.95427732855547	0.0467523886912436	0.069990262360264
"hsa-miR-128-2-5p"	-6.33922500568505	2.58411662668828	4.35670540762079	0.0368635325551163	0.0568687422953928
"hsa-miR-128-3p"	-2.74334013437848	11.3116946331907	3.47850489336235	0.0621708870665943	0.0903978990106227
"hsa-miR-1285-3p"	-1.26123177183928	4.16264635735147	2.61349959497883	0.10595770200233	0.143738866523268
"hsa-miR-1287-5p"	1.04721842276582	2.81238084584434	1.309385608556	0.252505924397589	0.310116499381505
"hsa-miR-129-2-3p"	-8.28186187847773	4.25502273555862	9.87931060380401	0.0016714755251713	0.00387966337493889
"hsa-miR-129-5p"	-7.88674683608794	3.89731256821903	11.7723517546628	0.000601169781814699	0.00160101005051704
"hsa-miR-1296-5p"	-5.52765446737938	5.11037722715765	31.0656725145488	2.49444048457047e-08	1.46765916882867e-07
"hsa-miR-1301-3p"	0.101442109338791	4.62939572647368	0.022318998567104	0.881241606869624	0.89900857475006
"hsa-miR-1304-3p"	-2.16467123356264	4.78145027990014	12.3335151954319	0.000444897836242244	0.00122346904966617
"hsa-miR-1306-5p"	-0.52987613322701	3.29410786528328	0.277806792777592	0.598142338721472	0.648094268507633
"hsa-miR-1307-3p"	-0.229581608613285	7.21697107002597	0.091368448875851	0.762444611800365	0.790567568793002
"hsa-miR-1307-5p"	-0.472212523737593	9.06381292542574	0.33247384212526	0.564206018379474	0.617939924891805
"hsa-miR-130a-3p"	-8.3219456161715	10.9478170857936	32.991794704048	9.25486403844912e-09	5.85370150431907e-08
"hsa-miR-130b-3p"	-3.59510255570977	9.16024761590792	7.91576439742446	0.0049005869748362	0.00980117394967241
"hsa-miR-130b-5p"	-3.93039421979492	7.38262076737014	10.0656686283313	0.00151057735407186	0.00358850770497823
"hsa-miR-132-3p"	-1.34842256503789	6.51087412143442	2.5461097704039	0.110566198301914	0.149589562408471
"hsa-miR-132-5p"	-3.06448456550689	5.71095260199731	4.64656643175621	0.0311157270203628	0.0495111882776843
"hsa-miR-133a-3p"	-11.7961027676894	10.4076685452408	11.9225409974478	0.00055458783116778	0.00149266724771753
"hsa-miR-133a-5p"	-7.45888825025184	3.49984882087282	4.75157954351	0.0292714138713478	0.0470201124409587
"hsa-miR-134-5p"	-8.84923293958436	6.26012914041992	40.1890412253575	2.30537860528643e-10	2.63596956802376e-09
"hsa-miR-135a-5p"	-9.7313581756139	5.65536698182324	7.33811351195643	0.00675076482848611	0.0128901396347697
"hsa-miR-136-3p"	-10.6550031418002	9.24552438472444	56.0730900802553	6.98263177023479e-14	5.68364843896969e-12
"hsa-miR-136-5p"	-10.3185829906589	6.22955159627568	48.6223633011794	3.10310483613195e-12	9.23630027695744e-11
"hsa-miR-137"	-10.8209284126965	6.72124030231472	35.6056850892928	2.41581473889091e-09	1.88061885827508e-08
"hsa-miR-138-2-3p"	-6.18352575311886	2.47095477861237	4.31093660127053	0.037868107301981	0.0580644311963709
"hsa-miR-138-5p"	-11.7253618596298	10.1041726869842	20.8392080213137	4.99498768191422e-06	1.88616699033477e-05
"hsa-miR-139-5p"	-6.27013424392599	4.748971780362	7.60965890693096	0.00580564649140811	0.0113423055005888
"hsa-miR-140-3p"	-0.655161669574383	12.9502912170677	0.244410376050382	0.621038698864632	0.670033223082098
"hsa-miR-140-5p"	-1.60923397193374	7.86165889288732	1.61321902601104	0.204039895963248	0.255554919201494
"hsa-miR-141-3p"	9.86214936721826	7.82239769716747	40.3774163469134	2.09347015630443e-10	2.46347883509312e-09
"hsa-miR-142-3p"	8.01565391201621	11.788260123992	11.4392193030606	0.0007190999804173	0.00186597225687771
"hsa-miR-142-5p"	8.92063082149119	15.1943174803168	9.75484435435001	0.00178850784425173	0.00409495461172569
"hsa-miR-143-3p"	-11.2481931012792	14.9008690110393	68.7843692609524	1.09839831238119e-16	1.85263182021627e-14
"hsa-miR-143-5p"	-9.87466385501689	5.79544250493909	39.6963139889814	2.96684924581426e-10	3.19409727315323e-09
"hsa-miR-144-3p"	-6.72432815022152	5.86877539115818	5.95453450636303	0.0146794783881126	0.0253331150831095
"hsa-miR-144-5p"	-3.88095161934617	4.34732760356702	3.21363336557758	0.0730271504048727	0.103797017148499
"hsa-miR-145-3p"	-11.638961250818	7.5311121316301	32.8388828307745	1.00122017867113e-08	6.24755974356047e-08
"hsa-miR-145-5p"	-14.1927539256962	10.0754359698693	60.2215120357512	8.47607559521372e-15	8.57778850235629e-13
"hsa-miR-1468-5p"	1.45114103815026	4.59747400502767	2.36604630937998	0.124000748392053	0.165114310377716
"hsa-miR-146a-3p"	-2.62525935921532	4.71060331991744	5.02824023229637	0.0249372240381939	0.0405731040621418
"hsa-miR-146a-5p"	-0.518507104600511	11.9183963707694	0.204313979937979	0.65126102947628	0.698173900243639
"hsa-miR-146b-3p"	8.33737322498552	8.14353772156215	33.296569221271	7.91221029796164e-09	5.0678207731248e-08
"hsa-miR-146b-5p"	7.49508331588575	13.0440617199058	17.9662380795269	2.24857960694854e-05	7.58520854077309e-05
"hsa-miR-147b"	-2.19997860420989	2.88797359738815	4.38844322155503	0.0361833376355974	0.0561618676184426
"hsa-miR-148a-3p"	-2.10363142517884	13.2324438034584	2.1909717873209	0.138821705631477	0.183404133288583
"hsa-miR-148a-5p"	-3.6058108539425	7.27297123479352	5.52771139475541	0.0187175727342388	0.0315703060117494
"hsa-miR-148b-3p"	-1.70615849603622	10.7225552285035	3.72813639478518	0.0535030569877189	0.0791594936718883
"hsa-miR-148b-5p"	-1.14443782973714	6.39042179818751	2.63642889474804	0.10443806225371	0.14244113072878
"hsa-miR-149-5p"	-6.29784424445304	6.51180680974866	26.4717185610771	2.67424777741387e-07	1.30112439939559e-06
"hsa-miR-150-3p"	10.8731013646338	6.78022256041175	48.3858198957775	3.5009058727343e-12	9.84143539779752e-11
"hsa-miR-150-5p"	12.0361308239054	16.5884497988826	19.9543293381956	7.93141594105173e-06	2.9081858450523e-05
"hsa-miR-151a-3p"	-4.40618713195481	11.3371392511067	17.1742770832203	3.41022967138656e-05	0.000110613859853949
"hsa-miR-151a-5p"	-4.42965546830758	11.6442568569578	18.6530684523383	1.56794725488806e-05	5.43411856831067e-05
"hsa-miR-151b"	-1.11151095318381	3.23752367604988	1.32084025112363	0.250441307556415	0.308329201030526
"hsa-miR-152-3p"	-2.43160748441787	8.1363168627198	7.83753807615453	0.00511722522131797	0.0101941573306571
"hsa-miR-152-5p"	-6.76715663272669	5.42909674572896	36.9441144703122	1.21564092956067e-09	1.04256662772492e-08
"hsa-miR-153-3p"	-4.81500804527658	7.36287620252855	3.96225422303499	0.0465313514591584	0.0698660648021785
"hsa-miR-153-5p"	-2.42425723030712	2.92958354127974	0.980022187547446	0.322193328476197	0.382699117861398
"hsa-miR-154-5p"	-7.15390347404765	3.29019527823458	25.3278719054978	4.83669124427666e-07	2.22487797236726e-06
"hsa-miR-155-5p"	-0.396060624425353	10.3660422009076	0.137670099473461	0.710608323374513	0.745991310430506
"hsa-miR-15a-5p"	0.364491858287116	10.7796910140061	0.0952791586409489	0.757570114690203	0.788745839574574
"hsa-miR-15b-3p"	0.464263340704321	5.22436473145104	0.519583107006861	0.471019570855356	0.535586298545641
"hsa-miR-15b-5p"	-0.808378948248524	8.95992577516669	0.535872005921885	0.464148554130308	0.530156136320397
"hsa-miR-16-2-3p"	2.26818596674411	6.9136495847723	7.27952144671291	0.00697451141380888	0.0131682939380123
"hsa-miR-16-5p"	1.18026972663449	12.6462887422308	1.81076002126705	0.178417085077814	0.226831771480838
"hsa-miR-17-3p"	0.951884350270299	7.17586709729644	0.738934905039429	0.390002279747575	0.452617324661177
"hsa-miR-17-5p"	-1.31532787820314	8.8823162448456	1.38903722421968	0.238567756690126	0.295147395807344
"hsa-miR-181a-2-3p"	-0.939224493228694	8.85398421430311	0.976886684991612	0.322968644063179	0.382721625049107
"hsa-miR-181a-3p"	-3.51673168067573	10.0599940136123	9.21114728057054	0.00240545898622778	0.00531511898266924
"hsa-miR-181a-5p"	-1.77274357190791	15.1742724320294	2.92666077142667	0.0871275318637263	0.121450498961558
"hsa-miR-181b-2-3p"	-2.7873803376934	3.06714997540861	4.08690695155654	0.0432166591928094	0.0656685572118966
"hsa-miR-181b-3p"	-4.76876324462759	4.68704269404049	21.1497906570232	4.24747650666963e-06	1.64062833005713e-05
"hsa-miR-181b-5p"	-3.36542165941177	12.2892432507696	7.59819989032218	0.00584266056367752	0.0113707163277724
"hsa-miR-181c-3p"	0.497941627355266	6.60569190134152	0.362868490805113	0.546917449050079	0.605558488444945
"hsa-miR-181c-5p"	2.99901187151999	10.5556731141706	9.8940699385684	0.00165812233342726	0.00386759101852056
"hsa-miR-181d-5p"	0.963692076404209	6.33206788423085	0.789744000185024	0.374177545439328	0.439289647313921
"hsa-miR-182-5p"	-8.65326876112363	11.6331996094677	10.2821550981955	0.0013432296478467	0.00325202967373412
"hsa-miR-183-3p"	-6.01765745173276	2.36643882042397	5.92819536603288	0.0149004935184557	0.0255581346452155
"hsa-miR-183-5p"	-9.42557499516458	9.74350110282145	10.2629381296397	0.001357293450824	0.00327043088627116
"hsa-miR-184"	-9.52691081016824	5.44337194141962	7.30373430984905	0.00688114501285826	0.0130406718221209
"hsa-miR-185-5p"	-0.676742177195884	6.87040857347466	0.47590584193123	0.490282678120361	0.551295633619784
"hsa-miR-186-5p"	1.83174164748426	13.3587736109898	5.28159219003226	0.0215520307595003	0.0355651420492994
"hsa-miR-187-3p"	-8.69699261787144	4.64369193473069	7.57168733502765	0.00592922511468793	0.0114510988856187
"hsa-miR-188-5p"	-3.31811711236461	3.79603275811599	8.78649163650107	0.00303469318660188	0.00656219979666902
"hsa-miR-18a-3p"	-2.08924966117745	4.82906898599016	2.77180236918488	0.0959380801799645	0.131914860247451
"hsa-miR-18a-5p"	-3.57020868356121	7.20216652266718	7.20507845817612	0.00726975711705359	0.0135737900414359
"hsa-miR-18b-5p"	-7.92639971245535	6.77257485289588	5.27949057177665	0.0215780604923615	0.0355651420492994
"hsa-miR-190a-5p"	-4.21512385669318	5.30818089062662	26.4896682864372	2.64951372620458e-07	1.30112439939559e-06
"hsa-miR-190b"	-4.3178594836507	5.71354916061521	3.78175577443639	0.05181426360991	0.076885681485673
"hsa-miR-191-3p"	-0.896703676030519	3.30080271199171	1.87376090505767	0.171044959255641	0.219053408497466
"hsa-miR-191-5p"	-0.332314117556588	13.3675464429372	0.201246199419302	0.653716824570358	0.699324975121779
"hsa-miR-192-5p"	4.68779884368817	11.8310992596996	23.709001881516	1.12057171135726e-06	4.73657577826209e-06
"hsa-miR-193a-3p"	-8.71283054016044	10.2189211053751	46.2617299168544	1.03465265385371e-11	1.91257404926106e-10
"hsa-miR-193a-5p"	-5.97970482656395	7.28732311546123	23.911719829351	1.00855892485477e-06	4.32483742352977e-06
"hsa-miR-193b-3p"	-4.30073638684441	7.85726511026665	13.5663344716724	0.000230278638105397	0.000662051084553016
"hsa-miR-193b-5p"	-6.08773468484862	2.46304205284389	20.711715180801	5.33883645284808e-06	2.00107499640084e-05
"hsa-miR-194-5p"	3.14235200492706	6.40100051102788	15.9690094574161	6.4387934210841e-05	0.000199879108654512
"hsa-miR-195-5p"	-0.244071391091469	4.15817121904624	0.16260332324219	0.686770923095566	0.725482436505964
"hsa-miR-196a-5p"	-4.76316476801792	8.57159043430375	2.50325208690843	0.113611475386303	0.152486489510529
"hsa-miR-197-3p"	2.10278444233293	9.57660688671848	6.86859313628612	0.00877236846289184	0.0160826755153017
"hsa-miR-1976"	6.86443891453484	3.11104426369937	24.6117776954261	7.01218506558293e-07	3.13996959573891e-06
"hsa-miR-199a-3p"	-8.33223836434913	13.3130873484919	38.6982052320486	4.9466369311104e-10	4.72263827762615e-09
"hsa-miR-199a-5p"	-9.81182762477303	11.8782777623453	36.5187906691551	1.51201590638155e-09	1.27513341438178e-08
"hsa-miR-199b-3p"	-8.28954342292471	12.0324824749369	36.3053460897251	1.68700468623211e-09	1.3993842151368e-08
"hsa-miR-199b-5p"	-4.59039875127062	9.13125864823169	9.79456180290869	0.00175028714427498	0.00402566043183246
"hsa-miR-19a-3p"	-0.738149932754953	8.69330451015644	0.458630439155918	0.498264735712486	0.559028727872545
"hsa-miR-19a-5p"	-3.29004657962463	4.42555776299367	1.97346942491	0.160080083144022	0.206108198653627
"hsa-miR-19b-3p"	0.29863202745423	10.4322190538268	0.0821320502146534	0.774428647545479	0.801351524863011
"hsa-miR-200a-3p"	-5.19306273949546	6.54826810179397	4.0030433528407	0.0454181851972534	0.0683976241363399
"hsa-miR-200a-5p"	-7.43581077278627	3.47954101637781	4.74297717261627	0.0294181199143521	0.0471062299894372
"hsa-miR-200b-3p"	-4.4867778989682	7.90843538399693	4.34836586902958	0.0370444749460396	0.0569741772726323
"hsa-miR-200c-3p"	4.37276448814123	3.93491407684296	19.613211805933	9.48113110930456e-06	3.37848756430148e-05
"hsa-miR-202-5p"	-7.12553784266425	3.21143775700358	4.62689279014115	0.0314745156279526	0.0499250937546835
"hsa-miR-203a-3p"	-9.25811540609615	8.5313011414184	4.80104994958783	0.0284423983413333	0.0458339285373079
"hsa-miR-203a-5p"	-6.90795171449693	3.02959183103442	4.54502431292321	0.0330145532789155	0.0520416322714369
"hsa-miR-204-5p"	-11.4057916461519	9.99518627414236	26.1383300762443	3.17812062056482e-07	1.48900836482018e-06
"hsa-miR-205-3p"	-6.33922500568505	2.58411662668828	4.35670540762079	0.0368635325551163	0.0568687422953928
"hsa-miR-205-5p"	-11.4259980136941	11.0405104404606	10.4074479704512	0.00125508073231694	0.00305322524304025
"hsa-miR-206"	-10.4891223139476	6.38740724488209	5.54610481972946	0.0185218609720567	0.0313446877988651
"hsa-miR-20a-3p"	-0.703191195130976	3.43907909200702	0.402697255169763	0.525699559380327	0.583342054926415
"hsa-miR-20a-5p"	-0.26674520452699	9.23424167533771	0.0690518418427644	0.792722331878007	0.815279471402991
"hsa-miR-20b-5p"	-5.46583986813505	7.88716222029274	3.27382677313485	0.07039324133242	0.10033515525128
"hsa-miR-21-3p"	-3.25329571636008	11.8043279297486	13.6403274116935	0.000221378827863604	0.000640101067994193
"hsa-miR-21-5p"	-2.50510698994427	16.0623077369238	8.69039680903506	0.00319890974297132	0.0067443680414312
"hsa-miR-210-3p"	-4.77837290769899	8.52015610954362	23.704324212597	1.12329860354042e-06	4.73657577826209e-06
"hsa-miR-210-5p"	-4.96967625252169	4.50606023510565	24.5371317215246	7.28915131840336e-07	3.23536014658956e-06
"hsa-miR-2110"	1.56126520285966	3.11986133491856	4.18109428046685	0.0408772992812278	0.0623009440852448
"hsa-miR-2110-3p"	2.63408480034609	4.41657502799985	15.5997310348757	7.8265720904904e-05	0.000237140447771745
"hsa-miR-2114-5p"	-3.4796866087301	2.62655137277138	6.55050877853812	0.0104854171475497	0.0188812137959436
"hsa-miR-2116-3p"	-6.04574849259475	2.44852092701932	17.0324581469238	3.67462692601325e-05	0.00011708781891006
"hsa-miR-212-3p"	-0.776272468028524	3.56320050940654	1.79331574070369	0.180522694392284	0.228933542261894
"hsa-miR-212-5p"	-4.40629092860702	6.29276965214489	6.68630150064363	0.00971565631934134	0.0176838924373623
"hsa-miR-214-3p"	-13.6886409248596	9.57143828865617	27.2983928058595	1.743562742126e-07	8.73507670807677e-07
"hsa-miR-214-5p"	-11.2894400519919	7.18325634170104	29.4483817695113	5.74259689828606e-08	3.09122769205611e-07
"hsa-miR-215-5p"	-3.45118627836135	7.18650428902376	3.38247787811728	0.0658929204224665	0.0949909337144389
"hsa-miR-216a-5p"	-6.89729160061544	3.04520938690579	10.4858511236359	0.00120292190092739	0.00295474991198668
"hsa-miR-216b-5p"	-8.90133770389365	4.8384488133791	7.14594121514221	0.00751338317985351	0.0139771025331098
"hsa-miR-217"	-7.43231473099662	3.49365115293932	9.06528895169832	0.00260507365331592	0.00570635181202536
"hsa-miR-218-1-3p"	-7.5798090317054	3.65617614826251	28.2209903844148	1.08224530288321e-07	5.64552704390623e-07
"hsa-miR-218-5p"	-10.2670253527599	7.68312309691525	27.1823816000927	1.85138143054857e-07	9.18430395938802e-07
"hsa-miR-219b-3p"	-8.32531441300886	7.69702173932726	8.24086188242621	0.00409576790071486	0.00828983423104687
"hsa-miR-219b-5p"	-4.87067496353231	4.00656001984129	5.24768160700622	0.0219760323397565	0.0359923423224004
"hsa-miR-22-3p"	-2.70675960433881	16.1861159861888	9.33472521004069	0.0022485180579433	0.00501211514237581
"hsa-miR-22-5p"	-1.48803123859343	6.77719525194025	4.00620206448212	0.0453331602154159	0.0683976241363399
"hsa-miR-221-3p"	-2.34726640576496	12.3520181851946	8.52450940302626	0.00350395192946232	0.00729629496423018
"hsa-miR-221-5p"	-3.09169263998114	8.95004305055199	7.67127823231543	0.00561066971099797	0.0110898393506444
"hsa-miR-222-3p"	-4.22369870564277	12.6146755026719	21.3482065057532	3.82978869135697e-06	1.49067159832818e-05
"hsa-miR-222-5p"	-4.24679392777781	5.6700355035726	17.3531691813092	3.1038025940527e-05	0.000101324136296172
"hsa-miR-223-3p"	0.836526309404011	5.41805510409148	0.21996197430094	0.639068893571011	0.686558089483932
"hsa-miR-224-3p"	-6.46001028790291	2.75792459754379	10.8459330748561	0.000990129751837792	0.00248022601202932
"hsa-miR-224-5p"	-12.1291688877895	9.51015335937211	40.7229374808971	1.75416002295452e-10	2.21152580302555e-09
"hsa-miR-2277-5p"	0.685457280147397	3.46783012553869	1.13041811662534	0.287686171438057	0.345770077785408
"hsa-miR-2355-5p"	-1.15231965262109	3.78688153014986	3.36453921000636	0.0666142171858904	0.0957579372047174
"hsa-miR-23a-3p"	0.0479616658715057	11.0939913818861	0.00406768780543487	0.949146655697585	0.956709577256929
"hsa-miR-23a-5p"	-0.707612170711777	4.89460312190501	1.39516868649405	0.237534167852639	0.294588943464302
"hsa-miR-23b-3p"	-2.97063118340953	9.82524776233148	12.117263509075	0.000499571608685793	0.00135904964513447
"hsa-miR-24-1-5p"	-4.78607380948097	2.65881511479668	13.5502772014234	0.000232257118370537	0.00066396667737566
"hsa-miR-24-2-5p"	-2.4909532456351	7.42132634660958	8.29866009996393	0.00396743391575698	0.00806233558784349
"hsa-miR-24-3p"	-0.587048130359031	9.71219339402712	0.486797502923942	0.485359353562887	0.546975128959511
"hsa-miR-25-3p"	2.3333424212154	11.3499701899807	8.47280148050604	0.00360495810036969	0.00744534203586556
"hsa-miR-25-5p"	1.55921713839746	4.07080534528789	5.75760142065417	0.0164174688818203	0.028064997480409
"hsa-miR-2682-3p"	-5.81682017470346	2.29021549959706	17.701532216125	2.5841836298888e-05	8.6026112942351e-05
"hsa-miR-2682-5p"	-7.94044331888036	3.97474316629484	47.3000672603834	6.09101271525693e-12	1.34002279735652e-10
"hsa-miR-26a-1-3p"	-6.93068004037196	3.07984899775909	11.7220605680195	0.000617635280377434	0.00163624843911509
"hsa-miR-26a-2-3p"	-0.54069385146188	4.77392479939991	0.901255001238919	0.342445421970591	0.404853699806353
"hsa-miR-26a-5p"	0.549638525075899	15.6239397640081	0.349549473066418	0.554368273279768	0.609805100607744
"hsa-miR-26b-3p"	1.91216436649286	6.75477865234581	4.45307143765902	0.0348385336613515	0.0544498180683889
"hsa-miR-26b-5p"	2.39104805683904	12.7532951367621	7.46962614417407	0.00627485803876707	0.0120268112409702
"hsa-miR-27a-3p"	0.56689290130858	12.4093066842075	0.499738175837905	0.479615188039566	0.541708225776832
"hsa-miR-27a-5p"	-0.389705131648775	6.18895013850022	0.299399691901869	0.584259004957799	0.635774315072358
"hsa-miR-27b-3p"	-3.1153553866198	13.9176187851358	12.556180586635	0.000394898036864595	0.00110396909753307
"hsa-miR-27b-5p"	-4.20207799486605	6.10513272421651	19.8211065500096	8.50384543149684e-06	3.0956444520413e-05
"hsa-miR-28-3p"	1.50878090588695	12.2749580441052	3.80266393999531	0.0511711090688537	0.0761546505554117
"hsa-miR-28-5p"	1.44789976155098	9.71860994732089	3.13461231046747	0.076646607795727	0.108031151934924
"hsa-miR-296-3p"	-3.87473882413627	3.76436569449302	10.6942493512685	0.00107469070402208	0.00265265120114717
"hsa-miR-296-5p"	-0.993783954869731	4.01207649276351	1.49308083062773	0.221739066182511	0.27703695676136
"hsa-miR-299-3p"	-9.18385194740126	5.12970665900393	46.915341883976	7.41202106060303e-12	1.50019306266605e-10
"hsa-miR-299-5p"	-6.57464650917067	2.8286691305225	25.0827862241727	5.49209465698142e-07	2.50360351029964e-06
"hsa-miR-29a-3p"	1.45696166634159	13.9328499315793	3.57302379496664	0.0587252844617665	0.0856339882929505
"hsa-miR-29a-5p"	-0.601477181513944	6.0821694646235	0.759490563370606	0.383487996559824	0.448140707296238
"hsa-miR-29b-1-5p"	-1.81637698379463	4.53298333463474	6.24880011079057	0.0124277463870928	0.0217593068230759
"hsa-miR-29b-3p"	1.31240942291805	9.96773802285635	2.14570208468514	0.142969619014514	0.187902927847647
"hsa-miR-29c-3p"	5.16349199209725	11.6106983188776	26.3334177132113	2.87274774931358e-07	1.36654843199531e-06
"hsa-miR-29c-5p"	2.58120044665532	5.75267178185913	13.3609866654943	0.000256913107337861	0.000722798231456226
"hsa-miR-301a-3p"	-5.84194548804263	10.9804716512567	11.0594230680849	0.000882375956465842	0.00225496077763493
"hsa-miR-301a-5p"	-4.3511115512432	3.0872700606525	10.1671242325331	0.00142967097786301	0.00342203267234958
"hsa-miR-301b-3p"	-5.46649691800535	6.28159848235803	17.0300749487252	3.67924174045446e-05	0.00011708781891006
"hsa-miR-301b-5p"	-6.97697441607101	3.09230574189928	6.35682196585157	0.0116930802033906	0.0206877572829218
"hsa-miR-302b-3p"	-5.95495413727961	2.37595070708139	20.2734266828729	6.71264532240421e-06	2.49749892142392e-05
"hsa-miR-302d-3p"	-5.38650448156891	2.05313908151391	8.39494934184676	0.00376264997786239	0.00767701971289665
"hsa-miR-30a-3p"	-9.48850538680026	7.73957524417546	43.9459609759789	3.37568225610532e-11	5.33779756746654e-10
"hsa-miR-30a-5p"	-12.0180597153676	13.1378957016964	76.6554040518316	2.035483145576e-18	5.14977235830727e-16
"hsa-miR-30b-5p"	1.69383657143488	10.9388119547937	3.39345765778737	0.0654555522129818	0.0946300269136251
"hsa-miR-30c-1-3p"	-3.12357502901294	5.39352312839441	5.24740601381439	0.0219795133945094	0.0359923423224004
"hsa-miR-30c-2-3p"	-9.23734746005173	5.18077753322995	36.1253747810407	1.85021826208015e-09	1.51001683969767e-08
"hsa-miR-30c-5p"	-0.813022028942397	11.8872945970251	0.52032627001131	0.470702537678854	0.535586298545641
"hsa-miR-30d-3p"	-1.38755167722893	6.34778308052419	1.87036656474242	0.171433102302365	0.219053408497466
"hsa-miR-30d-5p"	-0.398183499877299	13.0276924937469	0.139169974379485	0.709107568211305	0.74596347092499
"hsa-miR-30e-3p"	-0.297289657631797	8.47332743046732	0.0778902466596989	0.780177106524564	0.805652277349856
"hsa-miR-30e-5p"	-0.248022456766217	13.358361369608	0.0492527007831995	0.824368769263552	0.844393921553354
"hsa-miR-31-3p"	-4.46840538312499	8.08959906290956	22.9926569689611	1.62621363232265e-06	6.74478768815786e-06
"hsa-miR-31-5p"	-3.99835226417273	12.6940168299031	19.3739586220431	1.07462496469884e-05	3.80251910585745e-05
"hsa-miR-3117-3p"	-7.34605271100516	3.45551551363055	24.9279025283939	5.95147829911063e-07	2.68879287441962e-06
"hsa-miR-3120-3p"	-5.11724538711068	2.81451967014733	2.88207694980523	0.0895704233174591	0.124171600544204
"hsa-miR-3129-3p"	-6.17127571987152	2.52541116816837	18.5826502781641	1.62694537806974e-05	5.60023375036249e-05
"hsa-miR-3158-3p"	-0.886132964533624	3.2488444601916	0.811796204594064	0.367589734605889	0.43255908304786
"hsa-miR-3176"	-0.934702022856115	3.01777464538445	1.11913377861198	0.29010505027446	0.347851079239045
"hsa-miR-3194-5p"	4.59035723461398	3.00158436054672	21.0253394422605	4.53249077448818e-06	1.73745479688713e-05
"hsa-miR-32-3p"	0.738370660295166	3.23221588282596	0.783426608986025	0.376095205437219	0.440518921183409
"hsa-miR-32-5p"	3.28448062327863	6.96397914962746	10.1618882509737	0.0014337370089686	0.00342203267234958
"hsa-miR-320a"	-0.266618595297927	10.3423661414926	0.0930605692831534	0.760321746504515	0.789985223267524
"hsa-miR-320b"	3.95231582989489	3.96137135867225	18.3360728342942	1.85167632323876e-05	6.33073121323522e-05
"hsa-miR-320d"	3.46765948168404	3.5599450891143	7.61107521686184	0.00580108827053071	0.0113423055005888
"hsa-miR-323a-3p"	-9.79398510991063	5.71805883320057	47.5705043249082	5.30608569012845e-12	1.22039970872954e-10
"hsa-miR-323b-3p"	-6.18919886604796	4.42761645656357	24.1623978617158	8.85443055330502e-07	3.82935201707037e-06
"hsa-miR-324-3p"	0.472587024391409	4.60875764135265	0.65939990509298	0.41677187929642	0.480379432628676
"hsa-miR-324-5p"	0.541990436294011	4.27454522096331	0.659763708218796	0.416643375548289	0.480379432628676
"hsa-miR-326"	2.89875623745338	3.8358696611057	7.55985908308267	0.00596826585355907	0.0114826711859349
"hsa-miR-328-3p"	0.0664920755568679	6.21768931516923	0.00877425820147337	0.925370499296718	0.938351648585449
"hsa-miR-329-3p"	-9.11394731005605	5.06387608001658	40.6812895916292	1.79194778506023e-10	2.21152580302555e-09
"hsa-miR-330-3p"	2.17315637498645	5.29023124268395	9.71499556583788	0.00182770520918888	0.00416585061193503
"hsa-miR-330-5p"	-0.32889082082969	5.80995707437669	0.174290872310471	0.676326192389435	0.718951792750113
"hsa-miR-331-3p"	-1.09883715585716	8.54961427644136	1.67088120325626	0.196140546124259	0.24749904323909
"hsa-miR-331-5p"	-1.00337335428226	3.60511525641184	2.00606396209803	0.156671336387933	0.202751141207914
"hsa-miR-335-3p"	-1.75345306459407	7.21878063252699	2.01370700655816	0.155884017934237	0.20224952070442
"hsa-miR-335-5p"	0.793466775126721	6.9921419471918	0.445841126786526	0.504316582356923	0.564566793523458
"hsa-miR-337-3p"	-9.64259733167292	5.57141412014368	50.2724836644125	1.33812748674489e-12	5.2084039099455e-11
"hsa-miR-337-5p"	-5.96732664237291	3.96562643275922	30.3093477650694	3.68346448577528e-08	2.10469142926428e-07
"hsa-miR-338-3p"	-2.89965171339477	6.13066711532902	1.71886667352852	0.189838994336602	0.240146327835802
"hsa-miR-338-5p"	-3.07308259008198	2.59915404174066	3.14564012240608	0.0761301234194699	0.107904320588941
"hsa-miR-339-3p"	2.65974937175108	8.59650197084511	9.98495491785572	0.00157824419070603	0.00371437935115
"hsa-miR-339-5p"	0.945425238507374	6.83246139690352	1.26153048118112	0.261361590100184	0.31944194345578
"hsa-miR-33a-3p"	2.56889101215296	3.67229677915872	5.46225213491123	0.0194315859738101	0.032450107269795
"hsa-miR-33a-5p"	-0.978148803168515	4.9322408850085	0.742535300031856	0.388849939566197	0.452317400966657
"hsa-miR-33b-3p"	1.0980822484288	2.88584695815559	2.47207970844043	0.115884500609769	0.155125812985564
"hsa-miR-33b-5p"	2.2393939368964	4.33595328913687	8.39897653288908	0.00375432325827264	0.00767701971289665
"hsa-miR-340-3p"	-0.834010070271649	3.54861624969601	1.64912214927997	0.199078453383928	0.250581336846437
"hsa-miR-340-5p"	0.833663290688981	8.22028114309876	0.992574129321831	0.319114047613036	0.379933430805168
"hsa-miR-342-3p"	5.63166298844251	12.2618562935838	32.6752262363119	1.08916616720428e-08	6.63997687476345e-08
"hsa-miR-342-5p"	6.49732832884319	7.36582820524983	35.4621585426608	2.60054000528674e-09	1.9937473373865e-08
"hsa-miR-345-5p"	-0.92037636560159	7.26374386592782	1.18872753900223	0.275586377071113	0.335208429802844
"hsa-miR-34a-3p"	-7.65940045297861	3.72740403305375	22.2202213011432	2.43099956264985e-06	9.8406862296066e-06
"hsa-miR-34a-5p"	-7.02009001260063	9.38837593585835	19.2130575926003	1.16910965218639e-05	4.10812141671051e-05
"hsa-miR-34b-5p"	-6.73800193480022	2.96237555011101	15.4985459225432	8.25687456860328e-05	0.000248689198316265
"hsa-miR-34c-5p"	-8.80557162218097	6.65568573186559	35.8357288253724	2.14674749018956e-09	1.69727223443112e-08
"hsa-miR-3607-3p"	3.6481423008674	8.32647249279519	15.089283940119	0.000102543751666988	0.000303433557564303
"hsa-miR-3607-5p"	4.23754251018024	2.26586268313687	9.52866011574435	0.00202287751430456	0.00456953581356298
"hsa-miR-3609"	4.52987815935396	2.92155323446282	15.8191746084976	6.96926528025969e-05	0.000215027331208012
"hsa-miR-361-3p"	5.0097879879965	10.5557044263063	22.96646749471	1.64851958744561e-06	6.78171472558927e-06
"hsa-miR-361-5p"	0.618483321650192	7.71704023184377	0.685244133134109	0.4077867535503	0.472174135689821
"hsa-miR-3613-3p"	0.0396161713352475	2.87913547011099	0.00105238905995453	0.97412072802671	0.976049679963396
"hsa-miR-3613-5p"	-0.0663828949617052	4.21279443484214	0.00443255200496218	0.946918127157924	0.956368407868083
"hsa-miR-3615"	2.93750962542991	4.4058313154497	16.1090791702597	5.97966762411366e-05	0.000186772334432192
"hsa-miR-362-3p"	2.78208733011089	3.09192079902822	11.991545356811	0.000534424543079206	0.00144608994009668
"hsa-miR-362-5p"	-2.03852904124983	4.03944793201483	3.02921458228631	0.0817775938807599	0.114624549871647
"hsa-miR-363-3p"	-4.14213071453364	11.6015256464889	2.06288112525466	0.150924575302571	0.197332907243154
"hsa-miR-363-5p"	-3.49510872197374	2.74898083783267	1.99419492483271	0.157902953374162	0.20382371022277
"hsa-miR-3651"	0.0899816569622518	3.42145643749023	0.0122850149808049	0.911744980418414	0.926391486127947
"hsa-miR-3653-3p"	3.0095709669507	3.00680739024407	8.08499489720438	0.0044633256681271	0.00896207455584252
"hsa-miR-3653-5p"	4.80937316642406	2.64886883071272	17.6343035465847	2.67715628476289e-05	8.85386326856223e-05
"hsa-miR-365a-3p"	-5.3297250675005	6.21490279763807	26.3220294453002	2.88973680283592e-07	1.36654843199531e-06
"hsa-miR-365b-3p"	-5.3297250675005	6.21490279763807	26.3220294453002	2.88973680283592e-07	1.36654843199531e-06
"hsa-miR-365b-5p"	-6.85215087497816	3.03904735214663	25.9907122268522	3.4306382970863e-07	1.59257153974832e-06
"hsa-miR-3677-3p"	-2.72466486846201	2.78485135753132	8.70178709810366	0.00317898232085102	0.00673039771694819
"hsa-miR-369-3p"	-9.81302057022804	5.7367367121224	43.4521163742275	4.3446150905361e-11	6.28107210231791e-10
"hsa-miR-369-5p"	-7.02138426160331	5.19176596466337	39.7545466563973	2.87969450885036e-10	3.1676639597354e-09
"hsa-miR-370-3p"	-9.66465362261234	5.59300495213868	45.8139844153434	1.3003194568965e-11	2.26883325927458e-10
"hsa-miR-374a-3p"	-0.00791419445145414	7.48268371140408	7.11889019733292e-05	0.993268047300079	0.993268047300079
"hsa-miR-374a-5p"	2.07941401633157	6.76557991397059	5.94976589182589	0.0147192407795142	0.0253331150831095
"hsa-miR-374b-3p"	-0.302182528561696	3.55080857286389	0.0979877860667262	0.754257863714993	0.786916451628425
"hsa-miR-374b-5p"	1.18952706834708	6.51320954498219	1.93857945932853	0.163822857225618	0.210391791259296
"hsa-miR-375"	-8.8030434655145	4.74315077857752	5.21125556110732	0.0224411229795499	0.0366297039601685
"hsa-miR-376a-2-5p"	-5.7302693793928	2.28328647018868	6.61540457141074	0.0101100369225376	0.0182702810100144
"hsa-miR-376a-3p"	-5.99175267163144	4.5087969326482	30.2508083568373	3.79632994919401e-08	2.13438106032463e-07
"hsa-miR-376a-5p"	-7.96938586532779	6.11940183155143	38.8551318635699	4.56452354668106e-10	4.44163252811657e-09
"hsa-miR-376b-3p"	-8.01600225674473	4.04585575822792	38.9365448016871	4.37807477223985e-10	4.34373693088895e-09
"hsa-miR-376c-3p"	-9.14343942192898	7.25627769628483	30.3777194672572	3.55589071696807e-08	2.0681387388343e-07
"hsa-miR-377-3p"	-8.48553296705525	4.47009810099843	41.6122346708731	1.11294603440277e-10	1.44397613694308e-09
"hsa-miR-377-5p"	-9.13289059755058	5.08140597311338	47.0964842119856	6.7576796821049e-12	1.42474413297712e-10
"hsa-miR-378a-3p"	2.4426434481008	9.01119648651781	6.36715730863327	0.011625167558216	0.0206397711735343
"hsa-miR-378c"	5.26841711009238	3.00156503970299	12.1569723331887	0.00048904699676237	0.00133760962357708
"hsa-miR-378d"	5.61535621980629	2.59444850154333	11.7996535624895	0.000592417440171205	0.00158604880807741
"hsa-miR-379-3p"	-7.83220503425931	3.88429185863594	40.1563838238657	2.34424171069306e-10	2.63596956802376e-09
"hsa-miR-379-5p"	-8.10978470448926	4.12411005644199	37.7660921591912	7.97560780142121e-10	7.08010096055988e-09
"hsa-miR-380-3p"	-7.62289556019949	3.70014711866508	41.6387158710614	1.09797284391909e-10	1.44397613694308e-09
"hsa-miR-381-3p"	-10.0478361586721	9.7177184289509	43.4809709789751	4.28102176238428e-11	6.28107210231791e-10
"hsa-miR-382-3p"	-6.26324245690965	3.83784630580767	32.8171999577712	1.01245039322521e-08	6.24755974356047e-08
"hsa-miR-382-5p"	-10.3329041708745	6.24570846991322	31.1766890063446	2.35578070532569e-08	1.40238239634682e-07
"hsa-miR-383-5p"	-9.05881665131803	4.99003581641733	7.57512531154813	0.00591792655391608	0.0114510988856187
"hsa-miR-3909"	-2.169190422874	3.8913932204261	8.70490053981027	0.00317355730898107	0.00673039771694819
"hsa-miR-3912-3p"	2.80896024401891	3.94261291063129	15.2417586985387	9.45885966732251e-05	0.000281540175980305
"hsa-miR-409-3p"	-9.8688044051878	10.0982757034491	55.5391563914469	9.16158101786571e-14	5.79469999380006e-12
"hsa-miR-409-5p"	-9.85176880146343	7.95337606085112	16.4841999347804	4.90571902494567e-05	0.000154179740784007
"hsa-miR-410-3p"	-9.08009872844389	8.45262495954439	52.3474350107482	4.65005537616391e-13	2.61436446704326e-11
"hsa-miR-411-3p"	-8.590106497189	4.56931484024698	43.7291995890725	3.77103217666093e-11	5.78224933754676e-10
"hsa-miR-411-5p"	-10.4553449747126	9.55593027780552	51.7317290646747	6.36261693963063e-13	3.2194841714531e-11
"hsa-miR-412-5p"	-6.60012021164756	2.87999457431363	11.4675033168042	0.000708237646468741	0.00184725901604734
"hsa-miR-421"	-0.890540028675514	6.49515162713643	1.16944411133772	0.279515490094499	0.338360856430183
"hsa-miR-423-3p"	0.607940008111464	11.4110397015214	0.613048826437243	0.433642177061736	0.497557690687616
"hsa-miR-423-5p"	1.53275526099052	11.1299126058042	3.66828128876753	0.0554573435017196	0.0818117079063268
"hsa-miR-424-3p"	-1.32273578829152	3.44244114998608	2.62463157886812	0.105216924446337	0.143117644542599
"hsa-miR-424-5p"	-2.17406092799034	5.68205157088647	4.88641109547351	0.02706889922161	0.0437599457065005
"hsa-miR-425-3p"	0.934085954401715	4.86974516459418	1.62245590485285	0.20274968647227	0.254569085248061
"hsa-miR-425-5p"	-0.417410060667993	8.83967732055971	0.190224594740862	0.662729754994941	0.706483440515368
"hsa-miR-429"	-7.84218187149569	7.80580303278641	6.27912630733713	0.0122168316670692	0.0215390830088398
"hsa-miR-431-3p"	-8.23633157381752	4.24285752279264	34.1143921150156	5.19654954180124e-09	3.75636295450204e-08
"hsa-miR-431-5p"	-6.93834873342071	6.0810764371159	39.4521262128793	3.36201468762517e-10	3.5441238165382e-09
"hsa-miR-432-5p"	-10.5679416421603	6.47504773275148	39.2406465789015	3.74658869103422e-10	3.86892628094554e-09
"hsa-miR-4326"	-5.07380206128216	3.19599577664651	9.79540951558054	0.00174948046159641	0.00402566043183246
"hsa-miR-433-3p"	-5.40748135548889	3.10820988593674	20.2457018140567	6.81063038678148e-06	2.51545910635871e-05
"hsa-miR-4433b-5p"	4.9567113135018	1.8668836792236	6.54267757776361	0.0105316719129739	0.0188972552764709
"hsa-miR-4443"	4.04742166560731	2.93294762529456	15.7231888867104	7.33197855191224e-05	0.000223492840196843
"hsa-miR-449b-5p"	-7.25974667740367	6.40356498910465	4.05651039373142	0.0440013395991923	0.0666607120873991
"hsa-miR-450a-5p"	-2.72931774554887	4.96990091479686	8.77116354804916	0.00306030161696023	0.00657020952688237
"hsa-miR-450b-5p"	-4.53695994774356	5.39304554065037	16.8707170512277	4.00141659411415e-05	0.00012654479978886
"hsa-miR-451a"	-4.69382168551426	8.67534226279699	3.65696038433381	0.0558354100271325	0.082129992656189
"hsa-miR-452-3p"	-8.83874267652955	4.8041215942925	29.6680770053272	5.12722538466992e-08	2.81997396156845e-07
"hsa-miR-452-5p"	-11.3100564412344	7.20609672558309	44.1002683921167	3.11978162182614e-11	5.09228871175492e-10
"hsa-miR-4521"	-2.64271881898808	3.10176364087717	10.8742885141742	0.000975084806213955	0.0024546911042003
"hsa-miR-454-3p"	-5.3487835207219	11.2254823698484	7.61321708772815	0.00579420185407702	0.0113423055005888
"hsa-miR-454-5p"	-0.956068511870783	4.06013653719785	2.36196870949931	0.124325202082826	0.165114310377716
"hsa-miR-455-3p"	-9.24725963754521	7.87227410834644	18.2657878879381	1.92126911432768e-05	6.52457833456246e-05
"hsa-miR-455-5p"	-8.02178920071306	8.63733711259138	15.730506852356	7.30366865802166e-05	0.000223492840196843
"hsa-miR-4645-3p"	3.30357980429241	2.43236325712969	9.31822740255187	0.00226885381954031	0.00503526330126051
"hsa-miR-4662a-5p"	-0.694362340264224	3.28204122007162	0.35605703425311	0.550704254614869	0.607768627024056
"hsa-miR-4677-3p"	-0.941805504977628	4.4182517391868	2.80026183848355	0.0942489141813885	0.129945369416301
"hsa-miR-4772-3p"	6.65315934548154	2.9482977691864	19.7196837346412	8.96729543986506e-06	3.24103678040837e-05
"hsa-miR-4772-5p"	9.10092639124022	5.0695328588906	28.3178416265474	1.0294279356939e-07	5.42594307771991e-07
"hsa-miR-4775"	-6.51243872807885	4.07200107442251	22.175850864532	2.48783431404199e-06	9.97272192175852e-06
"hsa-miR-484"	0.803343455903416	9.63442770876916	1.09430959770742	0.295518310142654	0.353504172416508
"hsa-miR-485-3p"	-7.30591721492822	5.47754658043525	33.4894911056304	7.1650080386731e-09	4.73105964910055e-08
"hsa-miR-485-5p"	-8.72987949009609	4.70337527239005	46.2173771749036	1.0583413711326e-11	1.91257404926106e-10
"hsa-miR-486-3p"	-1.16568706834681	3.52183746825254	1.19127447570835	0.275072630118112	0.335208429802844
"hsa-miR-486-5p"	-0.740780926947443	8.52621198469722	0.415005182987887	0.519439942087001	0.577662880650599
"hsa-miR-487a-3p"	-8.05241745240164	4.07167658537348	45.4647644041697	1.55409609774499e-11	2.62124208486322e-10
"hsa-miR-487b-3p"	-8.8610852544831	6.99354536687868	48.1250095169013	3.99893251194568e-12	1.01172992552226e-10
"hsa-miR-490-3p"	-9.63569247003472	5.54884525657068	5.39246684568274	0.0202238608947437	0.0335517167630829
"hsa-miR-493-3p"	-8.17393345396932	5.60370696219571	38.0114281736415	7.03314625722604e-10	6.47049455664796e-09
"hsa-miR-493-5p"	-9.66048086827675	5.59091127738755	32.3267588373698	1.30306459577313e-08	7.84941292215719e-08
"hsa-miR-494-3p"	-10.1165829813925	6.03213944542127	51.3083764742201	7.89380910538892e-13	3.32855617277233e-11
"hsa-miR-495-3p"	-7.88928765948633	5.35170463753818	34.0014136583915	5.50720457172646e-09	3.81732262095013e-08
"hsa-miR-496"	-6.65920449158271	2.90955397011117	28.1884123405039	1.10061518606343e-07	5.68276820559283e-07
"hsa-miR-497-5p"	-2.21959016916093	4.46372221126095	7.12329895526556	0.00760885703291331	0.0141028632185133
"hsa-miR-499a-5p"	-7.83156173814422	9.27854351870666	6.0268834597227	0.0140895886454171	0.0244994221806909
"hsa-miR-500a-3p"	-1.41533553219499	8.14635027405612	2.90057360458284	0.08854803789764	0.123091503231335
"hsa-miR-501-3p"	-0.523963740501344	6.96793479867435	0.253695693364163	0.614484764214659	0.664378826266277
"hsa-miR-501-5p"	-2.6920929515554	3.19143431965902	5.63551742664589	0.0176001499558915	0.0299854406655929
"hsa-miR-502-3p"	-0.359614727686742	4.38191982820999	0.16617125509246	0.683537195706369	0.723577031438123
"hsa-miR-503-5p"	-5.16337410484044	1.90075617684637	10.4536182148179	0.00122409446507508	0.00299223091462797
"hsa-miR-505-3p"	-0.579301163193479	6.60899836571504	0.514701777850487	0.473110545410052	0.536757703985395
"hsa-miR-532-3p"	-1.32352269234072	5.23008861854541	2.17259296746885	0.140489174906113	0.185123756516909
"hsa-miR-532-5p"	0.0621476496406646	8.50778075970405	0.00489287252867143	0.944234195767936	0.955565006117151
"hsa-miR-539-3p"	-8.06862736824073	5.52122910791646	46.7823990442652	7.93226372565111e-12	1.54374055583825e-10
"hsa-miR-539-5p"	-7.36600296004449	3.46754433064154	28.8585823850201	7.78601337353119e-08	4.14707659684924e-07
"hsa-miR-542-3p"	-4.07763241060898	3.3694651897974	17.8939755794426	2.33559275084023e-05	7.82655584056395e-05
"hsa-miR-543"	-5.68959816785235	3.98584234163729	33.8570313386185	5.93143340311528e-09	4.05581797564369e-08
"hsa-miR-548au-5p"	6.51153628572774	2.84227037788621	22.388626837203	2.22688812366966e-06	9.0871402465875e-06
"hsa-miR-548e-3p"	2.03868273402196	5.57550252597461	6.05929995332099	0.0138332509138331	0.0241366378013777
"hsa-miR-548e-5p"	1.08903880496112	3.34110746878726	2.51041575797319	0.113096090855813	0.152198462694259
"hsa-miR-548j-3p"	2.28363542470215	2.64913143033757	4.49066637877635	0.034080390607353	0.0535548995258405
"hsa-miR-548j-5p"	6.58773662970385	2.899482931775	15.3980040575848	8.70802246840755e-05	0.000260725406450546
"hsa-miR-548k"	0.0262008511829028	5.58925793936768	0.00165574385238987	0.967542370121378	0.971381823971066
"hsa-miR-548o-3p"	0.333823898724086	3.97148851218723	0.354965216015282	0.551315809889411	0.607768627024056
"hsa-miR-548w"	1.54068909292539	3.56033877109861	5.95633479064122	0.0146644957516754	0.0253331150831095
"hsa-miR-550a-3p"	0.872254272752306	2.77919830309413	1.18403881581028	0.27653530409618	0.335556028471624
"hsa-miR-551b-3p"	-9.16477427616237	5.09449534045206	11.5522465095965	0.000676674457635086	0.00177407914799665
"hsa-miR-561-5p"	-7.21196563798002	3.33850464114561	38.087531623115	6.76409929157902e-10	6.33821155840553e-09
"hsa-miR-5690"	5.52785498134186	3.22680900760264	20.9381957633884	4.7434166387969e-06	1.80463820994829e-05
"hsa-miR-5696-3p"	3.73549369142567	2.72707219638678	14.7776019957998	0.000120963764790899	0.000353801531700549
"hsa-miR-574-3p"	-10.1275122445202	8.73366730533647	49.2815500976339	2.21738205508472e-12	7.47996879915245e-11
"hsa-miR-574-5p"	-7.15925019993576	3.28884776763703	33.5576974411704	6.91810533307167e-09	4.66741506471235e-08
"hsa-miR-576-5p"	2.33303444001412	5.6613975201116	11.708061800308	0.000622299032244627	0.00164001724122803
"hsa-miR-577"	5.88108280686708	2.40171086505808	14.2712031699124	0.000158267751842244	0.000460249899035492
"hsa-miR-582-3p"	-7.88092340868541	3.9228414796631	29.6032258921895	5.30166322073059e-08	2.88456084912869e-07
"hsa-miR-582-5p"	-5.47556237148478	3.17609003422984	13.4957569628275	0.000239103495571532	0.000679698700894354
"hsa-miR-584-5p"	-3.81935715899414	5.52204423232871	8.56432188490792	0.0034281463807764	0.00719768493225253
"hsa-miR-585-3p"	-6.84346147232023	3.03465414188326	24.4781881360385	7.51558552570551e-07	3.30685763131042e-06
"hsa-miR-589-3p"	0.757228713091402	4.63887085362421	1.37982887421713	0.240130298425377	0.296355929276197
"hsa-miR-589-5p"	1.65515288602894	7.36414862515715	3.29278801677545	0.0695847729504657	0.099462980545016
"hsa-miR-590-3p"	1.64207121191375	6.11271470641665	3.61520511005854	0.0572536613807683	0.0837293429441293
"hsa-miR-590-5p"	0.920690161800375	2.54526521325617	0.333771623128698	0.563446614309347	0.617939924891805
"hsa-miR-598-3p"	1.51608041185172	5.11387120230895	3.4038547261153	0.0650442515250283	0.0943048460506141
"hsa-miR-616-5p"	1.98225332435197	3.64943223883089	8.90189365786298	0.00284875074330409	0.00618655740820545
"hsa-miR-625-3p"	1.2937253641305	5.61757277917234	3.33024766804072	0.0680166316182475	0.0974969280420205
"hsa-miR-625-5p"	-1.27152437698529	5.52288861551541	2.07432197775121	0.14979649377037	0.196365351937325
"hsa-miR-627-5p"	1.94762463875757	2.26228328634436	2.451380947388	0.117421524799699	0.156768579284031
"hsa-miR-628-3p"	1.44741007637805	2.99044151806813	3.9257285547272	0.0475525817061368	0.0709781898032603
"hsa-miR-628-5p"	-0.232569174764384	4.0222230240748	0.121304915200154	0.727623490739482	0.762272228393743
"hsa-miR-629-3p"	1.98858628195787	3.15193824423811	6.26599532719939	0.0123077008415958	0.0216239466175259
"hsa-miR-629-5p"	0.622845711390644	4.65633138685518	0.656683862977401	0.417733111215306	0.480393077897602
"hsa-miR-641"	-0.326675878531858	3.87101847660053	0.32200355377439	0.570406063100675	0.623381140235294
"hsa-miR-642a-3p"	4.3633192095944	2.85104890138888	18.7774432729088	1.46894239120709e-05	5.12610241345371e-05
"hsa-miR-642a-5p"	4.76448816783823	3.59034509471316	21.7991174981053	3.02739349926785e-06	1.19676649267932e-05
"hsa-miR-651-5p"	1.98768463997177	2.89097260989775	3.11763869170285	0.0774489401666285	0.108858788123094
"hsa-miR-6511b-3p"	0.51416486016682	2.66037205358546	0.288941758338467	0.590899475751688	0.641620460794751
"hsa-miR-6516-3p"	3.3093135733644	2.43101750261499	8.76874247691741	0.00306436649870403	0.00657020952688237
"hsa-miR-652-3p"	1.35910360983793	6.47053375385284	1.83140019745735	0.175962250642989	0.224274304345976
"hsa-miR-652-5p"	1.19529829115187	3.30416051667206	1.16546027124543	0.280335999836715	0.338544190733598
"hsa-miR-654-3p"	-9.67259600163851	9.92361923143633	63.5797149999728	1.54006898365942e-15	1.94818726432916e-13
"hsa-miR-654-5p"	-7.50073143827415	3.5851967173907	33.4644536945391	7.25783993447027e-09	4.73105964910055e-08
"hsa-miR-655-3p"	-6.38102027355356	2.67645113868847	21.6796421103608	3.22192481282618e-06	1.26379376379073e-05
"hsa-miR-656-3p"	-5.87477252538858	4.39682821530517	40.5210038412309	1.94513799015594e-10	2.34342815004502e-09
"hsa-miR-659-5p"	1.48174681586981	3.33218503149367	4.21791480413144	0.0399992876447144	0.0611469472756057
"hsa-miR-660-5p"	0.0476562312806061	7.92966712814711	0.00313766200633836	0.955329987202163	0.961027780366391
"hsa-miR-664a-3p"	2.03445242714881	6.53947932338685	7.30621915325286	0.00687163580881184	0.0130406718221209
"hsa-miR-664a-5p"	2.14818118204689	3.72129993290177	5.494560037991	0.0190757270360498	0.0319613174842423
"hsa-miR-664b-3p"	4.15467847348414	3.3972617488261	22.1641561680583	2.50303494874176e-06	9.97272192175852e-06
"hsa-miR-665"	-7.63975582464535	3.71759657530786	37.8686151570973	7.56728657953645e-10	6.83758394508115e-09
"hsa-miR-671-3p"	-2.06938371946846	6.43388962970802	8.5442313179658	0.00346618943525223	0.00724748700098194
"hsa-miR-671-5p"	-0.860433343200935	4.74627528486934	1.01161343529754	0.314516619918682	0.375342947355785
"hsa-miR-6731-3p"	6.4827392992412	2.82022063183117	24.348751098485	8.03788391810443e-07	3.50618039875934e-06
"hsa-miR-6769b-3p"	2.91959836815848	3.02014417957565	9.45188539238278	0.00210932166410328	0.00474363005349448
"hsa-miR-6803-3p"	3.42590876013291	3.52260700574631	12.523226635359	0.000401924191016116	0.00111743758601184
"hsa-miR-6842-3p"	5.25694073193882	3.52759450979252	29.8465331550155	4.6763232197264e-08	2.60024126283688e-07
"hsa-miR-7-1-3p"	2.1847310039292	6.23332835757098	4.45176957486824	0.0348651008975455	0.0544498180683889
"hsa-miR-7-5p"	0.317027467128008	6.00760635677151	0.0584140657914602	0.809020363193458	0.830353557354746
"hsa-miR-708-3p"	-6.92008974544303	5.09586120242835	37.7257209321018	8.1423845111293e-10	7.10352855626108e-09
"hsa-miR-708-5p"	-4.95539612842403	5.3308809106847	15.0014108016735	0.000107430831811627	0.000316046516841182
"hsa-miR-744-5p"	-1.15304100919983	6.93658318926382	2.6554263990416	0.103197080736678	0.141128980683132
"hsa-miR-758-3p"	-8.15705225368174	6.2871105510012	43.1526282937193	5.06318355632226e-11	7.11658577638629e-10
"hsa-miR-766-3p"	3.7216925513888	6.21148865810166	10.7489051736894	0.00104341028039534	0.00258806667588255
"hsa-miR-769-5p"	-0.56792089874517	9.61904294802966	0.508590608429845	0.475749608195264	0.538544299209852
"hsa-miR-7706"	-0.276126577574601	4.51221074195669	0.168890541423967	0.681099706601213	0.722508284151392
"hsa-miR-7974"	-3.45375527973307	3.13577519908237	9.14236703729988	0.00249757783109968	0.0054946712284193
"hsa-miR-873-5p"	6.85007448019801	3.09880244366227	27.6545348583346	1.45031662929626e-07	7.4127294386253e-07
"hsa-miR-874-3p"	2.68543390545008	6.53448308616459	6.79651291159086	0.0091336090577909	0.01668449885647
"hsa-miR-874-5p"	2.53941424766875	3.24534509481533	10.0544189270728	0.00151982947016062	0.00359361547617419
"hsa-miR-877-5p"	-1.07556635474964	5.01634234443418	2.05624501646164	0.151583306315224	0.197683384009029
"hsa-miR-887-3p"	-8.12610397682468	4.1458845311797	27.3837572144514	1.66826609905175e-07	8.44142646120186e-07
"hsa-miR-889-3p"	-11.1337376438272	7.03190757820982	48.1449273349371	3.95851702969959e-12	1.01172992552226e-10
"hsa-miR-9-3p"	-11.3345816075179	12.2813933097033	6.61563724298923	0.0101087161462394	0.0182702810100144
"hsa-miR-9-5p"	-8.02816518753514	11.9851895803376	8.08772867824437	0.004456597976122	0.00896207455584252
"hsa-miR-92a-1-5p"	-0.156547569953695	3.96302689328259	0.0302244596219237	0.861981908240802	0.881137061757264
"hsa-miR-92a-3p"	0.816392142815521	15.6322224583266	0.582314178547676	0.445406663774862	0.509899936357647
"hsa-miR-92b-3p"	-3.30216380292602	11.435202364916	10.7953258633316	0.00101756699049788	0.0025363985083346
"hsa-miR-93-3p"	-0.550542738097196	3.98483261655275	0.74743019977395	0.387291066350989	0.451542118833181
"hsa-miR-93-5p"	0.543218399801816	9.1344911796574	0.430687924898425	0.511651586928468	0.570254852391641
"hsa-miR-935"	-9.36900506180979	5.30980445616407	34.231472646441	4.89311749601692e-09	3.58828616374574e-08
"hsa-miR-940"	-2.55809617673252	3.64730691252181	9.37863816511876	0.00219528577694246	0.00491510886341984
"hsa-miR-941"	1.17710038381508	7.4911860889952	2.03933000068719	0.153277145225887	0.199378497388943
"hsa-miR-941-3-5p"	1.14960293958941	5.22621443471175	2.52486852552557	0.112064120594907	0.151211853389394
"hsa-miR-942-5p"	2.04014840521869	3.45861527394752	7.23398693691213	0.00715361648117439	0.013456245128157
"hsa-miR-95-3p"	7.55985494020532	3.67985958301421	35.9884748985788	1.98488078056514e-09	1.5942058332793e-08
"hsa-miR-96-5p"	-6.4809608789363	6.55923280119239	4.39289739541513	0.0360889337177867	0.0561618676184426
"hsa-miR-98-3p"	-2.87938932850937	3.85593817179773	9.89350558131401	0.00165863093086751	0.00386759101852056
"hsa-miR-98-5p"	-1.29138630018233	10.36935795212	2.23082579550172	0.135281527104586	0.17919490239508
"hsa-miR-99a-3p"	-6.68230595748681	4.5908638350606	10.937220496057	0.000942514580449085	0.00239654461159416
"hsa-miR-99a-5p"	-5.25282116531812	9.75281813899119	6.43999819005916	0.0111578760062286	0.019950124590642
"hsa-miR-99b-3p"	-3.61223090502259	5.16113410784048	17.0407681462	3.65858094650692e-05	0.00011708781891006
"hsa-miR-99b-5p"	-2.8762751071946	12.8095313660692	6.91375531337192	0.00855351605051223	0.0157384695329425
