"logFC"	"logCPM"	"LR"	"PValue"	"FDR2"
"hsa-let-7a-2-3p"	-4.9886336018537	2.12720468643497	6.09624507592034	0.0135469438039097	0.0249145839039336
"hsa-let-7a-3p"	-0.318895082693829	5.20927713825079	0.141165292570857	0.707125291093579	0.758787412817311
"hsa-let-7a-5p"	1.12261482732077	15.6972279039678	1.6876696708257	0.193908442892064	0.256002719548511
"hsa-let-7b-3p"	-2.00595508307945	5.49626671713649	10.4189388218819	0.00124729544183709	0.00287367087089917
"hsa-let-7b-5p"	-0.669786614860467	11.2784898995097	0.809404810181036	0.368296277258678	0.441579720182599
"hsa-let-7c-5p"	-7.10946483468446	8.71060890957791	43.0331492026205	5.38201779652658e-11	5.38201779652658e-10
"hsa-let-7d-3p"	0.855349525916278	7.45000578985252	1.37854748326141	0.24034871876561	0.302042507539671
"hsa-let-7d-5p"	1.2886342415099	10.594508058975	2.41031749957136	0.120537916517431	0.170641026395158
"hsa-let-7e-3p"	-5.82961030391091	2.06580797626925	7.29576523212038	0.00691173251423369	0.0141239751377819
"hsa-let-7e-5p"	-3.55571311319628	9.6750637972275	4.85634341002525	0.0275446552918131	0.0459077588196885
"hsa-let-7f-1-3p"	-0.591654122818069	3.60068561517167	0.681367885050874	0.409116095467872	0.479512630598254
"hsa-let-7f-2-3p"	-1.06617736525687	4.10217234003494	0.606519848630655	0.436101165689964	0.507345415530403
"hsa-let-7f-5p"	0.78249656206857	15.412799600489	1.06845719206171	0.301294189740793	0.370702275335531
"hsa-let-7g-3p"	1.87397198568472	4.71622221264677	5.53886761422715	0.0185986136284402	0.0327391326043704
"hsa-let-7g-5p"	3.25790775139433	14.3481127348021	15.6113891725222	7.77846645619742e-05	0.000235863176413728
"hsa-let-7i-3p"	2.9478719143296	7.95191344275222	14.3085161439207	0.000155161335773507	0.000439312215744266
"hsa-let-7i-5p"	-0.443347604678749	13.9624366988967	0.360809049037925	0.548057253392793	0.616493342135783
"hsa-miR-100-3p"	-9.22106753086972	5.50598689195314	53.706751161676	2.3276204679452e-13	4.75644182580106e-12
"hsa-miR-100-5p"	-11.4898833250268	15.4044824123902	85.335509931644	2.5180044979876e-20	3.94487371351391e-18
"hsa-miR-101-3p"	3.71485757149238	13.328838914112	11.4676800054633	0.000708170313658436	0.00172455983118894
"hsa-miR-101-5p"	3.45982583935561	4.30146924732493	6.69220848668017	0.00968351719173115	0.0185765431841373
"hsa-miR-103a-3p"	1.1025996415954	12.0671173895526	1.88315454901786	0.16997604541833	0.226313714862932
"hsa-miR-106a-5p"	7.05284814953661	4.34521522447541	33.1414446844544	8.56925851223406e-09	5.51719383664384e-08
"hsa-miR-106b-3p"	2.19455783324591	9.48374654855999	6.09787094631822	0.0135344849951943	0.0249145839039336
"hsa-miR-106b-5p"	1.2048298884398	8.2133917126612	1.451258532305	0.228326117684239	0.29003587922052
"hsa-miR-107"	-3.14158235801326	5.15450929685151	11.2428219587215	0.000799315349669477	0.00189634354570099
"hsa-miR-10a-5p"	1.06407749127652	11.4790525921571	1.57477121490138	0.209515468342202	0.273534083668986
"hsa-miR-10b-5p"	-6.11394418238728	11.7967632033449	19.9831630533078	7.8127075838553e-06	2.89131697985196e-05
"hsa-miR-1180-3p"	-3.65876804194107	3.14372198287255	10.208953711284	0.00139760441847173	0.0031887091101054
"hsa-miR-1185-1-3p"	-7.35626282291962	3.79086676427401	33.6371863790828	6.64109102479901e-09	4.33515664118825e-08
"hsa-miR-1185-5p"	-6.94843674574801	3.31051477300913	30.0243918742334	4.26645684934622e-08	2.38718418951515e-07
"hsa-miR-1197"	-6.72483456225755	2.6240358120772	21.2927347192476	3.9422278984049e-06	1.55701438004227e-05
"hsa-miR-122-5p"	8.50859377866823	4.88627250966462	14.1475077166685	0.000169020866321551	0.000472855995066245
"hsa-miR-1248"	7.30747049518907	3.78264812986322	13.9208210521592	0.000190674550146136	0.000521029294003977
"hsa-miR-1249-3p"	-3.81492554397727	4.41120988001973	11.2344708921626	0.000802919926796804	0.00189634354570099
"hsa-miR-125a-3p"	-3.82148892286907	3.04896037476558	6.91656760226361	0.00854007415076501	0.0170077747917778
"hsa-miR-125a-5p"	-3.97868259096968	11.0112146407051	15.657971386639	7.58920194061556e-05	0.00023161850078502
"hsa-miR-125b-1-3p"	-13.3011364826354	9.29970302766116	83.3622797404612	6.83131337125081e-20	7.64015870402548e-18
"hsa-miR-125b-2-3p"	-4.83006466395959	4.45643482468612	31.7827257798752	1.72419425919295e-08	1.02578645800087e-07
"hsa-miR-125b-5p"	-10.4325924697758	12.6834367752577	105.287799444618	1.05624505711097e-24	2.48217588421079e-22
"hsa-miR-126-3p"	-0.303503523052977	4.28037675463438	0.0460745761348083	0.830040292257939	0.859292813570994
"hsa-miR-126-5p"	1.71155157745153	7.60310049159635	1.48909726669616	0.222356576842351	0.285539866436898
"hsa-miR-1260a"	-1.46387590092194	4.15674000953288	3.47133170664688	0.0624410224076453	0.0943642460822935
"hsa-miR-1260b"	-0.967946164531356	3.24989405313035	1.22997364996062	0.267412162587184	0.333378558132563
"hsa-miR-1262"	-5.83709867379849	2.07298586230734	12.0569512648699	0.000515996097464165	0.00128999024366041
"hsa-miR-127-3p"	-9.52572526234571	12.7703014946409	83.0187615967326	8.12782840853775e-20	7.64015870402548e-18
"hsa-miR-127-5p"	-8.46466844931443	5.15913558875098	49.7011435381652	1.79041533432172e-12	2.47498590332708e-11
"hsa-miR-1271-5p"	0.263154273977471	6.81049827591794	0.058897622269523	0.808246853728657	0.838962389519586
"hsa-miR-1273h-3p"	9.3273680138923	5.66605546179184	46.3719824104678	9.78040605980526e-12	1.24237590489418e-10
"hsa-miR-128-1-5p"	2.27243151130689	5.48641690240453	2.53363655854421	0.111443113274596	0.159689826948354
"hsa-miR-128-3p"	-0.403004689580173	8.91447881497361	0.360397480039578	0.54828556811225	0.616493342135783
"hsa-miR-1296-5p"	-4.11808443375284	3.28346942730088	13.721717539776	0.000211988925764976	0.000572613764997348
"hsa-miR-1299"	6.79557139258566	3.26748699577867	4.92119542388557	0.0265291547402668	0.0445310811711621
"hsa-miR-1301-3p"	-0.292675860963351	4.38398695440402	0.108908186023655	0.741390590540424	0.78480535485135
"hsa-miR-1304-3p"	0.0536058971762008	5.21840866935887	0.00274999264900799	0.958177805895826	0.968480793055997
"hsa-miR-1306-5p"	-2.54023871818199	1.97007444936116	2.19561921604655	0.138403580366005	0.191322596388301
"hsa-miR-1307-3p"	0.359881559068048	7.01726027354355	0.186381448609829	0.665945527131234	0.726205099191833
"hsa-miR-1307-5p"	-1.29371277211275	8.06857631644174	3.49081918614124	0.0617100411855089	0.093560385023191
"hsa-miR-130a-3p"	-5.3110891480841	8.61082106984258	36.215924414553	1.76621404805053e-09	1.25775848876326e-08
"hsa-miR-130b-3p"	-2.48919108853551	8.18987259284078	14.2321672033153	0.000161584677508349	0.000454759272029486
"hsa-miR-130b-5p"	-4.45663982554712	6.70065572070481	37.3474195184162	9.88515887300763e-10	7.61643388575998e-09
"hsa-miR-132-3p"	-0.572935648122537	6.12077438725886	0.284285395644446	0.593906074722944	0.655248486196675
"hsa-miR-132-5p"	-1.31990677406862	2.85571409190483	2.27534810181809	0.131445608739944	0.183867369368373
"hsa-miR-134-3p"	-5.57108590643742	1.92878619978018	6.87911183488941	0.00872088893574223	0.0172179969238047
"hsa-miR-134-5p"	-10.003434172168	5.38208056410369	63.2916622654834	1.78257241478419e-15	6.98174195790475e-14
"hsa-miR-136-3p"	-8.6505253795974	7.66193032740981	75.447544091948	3.75244684147731e-18	2.93941669249056e-16
"hsa-miR-136-5p"	-9.75136402043168	6.25816638996458	59.2085506911847	1.41816263689096e-14	4.16585274586719e-13
"hsa-miR-137"	-7.7853141208083	3.41542623437271	32.0081409276348	1.53527836842388e-08	9.3711796514185e-08
"hsa-miR-138-5p"	-0.2396353165966	5.69131497101478	0.0685254286322596	0.793495977494037	0.830608261519371
"hsa-miR-140-3p"	2.64843800326931	12.1364312598676	10.9576992990781	0.000932154824319294	0.00216887508628747
"hsa-miR-140-5p"	1.2526901411061	6.03403314452156	2.23459637162146	0.134951860751823	0.188211793926874
"hsa-miR-141-3p"	8.29559961233854	9.88997709324415	37.4727675389662	9.26982675329199e-10	7.26136429007873e-09
"hsa-miR-142-3p"	0.828618335290985	11.5122743325845	0.247695250259113	0.618702618297212	0.679416426634789
"hsa-miR-142-5p"	3.77323787605032	16.0731637157671	4.09573696919688	0.0429914837002818	0.0687278821058926
"hsa-miR-143-3p"	-5.80176478787167	11.8422753971614	40.6090343943686	1.85944949366802e-10	1.61840974448883e-09
"hsa-miR-143-5p"	-7.05786818253147	3.54198592984215	23.1897402430263	1.46778326236693e-06	6.76331503247508e-06
"hsa-miR-144-5p"	2.52741916757377	2.71257607694559	2.15230319575911	0.142356197298874	0.194498292821136
"hsa-miR-145-3p"	-6.94368497092012	4.18767302425643	21.5394848113107	3.46617975749609e-06	1.39239699660099e-05
"hsa-miR-145-5p"	-5.7735254735606	4.57423448608247	27.5844849463858	1.5038017767062e-07	7.6246523794203e-07
"hsa-miR-1468-5p"	3.18474745466071	5.18409962652331	6.87202579312285	0.00875553460593473	0.0172179969238047
"hsa-miR-146a-5p"	4.31430768891659	13.2383901904333	18.7126093646662	1.51974192199041e-05	5.33043808459324e-05
"hsa-miR-146b-3p"	2.76213305995031	6.87034555208021	4.16876004264431	0.0411759235879224	0.0665040690251667
"hsa-miR-146b-5p"	5.05699108172985	14.3186851705588	6.86382202863251	0.00879582116700596	0.0172251497853867
"hsa-miR-148a-3p"	-2.50838317903705	12.608822728753	5.72581393594973	0.0167172859063204	0.0297618347574643
"hsa-miR-148a-5p"	-2.41844101704205	7.35660206721439	2.86247248663754	0.0906680359172648	0.132753822059547
"hsa-miR-148b-3p"	0.224914498978263	10.5264715528533	0.105263913637089	0.745601907295831	0.785723983024754
"hsa-miR-148b-5p"	-1.23357213377528	6.0652856064309	4.0524271435503	0.0441078844574289	0.0702735786270901
"hsa-miR-149-5p"	-6.49400962750726	5.09702448800658	38.9719287714977	4.29943537135277e-10	3.5451484640979e-09
"hsa-miR-150-3p"	10.6901406757307	7.00231277895801	47.6656012150784	5.0548366163085e-12	6.7879234561857e-11
"hsa-miR-150-5p"	10.8730018268892	13.9208734685768	31.5430299583211	1.95069302696113e-08	1.1318836082367e-07
"hsa-miR-151a-3p"	1.43906465996095	13.0804038077938	3.32648564136065	0.0681723969626756	0.102367497036606
"hsa-miR-151a-5p"	0.237605601422398	12.5795309134816	0.115524631381565	0.733940011009309	0.780433948358315
"hsa-miR-151b"	4.85502834039944	7.97782212144162	22.4225375746152	2.18791506217885e-06	9.4341291671932e-06
"hsa-miR-152-3p"	-2.98784698096339	6.53912312375013	17.8830101983308	2.34908892439118e-05	7.88622710331325e-05
"hsa-miR-152-5p"	-4.97276471732817	3.93513560880971	21.63935759964	3.29030517230395e-06	1.35652932542356e-05
"hsa-miR-154-3p"	-5.60792845902801	1.95298766631166	12.9568940689611	0.000318745545783412	0.000823134101748373
"hsa-miR-154-5p"	-7.23625720073922	2.98639018631049	18.6108892719277	1.60302283718122e-05	5.58089432203833e-05
"hsa-miR-155-5p"	5.02694214635965	13.8308167362937	8.16022827701875	0.00428189814394566	0.00936042850071841
"hsa-miR-15a-3p"	-1.9676118253483	2.05914283312507	1.47911040992861	0.223913758799401	0.286756039879342
"hsa-miR-15a-5p"	4.11882419904436	11.7511896522294	19.1651064100034	1.19884942500383e-05	4.30121549428854e-05
"hsa-miR-15b-3p"	-0.538716799911601	5.71133947061147	0.726228857863821	0.39410830026718	0.464237847432517
"hsa-miR-15b-5p"	0.38064274806371	8.46923223745537	0.311827525904812	0.57656090171766	0.642141288642891
"hsa-miR-16-1-3p"	-1.05656795729806	2.95671518538343	0.467261670536657	0.494249632780557	0.565200309992364
"hsa-miR-16-2-3p"	1.12738901002731	6.90517800409739	2.03780258098821	0.153431151004536	0.20722023267854
"hsa-miR-16-5p"	3.89196991727324	14.8913001168	14.8458579654789	0.000116663989846209	0.0003384696001711
"hsa-miR-17-3p"	0.0738611409279543	7.56908826158185	0.0121924679805083	0.912076681742619	0.926202763890133
"hsa-miR-17-5p"	0.721663093200136	9.15213640058534	0.457825672608447	0.498641904931578	0.568368503912342
"hsa-miR-181a-2-3p"	0.82616510004525	8.53862790999886	0.974245379818313	0.323623670813057	0.394049547363049
"hsa-miR-181a-3p"	-0.225801086954982	9.65563784650169	0.105534473378013	0.745286503040558	0.785723983024754
"hsa-miR-181a-5p"	2.53743540923871	16.7590615274903	7.08823903035045	0.00775914521454945	0.0155846079095651
"hsa-miR-181b-3p"	-2.09701361621047	4.10714412607237	5.98496243123776	0.0144283499359472	0.0261626443391847
"hsa-miR-181b-5p"	-0.805649471235115	11.735143112611	0.919985029272482	0.337478903120945	0.40985809939753
"hsa-miR-181c-3p"	-1.98649668987193	4.95460875798518	7.2826020027702	0.00696256109702262	0.014166249851085
"hsa-miR-181c-5p"	0.61145415323238	8.35215362389554	0.780489132031249	0.376991587572666	0.447777390863661
"hsa-miR-181d-5p"	-1.08869329885685	4.36513075184971	1.42172795369268	0.233119199671327	0.29532620982621
"hsa-miR-182-5p"	-2.37116755052481	9.76924273314236	2.47535149111966	0.115643588170594	0.165205125957991
"hsa-miR-183-3p"	-4.69989596774091	2.26822020064953	5.51226771346127	0.0188835477975333	0.0331166696449278
"hsa-miR-183-5p"	-2.60391814570478	7.62636873081689	2.5650767138576	0.109247257884644	0.157022052617072
"hsa-miR-185-3p"	0.238287213122452	2.97826366954495	0.044236868428106	0.833413536898105	0.860888708444196
"hsa-miR-185-5p"	0.83154129638202	5.60493702456728	1.54757082700827	0.213494411159073	0.276425270646734
"hsa-miR-186-5p"	1.98346140301789	13.5644731982842	5.24627910122263	0.0219937535228898	0.0378647038672463
"hsa-miR-187-3p"	-3.62780496071561	1.68059406243656	4.00818212861779	0.0452799471148689	0.071897213324285
"hsa-miR-188-5p"	-1.0917264258543	3.28589750030721	0.567042940769125	0.451436371417555	0.521314728664007
"hsa-miR-18a-3p"	-1.98512140221143	4.73551143998889	3.22576806128388	0.0724877846732047	0.107814110115209
"hsa-miR-18a-5p"	-1.46788738305539	5.97737064825628	2.19089100359992	0.138828986192096	0.191347869531628
"hsa-miR-190a-5p"	-2.33584126605222	3.10155556950495	4.97739424092535	0.0256806355463574	0.0434169018229783
"hsa-miR-190b"	0.307913096461348	3.05499447719507	0.0619888055989506	0.803379723618675	0.837224989136978
"hsa-miR-191-3p"	-1.48517873382537	3.26198145310384	1.90699673116131	0.167297248566044	0.223379848937615
"hsa-miR-191-5p"	1.67414195231241	14.9151921923038	3.92559968893988	0.0475562262568274	0.0752573277464945
"hsa-miR-192-5p"	3.47005640562614	12.1815743481403	13.3596878664494	0.000257091092151849	0.000678836029839151
"hsa-miR-193a-3p"	-8.23019530242921	7.34665430040722	44.7838636977586	2.20028500459316e-11	2.35030443672451e-10
"hsa-miR-193a-5p"	0.00295568015334627	6.47892256472372	8.87578020325464e-06	0.997622926072859	0.997622926072859
"hsa-miR-193b-3p"	-2.89408493114735	6.20961424497483	14.9229287268411	0.000111993525692247	0.000331050044499095
"hsa-miR-193b-5p"	-3.00383337740961	2.22061920343606	5.56667844134893	0.0183054535917568	0.0323442225117508
"hsa-miR-194-5p"	2.19488889663549	6.19844317311086	4.89109449243322	0.0269955673164164	0.0451527282516574
"hsa-miR-195-5p"	3.52579079788215	6.33387363810437	11.9889153855997	0.000535179290939311	0.00133086913619829
"hsa-miR-196b-5p"	-1.41206131923081	2.96086011695092	1.10333973490969	0.293534338651752	0.362102727470665
"hsa-miR-197-3p"	1.79310905158069	9.27731811013339	4.80906464638838	0.0283104076230356	0.0470172847449708
"hsa-miR-1976"	6.83829617718047	3.37317748994688	21.2171177263691	4.1008557908572e-06	1.60616851808573e-05
"hsa-miR-199a-3p"	-7.5216843407027	11.4756066316471	63.8323666301736	1.35469495862367e-15	5.78824209593749e-14
"hsa-miR-199a-5p"	-8.07845138563002	9.34927453166717	59.2523861750036	1.38692059001016e-14	4.16585274586719e-13
"hsa-miR-199b-3p"	-7.59611407794656	10.3671051291007	61.6785802309055	4.04355156773462e-15	1.46189941295021e-13
"hsa-miR-199b-5p"	-6.38841380592105	8.8407370032261	27.5688896807684	1.51597572391496e-07	7.6246523794203e-07
"hsa-miR-19a-3p"	0.153305572742225	7.67277317396367	0.020971222933575	0.884857378482405	0.904093408449414
"hsa-miR-19b-3p"	1.47254373473729	10.3478351670933	2.10635497086281	0.146688355596122	0.199836310522253
"hsa-miR-200a-3p"	0.920727850053639	5.15500204314371	0.444624701990952	0.504898713371185	0.57319419150835
"hsa-miR-200b-3p"	-1.71985458873158	6.4790541338613	1.33544273845158	0.247839252222402	0.309799065278003
"hsa-miR-200b-5p"	-3.08262041581468	1.71454404099511	2.784517171215	0.0951793753086822	0.138926417376027
"hsa-miR-200c-3p"	8.84333279682625	5.25019436811398	45.797370128091	1.31139479496971e-11	1.50330622837991e-10
"hsa-miR-204-5p"	-9.07884856531608	7.80276323215689	28.3690800195844	1.00253813581069e-07	5.29430251495533e-07
"hsa-miR-20a-3p"	0.690145502081099	2.71638382266217	0.298110196643101	0.585069590332634	0.648960489564752
"hsa-miR-20a-5p"	2.59663988731791	10.2673133156375	6.3843222915911	0.0115132712668382	0.0217318774916223
"hsa-miR-20b-5p"	3.8497467431321	6.12690008512631	8.74248141292378	0.00310881182605285	0.00689217716153225
"hsa-miR-21-3p"	0.912878477228613	12.0573700509864	0.415189032275748	0.519347438201289	0.588176616758087
"hsa-miR-21-5p"	0.176766191871057	15.2000542104846	0.0330663739305237	0.855707022761173	0.878745836750375
"hsa-miR-210-3p"	-2.64728893566642	7.65468419835186	11.6072695345071	0.000656945295190864	0.00161656695675239
"hsa-miR-210-5p"	-1.56284664592846	5.04586069393967	1.60072387725265	0.2058006569416	0.269432614937471
"hsa-miR-2110"	2.48499139247733	3.40847263099108	3.79766192946032	0.0513242033115763	0.0804079185214696
"hsa-miR-2110-3p"	0.737435566764334	3.70543043673285	0.869327133948107	0.351141653756328	0.425352003261532
"hsa-miR-2116-3p"	0.0625537021785668	2.87544561640061	0.00247872859175935	0.960292260602653	0.968535112624994
"hsa-miR-212-3p"	-0.974648849194533	3.61138927629967	0.567948235306767	0.451075386820619	0.521314728664007
"hsa-miR-212-5p"	-2.71702564418843	3.14417453817562	6.52399298802588	0.010642879035105	0.0201699723649167
"hsa-miR-214-3p"	-7.80175874033931	5.76131814820957	57.4432981748823	3.47864482042847e-14	8.1748153280069e-13
"hsa-miR-214-5p"	-8.07643091142057	4.94972652028658	37.2029033394162	1.06455167677481e-09	8.06998851748649e-09
"hsa-miR-215-5p"	2.13563775821879	3.6678635547473	6.11845518840928	0.0133777660223278	0.0248519764051148
"hsa-miR-218-1-3p"	-8.44903795538289	3.96825578416913	35.7245059242502	2.27286891147202e-09	1.57095351234096e-08
"hsa-miR-218-5p"	-6.70489521342566	4.36234089767262	30.8456388785485	2.79389284897289e-08	1.60137760855763e-07
"hsa-miR-22-3p"	-3.5230887031951	14.3597595280614	23.3396282507399	1.3577364906576e-06	6.44581970312195e-06
"hsa-miR-22-5p"	-3.44648607141548	5.27769583750421	27.5574982269766	1.52493047588406e-07	7.6246523794203e-07
"hsa-miR-221-3p"	-1.05819555646677	12.413707815066	1.62730806522872	0.202075785598296	0.265295025785472
"hsa-miR-221-5p"	-2.95890691045026	8.47070261552835	12.7240818032311	0.000360977040499721	0.000924725674483831
"hsa-miR-222-3p"	-3.22031162325816	12.1435630156484	12.2781714643294	0.000458287179196051	0.0011518447819366
"hsa-miR-222-5p"	-2.25226625512701	4.24506049823413	3.11319707497297	0.0776603809543869	0.114781066190446
"hsa-miR-223-3p"	8.20149890389507	9.7506419720496	27.8718348917501	1.2962296178197e-07	6.69481231181602e-07
"hsa-miR-223-5p"	9.15568403448134	5.4996701486357	46.145899638057	1.09766501542957e-11	1.32282706987667e-10
"hsa-miR-224-3p"	-6.56179014741295	2.5113749216262	13.9775502274199	0.000185006524535329	0.000508497465097102
"hsa-miR-224-5p"	-8.09912421563482	7.47748621734349	54.3414778356855	1.68507203884359e-13	3.6854943078598e-12
"hsa-miR-2277-5p"	-0.392983840979757	2.66556463645155	0.0905464697500715	0.763483578699562	0.80276796865502
"hsa-miR-2355-5p"	2.36071959357662	4.18077257894178	7.05210678383257	0.00791720791753273	0.0158344158350655
"hsa-miR-23a-3p"	-1.77650367949406	9.27465957612237	6.63061285511545	0.010024077008376	0.0191516918452713
"hsa-miR-23a-5p"	1.60101809629884	4.64726401261839	2.17231671855895	0.140514409288825	0.192541610395767
"hsa-miR-23b-3p"	-2.84447901564038	8.03949629186921	16.2851961378135	5.44879832052353e-05	0.000175406521277127
"hsa-miR-24-2-5p"	-3.14029019127538	5.50793859591638	21.5657582288742	3.4190182458252e-06	1.38529187546366e-05
"hsa-miR-24-3p"	-0.329598863096608	8.70659306596431	0.234605857870488	0.628129486687429	0.688160509890657
"hsa-miR-25-3p"	2.15766336919152	13.0175683132896	6.5254016062313	0.010634453389753	0.0201699723649167
"hsa-miR-25-5p"	-0.709600501092937	4.58258482245757	1.03072049570045	0.309989504023082	0.378428745171035
"hsa-miR-2682-3p"	-5.8588601380093	2.08716725827527	14.8340863716476	0.000117394406217952	0.000338499208113112
"hsa-miR-2682-5p"	-6.59829079164332	2.53984496345878	18.3721500619653	1.81694362990619e-05	6.27914342688169e-05
"hsa-miR-26a-2-3p"	-0.701053854921695	4.16907240754675	0.735917655290257	0.390971745157418	0.461700302070318
"hsa-miR-26a-5p"	2.63095500145249	15.855015375941	9.88361067197093	0.00166757392265501	0.00376807569061468
"hsa-miR-26b-3p"	0.493723778874602	5.51370217591964	0.255835296610751	0.612995908793927	0.674726175955844
"hsa-miR-26b-5p"	3.76401667121864	13.3395212330329	17.7564077629464	2.51070423929247e-05	8.31007741174267e-05
"hsa-miR-27a-3p"	-1.44310077080565	10.6010915948314	4.2475267468493	0.0393075362811839	0.063925751045524
"hsa-miR-27a-5p"	0.857331384419964	5.75153653404146	1.37378940298461	0.241161877378645	0.302256219647902
"hsa-miR-27b-3p"	-1.01173268245138	13.3390727793814	1.46839631560624	0.225598889502289	0.287603011998259
"hsa-miR-27b-5p"	-1.06606825590676	4.84301363205661	1.50538289220947	0.219844970079885	0.283865758070182
"hsa-miR-28-3p"	3.54395433213875	13.9617473200633	11.5758239577954	0.000668148231970832	0.00163557119284527
"hsa-miR-28-5p"	2.93069704298471	9.71012649558208	12.9870621004598	0.000313650717979923	0.00081445214061085
"hsa-miR-296-3p"	-6.80020836492295	5.13017953065868	28.1259028464971	1.136742157706e-07	5.93632015690909e-07
"hsa-miR-296-5p"	-4.23061247977562	5.22549747561685	18.7522388508533	1.48848507050829e-05	5.26006002360072e-05
"hsa-miR-299-3p"	-8.3457313597459	3.8806405817178	39.4544870624284	3.35795249964169e-10	2.86952304514835e-09
"hsa-miR-299-5p"	-8.23222101168493	3.78208274125182	25.8590755581423	3.67273789037616e-07	1.79811125882999e-06
"hsa-miR-29a-3p"	0.319547838938612	13.5770772221917	0.160571661204358	0.688630746798234	0.74063261097293
"hsa-miR-29a-5p"	-1.38915728508498	4.40358119306337	4.63601679265044	0.0313075874282352	0.0516300564605984
"hsa-miR-29b-1-5p"	3.22663273218629	3.28009866726593	5.97951858958291	0.0144729521876341	0.0261626443391847
"hsa-miR-29b-3p"	0.895871664320688	9.45362389110926	1.03546023654792	0.308879656369991	0.378055829411187
"hsa-miR-29c-3p"	5.49504751854082	11.507303737227	21.8731174581653	2.91286109593989e-06	1.22236135276049e-05
"hsa-miR-29c-5p"	5.28689041826037	6.00405048596352	22.254621481196	2.38783376853039e-06	1.02025624655389e-05
"hsa-miR-301a-3p"	-3.22225430344348	8.18072875097069	7.9786888572436	0.00473312095507543	0.0102611898242691
"hsa-miR-301a-5p"	-4.75383794703774	2.50095671331926	5.93497218785165	0.0148433029988495	0.0267293195764723
"hsa-miR-301b-3p"	-1.10364176917381	3.95792771685496	2.57689668211525	0.10843406194064	0.156331316294787
"hsa-miR-3074-3p"	-1.60963664998333	2.12434518993466	0.817591442442451	0.365885313848719	0.440938711561276
"hsa-miR-3074-5p"	-1.70623007892684	2.75585549119343	1.49434257223492	0.221543905759577	0.285275714265757
"hsa-miR-30a-3p"	-4.38417185285279	5.63184365401502	19.03128123404	1.28593010498995e-05	4.578690525343e-05
"hsa-miR-30a-5p"	-1.77157271907057	11.6142835232002	4.48307899655583	0.0342319973600712	0.0560593684990712
"hsa-miR-30b-3p"	1.68110607684807	3.67876462570453	2.29180127661704	0.130058906472609	0.182470704603363
"hsa-miR-30b-5p"	2.40671256925472	11.1590392231926	5.43598392821855	0.019725974595115	0.0343378076285335
"hsa-miR-30c-1-3p"	0.754961715623468	4.50431665037158	0.665982262096887	0.414455890140659	0.484562856632114
"hsa-miR-30c-2-3p"	-6.91173476262227	3.42759352649365	27.3641972681379	1.68522614426547e-07	8.33743460847128e-07
"hsa-miR-30c-5p"	0.278368566288773	11.4516885914199	0.122207171675228	0.726652854213083	0.774437282267911
"hsa-miR-30d-3p"	1.29996795536758	6.71282503520969	1.86863245277332	0.171631788593775	0.227872713669701
"hsa-miR-30d-5p"	2.32818521430675	13.7157003711516	7.90863693813435	0.00491993265122512	0.0105107652094355
"hsa-miR-30e-3p"	3.18303790207617	9.59061763744114	3.57887550238648	0.058518751368363	0.0901764365348544
"hsa-miR-30e-5p"	2.03938806026176	13.5876395846945	3.51267686705705	0.0609009812354943	0.0930890928281166
"hsa-miR-31-3p"	-9.80921402248529	6.06973722292107	67.0888239042896	2.5954561317488e-16	1.21986438192194e-14
"hsa-miR-31-5p"	-12.1452719663639	12.0221323918175	120.689828878491	4.46801475892188e-28	2.09996693669328e-25
"hsa-miR-3117-3p"	-6.07279370148056	2.20922351952515	16.1859986035881	5.74169344151154e-05	0.000182337561993947
"hsa-miR-3150b-3p"	9.37439742514761	5.71235010136374	45.6507769919597	1.41330001463373e-11	1.58155001637584e-10
"hsa-miR-3152-5p"	-6.25931594205819	2.32121854016956	17.1636164207278	3.42942226179959e-05	0.000111932532155959
"hsa-miR-3158-3p"	0.538608428131701	3.13280851646692	0.183577387167798	0.668316746074405	0.727103867256876
"hsa-miR-3168"	-6.07082077198973	2.79067145843692	19.5384282836778	9.85961619512172e-06	3.59226326488931e-05
"hsa-miR-3176"	6.45385229958179	3.01077579501031	7.51913398523613	0.00610470218960457	0.0126249760825328
"hsa-miR-32-3p"	6.22672338809052	2.86927968701246	16.1541461734948	5.83906121969387e-05	0.000184185152567525
"hsa-miR-32-5p"	5.94717662058235	7.58539720024225	11.4447753710733	0.000716952996888885	0.00173694798215348
"hsa-miR-3200-3p"	-3.26222034814235	2.77085795473887	5.88325892085233	0.0152855041744195	0.027420560923577
"hsa-miR-320a"	0.363648021268951	10.1296570967466	0.219928890066981	0.639094105909681	0.698544720412907
"hsa-miR-320b"	1.26753111219886	3.71441661533682	2.62141752729288	0.105430218764914	0.152468316367722
"hsa-miR-323a-3p"	-7.08892294939626	4.37757464930271	40.6395777179778	1.83061038445044e-10	1.61840974448883e-09
"hsa-miR-323b-3p"	-8.38970685323078	3.9184203446856	38.7203029137485	4.89095119249196e-10	3.96335700081245e-09
"hsa-miR-324-3p"	-0.322544398242224	4.73264088455872	0.176568391722213	0.674339049052798	0.728596213919116
"hsa-miR-324-5p"	0.670084864287584	4.4526275866023	0.785577454750407	0.375440765156048	0.447777390863661
"hsa-miR-326"	-2.71395502541857	2.82874726584076	2.93325785168221	0.086772228877137	0.127446711163295
"hsa-miR-328-3p"	-0.364360631428893	6.21043434143076	0.176914921556985	0.674038024214085	0.728596213919116
"hsa-miR-329-3p"	-8.62457178544157	4.12011252663863	30.0897705721318	4.12501388195291e-08	2.33585123435888e-07
"hsa-miR-330-3p"	1.45441935084087	3.99396989729579	3.51471151497895	0.0608262454868164	0.0930890928281166
"hsa-miR-330-5p"	-0.277602164210987	5.21833638148935	0.086805366530351	0.768278448625168	0.806006408155869
"hsa-miR-331-3p"	-2.00854945486409	6.69229846173652	7.21405624010249	0.00723348379391887	0.0145911475671325
"hsa-miR-331-5p"	-0.0118342746544685	3.22255910100828	0.000167656187992637	0.989669110413928	0.991779279092849
"hsa-miR-335-3p"	1.19736911776661	6.65750056486101	2.42437977994782	0.119460514759792	0.169626712800914
"hsa-miR-335-5p"	1.41689705272462	5.27159405434036	1.99243741056707	0.158086259830769	0.21289553616178
"hsa-miR-337-3p"	-9.40566671527971	4.82418562083458	53.1566024236682	3.07988498020976e-13	5.79018376279435e-12
"hsa-miR-337-5p"	-6.57931865885755	2.5257139683198	19.810390504586	8.55165389941136e-06	3.14006041619011e-05
"hsa-miR-338-3p"	7.48158239515327	3.92905749613606	22.7831491951647	1.81348838706961e-06	7.96579011142727e-06
"hsa-miR-339-3p"	2.32405976403188	8.26288817598826	9.17375928367077	0.00245509748110566	0.00546870055033014
"hsa-miR-339-5p"	0.0566143171847097	6.39759527602232	0.0062384618055229	0.937045402071285	0.949162368477379
"hsa-miR-33a-3p"	0.483535713585902	3.53325949321996	0.341399879651104	0.559022297279034	0.625572570764633
"hsa-miR-33a-5p"	-1.34013691182315	4.24586593886816	2.09515602356924	0.147766626149752	0.200144997954996
"hsa-miR-33b-3p"	0.677080073715827	2.96426779019134	0.297513881809801	0.585445207607351	0.648960489564752
"hsa-miR-33b-5p"	-0.573083993442986	3.23666785147988	0.404530807330139	0.524758586938403	0.592876288127522
"hsa-miR-340-3p"	-1.3547756978455	4.15508033985621	2.37785478721353	0.123066440212089	0.173697378077122
"hsa-miR-340-5p"	1.54324000182832	8.77016759852016	2.9728007195163	0.0846751416823339	0.124756478340743
"hsa-miR-342-3p"	5.55182703085862	11.7985971296994	35.5034325138145	2.54601516313341e-09	1.73424221256914e-08
"hsa-miR-342-5p"	3.87470477913668	6.31784949192529	22.9641435278163	1.65051370697365e-06	7.45905232959244e-06
"hsa-miR-345-3p"	-6.37720447904351	2.82187604162625	8.53858305093816	0.00347696196626869	0.00767216959693091
"hsa-miR-345-5p"	-1.02459848066683	7.84374628142319	1.56792668394643	0.210508365090206	0.274069062582817
"hsa-miR-34a-3p"	-3.14206798218588	1.87507674551736	3.1352063118382	0.0766186921217484	0.113598691789343
"hsa-miR-34a-5p"	-3.05799935943634	6.04314358442163	12.639825522788	0.000377615219753534	0.000959346774508977
"hsa-miR-34b-5p"	-6.7723766938275	2.65459156815677	18.2022845581846	1.98640418799314e-05	6.76528962577374e-05
"hsa-miR-34c-5p"	-7.48604565241578	5.56855501299969	53.0636799308899	3.22908268438328e-13	5.83718792946208e-12
"hsa-miR-3605-3p"	-1.51839095918259	3.20811602084599	2.21377445874838	0.136783645271825	0.18964104211728
"hsa-miR-3605-5p"	-2.6418042582921	2.85459972983678	6.75087459273038	0.00937017424622933	0.0180491061300319
"hsa-miR-3607-3p"	3.12273956514261	7.78353529199842	3.82053559471631	0.0506280521970358	0.0795825569652402
"hsa-miR-3609"	9.26422208059832	5.60573783026483	28.9899739801073	7.27538733318567e-08	3.93038166275548e-07
"hsa-miR-361-3p"	3.53047446292267	11.084163065132	14.868886943327	0.000115248264390673	0.00033643903269327
"hsa-miR-361-5p"	2.09678451337406	8.77715589983218	7.6559190492309	0.00565863575559335	0.0119262726687393
"hsa-miR-3613-5p"	2.40756288212541	3.86672633407777	4.70171764912735	0.0301324889053478	0.0498671471320897
"hsa-miR-3614-5p"	1.90649783955594	2.97040338245393	1.46713063875412	0.225798960483739	0.287603011998259
"hsa-miR-3615"	4.49064396570225	6.15334825807562	15.7038241237075	7.40742573801904e-05	0.000227548372344376
"hsa-miR-362-3p"	-0.180393586116336	3.32137716129719	0.0270335927896674	0.86940134263661	0.890236668930734
"hsa-miR-362-5p"	4.611836077628	5.81493388750684	5.98829481772998	0.0144011170005953	0.0261626443391847
"hsa-miR-363-3p"	5.45484704128181	9.90844786528621	9.63238472262739	0.00191176226140726	0.00429917829120292
"hsa-miR-3651"	4.21360497706377	4.12183242832745	10.3768520868677	0.0012760507512641	0.00292557977119086
"hsa-miR-3653-3p"	7.24914098648145	3.72225166896047	21.308404723011	3.9101338255863e-06	1.55701438004227e-05
"hsa-miR-3653-5p"	4.01905075932706	3.95083330763273	11.9350545518409	0.000550875149352068	0.00136269115892354
"hsa-miR-365a-3p"	-3.68519915251249	4.80354235804039	23.2938260842243	1.39045621799932e-06	6.47043982633345e-06
"hsa-miR-365b-3p"	-3.68519915251249	4.80354235804039	23.2938260842243	1.39045621799932e-06	6.47043982633345e-06
"hsa-miR-365b-5p"	-2.95021339129102	1.92875576992731	5.10176679533415	0.0239014860835234	0.0408056961801522
"hsa-miR-3661"	-1.27656202029089	2.55945983740332	1.92018625664348	0.16583612898061	0.222059773848681
"hsa-miR-3681-5p"	6.36111081361407	2.97643814175485	15.7538039600563	7.21427284891832e-05	0.000223072910459974
"hsa-miR-369-3p"	-6.79765281737245	4.07126251853614	32.3453546752088	1.29065383384645e-08	8.07656020380973e-08
"hsa-miR-369-5p"	-9.10733303301978	4.55150771389979	51.0287824086646	9.10214672848543e-13	1.3368778007463e-11
"hsa-miR-370-3p"	-8.98903050594163	5.25589004715939	50.9162200295609	9.63937268233533e-13	1.37288035172655e-11
"hsa-miR-374a-3p"	1.73160030715795	6.74572063324589	2.70689790332612	0.0999151126733476	0.144938589371831
"hsa-miR-374a-5p"	3.13565088977355	6.94006026942917	6.83628728855568	0.00893242982016997	0.0174200913505389
"hsa-miR-374b-3p"	-0.97573251650645	3.63128533577972	0.549177794332508	0.458653841635292	0.528351239138695
"hsa-miR-374b-5p"	0.0213538794610685	6.15234033362972	0.000769886388725549	0.977864075804953	0.984145857876505
"hsa-miR-375"	-12.0624657860951	9.19669289211816	21.0257002498275	4.53163732325888e-06	1.74579470650137e-05
"hsa-miR-376a-2-5p"	-5.58132659297245	1.93740601219784	11.3094398799863	0.000771140313551055	0.00184916299678059
"hsa-miR-376a-3p"	-8.24295526207576	3.79225009145628	34.4827840524873	4.30038158001813e-09	2.84673146846271e-08
"hsa-miR-376a-5p"	-9.60685219959495	5.01086838984115	42.4940340735159	7.08981458944756e-11	6.80043440212317e-10
"hsa-miR-376b-3p"	-7.4040862687166	3.11348795791279	20.6796107688176	5.42910452043335e-06	2.07453587366152e-05
"hsa-miR-376c-3p"	-8.7384133536171	4.85494347383834	53.3413913512	2.80337044270058e-13	5.48993378362198e-12
"hsa-miR-377-3p"	-5.98396559442408	2.73197964550556	17.305668092507	3.18236190703631e-05	0.000104595111629865
"hsa-miR-377-5p"	-8.41164684249673	3.93622413668716	36.9805336203179	1.19314521002819e-09	8.90124204306747e-09
"hsa-miR-378a-3p"	1.01958214382577	11.7490983217995	0.642916660978611	0.422656601262031	0.492924572191451
"hsa-miR-378a-5p"	0.921746496843588	4.1614107616718	0.50702062267888	0.476431457847721	0.546153134605924
"hsa-miR-378c"	4.17171186906652	4.55942517651386	17.759446439645	2.5066972922855e-05	8.31007741174267e-05
"hsa-miR-378d"	3.6784593752133	3.16773403873888	9.31842434406373	0.00226860996568126	0.00507736516128663
"hsa-miR-379-3p"	-7.51687724847852	3.20239904372305	29.701100451343	5.0406198435758e-08	2.7871662664478e-07
"hsa-miR-379-5p"	-5.27030261423354	3.15429848057689	16.513282152021	4.83104657293427e-05	0.000156592544088214
"hsa-miR-380-3p"	-4.61281445554364	2.4800049861702	14.4117157038937	0.000146885631254993	0.000420952723718577
"hsa-miR-381-3p"	-7.55637031976615	7.74540049806259	59.7953908924209	1.05249552399768e-14	3.53337783056363e-13
"hsa-miR-382-3p"	-6.83585099765139	2.6994338351308	21.0661532079797	4.43696575785615e-06	1.72344950924991e-05
"hsa-miR-382-5p"	-9.33342240879999	4.75746971248242	52.9366827793803	3.44475679119224e-13	5.93268399329498e-12
"hsa-miR-3909"	-2.79875019408554	3.50695143063543	7.54057844196068	0.00603246729990623	0.0126011539153597
"hsa-miR-3912-3p"	2.53416477177524	4.3284537584557	6.76631897153159	0.00928942414648002	0.0179671989664428
"hsa-miR-3928-3p"	-0.453714925443613	2.42020670462375	0.109666212955602	0.740524467997237	0.78480535485135
"hsa-miR-409-3p"	-8.34982977255858	9.38897604896385	57.6062122199376	3.2021266524744e-14	7.92105014033142e-13
"hsa-miR-409-5p"	-9.12138190272026	7.35024404525665	74.6228193249517	5.69807594649217e-18	3.82585099264474e-16
"hsa-miR-410-3p"	-5.26463425999836	6.44600475478017	32.3223909867714	1.30599696912668e-08	8.07656020380973e-08
"hsa-miR-411-3p"	-7.49225891413375	3.18386927962977	29.1261324964526	6.78160509181816e-08	3.70622603855178e-07
"hsa-miR-411-5p"	-7.66654545370361	8.66179285949731	59.0293344947287	1.55338827873333e-14	4.29466171179216e-13
"hsa-miR-412-5p"	-6.95357606488911	2.78255803437261	22.9746735402945	1.6414975616267e-06	7.45905232959244e-06
"hsa-miR-421"	-2.01343273474355	7.15021041780939	5.31487477601546	0.0211441133530245	0.0366706024941753
"hsa-miR-423-3p"	-1.25909025854419	11.8294979629229	3.2484140615393	0.0714926012338547	0.107011218407362
"hsa-miR-423-5p"	-0.296270344648444	11.6295127829781	0.181579830229595	0.670019060132443	0.727272420928979
"hsa-miR-424-3p"	-4.25244236223151	3.20433155495389	13.4496546184309	0.000245051290337275	0.000650701166432313
"hsa-miR-424-5p"	-4.70699944312567	4.56268387557619	31.5709215303486	1.92287483447816e-08	1.12968896525592e-07
"hsa-miR-425-3p"	2.03160392571675	5.13467605351976	7.91945084907131	0.00489061146618455	0.0105107652094355
"hsa-miR-425-5p"	2.08440675520142	9.18193537141027	6.09317561961943	0.0135704967646958	0.0249145839039336
"hsa-miR-429"	-2.8787795323016	4.5182316657183	3.50453221386421	0.0612011269869958	0.0930890928281166
"hsa-miR-431-3p"	-8.24978124052719	3.79860601039492	39.189644198239	3.84574614467943e-10	3.22767979999881e-09
"hsa-miR-431-5p"	-7.26723984683557	5.45923991046038	54.2953165324573	1.72512499516841e-13	3.6854943078598e-12
"hsa-miR-432-5p"	-8.4470976036247	5.25648301260714	46.7629013792549	8.0115771190316e-12	1.04595590165135e-10
"hsa-miR-4326"	-1.93595884503003	3.43938581048495	4.2157768785507	0.0400497226860774	0.0649081712498496
"hsa-miR-433-3p"	-4.27336083434226	2.26722862549656	11.2358540403294	0.000802321784420089	0.00189634354570099
"hsa-miR-433-5p"	-5.25586486026286	1.77604540474662	6.368858514755	0.0116140279510649	0.0217473830159382
"hsa-miR-4421"	-6.04877732429287	2.1901400283181	7.64764492245026	0.00568464860957101	0.0119276109218677
"hsa-miR-4424"	8.34182010364032	4.72574184524135	20.4742225640023	6.04397756262168e-06	2.25449956700967e-05
"hsa-miR-4443"	6.17294920335133	2.83343502696871	12.7186848627988	0.000362020264053245	0.000924725674483831
"hsa-miR-4464"	7.62971065180275	4.07204947735107	13.1642126304431	0.000285346661933245	0.000745071839492361
"hsa-miR-4482-3p"	6.93314110980119	3.40656353562429	7.51331458196521	0.00612445648259036	0.0126249760825328
"hsa-miR-4485-3p"	4.18335839637892	2.5863100268972	3.6828231672589	0.054975689755508	0.0852758223930321
"hsa-miR-450a-5p"	-4.29946574979597	3.82752435249761	21.5995614499961	3.35928634790607e-06	1.37292572479639e-05
"hsa-miR-450b-5p"	-4.34148325438984	4.26039255018351	20.6406734491656	5.540642861363e-06	2.10008237487146e-05
"hsa-miR-451a"	5.15924429377374	6.41786500693304	6.21265467807985	0.0126840278062982	0.0236567185276197
"hsa-miR-452-3p"	-6.56179014741295	2.5113749216262	13.9775502274199	0.000185006524535329	0.000508497465097102
"hsa-miR-452-5p"	-7.78585983335243	4.83104717463414	40.6571660121964	1.81420705976219e-10	1.61840974448883e-09
"hsa-miR-4521"	-3.02008203407031	3.62613083637975	4.108997896089	0.0426556299327077	0.0684237067179952
"hsa-miR-4524a-5p"	-4.26515411267129	1.96596592697268	5.09734502532397	0.0239624939270681	0.0408056961801522
"hsa-miR-454-3p"	2.45185751755769	6.5943473913239	7.97697151420009	0.00473761317418383	0.0102611898242691
"hsa-miR-454-5p"	0.234947426335986	3.67161910014813	0.064545645693864	0.799450478982881	0.83498161138212
"hsa-miR-455-3p"	-5.30574233068275	3.9350542575914	28.4706326339141	9.51305469861668e-08	5.08083603221573e-07
"hsa-miR-455-5p"	-4.08596304691993	4.27930811592918	16.1935830037153	5.71875084459948e-05	0.000182337561993947
"hsa-miR-4661-5p"	6.62661358570129	3.18928697513644	13.4729298340521	0.000242030081185944	0.000646330330439736
"hsa-miR-4662a-5p"	1.85425793643675	4.49312430743502	1.56179928398407	0.21140196486805	0.274472164331446
"hsa-miR-4677-3p"	0.415639907210669	5.45663270375443	0.171194863380361	0.679052070773455	0.732005672622762
"hsa-miR-4775"	-2.06483351874307	3.32621789499497	6.87954892224115	0.00871875649185766	0.0172179969238047
"hsa-miR-484"	-0.836111051467681	9.89203795840742	1.3868945044921	0.238930244299796	0.301064919090896
"hsa-miR-485-3p"	-7.56502076660905	4.33969120354328	44.4665935502671	2.5873466560592e-11	2.70233984077294e-10
"hsa-miR-485-5p"	-8.97152693742023	5.23900959769083	46.257181929052	1.03705710508563e-11	1.28267589313222e-10
"hsa-miR-486-3p"	6.04013922735566	7.2045551498046	18.2188160914467	1.96923727168261e-05	6.75577750139289e-05
"hsa-miR-486-5p"	7.10652613145557	15.3225824200774	15.352142728134	8.92196848941232e-05	0.000267090776434636
"hsa-miR-487a-3p"	-5.8512192076441	3.03493470511546	20.6196812403767	5.60172761582045e-06	2.10624958354849e-05
"hsa-miR-487b-3p"	-9.76684099912081	6.42711582990848	71.5675506656775	2.67926804154363e-17	1.57406997440689e-15
"hsa-miR-490-3p"	-4.35578869582943	1.80032452223171	4.92258174356804	0.0265078766301083	0.0445310811711621
"hsa-miR-493-3p"	-9.23741964860293	5.4895219164913	45.9054209008683	1.24102069907715e-11	1.45819932141565e-10
"hsa-miR-493-5p"	-7.3429878118033	4.95455765677876	51.6942677267322	6.48518157248583e-13	9.83237206151077e-12
"hsa-miR-494-3p"	-8.01149564709268	4.85331500612067	45.0163286656817	1.95398317640555e-11	2.13574905328048e-10
"hsa-miR-495-3p"	-7.91873646139876	4.27774565616978	41.0172031108902	1.50895156751453e-10	1.39060242496437e-09
"hsa-miR-496"	-5.78045028435378	3.00747626707682	15.211409763722	9.61209054428334e-05	0.000285929275684378
"hsa-miR-497-5p"	1.85008240267139	4.29482788094949	2.18198287943813	0.139634457384422	0.191895306931808
"hsa-miR-5000-3p"	6.73192832253463	3.27523077374942	22.483064206905	2.12004539858928e-06	9.22612349386078e-06
"hsa-miR-500a-3p"	1.43916919981711	9.22420879704717	1.40443469365357	0.235982467339775	0.298149891531436
"hsa-miR-501-3p"	0.513666133874631	7.96535803165495	0.520803983537085	0.470498926881953	0.540671138470704
"hsa-miR-502-3p"	-1.68613275476276	3.15518182149674	4.12879350242045	0.0421593981378295	0.0678593052218489
"hsa-miR-503-5p"	-4.56503547742355	1.79333820644683	5.25548540736647	0.0218776981327849	0.0378033754500327
"hsa-miR-504-5p"	-5.82179780729921	2.61550237626154	12.5288074020585	0.000400725499131838	0.00101258593866647
"hsa-miR-505-3p"	-0.352645469586651	4.99101472049967	0.321967738945169	0.570427498737972	0.636819297878496
"hsa-miR-5196-3p"	7.82839458271924	4.24305122537017	35.1707081013848	3.02032527440358e-09	2.0279326842424e-08
"hsa-miR-532-3p"	0.112090948968346	5.14207696660813	0.0136057358687944	0.907142463820847	0.924852403461601
"hsa-miR-532-5p"	1.80279884327593	10.0131730192207	3.23316255670885	0.0721612086556938	0.107669104978337
"hsa-miR-539-3p"	-7.75398616404762	3.97503769325851	36.6143668792159	1.43966737965491e-09	1.05725573193408e-08
"hsa-miR-539-5p"	-6.25149017480484	2.31550962810381	15.5398529768885	8.07840790604088e-05	0.000243387930502514
"hsa-miR-541-5p"	-5.84735854625401	2.08010374514338	14.0744243369421	0.000175716950847511	0.000488680277504913
"hsa-miR-542-3p"	-2.98880571552563	2.3474792887587	5.06360168450289	0.0244334095091118	0.0414574096363991
"hsa-miR-543"	-7.45824031687675	3.72474860492311	36.2507726042262	1.73491218389093e-09	1.25447496373652e-08
"hsa-miR-548e-3p"	1.63836005449641	5.35007352261749	2.30968988835149	0.128569698417853	0.180921431905362
"hsa-miR-548e-5p"	7.54210757947804	3.9828550713763	23.8824266886043	1.02402301415001e-06	4.911130782148e-06
"hsa-miR-548k"	0.713638239449723	5.08696847935076	0.456128919713949	0.499438706629356	0.568368503912342
"hsa-miR-548o-3p"	0.465907869610328	3.8082940829104	0.355634571136109	0.550940736038534	0.618000348300981
"hsa-miR-549a"	-5.25586486026286	1.77604540474662	6.368858514755	0.0116140279510649	0.0217473830159382
"hsa-miR-549a-5p"	-4.6243795420272	3.43507890527239	17.9116632539907	2.31398677759075e-05	7.82427183789677e-05
"hsa-miR-550a-3p"	-0.243780378406584	3.09952411253055	0.0338900450276984	0.853940897580414	0.878745836750375
"hsa-miR-561-5p"	-3.7783939858853	1.99182899880817	3.77777014972316	0.0519378325190292	0.0808304016024626
"hsa-miR-574-3p"	-5.33031300538555	7.51962631709808	42.7298173797527	6.28469735398123e-11	6.15376615910662e-10
"hsa-miR-574-5p"	-5.82961788006158	2.06581214553737	7.29577741732559	0.00691168563821778	0.0141239751377819
"hsa-miR-576-5p"	3.12110896908713	5.95474962316169	13.5242632917219	0.000235498818397049	0.000632482540837788
"hsa-miR-577"	11.5167277904847	7.8216378802699	58.5787360635043	1.9531602206246e-14	5.09991835385313e-13
"hsa-miR-582-3p"	5.39051002312055	6.62273822010522	22.8402822958581	1.76037134337803e-06	7.87975744178736e-06
"hsa-miR-582-5p"	3.6297959639086	5.90147354584981	10.7560818664863	0.00103937191316995	0.00240642758221615
"hsa-miR-584-5p"	-2.50385050593666	4.64031054922921	7.23816734281972	0.00713697918132585	0.0144585354104446
"hsa-miR-589-3p"	-1.13798575010833	2.89268282499538	1.62759377909565	0.202036185983783	0.265295025785472
"hsa-miR-589-5p"	0.764592052167931	7.49546132377872	0.779558272665443	0.377276269748957	0.447777390863661
"hsa-miR-590-3p"	3.29344256056588	5.29913771209104	6.82434423517235	0.00899235670492382	0.0174644944269182
"hsa-miR-598-3p"	9.88372539168508	6.20860335442705	51.8256148900107	6.06553220218116e-13	9.50266711675049e-12
"hsa-miR-615-3p"	-3.70244046525452	2.5503701236196	7.90962441149994	0.0049172477693554	0.0105107652094355
"hsa-miR-616-5p"	1.11098869773216	3.91620641144744	0.813750342482543	0.367013778710038	0.441167457784444
"hsa-miR-625-3p"	-0.370681017105716	6.13515284237277	0.132415878188264	0.715940207649968	0.764754312717011
"hsa-miR-625-5p"	-0.937476765954793	4.8242098445827	1.0542879141437	0.304521604458938	0.373694919309924
"hsa-miR-628-3p"	1.34521820724056	3.06127324586166	1.17073577202067	0.279250110749715	0.346299609636849
"hsa-miR-628-5p"	0.683681199300865	3.23702570669699	0.784555776986425	0.375751432598721	0.447777390863661
"hsa-miR-629-5p"	2.11393782544768	6.00332232682291	3.64682541130788	0.0561761915219674	0.0868513487346207
"hsa-miR-641"	0.495158239892624	3.67324736739065	0.293876029125101	0.587747319304811	0.649979388407673
"hsa-miR-650-3p"	5.79313215146098	2.56106295554398	8.32702382817265	0.00390595975690359	0.00857850974647049
"hsa-miR-651-5p"	7.63817111085045	4.0739559489618	19.2347497524316	1.15590044368456e-05	4.1790246810134e-05
"hsa-miR-6516-3p"	8.19842959026927	4.59390657660759	15.8348424815514	6.91179666699508e-05	0.000215135392946204
"hsa-miR-652-3p"	1.80537457282454	7.41564504968869	2.77458198633604	0.0957716568877383	0.139358138505378
"hsa-miR-654-3p"	-8.91450387673757	8.95651155506844	67.7503154435686	1.85567120055127e-16	9.69072738065663e-15
"hsa-miR-654-5p"	-8.2390530096585	3.78872186496959	32.5464555366174	1.16377183518207e-08	7.39152381804826e-08
"hsa-miR-655-3p"	-4.6990460101177	1.9500814000703	5.50266596937352	0.0189875047710548	0.0331751942096497
"hsa-miR-656-3p"	-8.01249527514064	3.60047097020993	36.076382034281	1.89732557292083e-09	1.3309597302579e-08
"hsa-miR-659-5p"	4.11288600128194	4.80362624033663	13.3253626805736	0.000261840261048964	0.000687513534597838
"hsa-miR-660-5p"	1.49667037098824	8.35136576977417	3.33545045639735	0.0678018388509904	0.102137385448607
"hsa-miR-664a-3p"	3.57117631048723	7.30484785714524	13.7668765271273	0.000206953136711645	0.0005622426257484
"hsa-miR-664a-5p"	5.10971928245709	4.94510338214875	24.0707730093264	9.2859066882045e-07	4.49935684892383e-06
"hsa-miR-664b-3p"	3.64801701063595	3.63310600621022	10.1469365627082	0.00144541240183137	0.00328185424570408
"hsa-miR-665"	-9.19202809798822	4.62790309521264	44.3730211345737	2.71401626134880e-11	2.77301661485639e-10
"hsa-miR-668-3p"	-5.11788137985341	2.46123970114962	15.878872097069	6.75283823491581e-05	0.000211588931360695
"hsa-miR-671-3p"	-1.74988212358995	6.83702173873496	3.78766146002295	0.0516317373296669	0.0806209851991476
"hsa-miR-671-5p"	-1.47420235014143	3.33839971499524	3.84251498531501	0.04996851621817	0.0788094047736239
"hsa-miR-6842-3p"	9.96081099476808	6.2844325566477	41.5263291377523	1.16294086684013e-10	1.09316441482972e-09
"hsa-miR-7-1-3p"	2.80078304779311	5.81293507650166	11.1151259214827	0.000856265109846058	0.00201222300813824
"hsa-miR-7-5p"	1.92649616072663	5.42557459919136	4.51074618117876	0.0336825435789582	0.0553524317556307
"hsa-miR-708-3p"	-0.449396408613876	4.4856460021145	0.133392883206606	0.714939797255751	0.764754312717011
"hsa-miR-708-5p"	-0.0197735772141678	4.60994652451948	0.000220464662280762	0.988153403466983	0.991779279092849
"hsa-miR-744-3p"	-1.67974270555624	2.76282949627969	2.21948730813923	0.136278308104954	0.189499422512806
"hsa-miR-744-5p"	-1.67623171326459	6.81135542440491	4.42502381606304	0.0354156188958266	0.0577963225036058
"hsa-miR-758-3p"	-8.05755585164401	4.91685216720991	52.8862423885958	3.53436493217574e-13	5.93268399329498e-12
"hsa-miR-766-3p"	3.92817507936556	6.14651868089585	21.8352705499276	2.9708843736782e-06	1.23567757135288e-05
"hsa-miR-769-5p"	0.542474532614076	9.35024362635929	0.568925445454227	0.450686231929211	0.521314728664007
"hsa-miR-7706"	3.47710723682064	6.6857153681298	7.51572674349121	0.00611626036055325	0.0126249760825328
"hsa-miR-7974"	-1.56110638142996	4.17774558626349	0.865914889090564	0.352088728158343	0.425402833507509
"hsa-miR-7977"	-0.277612981575395	2.49529483346063	0.0327876640087492	0.856309772833345	0.878745836750375
"hsa-miR-873-3p"	-0.197087435759176	2.50411150994202	0.012100310768818	0.912408254640706	0.926202763890133
"hsa-miR-874-3p"	1.4358153475072	5.26439111829834	1.12803518850878	0.288194825043278	0.356451494132475
"hsa-miR-877-3p"	-3.29308624348949	1.69970148268744	3.50829086073179	0.061062418615704	0.0930890928281166
"hsa-miR-877-5p"	-0.259355635894416	5.20114194651562	0.0586660001088841	0.808616941388026	0.838962389519586
"hsa-miR-887-3p"	-6.57278823844442	3.61612636901254	31.9500685249781	1.58186792807406e-08	9.53176828454881e-08
"hsa-miR-889-3p"	-5.34830264386455	4.93184870468918	37.6921295210167	8.28381158320314e-10	6.59896854933132e-09
"hsa-miR-9-5p"	-0.952014376741119	5.72543848054118	1.20642153660525	0.272041987167545	0.338253264467582
"hsa-miR-92a-1-5p"	2.90071276361098	4.25182689100453	5.86384767688068	0.0154549728817222	0.027619153058591
"hsa-miR-92a-3p"	2.31454563445525	17.0030487385074	7.65858008679061	0.00565029560112294	0.0119262726687393
"hsa-miR-92b-3p"	-3.91880610434946	10.6243463438638	14.3845337571321	0.000149021273252372	0.000424484838961302
"hsa-miR-93-3p"	-1.8257910543293	4.1250773349401	7.88306991393016	0.00498997033444384	0.0106121541049258
"hsa-miR-93-5p"	1.36571924079708	10.4187514976338	2.45946170548888	0.116818809970608	0.166378305109654
"hsa-miR-935"	-9.41372121568279	4.83121183704142	52.6199067089393	4.04765670226078e-13	6.55999534504333e-12
"hsa-miR-940"	-3.53394998985851	3.21448780936	10.9960994255753	0.000913038362175358	0.00213496532448964
"hsa-miR-941"	0.967556120022397	8.27539005542851	0.775481402775554	0.378526659865646	0.448129798833384
"hsa-miR-941-3-5p"	0.909031003444412	5.94011767793298	0.711432912163051	0.398968529834537	0.468788022555581
"hsa-miR-942-5p"	1.74320204996466	3.67854831427128	2.10123582172675	0.147180138065593	0.199926777141123
"hsa-miR-944"	6.10283588548365	2.77477948050095	14.8777798354161	0.000114706206047575	0.00033643903269327
"hsa-miR-95-3p"	6.90739762548632	3.4315880032217	22.1821538301673	2.47968023284229e-06	1.04995469318547e-05
"hsa-miR-96-5p"	-1.92529724492668	4.66125916874059	1.80232662414581	0.179431471674823	0.23755715968216
"hsa-miR-98-3p"	-2.40376894674502	3.41855314385344	5.59563228200387	0.0180053112833243	0.0319339483138205
"hsa-miR-98-5p"	1.42106380033497	11.257868974148	1.92950325042399	0.164812802037484	0.221320048450335
"hsa-miR-99a-3p"	-5.62064227153673	1.96091294462251	11.3752697122171	0.000744284168826835	0.00179391568896724
"hsa-miR-99a-5p"	-2.24604546852844	4.81916492086022	6.05190310593046	0.0138913168275515	0.0254043537313199
"hsa-miR-99b-3p"	-3.13782315900163	3.91963330694216	5.21920649835713	0.0223387420628247	0.0383182801807577
"hsa-miR-99b-5p"	-4.83472204549145	11.9996663792606	22.7878272663374	1.80907936851394e-06	7.96579011142727e-06
