"logFC"	"logCPM"	"LR"	"PValue"	"FDR2"
"hsa-let-7a-2-3p"	-7.32786442691802	3.42544395237669	18.7951857999273	1.45534016587643e-05	9.78312000394711e-05
"hsa-let-7a-3p"	-0.826625426692053	5.92232971268133	0.75030178791747	0.386380699753347	0.524521013287964
"hsa-let-7a-5p"	-1.54625364992283	15.4593608907907	4.93897085615117	0.0262576662958032	0.0567353146748604
"hsa-let-7b-3p"	-2.96517191926932	6.76339131266171	12.3846738396534	0.000432872243863305	0.00170037474268746
"hsa-let-7b-5p"	-2.42439469314922	12.5147145764354	13.0822788755463	0.000298102565053194	0.00126562843408549
"hsa-let-7c-5p"	-4.91459426060575	9.43104676934951	18.8545465082927	1.41074444231096e-05	9.75429014397863e-05
"hsa-let-7d-3p"	0.840077601521002	8.13000465137776	1.46905973084289	0.225494105595575	0.342128987800182
"hsa-let-7d-5p"	0.651351109024419	10.819593025832	1.02648415925867	0.310985870414664	0.438825543092412
"hsa-let-7e-3p"	-0.13354675779295	4.03611723411454	0.02147430875055	0.883494207228733	0.91765362544975
"hsa-let-7e-5p"	-0.65409251106033	11.6799187933131	1.05299126766613	0.304819175539732	0.433919061650678
"hsa-let-7f-1-3p"	0.00776569136918132	4.6612452935934	7.09135361685043e-05	0.993281079540472	0.993281079540472
"hsa-let-7f-2-3p"	0.417027504775803	4.12737878560768	0.117377989907801	0.731895855389962	0.824204508468501
"hsa-let-7f-5p"	-0.0230354321613667	14.9531868434979	0.00147156700290907	0.969399848484277	0.97747818055498
"hsa-let-7g-3p"	0.924830573757925	3.42013572176352	0.748699045900906	0.386888433354965	0.524521013287964
"hsa-let-7g-5p"	0.648581081713229	12.720946952469	1.07747400262912	0.299263326842092	0.429802522823657
"hsa-let-7i-3p"	-0.32909118828016	6.05410981996788	0.135497450793072	0.712798832133576	0.811752081770943
"hsa-let-7i-5p"	-0.983269391211858	14.2054521737749	2.5348584666782	0.111356871185693	0.187991630112336
"hsa-miR-100-3p"	-10.5930579817244	6.49645805353757	35.3836426331998	2.70751199444514e-09	5.697546979615e-08
"hsa-miR-100-5p"	-11.7755792737612	17.6375762772429	81.1554083591247	2.08647192520283e-19	2.52463102949542e-17
"hsa-miR-101-3p"	-0.0857409820451542	11.1825468509643	0.00921760547925032	0.923513931720675	0.949003700536744
"hsa-miR-101-5p"	2.5006922802278	3.01828397426277	3.07567772273021	0.0794714644924964	0.143523092590926
"hsa-miR-103a-3p"	0.971971064502214	12.4668834460738	2.53319387843155	0.111474375707108	0.187991630112336
"hsa-miR-106b-3p"	-1.42470533666247	7.42382076987549	3.489991415522	0.0617409050475024	0.117648023791304
"hsa-miR-106b-5p"	-0.197299658364276	7.33383837939266	0.0467176646731104	0.828876520262887	0.883648096491712
"hsa-miR-107"	-2.8619853022402	7.1556900045687	7.22454503152282	0.00719133963405478	0.0183189914888553
"hsa-miR-10a-3p"	-8.34855979949666	4.33539378993069	10.649092244979	0.00110124943298026	0.00360138328082733
"hsa-miR-10a-5p"	-5.64806970599504	14.5605686084501	20.5927452863524	5.68109911808282e-06	4.58275328858681e-05
"hsa-miR-10b-5p"	-9.67482896386152	12.6258668283412	23.0856803167989	1.54940332720313e-06	1.55923422706466e-05
"hsa-miR-1180-3p"	-3.55798045659361	3.91616904695862	5.17951409745595	0.0228547143717913	0.0505099623559223
"hsa-miR-1185-1-3p"	-8.51571241570458	4.49018080481314	11.1458918120133	0.000842179751166919	0.00287052816594922
"hsa-miR-1185-2-3p"	-5.86445468887858	2.30310822696549	6.70737596547814	0.00960149094893466	0.0239542351509504
"hsa-miR-1185-5p"	-7.74641664864853	3.78909355567057	9.42331478337932	0.00214243893631352	0.00644062388307915
"hsa-miR-1197"	-7.59785110064108	3.65868678962122	8.65329982187161	0.0032646956464462	0.00924042510456117
"hsa-miR-122-5p"	-1.03597725004782	2.6854770458357	0.32091026474785	0.571061122055024	0.692768757381565
"hsa-miR-1226-3p"	0.503170762923896	4.47516182832693	0.190560421063695	0.662450592730174	0.772592980437119
"hsa-miR-1228-3p"	2.23378031144384	3.96692090281521	3.52887050857962	0.0603088589769986	0.116194112736207
"hsa-miR-1228-5p"	5.42243732001099	2.13184714819897	6.24565109172899	0.012449860729021	0.0299787691186377
"hsa-miR-1233-3p"	-5.80950935234079	2.26487425317976	7.36513463202337	0.00665006209279398	0.0172119254166432
"hsa-miR-1237-3p"	0.929637488732595	2.32522480244538	0.590679883054419	0.4421563325289	0.579955731555522
"hsa-miR-1249-3p"	3.44740971888941	6.6956240554498	12.3096556304842	0.000450621103916385	0.00174480491436424
"hsa-miR-1257"	-6.72355999099771	2.9019592379537	11.1186772819993	0.000854627130184447	0.00289258413293198
"hsa-miR-125a-3p"	-1.64782055320941	4.51028871710915	3.77743044998477	0.0519483788596654	0.100975965333647
"hsa-miR-125a-5p"	-0.648110273771333	13.5330250059916	0.898028938903735	0.343310775404149	0.478854222753914
"hsa-miR-125b-1-3p"	-14.2824718175135	10.164651809208	93.7441594755768	3.59060062343875e-22	8.68925350872178e-20
"hsa-miR-125b-2-3p"	-5.09551603002439	6.64088773536176	18.811519822976	1.44292962399791e-05	9.78312000394711e-05
"hsa-miR-125b-5p"	-10.8803895556664	14.8886742602725	93.7759490202175	3.53339311579465e-22	8.68925350872178e-20
"hsa-miR-126-3p"	-5.29952683851712	8.34652485433746	13.4162289967354	0.000249456672939684	0.00108772098831358
"hsa-miR-126-5p"	-5.5401897783771	9.5972511294341	15.9893367820466	6.37002613148111e-05	0.000324536068172301
"hsa-miR-1260a"	-0.302112310083166	4.92500884069876	0.105960808621921	0.744790409712433	0.82868634092142
"hsa-miR-1260b"	-0.586963625898371	4.3695436845366	0.369234862906224	0.543421629048068	0.674400175536577
"hsa-miR-1269b"	-5.61515212787378	2.14592128306627	4.92192364971178	0.0265179752577726	0.0570431112211642
"hsa-miR-127-3p"	-11.1547038180364	13.6093632698683	37.6994107887167	8.25294855595361e-10	2.10233005320081e-08
"hsa-miR-127-5p"	-9.15480412564731	5.09496273536763	17.1516148234652	3.45115890558611e-05	0.000187681001157717
"hsa-miR-1271-3p"	-6.21868765342443	2.61186391321444	5.46816375929867	0.0193659625391426	0.0439665117861015
"hsa-miR-1271-5p"	-2.46540064915625	7.7923405125355	4.13498099281087	0.0420055391949911	0.0850656107547101
"hsa-miR-1273h-3p"	6.05199108771919	2.52734877615832	10.1473793270519	0.00144506527902768	0.00460139207269339
"hsa-miR-128-1-5p"	0.294281380564428	3.95367142195422	0.102264563120556	0.749128810040932	0.829827958347274
"hsa-miR-128-3p"	-0.781166420820408	9.6171837466344	1.26714458613786	0.260303037832933	0.385668633441415
"hsa-miR-1285-3p"	0.699362516441578	4.43515933769745	0.151077466887806	0.697507811602707	0.796282690240061
"hsa-miR-1296-5p"	-1.1360500080553	5.23414228773167	1.85293536481176	0.173442379661841	0.276138525514247
"hsa-miR-1301-3p"	1.86145256722861	7.54282542099044	3.52368601173722	0.0604977611767031	0.116194112736207
"hsa-miR-1303"	3.06136968216494	3.75355792775276	2.74024229486524	0.0978499293511434	0.168538668348589
"hsa-miR-1304-3p"	-1.41628249802059	5.90783110649997	1.80097819203107	0.179594281205822	0.284771550304532
"hsa-miR-1306-3p"	-2.73512901914284	2.17788251200138	2.59953586611646	0.106895015662209	0.181533991510558
"hsa-miR-1306-5p"	-1.45461591917912	4.16272454610442	1.64962184156204	0.199010408288905	0.31071302455429
"hsa-miR-1307-3p"	0.761643581347643	8.36413312080023	1.24789233540928	0.263955411901468	0.389359081033108
"hsa-miR-1307-5p"	-0.748907319411895	9.40010401317705	0.935077571512089	0.333546987748091	0.467032330391888
"hsa-miR-130a-3p"	-4.84420725447246	9.51642122293581	34.3693594313004	4.55843457295718e-09	8.48570128196644e-08
"hsa-miR-130b-3p"	-1.73199657788649	9.13992586826222	6.12565807913141	0.0133233682840023	0.0317660603421533
"hsa-miR-130b-5p"	-2.3649629536513	7.79954825384952	9.84826139585354	0.00169992342669833	0.00530685402380643
"hsa-miR-132-3p"	0.465577149505133	7.47280285482463	0.168675089316388	0.681291991864526	0.783243050029526
"hsa-miR-132-5p"	0.0210941776226446	4.98708815008561	0.000454884212146567	0.982983996399337	0.987062768168629
"hsa-miR-133a-3p"	2.34414399657875	4.38612769458141	1.51213101375505	0.218814200339125	0.334088558246487
"hsa-miR-134-5p"	-10.4162892095012	6.32138421229259	24.935605836048	5.92774546796923e-07	7.17257201624277e-06
"hsa-miR-1343-3p"	-2.51371642276956	4.86325706274459	4.25224427287362	0.0391984964909962	0.0803901368713651
"hsa-miR-136-3p"	-12.4621878532272	8.34877096803172	24.0625133126829	9.32582402681949e-07	1.02584064295014e-05
"hsa-miR-136-5p"	-9.93180072861355	5.84741676308991	23.5665701820428	1.20665787084813e-06	1.29782757664554e-05
"hsa-miR-137"	-3.16412201787222	3.4934032187885	2.75553234444679	0.0969185521619257	0.167530640165614
"hsa-miR-138-5p"	-7.54631176345278	8.12869668994458	12.4667439264594	0.000414261576912019	0.00165704630764808
"hsa-miR-139-5p"	2.75065587684321	3.69615038170868	7.05561696562163	0.00790170906201653	0.020023178984377
"hsa-miR-140-3p"	0.0335469934948026	11.456676347025	0.00176854480321254	0.966455594586704	0.977223172549993
"hsa-miR-140-5p"	0.618834820069713	5.83342646646761	0.453742116293575	0.500563219201164	0.636115622971801
"hsa-miR-141-3p"	3.77647162854705	4.25601273734308	11.0495137932109	0.000887104596176082	0.00298165711492516
"hsa-miR-142-3p"	12.8286922736733	8.71629751166985	59.0792699251745	1.51446351603505e-14	8.14444824178847e-13
"hsa-miR-142-5p"	10.5625227167142	12.2867301117652	91.6860666877167	1.01577593809036e-21	1.63878518011912e-19
"hsa-miR-143-3p"	-6.98981790619977	12.6312234587108	46.6067045683008	8.67628916490105e-12	3.49943662984342e-10
"hsa-miR-143-5p"	-7.68248904207794	3.73043039482456	18.106595417875	2.08876673840577e-05	0.000124810259430666
"hsa-miR-145-3p"	-6.67852712373517	4.96018766011226	18.0134860048962	2.19345553375063e-05	0.000127907527510278
"hsa-miR-145-5p"	-5.80016388182642	5.93482228443304	20.2929366036046	6.64454290886989e-06	5.10469645697306e-05
"hsa-miR-1468-5p"	-2.44041373545304	3.52506032599994	6.5023015787363	0.0107734941255601	0.0266039344733219
"hsa-miR-146a-3p"	8.40478379775736	4.42993721437121	18.1514785725728	2.04010967325424e-05	0.000124580583284583
"hsa-miR-146a-5p"	5.75303143507161	13.0789328312511	16.0394861870448	6.2035131792401e-05	0.000321034715534242
"hsa-miR-146b-3p"	4.48213549593242	9.21621344800973	7.59675278350071	0.00584735199071258	0.0152979371000264
"hsa-miR-146b-5p"	4.6257497072706	15.2327386422938	7.36756621578905	0.00664107559486284	0.0172119254166432
"hsa-miR-147b"	4.45560213313355	5.9905102448474	11.4879643274386	0.000700483158835437	0.00249571164892014
"hsa-miR-148a-3p"	-1.89921385848928	11.9436872970094	3.49529016601887	0.0615436221240925	0.117648023791304
"hsa-miR-148a-5p"	-1.07006017125255	5.46259265386733	1.15801462098109	0.281877671405893	0.409696074956312
"hsa-miR-148b-3p"	-0.0742405298669887	10.9362760930521	0.0134931417800885	0.907525750498556	0.938552271883122
"hsa-miR-148b-5p"	0.676359587041617	7.13854449803077	0.779782519235942	0.377207661382326	0.514277487631115
"hsa-miR-149-5p"	-7.29883173712515	8.3344625119511	43.109541682089	5.17592144918249e-11	1.78938998671738e-09
"hsa-miR-150-5p"	5.28344658807019	6.28870447267935	13.8972780296592	0.000193077887471325	0.000857336674643312
"hsa-miR-151a-3p"	-3.36523477903568	11.8867261835908	21.7141242424583	3.16452729760864e-06	2.68707230182909e-05
"hsa-miR-151a-5p"	-3.3455392074025	12.7460681482829	22.7631782662956	1.83243226766664e-06	1.7390141520601e-05
"hsa-miR-151b"	-2.53921250338081	3.69363704775201	8.41289303147255	0.0037256931748364	0.010220013623199
"hsa-miR-152-3p"	-2.98536018286001	8.20083320930263	14.4924619025349	0.000140721531875927	0.000662092821803716
"hsa-miR-152-5p"	-3.23331625207754	5.36003253793673	12.5621985242303	0.000393628387585079	0.00160097596295108
"hsa-miR-154-5p"	-7.14170709043683	3.25510705532559	10.244392164487	0.00137100753300148	0.00439448772167363
"hsa-miR-155-5p"	1.15009337046653	10.4851326199604	3.13304368122347	0.0767203796524083	0.139596480269796
"hsa-miR-15a-5p"	1.46578531939099	9.84501425310415	4.10138060873477	0.0428482110627528	0.0863755899628233
"hsa-miR-15b-3p"	-1.52563087422488	5.51318323830416	3.46883525483332	0.0625353294858516	0.118230857309188
"hsa-miR-15b-5p"	-0.556034741923481	8.24731592821268	0.600907649899412	0.438231925938911	0.576370250419655
"hsa-miR-16-1-3p"	-2.61120083311935	2.47220471198241	1.6141889570706	0.203903962105906	0.316312556600187
"hsa-miR-16-2-3p"	-0.487425691413965	5.97320973405239	0.277832468049412	0.598125425906984	0.716566104304407
"hsa-miR-16-5p"	1.31220717116751	12.265151426922	3.33746058594181	0.0677190466618668	0.127038831722262
"hsa-miR-17-3p"	-1.32391881373204	6.58412385203222	1.6041558477292	0.205315259451749	0.317484298960533
"hsa-miR-17-5p"	0.28102039378335	7.30840954736737	0.116151857309173	0.733246178635046	0.824204508468501
"hsa-miR-181a-2-3p"	-1.38602800093629	6.06726039789575	2.85145260679264	0.0912914179099364	0.15893901535399
"hsa-miR-181a-3p"	0.203434023930853	8.68283824802259	0.0758428805159923	0.783012123275672	0.85355375600321
"hsa-miR-181a-5p"	0.581123318964674	13.7484646236122	0.442270818204406	0.506028459634226	0.638535272872531
"hsa-miR-181b-3p"	0.0340168341855864	3.41836847565264	0.000575140418202835	0.980866898409844	0.986984571372899
"hsa-miR-181b-5p"	-0.146153841959139	10.408587489708	0.0386678261040743	0.844108198607968	0.892027004642482
"hsa-miR-181c-3p"	1.46541527299611	6.82172959140547	2.9438477127762	0.0862051597793049	0.153960506764515
"hsa-miR-181c-5p"	1.58133179489525	9.24115801547279	5.23707841734541	0.0221103752489001	0.0494747786153507
"hsa-miR-181d-5p"	0.546939876976532	6.14116530683807	0.353060762719834	0.552385599440378	0.677900870417382
"hsa-miR-182-5p"	-0.912977792535078	4.74514181020015	1.03656597405037	0.308621482595021	0.438043394650997
"hsa-miR-184"	-11.5044891689582	10.087126898278	6.30963755055106	0.0120083385976298	0.0292062104585568
"hsa-miR-185-3p"	1.82628079000682	4.54272225986431	4.77366484922377	0.0288982465795675	0.0610775167882563
"hsa-miR-185-5p"	1.6138301965733	7.78146964420146	2.93759641642542	0.0865394193407624	0.153989260885768
"hsa-miR-186-5p"	-0.395158807987762	12.6349217585664	0.36087184279711	0.548022434621868	0.677884662978685
"hsa-miR-188-5p"	0.0907895392268063	4.05444416540278	0.00767796690506861	0.930175519368771	0.953824049522215
"hsa-miR-18a-3p"	-0.318738953429031	3.67988616549913	0.151012173069985	0.697569960045012	0.796282690240061
"hsa-miR-18a-5p"	0.75702494830815	5.28801591996749	0.453359445089234	0.500743909818711	0.636115622971801
"hsa-miR-1908-5p"	2.37270330402793	3.19957407266284	4.08023495622452	0.0433876252581958	0.0867752505163916
"hsa-miR-190a-5p"	-0.747412422524723	4.50663169631689	0.523112133946812	0.469517145035091	0.604378452651553
"hsa-miR-191-3p"	0.722778516251479	4.64300603960051	0.529334653839871	0.466886719181536	0.602595125556969
"hsa-miR-191-5p"	1.48270235075006	14.7048984552263	3.65125706019717	0.0560269096933957	0.108468097166414
"hsa-miR-1910-5p"	-6.7727220107158	2.96577468705133	13.2524407917583	0.000272225181348323	0.00117640167654097
"hsa-miR-192-5p"	-1.49131030166666	8.68101891424121	2.89085503626662	0.089083635964392	0.156434717530284
"hsa-miR-193a-3p"	-0.72362696230855	8.78543007726486	0.345213332972037	0.556835334148278	0.680576519514562
"hsa-miR-193a-5p"	0.0457009791695069	8.56143627582337	0.00299719209867533	0.956340329843676	0.971816498259648
"hsa-miR-193b-3p"	-7.5773336250664	8.61045376011116	52.170674923817	5.08803186297624e-13	2.4626074216805e-11
"hsa-miR-193b-5p"	-7.25514804824293	3.36851236967003	26.5778149878174	2.5313386087688e-07	3.40324412956694e-06
"hsa-miR-194-5p"	-1.48790164343502	3.6679158562538	1.30054495927459	0.254113704523868	0.37843394766016
"hsa-miR-195-5p"	-7.53905212708259	5.79989141262676	32.7703079178993	1.03717053847996e-08	1.7928233593725e-07
"hsa-miR-196b-5p"	5.33234689111958	2.10666183520142	5.94200369565001	0.0147842020252689	0.0349051403913667
"hsa-miR-197-3p"	1.14218476578714	10.1804474192814	2.88535396821657	0.0893883601942412	0.156434717530284
"hsa-miR-1976"	8.01062260142851	4.07745384616144	27.9205248629285	1.26401816911891e-07	1.91182748079235e-06
"hsa-miR-199a-3p"	-7.41965553763541	12.7083744484011	60.731375242605	6.54191312223003e-15	3.95785743894917e-13
"hsa-miR-199a-5p"	-11.5079859502307	10.780561258981	80.6183458255022	2.73805620101726e-19	2.6504384025847e-17
"hsa-miR-199b-3p"	-7.45191830612095	11.5753179154586	61.2259017154533	5.08876269118596e-15	3.51851591790572e-13
"hsa-miR-199b-5p"	-5.46065470183228	10.5696696607186	6.9020408814587	0.00860974088220542	0.0215912672900903
"hsa-miR-19a-3p"	0.634764984477135	6.97805431256543	0.351534897794835	0.553245545072037	0.677900870417382
"hsa-miR-19b-3p"	0.957740352484599	8.64709264738447	1.06509458499018	0.302056097564554	0.432530033198947
"hsa-miR-200b-3p"	1.84276441554	3.49636310712271	1.39215120265997	0.238042148726676	0.358473613068805
"hsa-miR-200c-3p"	4.86731635170214	3.77490771016072	13.6072598129532	0.000225312518985263	0.000991375083535156
"hsa-miR-204-5p"	-11.0203813003012	9.23585334754701	51.3678978053887	7.65806302397316e-13	3.36954773054819e-11
"hsa-miR-205-5p"	-4.22099612224204	3.61411941978912	5.64409744199006	0.0175142292470668	0.0403661283599062
"hsa-miR-20a-5p"	0.699018723349544	7.18198961705272	0.738048433722993	0.39028675242315	0.526180468447924
"hsa-miR-20b-5p"	5.57474792211996	2.22692953978998	8.9008455133166	0.00285038641066732	0.00816323682108274
"hsa-miR-21-3p"	1.09872397186208	11.9333927069714	2.29178395873925	0.130060357449965	0.215579496595148
"hsa-miR-21-5p"	1.4602683982883	16.8652339864621	4.0950352541513	0.0430093330186785	0.0863755899628233
"hsa-miR-210-3p"	0.425740918834002	8.89855894935247	0.174401232339321	0.676229552359912	0.77927405557666
"hsa-miR-210-5p"	0.463303793648949	5.70012844570206	0.200769291540176	0.65410061132086	0.766421230556124
"hsa-miR-2110"	2.19673668766139	3.02915808326857	3.08696505321325	0.0789218812244126	0.143064383942381
"hsa-miR-2110-3p"	0.0215052740524166	4.26866333858892	0.000349921175647694	0.985075498075009	0.987114991859844
"hsa-miR-2116-3p"	1.32187640433634	3.8176345411868	1.5182626189729	0.217882600220777	0.333718919325493
"hsa-miR-212-3p"	-0.492069287057067	5.07381279151747	0.198943243573593	0.655575184814536	0.766421230556124
"hsa-miR-212-5p"	-0.120565465573976	5.50801997067239	0.00673408399395736	0.934597836421252	0.956332669826398
"hsa-miR-214-3p"	-11.8870857280452	7.77709904234936	63.8425165671199	1.34773331412729e-15	1.08717154006268e-13
"hsa-miR-214-5p"	-10.1545978272192	6.06622326232129	41.4389586223412	1.21609491453213e-10	3.92393292422368e-09
"hsa-miR-215-5p"	-1.36884337630641	4.06357242646346	1.77274346922828	0.183042917243763	0.286707999825183
"hsa-miR-216a-5p"	-5.89506829995095	2.36691656297418	7.97009517943973	0.0047556438157648	0.0128588357923473
"hsa-miR-217"	-5.44173783486512	2.06723656253524	8.88002684095775	0.00288307305605246	0.00820827858311407
"hsa-miR-218-1-3p"	-10.1571232752117	6.06575853608657	20.948273896741	4.71852788613687e-06	3.87079236761058e-05
"hsa-miR-218-5p"	-5.52864035146183	6.88190991525049	7.67977079590109	0.00558432603973257	0.0147660662523673
"hsa-miR-22-3p"	-0.158342704671025	16.5687958040041	0.0447372140915832	0.832487976050529	0.885547649249354
"hsa-miR-22-5p"	-0.128139047124266	7.00582586156364	0.0248016113057337	0.87486241327628	0.915780272194216
"hsa-miR-221-3p"	-3.69320020804311	13.7700116216069	20.5053512534149	5.94647717795036e-06	4.71818844939012e-05
"hsa-miR-221-5p"	-3.22336806508638	10.2064401623077	11.8946436599917	0.000562955969028191	0.00209592837699727
"hsa-miR-222-3p"	-3.76598515144006	13.5503573769739	18.1337575547217	2.05918319478649e-05	0.000124580583284583
"hsa-miR-222-5p"	-3.65751261536826	5.56572548732827	12.9940576660219	0.000312481070512822	0.00130380032869143
"hsa-miR-223-3p"	7.09292257075721	9.79144271029249	23.1291321863027	1.51478207687787e-06	1.55923422706466e-05
"hsa-miR-223-5p"	8.21103376587342	4.2554236386778	26.7834814930848	2.27574335795115e-07	3.14702795785245e-06
"hsa-miR-224-3p"	-7.14538454849558	3.25647714506699	10.2916480928701	0.00133633679178641	0.0043408523974807
"hsa-miR-224-5p"	-11.8006164891185	10.0005057171317	26.8955458118818	2.14753242992714e-07	3.05707557671981e-06
"hsa-miR-2277-5p"	1.40577941899095	3.91852646004328	1.40048981510804	0.236641576854257	0.357920384992064
"hsa-miR-2355-5p"	0.667918794825784	4.16080569731889	0.470904222825736	0.492571477650156	0.629035871194395
"hsa-miR-23a-3p"	-0.164421179218046	11.7184773339718	0.0531968135524039	0.817591114499941	0.875970424033659
"hsa-miR-23a-5p"	1.01977575522618	5.00042147219509	1.37023498465118	0.241771514199482	0.362283011989317
"hsa-miR-23b-3p"	-5.82655791596436	10.9561503172331	29.0738679977334	6.96704313844603e-08	1.16277547551996e-06
"hsa-miR-23b-5p"	-4.30721500041136	2.97017633758789	8.60508911455295	0.00335224965727695	0.00943307461698864
"hsa-miR-24-1-5p"	-6.74443946202483	2.98629064245637	12.0808495258885	0.000509423800818552	0.00192625874684515
"hsa-miR-24-2-5p"	0.142785255384578	7.93547371405149	0.026269780104057	0.871243211022253	0.914710876648092
"hsa-miR-24-3p"	-0.334713109357571	10.7832111176151	0.160204047473769	0.688968724735257	0.790191617942806
"hsa-miR-2467-5p"	1.98176902859317	4.04714293489443	5.12905092395858	0.0235285897367324	0.0515286761655136
"hsa-miR-25-3p"	-0.619794058561898	10.7106872542469	0.933827897835007	0.333870219660316	0.467032330391888
"hsa-miR-25-5p"	-0.848364190345051	4.00551753221809	1.11235607331258	0.291570363386584	0.421253898146586
"hsa-miR-2682-3p"	-3.96213558755215	2.63550793376063	4.06242469741502	0.0438474967773284	0.0873341088075183
"hsa-miR-2682-5p"	-3.75521423518337	3.20370872634521	3.90473500834235	0.0481502204711169	0.0949447599822404
"hsa-miR-26a-2-3p"	-1.35932571767858	4.22132030086388	2.60362606680379	0.106619522992073	0.181533991510558
"hsa-miR-26a-5p"	-0.146380814677837	14.6171271711463	0.0565890988356159	0.811970574167978	0.873319461994003
"hsa-miR-26b-3p"	2.25984655962071	5.78268128339369	7.00397535419464	0.0081328909861424	0.020501662694234
"hsa-miR-26b-5p"	1.4765314832291	11.7304170149678	5.01546121110152	0.025121936352204	0.054524740782362
"hsa-miR-27a-3p"	0.161906555962224	12.6585184823207	0.0426899525953104	0.836310177358076	0.885720187836561
"hsa-miR-27a-5p"	-0.99460316343006	6.19174861479885	1.2207185776721	0.269219676956773	0.394855526203266
"hsa-miR-27b-3p"	-5.42862225813277	14.6269144054823	35.2743638175759	2.86376989594584e-09	5.77526929015745e-08
"hsa-miR-27b-5p"	-6.43231313929192	6.51603923630859	25.6139467092423	4.17014434876211e-07	5.38264264375063e-06
"hsa-miR-28-3p"	-0.144849325705468	12.4010420331612	0.043158906676922	0.835426347100841	0.885720187836561
"hsa-miR-28-5p"	0.285347993572302	9.55893542742122	0.120001599412191	0.729032754854075	0.824204508468501
"hsa-miR-296-3p"	-8.10331371699746	6.43677646160182	7.79729997702451	0.00523243634474271	0.0140694399491971
"hsa-miR-296-5p"	-4.37555077440861	3.00406999727757	7.32052383345853	0.00681715391559742	0.0175505451869636
"hsa-miR-299-3p"	-8.91804826741433	4.87020899051386	16.0299087540379	6.23497174797908e-05	0.000321034715534242
"hsa-miR-299-5p"	-8.43207749072078	4.40540439831943	18.7549590246736	1.48636342813538e-05	9.85479313996607e-05
"hsa-miR-29a-3p"	-1.82205644077773	13.3599102000166	7.73373851391852	0.00541984149222772	0.0144132048474627
"hsa-miR-29a-5p"	-1.51046008405128	5.25334956767113	2.29679956770836	0.129640878120875	0.215579496595148
"hsa-miR-29b-1-5p"	-1.65486870092627	3.55071343607112	2.48308546547822	0.115076304134495	0.192722945332511
"hsa-miR-29b-2-5p"	2.08567825372494	2.63465651231761	1.99950495153386	0.157350591171539	0.256423185612878
"hsa-miR-29b-3p"	-2.1864302407458	8.72233598635873	4.90878196872194	0.0267204773590235	0.0570762844998289
"hsa-miR-29c-3p"	1.14228060761818	8.97090552594485	1.79701790071993	0.180073434641204	0.284771550304532
"hsa-miR-29c-5p"	1.70276853923632	4.78792003729241	2.19838267093869	0.138155624310866	0.228216116609076
"hsa-miR-301a-3p"	-0.921407286784196	7.35476499523342	0.70472232825519	0.4012014584501	0.539393071916246
"hsa-miR-301b-3p"	-0.480507849581914	6.04882521539612	0.200687978590687	0.654166101691455	0.766421230556124
"hsa-miR-30a-3p"	-4.57932975336242	6.38748573366091	18.0737443404658	2.12511748623578e-05	0.000125433763821722
"hsa-miR-30a-5p"	-3.66335244669267	11.4423405347188	15.4949597561663	8.27255446145557e-05	0.000412774882406649
"hsa-miR-30b-5p"	1.38338104210935	9.93215296818901	3.26436090652064	0.0708006054877484	0.131293076843181
"hsa-miR-30c-1-3p"	0.130579688264896	4.40500988331071	0.0243308613455804	0.87604600418579	0.915780272194216
"hsa-miR-30c-2-3p"	-5.66594881768042	4.1132351986562	16.3640350393939	5.22676620647371e-05	0.000281083871548142
"hsa-miR-30c-5p"	0.835877445076777	11.4932937176006	1.79243397562165	0.180629888312999	0.284771550304532
"hsa-miR-30d-3p"	-0.307490865970094	4.47887822865954	0.0863194669773564	0.76890939949327	0.843882424840686
"hsa-miR-30d-5p"	0.685777011003816	12.6035266315939	1.09089594432126	0.29627278182389	0.426773888103461
"hsa-miR-30e-3p"	1.37690334111905	7.26275825127956	2.8828077562218	0.0895297866857202	0.156434717530284
"hsa-miR-30e-5p"	1.79340502348389	12.4516547034	4.32218329065029	0.0376186261590569	0.0784802373318256
"hsa-miR-31-3p"	-11.1596067512567	7.05473603723732	25.5882536473211	4.22604174509347e-07	5.38264264375063e-06
"hsa-miR-31-5p"	-12.8918396638671	13.1971035459202	38.5207195870348	5.41754740656194e-10	1.45671830265332e-08
"hsa-miR-3129-3p"	-6.45942398105468	2.67502430814264	5.19008023043394	0.0227161675365996	0.0504340600353863
"hsa-miR-3152-5p"	-8.20369838117406	4.19701259996458	11.5781387310205	0.00066731702089635	0.00241605862068069
"hsa-miR-3158-3p"	-0.232458346451728	3.34167852181315	0.0639894740883857	0.800298035194739	0.864607698737173
"hsa-miR-3168"	-0.246400112800216	3.77224562604674	0.0946110237326965	0.758395053285749	0.836134865125974
"hsa-miR-3174"	1.09821496146616	2.80158248425152	0.401153693240305	0.526494042391212	0.65676060958079
"hsa-miR-3176"	1.95291490354851	3.68999424031163	4.14213301931203	0.041828430917855	0.0850628595136211
"hsa-miR-32-3p"	1.65197060319891	2.63071094058897	2.66735485338646	0.102426128104514	0.175795198590726
"hsa-miR-32-5p"	0.0730227502283904	4.34238788404797	0.00169832507314016	0.967127891841832	0.977223172549993
"hsa-miR-3200-3p"	-3.03666491665867	4.5041524994284	4.2697468297428	0.0387967104349553	0.079904714257525
"hsa-miR-320a"	-1.22482008059414	10.7586936466023	3.47162920866936	0.062429793946946	0.118230857309188
"hsa-miR-320d"	1.70667246697651	2.19381085187236	1.78721773289412	0.181265522283411	0.284845820731074
"hsa-miR-323a-3p"	-9.92695795238257	5.84183793751403	18.1581420389826	2.03298364273799e-05	0.000124580583284583
"hsa-miR-323b-3p"	-9.21989323169833	5.15705210463234	12.2462362461138	0.000466197560369098	0.00177668991510743
"hsa-miR-324-3p"	0.317415679504842	6.00983462182344	0.181996835487205	0.66966277816742	0.776855761873073
"hsa-miR-324-5p"	1.56187508371914	4.91256719957332	2.65299567758711	0.103354959235749	0.176762545124037
"hsa-miR-326"	5.13030274812932	8.33209253551077	33.8124624633553	6.0688843946946e-09	1.08790372112303e-07
"hsa-miR-328-3p"	0.351734996194088	6.75941057659041	0.248323712050404	0.618257884298201	0.736988529721558
"hsa-miR-329-3p"	-9.63038772617245	5.55239041810402	18.2530602041649	1.93414962766847e-05	0.000123174792077834
"hsa-miR-330-3p"	-0.272418214113264	4.73550593507991	0.0808689310037889	0.776123297999544	0.847954122419366
"hsa-miR-330-5p"	-0.399906545355654	5.6497018600317	0.123951409841967	0.724787763354804	0.821539291484134
"hsa-miR-331-3p"	-0.406818479014363	8.97786090816087	0.245861821842325	0.620004087637894	0.736988529721558
"hsa-miR-331-5p"	-1.96228721286732	4.02460582694253	4.28270775961629	0.0385019656583579	0.0796365443531847
"hsa-miR-335-3p"	-4.79605116634786	5.32837818216411	9.45871590597043	0.00210148134807604	0.00635698107793001
"hsa-miR-335-5p"	-0.286229427666551	4.33308894060363	0.0472346766856839	0.827946970071643	0.883648096491712
"hsa-miR-337-3p"	-9.59190302821829	5.51616584098438	19.6931184604801	9.09282142052519e-06	6.87644619927217e-05
"hsa-miR-337-5p"	-6.39173322437074	2.66876214530576	8.40714846714137	0.00373748432088061	0.010220013623199
"hsa-miR-338-3p"	4.61818335157638	7.36011658835278	9.10063215249357	0.00255521167481795	0.00736144315840409
"hsa-miR-338-5p"	6.19293338657094	5.68722753731862	14.9655866862863	0.000109489849935117	0.000529930873685967
"hsa-miR-339-3p"	0.272884586238502	7.29594497638795	0.0529217549167562	0.818055024097549	0.875970424033659
"hsa-miR-339-5p"	-1.06961523890076	7.93305425451355	1.26575061260646	0.260565378378807	0.385668633441415
"hsa-miR-33a-3p"	1.22534070414988	3.57227420297125	1.20931120728376	0.271468578438778	0.39695103312498
"hsa-miR-33a-5p"	-2.82262823398392	4.19511811574412	3.24905021976195	0.0714648574916176	0.132019049717339
"hsa-miR-33b-3p"	-0.253160117136423	3.15644944038384	0.0734839171518265	0.786330140844474	0.855244467794888
"hsa-miR-33b-5p"	-4.56268527651573	5.10013101551732	9.83688012878863	0.00171047361097893	0.00530685402380643
"hsa-miR-340-3p"	2.73287145567867	6.10538394284082	11.2433429429672	0.0007990910195301	0.00274297910250049
"hsa-miR-340-5p"	2.79072309778945	10.3405033584159	9.14281161192142	0.00249697104994885	0.00725419164986272
"hsa-miR-342-3p"	3.21288759250777	10.7536122743987	12.7583406316559	0.00035442518072359	0.00145374396161201
"hsa-miR-342-5p"	3.22407394069532	5.24774245368606	8.52319507047527	0.00350648336217433	0.00981004593810621
"hsa-miR-345-3p"	-6.39449144529154	4.69795780702748	4.00169383296165	0.0454545622515107	0.0901639677447999
"hsa-miR-345-5p"	0.605533159854033	8.98915152957832	0.657302625914932	0.417513835944967	0.556338444055474
"hsa-miR-34a-3p"	0.884563465778962	4.01316323894062	0.439779912844118	0.507228701180414	0.638535272872531
"hsa-miR-34a-5p"	0.526302661864456	9.3943466404832	0.441235401437524	0.506526781660563	0.638535272872531
"hsa-miR-34c-5p"	-4.73430914847193	6.77348797505971	13.9770085119702	0.000185059838663921	0.000837093101993809
"hsa-miR-3605-3p"	-0.610315329632237	4.31832376867789	0.359056760985451	0.549030553486868	0.677884662978685
"hsa-miR-3605-5p"	0.332502887566376	3.39861760727635	0.113279510900782	0.736440911020266	0.824204508468501
"hsa-miR-3607-3p"	0.789512416378974	5.89834427073155	0.549030112949591	0.458714260439264	0.59843046375365
"hsa-miR-361-3p"	0.411400513034129	9.08481892770415	0.23930006680186	0.624712101004066	0.737465016795044
"hsa-miR-361-5p"	0.323063579504915	8.28307046239115	0.17667092958947	0.674249939891509	0.778847185936732
"hsa-miR-3613-3p"	1.92924227492885	3.45237946048247	3.22235061191126	0.0726392506721713	0.133171959565647
"hsa-miR-3613-5p"	-0.405831232762653	3.66947613955444	0.131433924056873	0.716949905828828	0.814562803805522
"hsa-miR-3614-5p"	2.13574720307438	2.62156552896778	2.10040725918264	0.147259910563013	0.241606090550842
"hsa-miR-3615"	1.21195533058238	4.22311990874169	1.14341215017882	0.284932475892919	0.412896162671175
"hsa-miR-362-3p"	1.43604873084468	2.82962961498637	2.01403425969448	0.155850407691541	0.254836477441574
"hsa-miR-362-5p"	1.15795764898222	4.96232063843024	1.98326842265946	0.159046508286883	0.258317147687421
"hsa-miR-3620-3p"	0.985405002512621	2.63776485253704	0.830157685349897	0.362226936609186	0.500908106625274
"hsa-miR-363-3p"	9.68500660280091	5.62758498562757	35.7019638979892	2.29932102807937e-09	5.29938751233532e-08
"hsa-miR-3651"	-1.73849849358361	3.36314048599526	2.41570973666663	0.120123516067839	0.200482006127014
"hsa-miR-3653-3p"	2.61663275267796	2.32374770126313	1.96178711713413	0.161322318414012	0.261137130810641
"hsa-miR-365a-3p"	-1.0366595318301	7.56844338475744	1.48792488829358	0.222538704452558	0.338706707405779
"hsa-miR-365b-3p"	-1.05373270580012	7.57983528412234	1.52733489871188	0.216512870006406	0.332673743120954
"hsa-miR-365b-5p"	-0.827330411090161	4.18077295706574	0.623035117917159	0.429921648314717	0.566981138376902
"hsa-miR-3661"	-3.05499730492625	2.87114678643977	6.21067710821305	0.0126982050489273	0.0304254021964396
"hsa-miR-3677-3p"	-0.533878701335491	3.18711803481714	0.0929665435212037	0.760439151392867	0.836483066532153
"hsa-miR-369-3p"	-6.5369332890369	6.22915307049763	9.13840221033711	0.00250299587918817	0.00725419164986272
"hsa-miR-369-5p"	-9.6051278722684	5.52936594796742	12.3728026156315	0.000435633198539763	0.00170037474268746
"hsa-miR-3690"	10.1823832867403	6.10721011697884	28.2325745619185	1.07578761131298e-07	1.67961678669511e-06
"hsa-miR-370-3p"	-10.4827761648652	6.38454580968509	14.0724733845963	0.000175899317693322	0.00080316292229781
"hsa-miR-370-5p"	-6.40640914666982	2.67061096805858	9.20359109261075	0.0024154082409033	0.00708519750664968
"hsa-miR-371b-5p"	7.63442799388843	3.75089460736948	23.1944842947288	1.46416678087291e-06	1.54055809117933e-05
"hsa-miR-374a-3p"	-0.161465199636774	6.77250127347997	0.0187712875757455	0.8910241961459	0.92345976645528
"hsa-miR-374a-5p"	0.718706761957834	6.173932757779	0.739363545416641	0.389864833504321	0.526180468447924
"hsa-miR-374b-3p"	2.08876899416785	3.56348847857084	3.32125736785399	0.0683895055275281	0.127530417628643
"hsa-miR-374b-5p"	1.22650994849459	6.63234938675453	1.86388061114238	0.172177589429461	0.275029548791615
"hsa-miR-376a-3p"	-8.162401635463	4.15970110078133	11.66225284043	0.000637810570535638	0.00233863875863067
"hsa-miR-376a-5p"	-9.75989824022949	5.68106735307477	15.1239919841296	0.000100675661717199	0.000497214492562493
"hsa-miR-376b-3p"	-7.72681456943567	3.77417451705685	16.2677040197838	5.4993328193009e-05	0.000289312726580613
"hsa-miR-376c-3p"	-9.69599780253153	5.6177751369113	17.2661597055065	3.24922287059765e-05	0.000178707257882871
"hsa-miR-377-3p"	-7.60640047702848	3.66297160041878	10.0276394348535	0.00154208538716575	0.00487823089796224
"hsa-miR-377-5p"	-8.9244351859036	4.87190155712058	17.7270841712137	2.54970402591942e-05	0.000146911517683928
"hsa-miR-378a-3p"	3.07278396254256	13.9042770981559	4.17368868855613	0.0410563221976745	0.0838449786652932
"hsa-miR-378a-5p"	2.70822653648794	6.38595277293633	2.11354800513323	0.14600046966101	0.240354514680029
"hsa-miR-379-3p"	-7.39395013673775	3.47462994060421	10.2786121129892	0.00134581141979733	0.00434248484787938
"hsa-miR-379-5p"	-7.81964053647733	3.84509387215576	11.3194366661997	0.000766999788082231	0.00270969268198394
"hsa-miR-380-3p"	-3.98843489379599	3.5799051060431	6.50306730647463	0.0107688554059314	0.0266039344733219
"hsa-miR-381-3p"	-10.9192700525739	9.11666867313017	18.8846962779982	1.38862211410301e-05	9.7404797568965e-05
"hsa-miR-382-3p"	-8.25808582106287	4.25057504557066	10.978157134932	0.000921920612760884	0.00307730742466392
"hsa-miR-382-5p"	-9.6383408433572	5.5591182716143	13.1167454494253	0.000292668010105588	0.00125355147691243
"hsa-miR-3909"	2.55600204655683	5.94799908693365	5.92338690165152	0.0149412103760367	0.0351045913689406
"hsa-miR-3922-3p"	6.63274836961004	2.94356347618042	17.6564470561756	2.64616789574687e-05	0.000150675913122528
"hsa-miR-3928-3p"	-0.61931818484881	3.23948786804079	0.291750833610441	0.58910073343271	0.707505595487423
"hsa-miR-409-3p"	-14.3654631369236	10.247387132854	40.3018874478224	2.17598653694343e-10	6.19516166988601e-09
"hsa-miR-409-5p"	-10.8996791596276	9.0997353259699	22.3424100678026	2.28112817926574e-06	2.06594180414774e-05
"hsa-miR-410-3p"	-9.09316607364645	8.86468304651378	22.1777184851655	2.48541539211503e-06	2.18716554506122e-05
"hsa-miR-411-3p"	-7.84518728726652	3.87408642011689	10.6534168737912	0.00109867745004008	0.00360138328082733
"hsa-miR-411-5p"	-11.3260491190937	9.52492994350112	22.8277042349321	1.77192967020589e-06	1.7152279207593e-05
"hsa-miR-412-5p"	-6.92099303833	3.06565249699695	9.86982824700105	0.00168011191565827	0.005280351734926
"hsa-miR-421"	0.898662645389544	8.20887591684652	1.3895054003996	0.23848864340528	0.358473613068805
"hsa-miR-423-3p"	-0.338855566348963	12.1772012730117	0.242346391785972	0.62251653967523	0.736988529721558
"hsa-miR-423-5p"	-0.489113003182698	11.5088945179708	0.529513264848049	0.466811564932067	0.602595125556969
"hsa-miR-424-3p"	-1.89488471230761	5.05311887014421	1.55006619472891	0.21312566900629	0.328512177703963
"hsa-miR-424-5p"	2.416818245133	7.80607794806791	3.82070016584121	0.0506230798632977	0.099196642323223
"hsa-miR-425-3p"	2.31069308742182	6.08825664951659	7.67035349841385	0.00561354584800739	0.0147660662523673
"hsa-miR-425-5p"	1.66520427071702	8.78436281477374	5.4736767676957	0.0193049704529905	0.0439665117861015
"hsa-miR-431-3p"	-9.35737774040438	5.28918256583121	12.4282762970083	0.000422882021565932	0.00167766310195009
"hsa-miR-431-5p"	-10.5939204325312	6.49690313510042	18.9465438500475	1.34432586006885e-05	9.7112494966168e-05
"hsa-miR-432-5p"	-10.1943128372674	6.10263513053085	22.3224374063055	2.3049763930574e-06	2.06594180414774e-05
"hsa-miR-4326"	0.337302198808811	4.79751986502476	0.112463684300964	0.737356512741448	0.824204508468501
"hsa-miR-433-3p"	-7.81712729577249	3.84368658463512	11.273609188607	0.000786167322235933	0.00271789274258708
"hsa-miR-433-5p"	-5.61996383932628	2.14480122242291	7.22567741807857	0.00718680471497971	0.0183189914888553
"hsa-miR-449a"	-2.76206664806516	3.97776566011477	2.90320351316557	0.0884037023438051	0.156434717530284
"hsa-miR-449b-5p"	-5.18607104280234	1.93474106308871	7.73949797910066	0.00540258186033497	0.0144132048474627
"hsa-miR-450a-5p"	-2.43479351886942	6.09579119249051	4.70166383460845	0.0301334323649863	0.0631367154314
"hsa-miR-450b-5p"	-2.56886124061104	6.78099990237416	5.16001001674809	0.0231127640290779	0.0508480808639713
"hsa-miR-451a"	5.82055072790034	2.37564458064532	9.22711101226294	0.00238457600385982	0.00703740723090337
"hsa-miR-452-3p"	-8.36121864553753	4.34390207133647	11.5737084828504	0.000668908791676058	0.00241605862068069
"hsa-miR-452-5p"	-10.6440426387146	6.54511731035457	24.8315721110616	6.25642915354836e-07	7.38563831784733e-06
"hsa-miR-4521"	-1.00499193369845	4.2234370336143	0.636008736600926	0.425159797782585	0.562233175209757
"hsa-miR-454-3p"	0.172933453069164	6.20387929086751	0.037582908717166	0.846283062953141	0.892376911697865
"hsa-miR-454-5p"	-0.933194570841512	4.20948525222359	1.62464980954782	0.202444654995649	0.315058562758503
"hsa-miR-455-3p"	-10.3280069742986	6.2345780473284	35.5089420055383	2.53882400023993e-09	5.58541280052784e-08
"hsa-miR-455-5p"	-9.78745782348771	5.70964429915893	34.7169022195458	3.81306574271042e-09	7.38209527788737e-08
"hsa-miR-4662a-5p"	-0.133046067964668	3.64621461517824	0.0110921723993371	0.916122383235649	0.943411135076711
"hsa-miR-4677-3p"	0.856160911736665	5.61355970578917	0.824556616575205	0.363851277746129	0.501720850225431
"hsa-miR-4707-3p"	2.84139721599313	2.30093623619836	3.90101142515535	0.04825704742899	0.0949447599822404
"hsa-miR-4775"	-1.22243244374777	4.24403943464912	1.15909795161364	0.281652695895561	0.409696074956312
"hsa-miR-4787-3p"	1.93983510078785	3.27878307771289	1.93628367054982	0.16407261611687	0.264383926466044
"hsa-miR-4802-3p"	5.37144305670016	2.10488483193444	6.10776746854986	0.0134589031153612	0.0319319073913472
"hsa-miR-484"	-0.0373331708699949	10.2414258441766	0.00348051764582991	0.95295536410518	0.971011360477699
"hsa-miR-485-3p"	-9.29006184667934	5.22399228185038	21.3710762995814	3.78437458825618e-06	3.15799534606206e-05
"hsa-miR-485-5p"	-9.69730838404704	5.61396000249467	13.0657891366198	0.000300738471958173	0.00126571669937179
"hsa-miR-486-3p"	-2.28271053937681	3.0616321017999	2.49777014006894	0.114007618135875	0.191596136033901
"hsa-miR-486-5p"	-2.7092635719536	8.6101048258385	4.30138728537558	0.0380812972052729	0.0791044971989359
"hsa-miR-487a-3p"	-8.02913742483576	4.04343165246322	14.4039448194023	0.000147493011906778	0.000686409786181542
"hsa-miR-487b-3p"	-12.0431968756677	7.93172100156888	22.7238350978672	1.87033483411611e-06	1.74085011483115e-05
"hsa-miR-493-3p"	-10.4832219201389	6.38737858637445	20.3631115687982	6.40526920328334e-06	5.00024241030506e-05
"hsa-miR-493-5p"	-10.0538872202826	5.96561489150942	18.4843463524785	1.71305526466409e-05	0.000112043074067219
"hsa-miR-494-3p"	-9.58478784244933	5.51000575515356	18.9556127412219	1.33795096056471e-05	9.7112494966168e-05
"hsa-miR-495-3p"	-9.44854097653031	5.3779741144051	25.0804197993435	5.49883876114283e-07	6.82419989844392e-06
"hsa-miR-496"	-7.26883709763662	3.36154364252267	15.061608413347	0.000104058300572756	0.000508729469466806
"hsa-miR-497-5p"	-6.12430334395175	5.78665034563916	15.9345110925348	6.5572146763983e-05	0.000330592906601748
"hsa-miR-500a-3p"	0.580226562972367	10.6711435039205	0.693829831986505	0.404864759773144	0.542810370443772
"hsa-miR-500a-5p"	0.797691752896423	3.22596304166974	0.661747875222696	0.415943554989497	0.556123427113029
"hsa-miR-500b-3p"	1.06723411398217	3.00169776101918	0.855467651964458	0.355010153047846	0.492334997350021
"hsa-miR-500b-5p"	0.56892577826105	3.29494254055013	0.316993667579346	0.573419966712228	0.693723229905404
"hsa-miR-501-3p"	1.87464808224836	9.78012318801194	3.01636537905573	0.0824280129402361	0.14830913852444
"hsa-miR-501-5p"	1.00683973337905	4.32676393987772	0.651567674019624	0.419552752231918	0.556338444055474
"hsa-miR-5010-3p"	4.18088966645093	4.07889405535286	14.4900754935631	0.000140899918689634	0.000662092821803716
"hsa-miR-502-3p"	-0.183577481953749	6.01382873199846	0.0222575039050064	0.88140411300438	0.91765362544975
"hsa-miR-502-5p"	1.30609765711753	2.88143760098173	1.24417658444097	0.264667639793166	0.389359081033108
"hsa-miR-505-3p"	0.0566545977408275	6.68894234140306	0.00280509094422854	0.957761300970769	0.971816498259648
"hsa-miR-511-3p"	11.099556085719	7.00371527483333	40.3242918621918	2.15117539148795e-10	6.19516166988601e-09
"hsa-miR-511-5p"	11.0904381267876	6.99476490500155	45.2918500422735	1.6975406916334e-11	6.32007457500436e-10
"hsa-miR-532-3p"	0.460986466948671	7.06740663880244	0.372466440288178	0.541662906874121	0.6739456219205
"hsa-miR-532-5p"	0.382473669792938	10.228860401242	0.320837416018904	0.571104822717447	0.692768757381565
"hsa-miR-539-3p"	-10.1561345754419	6.06766539126685	14.6738940006642	0.000127804204349298	0.000612447870347129
"hsa-miR-539-5p"	-7.81712729577249	3.84368658463512	11.273609188607	0.000786167322235933	0.00271789274258708
"hsa-miR-541-5p"	-6.25783520897978	2.57671840440254	5.23146247121974	0.0221818738833287	0.0494747786153507
"hsa-miR-542-3p"	-2.61295300205823	4.41463175985602	5.77403578675289	0.0162646409662216	0.0380294020659482
"hsa-miR-542-5p"	-2.15387118875367	2.93179472906958	2.83106230713293	0.0924571830543282	0.160391672395322
"hsa-miR-543"	-9.56836438858412	5.49383533940068	21.9334405679249	2.82272044653432e-06	2.43963695736181e-05
"hsa-miR-545-5p"	-6.67814573163787	2.93597981812466	9.47216789059517	0.00208612696373149	0.00635698107793001
"hsa-miR-548au-5p"	5.75028736240248	2.33165039719247	11.4858662393976	0.000701274347630453	0.00249571164892014
"hsa-miR-548e-3p"	2.25477177862247	5.96671880042014	6.38304658558335	0.0115215492684868	0.0283067504870437
"hsa-miR-548e-5p"	2.05470473212519	3.77897324218518	2.99483016359747	0.0835306708176208	0.149736461761957
"hsa-miR-548k"	2.01962946641318	6.51575755926114	5.46151914745513	0.0194397386822846	0.0439665117861015
"hsa-miR-548o-3p"	2.4211679859609	4.02494636953036	6.36055323912892	0.0116685154732402	0.0285230378234762
"hsa-miR-549a-5p"	-5.05649666090956	3.46745881859301	5.65393480153355	0.0174162498929232	0.0403323681730852
"hsa-miR-550a-3p"	0.304142341553498	3.81846744743367	0.114003505956739	0.735631440892583	0.824204508468501
"hsa-miR-561-5p"	-7.09533214915307	3.2336935695975	16.2855991871984	5.44763943650088e-05	0.000289312726580613
"hsa-miR-5690"	5.72361222539149	2.31459114923238	10.9420175937747	0.00094007744557192	0.00311642112093705
"hsa-miR-574-3p"	-2.0538346021538	9.54769316006498	8.4207002410317	0.0037097289192833	0.010220013623199
"hsa-miR-574-5p"	-2.18855983513969	3.31838621577019	3.24162828793106	0.0717892575953186	0.132114071011917
"hsa-miR-576-5p"	0.531777171810038	4.82613940402034	0.31407986223723	0.575187343382907	0.693723229905404
"hsa-miR-582-3p"	-0.412246970426406	4.06971400607611	0.241971561305565	0.622785761686193	0.736988529721558
"hsa-miR-582-5p"	2.42539204553481	3.42847431767663	4.90563231995917	0.0267692491352503	0.0570762844998289
"hsa-miR-584-5p"	-6.29848340207637	6.52747674007968	13.9107539117629	0.000191698521887157	0.000857336674643312
"hsa-miR-589-3p"	1.19690794658517	4.61419950851121	0.890662834653223	0.34529774921585	0.480241697185263
"hsa-miR-589-5p"	-0.0755702823603168	7.82509617856741	0.00458930605515206	0.945989090729417	0.965946666483202
"hsa-miR-590-3p"	0.305134568698852	5.3413149224181	0.0619819798521322	0.803390327274081	0.866015408464711
"hsa-miR-598-3p"	0.314053231579355	3.46895454650763	0.0705798772102861	0.790494343500074	0.857845879493354
"hsa-miR-615-3p"	-9.16475534817253	5.10414686075032	27.2212960015274	1.81449009083964e-07	2.66125213323147e-06
"hsa-miR-616-5p"	1.69042451071959	4.27997191680803	3.19320729756547	0.0739448015411645	0.135053901682731
"hsa-miR-618"	6.9252331905772	3.16845094121109	17.3495641014026	3.10969587018997e-05	0.000172999172548499
"hsa-miR-625-3p"	-2.17987985440027	5.73830890357526	3.31840952697542	0.0685080755856344	0.127530417628643
"hsa-miR-625-5p"	-1.05237362343553	4.74604295963331	1.03180774630798	0.309734457948965	0.438337653939471
"hsa-miR-628-3p"	1.43594146086574	3.5923364889633	3.35540049756881	0.066984914899107	0.126150579031781
"hsa-miR-628-5p"	0.358322816200677	4.52796984121413	0.110070519001169	0.740063865218267	0.825324679183505
"hsa-miR-629-3p"	1.11641682732397	2.72884622947067	0.438337874847711	0.507925785239513	0.638535272872531
"hsa-miR-629-5p"	1.11467920602489	5.36901865058771	1.33339453353597	0.248202223428853	0.370771222652978
"hsa-miR-641"	-0.500818031069952	3.6717906713667	0.261746914515808	0.608922533393235	0.72770001521562
"hsa-miR-6503-3p"	7.96579533420422	4.03783256080761	24.0771813120182	9.25505480746403e-07	1.02584064295014e-05
"hsa-miR-6503-5p"	5.70128594901167	2.29987278610555	9.34086907471652	0.00224099225544305	0.0066542346726039
"hsa-miR-6511b-3p"	-0.554504364970547	3.19435937435441	0.180526825721796	0.670920885254017	0.776855761873073
"hsa-miR-652-3p"	2.700911333116	7.61239079200017	12.2575503777786	0.000463379401013184	0.00177668991510743
"hsa-miR-652-5p"	2.51216730943514	3.59276468617795	5.51361218429723	0.018869038374822	0.0432825335232883
"hsa-miR-653-5p"	5.55319233348341	2.21007636999998	9.46810849992961	0.00209074841596402	0.00635698107793001
"hsa-miR-654-3p"	-13.8116557094703	9.69432518886397	36.6428887949234	1.4187562811546e-09	3.43339020039414e-08
"hsa-miR-654-5p"	-8.48301105944168	4.44948906473594	11.9253247514293	0.000553759732525738	0.00207767217474773
"hsa-miR-655-3p"	-7.2387790236501	3.34744187842631	14.0950753735606	0.000173798215769659	0.000801127013642998
"hsa-miR-656-3p"	-8.38579324479844	4.36818011082585	11.289526140907	0.000779455733466867	0.00271789274258708
"hsa-miR-660-3p"	2.76753798335467	3.02433013316709	4.83260737173203	0.0279263660361138	0.0592822857959608
"hsa-miR-660-5p"	-0.100734300081926	9.90099749190587	0.0116527900135317	0.914036870110659	0.943270458706948
"hsa-miR-664a-3p"	1.84882971516455	5.42938322745364	1.93309180586117	0.164420582368346	0.264383926466044
"hsa-miR-664b-3p"	-1.39679171988231	2.88476210145399	0.799007198032735	0.371390366835041	0.507776659740565
"hsa-miR-665"	-9.60234857556546	5.52537436062147	18.1565291267289	2.03470622287618e-05	0.000124580583284583
"hsa-miR-668-3p"	-6.52472135659528	2.75793503066463	9.38308724810319	0.00218996431648481	0.00654285635295463
"hsa-miR-671-3p"	-1.42832266543013	7.09642845653581	2.88875066250867	0.0892000716651286	0.156434717530284
"hsa-miR-671-5p"	-0.141753216880593	4.34233102297242	0.0214625018997627	0.883526011280131	0.91765362544975
"hsa-miR-6769b-3p"	1.41238243935788	2.64239804018747	1.05906190132509	0.30342924103122	0.433214609613896
"hsa-miR-6810-3p"	6.14759713664685	2.59372776794121	12.534977589099	0.000399404403098893	0.00161093109249887
"hsa-miR-6842-3p"	7.59836016780151	3.72018704822053	23.0498313183565	1.57856357698695e-06	1.55923422706466e-05
"hsa-miR-7-1-3p"	0.24039916364157	3.9925330383145	0.0970351121007964	0.755417050975297	0.834753088292337
"hsa-miR-7-5p"	-1.01479140962996	4.53766058243057	0.949373595500717	0.329878794444426	0.464131792183437
"hsa-miR-708-3p"	-5.45538540343122	5.30376465863094	11.8402593600194	0.000579637520622634	0.00214156152657523
"hsa-miR-708-5p"	-4.34061171235963	6.19484386372079	5.67466377713418	0.0172116381007507	0.0400501578882852
"hsa-miR-744-3p"	0.516394156915109	3.26401269154656	0.188413281730851	0.664240523321233	0.772818301171819
"hsa-miR-744-5p"	0.583929148438495	8.23356311855015	0.482670736967481	0.487215066569425	0.623841513808471
"hsa-miR-758-3p"	-9.55013227859564	5.47698347416314	19.5039931093695	1.00389606240245e-05	7.47516452619671e-05
"hsa-miR-760"	-1.00566900438577	3.29619139300209	0.53560420037035	0.46426021971069	0.602418086702344
"hsa-miR-766-3p"	2.87809418278786	4.551279119557	9.57109500238092	0.0019766484857593	0.00609361698794586
"hsa-miR-769-5p"	-1.34118371318575	9.03205012358788	3.79679407746782	0.0513508145333857	0.100216912234511
"hsa-miR-7705"	3.81882479415089	2.96321787031761	8.49700950402229	0.00355730672252442	0.00989503709024033
"hsa-miR-7706"	0.460672890290254	5.66086464853716	0.222103479867992	0.637441825142494	0.750661419389214
"hsa-miR-7974"	-2.15503839051063	3.6156603007861	6.25263041177784	0.0124009020533217	0.0299787691186377
"hsa-miR-7976"	0.658025321463059	3.81692720367397	0.312432041004264	0.57619160830986	0.693723229905404
"hsa-miR-7977"	-1.22873175777987	2.83198219875621	0.558061279774993	0.45504243872922	0.595244703634979
"hsa-miR-874-3p"	-0.736681557342949	4.96664928087404	0.403799558992718	0.525133501417141	0.656756110299473
"hsa-miR-877-3p"	-0.986044927262035	2.65266362518896	0.65228497743977	0.419296923256829	0.556338444055474
"hsa-miR-877-5p"	-0.725134885335285	6.30696219713716	0.819429898434871	0.365346902855149	0.502328260264397
"hsa-miR-887-3p"	-9.19203209757308	5.13327993253772	28.4098515338161	9.81645068215625e-08	1.58372071005454e-06
"hsa-miR-887-5p"	-6.50798043377038	2.76635461139475	17.6138708393726	2.70607392659575e-05	0.000152295323310737
"hsa-miR-889-3p"	-11.0720797268906	6.96876541535355	12.907271596624	0.000327308057534501	0.00135399230638204
"hsa-miR-9-3p"	-1.26419364400153	2.98194490667513	0.545752035218684	0.460058623928173	0.598570897799021
"hsa-miR-9-5p"	0.344175889589162	5.2591160135995	0.0335694406950457	0.854625675694165	0.899214841382556
"hsa-miR-92a-3p"	-0.1999777943032	14.4273556852913	0.102166151824349	0.749245491317684	0.829827958347274
"hsa-miR-92b-3p"	-4.75148207331995	11.7670626049316	18.2937302955402	1.89329261609665e-05	0.000122180483492104
"hsa-miR-92b-5p"	-5.81463578251953	2.2643119176922	8.02224245425595	0.00462063234593085	0.0125639666035423
"hsa-miR-93-3p"	0.50942811192958	5.03097696496575	0.355916276281141	0.55078302531225	0.677900870417382
"hsa-miR-93-5p"	0.186856469912507	9.15362253118729	0.0650801405908616	0.798639611381643	0.864607698737173
"hsa-miR-935"	-10.2334178920106	6.14048508535428	24.3874237125328	7.87813155880981e-07	9.07860874872368e-06
"hsa-miR-940"	0.625441065645667	4.09904342993619	0.485165984799394	0.486091609009551	0.623841513808471
"hsa-miR-941"	2.22021571287089	9.61478781947758	5.27194597775107	0.0216717730646051	0.048786689131483
"hsa-miR-941-3-5p"	2.24092256493235	7.30151023058356	4.75782226052201	0.0291654269677579	0.0613742028364993
"hsa-miR-942-5p"	0.863880367658333	3.38891124479367	0.815948113011844	0.366367512134984	0.502328260264397
"hsa-miR-98-3p"	1.28101083634802	4.24496675369892	1.89174861827844	0.169004826639769	0.270855417528637
"hsa-miR-98-5p"	0.369271068414131	11.3612408443274	0.329894114148487	0.565721444150141	0.689695664908484
"hsa-miR-99a-3p"	-3.09141163707524	3.14923775407032	5.07914434263384	0.0242153175888767	0.0527937554640375
"hsa-miR-99a-5p"	-4.35909425055251	8.64072601925138	18.8882395396758	1.38604523771564e-05	9.7404797568965e-05
"hsa-miR-99b-3p"	-0.4809671141382	6.25525655783467	0.405305165142166	0.524362088521248	0.656756110299473
"hsa-miR-99b-5p"	-0.193390231717094	15.1310440596178	0.0820445006484078	0.774545650889009	0.847954122419366
