"logFC"	"logCPM"	"LR"	"PValue"	"FDR2"
"hsa-let-7a-2-3p"	-1.47876870080653	4.40109554878061	9.47582212269118	0.00208197562839164	0.0064921555937331
"hsa-let-7a-3p"	-0.82512519367324	7.30368125432876	2.96494058938763	0.0850875834646631	0.146113573915086
"hsa-let-7a-5p"	-0.519753805013947	15.4859276511009	1.95479937999608	0.162070609213422	0.244017937889653
"hsa-let-7b-3p"	-0.556152731212661	7.25981512150158	2.46798272457503	0.116186957031264	0.188577584465074
"hsa-let-7b-5p"	-0.698788763056521	12.5155224767587	2.33864323489274	0.126199427349062	0.200539834897883
"hsa-let-7c-3p"	-1.22537983539058	3.77257808842743	1.68063581928538	0.194839988514134	0.278878115428198
"hsa-let-7c-5p"	-0.0109941090477004	10.7567232621079	0.000256821185303124	0.987213935365809	0.992931390589935
"hsa-let-7d-3p"	0.823878615969659	7.4571005797314	5.17273611019527	0.0229440505682411	0.0505871906057975
"hsa-let-7d-5p"	0.788362136403192	10.202325401384	3.81321056506156	0.0508498935755008	0.0949562528775481
"hsa-let-7e-3p"	0.451456068111752	4.83440098861503	1.07760220464987	0.29923457907005	0.39669520533205
"hsa-let-7e-5p"	0.247295770287081	11.8115935125907	0.324881317633853	0.568688813470299	0.649751911881636
"hsa-let-7f-1-3p"	-0.556633648989962	5.40501964624516	1.87689866334993	0.170687053924258	0.253355997420337
"hsa-let-7f-2-3p"	-1.53231349369515	5.77007966684825	5.74200437731212	0.0165638798504055	0.0392262791002785
"hsa-let-7f-5p"	-0.110515754420022	14.6882880696622	0.0963806316038855	0.756217026459782	0.812348599557827
"hsa-let-7g-3p"	-0.900533184655332	3.75892078411004	2.42480078463708	0.119428423650433	0.192735470641809
"hsa-let-7g-5p"	0.0405463813358025	12.2761042647884	0.0121344562170407	0.912285254018111	0.941189341274131
"hsa-let-7i-3p"	-0.805325488287503	5.9644864444775	3.84877304667493	0.0497823955253858	0.0932972232687986
"hsa-let-7i-5p"	-0.424917504393222	14.0925974160352	1.43047716877417	0.231686580082734	0.320182249928659
"hsa-miR-1-3p"	-10.0034726118147	4.92339596911599	27.2298417213041	1.80648781667624e-07	2.61438931246756e-06
"hsa-miR-100-3p"	-1.12605621317122	8.28220489217672	8.02905041096594	0.00460329669586617	0.0130441727924808
"hsa-miR-100-5p"	-0.871895173556723	17.3237772215731	1.44167870247657	0.229867882986944	0.318513742117547
"hsa-miR-101-3p"	-0.691681953571073	11.129366568095	1.99636051909071	0.157677417055925	0.238115751554019
"hsa-miR-101-5p"	-1.20427459892568	3.68112036852338	2.57448419962682	0.108599495414059	0.178486867857176
"hsa-miR-103a-3p"	-0.152153924011182	12.3176239802233	0.179000412306129	0.672233681334182	0.742020652489638
"hsa-miR-106a-5p"	-10.5807240356077	6.36171147555765	28.4739348409138	9.49684311637575e-08	1.59101137588133e-06
"hsa-miR-106b-3p"	1.57579815935962	7.52236820237237	14.0648769933514	0.000176611214573836	0.000836494934481534
"hsa-miR-106b-5p"	1.09687985809175	8.06185496495136	5.28752476534899	0.0214787277313408	0.0482345566725369
"hsa-miR-107"	-3.56473443359457	7.26425055269169	21.5964065006785	3.36481670614717e-06	2.69703000600411e-05
"hsa-miR-10a-3p"	-0.569439842101285	4.86588080259701	0.234111182651397	0.62849206315371	0.702670310950822
"hsa-miR-10a-5p"	0.0172883452348327	14.5062372894657	0.000326031258801152	0.985593911332849	0.992931390589935
"hsa-miR-10b-3p"	-0.493987905891714	2.54683414850623	0.0766596458785802	0.781876255590439	0.836463098896548
"hsa-miR-10b-5p"	-0.414786563546617	13.9068559600907	0.0456761580014131	0.830765560619232	0.873055352685717
"hsa-miR-1180-3p"	-0.0234442127649835	5.33159160680856	0.00358570670539304	0.952250595128364	0.968989375120854
"hsa-miR-1185-1-3p"	-1.40435775201171	5.02004800786156	4.99856944538647	0.025368278118781	0.0543904234563164
"hsa-miR-1185-5p"	-2.46526266408239	4.17350832807676	11.0244019539265	0.000899202841475059	0.0031654370297872
"hsa-miR-1197"	-1.30346617826461	3.95357435053523	3.22914517525361	0.0723384390928426	0.127325428268145
"hsa-miR-122-3p"	-7.81056504610567	2.92399920940983	14.8150878797174	0.000118582967486837	0.000572053019080017
"hsa-miR-122-5p"	-8.79711753947113	6.04088674557301	19.2506173594418	1.14633303542242e-05	7.28340867628149e-05
"hsa-miR-1226-3p"	0.662113303369664	3.25939556979497	1.01721595758627	0.31318030327977	0.409967180926533
"hsa-miR-124-3p"	-11.3340669225856	6.22731784120617	24.9232472651177	5.96586668277207e-07	7.06412850391875e-06
"hsa-miR-124-5p"	-7.16237662177423	2.42833826034375	13.5995026490414	0.000226245457911927	0.00101615416872512
"hsa-miR-1249-3p"	0.686303044851249	3.94357280376806	2.14857451838908	0.142702327600534	0.220616951572339
"hsa-miR-1254"	1.25224350752849	2.55032815140252	1.54298377720323	0.214174221777766	0.301580458233016
"hsa-miR-1255a"	1.7956922741381	2.65310622344291	3.92048690238917	0.0477010628667879	0.0897193276303122
"hsa-miR-1257"	3.15406072895934	2.47996467229115	2.00279439330317	0.157009517271671	0.237796390984129
"hsa-miR-125a-3p"	0.861834572128919	5.68382958662283	4.88941926292797	0.0270217740427755	0.0565395352461286
"hsa-miR-125a-5p"	0.295255158215819	13.0616798849925	0.43419352515582	0.509938390900534	0.591710248684139
"hsa-miR-125b-1-3p"	-1.58012802378149	9.93810233880168	17.8758327800834	2.35796528227499e-05	0.000137997902380675
"hsa-miR-125b-2-3p"	-1.41973446503125	8.81413006870467	3.49065472354498	0.0617161719516108	0.110876295126859
"hsa-miR-125b-5p"	-2.30919341919237	13.6581399110316	19.4340187132716	1.04135547993492e-05	6.69810129686534e-05
"hsa-miR-126-3p"	4.83046386592302	13.8638461902447	20.0418230545386	7.57668088939742e-06	5.38242391078842e-05
"hsa-miR-126-5p"	4.93388488534437	15.5263192026239	17.7275318592614	2.54910405783805e-05	0.000145943210344354
"hsa-miR-1260a"	0.246271936024597	4.4302655900116	0.279185607044147	0.597235496109789	0.671601795746758
"hsa-miR-1260b"	-0.244753927206788	3.53394950968064	0.162527417295696	0.686840165354662	0.753355212946903
"hsa-miR-1262"	1.4394340718967	3.02302744360657	4.80795921354697	0.0283285745717298	0.0585682037772667
"hsa-miR-127-3p"	-2.45977415082486	12.7868943849128	22.263031965383	2.37739768681471e-06	2.09936304208554e-05
"hsa-miR-127-5p"	-2.59498304211239	5.4729880130357	31.2667047416413	2.24903902617528e-08	5.09456231581445e-07
"hsa-miR-1271-3p"	3.65421051573389	1.51615473663357	1.8323021958516	0.175855863459426	0.257362092310002
"hsa-miR-1271-5p"	0.415986712722736	7.17175813241388	0.166780769045998	0.682988832530076	0.752153611525427
"hsa-miR-1277-5p"	0.431835567971425	3.41249338087331	0.188835335648189	0.663887730288317	0.734364134777523
"hsa-miR-128-1-5p"	-0.790981265139017	4.81512267473039	1.68621182640327	0.194101087488993	0.278878115428198
"hsa-miR-128-2-5p"	-6.16570632126933	1.81761656808013	12.2384813638761	0.000468139155194118	0.00184773105951618
"hsa-miR-128-3p"	-2.26530760898978	10.6568351377858	10.7707843568117	0.00103114802981965	0.00351129492507213
"hsa-miR-1285-3p"	1.2766271129809	5.79405099433176	5.37844443119044	0.0203870481051722	0.0463827600995402
"hsa-miR-129-2-3p"	-4.90654101170518	3.29742265929183	12.6378923574491	0.000378005909311996	0.00156302443453611
"hsa-miR-129-5p"	-5.09965204407453	2.97570235404639	16.6753742376184	4.43530294735162e-05	0.000248472347910774
"hsa-miR-1294"	1.0940318693961	2.44426929894162	1.0138602651176	0.313979811818467	0.409983664053688
"hsa-miR-1296-5p"	0.414751324806355	6.52098950942823	0.768038093075663	0.380824669028672	0.474664240583584
"hsa-miR-1301-3p"	1.50809334687757	5.85358663220947	7.33674613337144	0.00675590200193287	0.0186234123968626
"hsa-miR-1304-3p"	1.98497280551396	7.2264737071322	21.2359935268851	4.06066843191122e-06	3.1111886073908e-05
"hsa-miR-1304-5p"	2.01280210165556	3.25733643951669	8.17488181553124	0.00424744365994759	0.0121588909166632
"hsa-miR-1306-5p"	0.0773636432279871	3.49133106985882	0.0195289915817476	0.88886054718254	0.924344002159886
"hsa-miR-1307-3p"	0.884534038544003	8.20065878668645	4.69712314228629	0.0302131493841648	0.0612492250161473
"hsa-miR-1307-5p"	0.550230808788654	9.8761866618811	1.46666949744916	0.225871908002899	0.316342107713737
"hsa-miR-130a-3p"	-1.42614424527626	10.9599664801207	8.87540409082499	0.00289038257131937	0.00865453631987007
"hsa-miR-130b-3p"	0.0675345177929072	9.98931111936946	0.0133790418355417	0.907915820359155	0.940405849715944
"hsa-miR-130b-5p"	0.106741569515002	8.27601425874582	0.0335255210371983	0.854719746385972	0.892402781296776
"hsa-miR-132-3p"	-1.43209728184916	6.16438962951288	11.2392962189799	0.000800835168434857	0.00293827551235606
"hsa-miR-132-5p"	-4.32605875466938	4.64815369429591	26.2221579940238	3.04310671608921e-07	3.86697219288409e-06
"hsa-miR-133a-3p"	-9.35880087655504	9.23184061338104	26.7121552011423	2.36131412140623e-07	3.23748594013854e-06
"hsa-miR-133a-5p"	-7.28135548869487	2.514107507523	13.7621678883544	0.000207472530756519	0.000965117754679877
"hsa-miR-134-5p"	-2.18400395004238	6.13969800626623	16.6290712795972	4.54490266552764e-05	0.000251903647738287
"hsa-miR-1343-3p"	0.040408385730332	2.96872997943836	0.00220821638928115	0.962519872170868	0.973733695924315
"hsa-miR-135a-5p"	-9.5623261552562	4.50140290164848	23.3071589806484	1.38085082293362e-06	1.43884655749683e-05
"hsa-miR-136-3p"	-2.353806750817	9.0646961172332	11.9853114819794	0.000536215285289575	0.00206939380471014
"hsa-miR-136-5p"	-2.80639986982823	5.91661243965157	24.2937994097915	8.27048673662142e-07	9.1679225314463e-06
"hsa-miR-137"	-1.68343221687614	6.64847520686354	10.0812103826753	0.00149788906801932	0.00481728521258065
"hsa-miR-138-1-3p"	-1.47903578645969	2.22998748301292	0.622353791071795	0.430173945096195	0.521210756732832
"hsa-miR-138-2-3p"	-6.01093815438275	1.74095359132313	12.0096412221583	0.000529260449546556	0.00205779622547579
"hsa-miR-138-5p"	-3.2088444594721	9.36330404626908	8.31534957266268	0.00393114375541538	0.0114420441149241
"hsa-miR-139-5p"	-0.15609575753407	5.43633405208519	0.0169228823241419	0.896496820536236	0.930427975098365
"hsa-miR-140-3p"	-3.03731512450079	11.5446699655418	22.6171210921576	1.97714823451589e-06	1.78605780700514e-05
"hsa-miR-140-5p"	-3.04253627458492	6.78607513960868	19.5764104612128	9.6655268301565e-06	6.44848598089305e-05
"hsa-miR-142-3p"	-6.77235096701295	2.87209293333924	15.7128164057856	7.37229420305446e-05	0.000380977474191689
"hsa-miR-142-5p"	-5.9478465727182	5.19055108219932	10.3075024472114	0.00132490469202851	0.00428742450029101
"hsa-miR-143-3p"	-8.93236608410127	13.9918575484128	136.617116889452	1.46229421432919e-31	3.80927642832754e-29
"hsa-miR-143-5p"	-8.12808341915037	4.86798508652984	119.934458222043	6.53857070576824e-28	1.13553177923508e-25
"hsa-miR-144-3p"	-8.6193154837032	4.70410745316256	17.3451931370625	3.11685623406542e-05	0.000176508923690009
"hsa-miR-144-5p"	-6.15836004963173	3.22271168636686	12.4609501785402	0.000415548503536648	0.00169141226830151
"hsa-miR-145-3p"	-8.86443984803917	6.66672776477023	101.26031755419	8.06555053326787e-24	1.05053795695814e-21
"hsa-miR-145-5p"	-9.14782525623316	9.22719576051598	170.878622996301	4.75630052050628e-39	2.47803257118377e-36
"hsa-miR-1468-5p"	-1.87491286573816	2.95968769725006	5.18109991150303	0.022833864892128	0.0505871906057975
"hsa-miR-146a-3p"	-2.66500295680656	4.05393533959671	4.13273632203365	0.0420612871502263	0.0808632125655643
"hsa-miR-146a-5p"	-4.5938771175746	10.3957759826034	25.2261326204827	5.09866356814829e-07	6.17768306745409e-06
"hsa-miR-146b-5p"	-1.75744612269766	5.59685543019865	2.81766814068717	0.0932317588206137	0.157196590115015
"hsa-miR-147b"	-3.09272602564828	2.28417083715554	15.9324857942137	6.56423453384268e-05	0.000345451130518387
"hsa-miR-148a-3p"	-4.95295119359979	11.9190570691491	23.0081493561438	1.61316131022201e-06	1.57651989670712e-05
"hsa-miR-148a-5p"	-4.79676323384953	6.1693488069454	17.8550636349733	2.38384092404236e-05	0.000137997902380675
"hsa-miR-148b-3p"	-0.57731336748505	10.9389934097949	2.47926092851988	0.115356447682769	0.188403477249915
"hsa-miR-148b-5p"	0.570941931492829	7.43892733894646	1.90463372274879	0.167560573807848	0.249806853301894
"hsa-miR-149-5p"	0.727702986329386	8.19525273673625	1.44275325103098	0.229694323739363	0.318513742117547
"hsa-miR-150-5p"	-0.423278283843217	5.13691724446949	0.165324461984994	0.684300982462672	0.752153611525427
"hsa-miR-151a-3p"	0.929168945787754	13.1461728690352	6.09528300215885	0.0135543215894306	0.0326935256856173
"hsa-miR-151a-5p"	0.882356035813204	13.3696090085275	4.54732754251154	0.0329701684391551	0.0660671452184609
"hsa-miR-151b"	-0.304490869243227	3.49942426804444	0.294182089832526	0.587552928850309	0.668373528233648
"hsa-miR-152-3p"	-2.3902910904682	7.72915331426665	37.3366566122968	9.93986306719665e-10	3.85829828458097e-08
"hsa-miR-152-5p"	-2.01123709739463	5.40267631786435	26.3966068049116	2.78028473841657e-07	3.71417525311547e-06
"hsa-miR-153-3p"	-9.21016096452264	6.14618188830142	25.4994141607124	4.42517265276235e-07	5.48932131449806e-06
"hsa-miR-153-5p"	-6.35141636620251	1.91611796128606	12.5052450133937	0.000405811120879353	0.0016647842045523
"hsa-miR-154-5p"	-2.54375212179071	3.11328380472044	8.20437235534045	0.00417895622990154	0.0120289292584459
"hsa-miR-155-5p"	0.151950084287153	10.7120439268092	0.0691973994895161	0.792508969151053	0.846100764196104
"hsa-miR-15a-5p"	-1.88941329597088	9.36187055899983	11.1942962505122	0.000820491502207011	0.00298934316538359
"hsa-miR-15b-3p"	2.26995809505867	6.95468829504823	21.7229550817719	3.14999359864296e-06	2.60499470617934e-05
"hsa-miR-15b-5p"	-0.796580146594271	8.66908341155014	2.08157953651255	0.149085832970588	0.228452114640225
"hsa-miR-16-2-3p"	0.751339230362131	6.09901873990466	2.71082171953201	0.0996696394232772	0.166970682120667
"hsa-miR-16-5p"	0.111604756191836	12.1508302608195	0.0456368314645772	0.830837328531854	0.873055352685717
"hsa-miR-17-3p"	0.618724312729309	7.06367997866275	0.984437270848948	0.321105765294131	0.413732034666663
"hsa-miR-17-5p"	0.148007142314581	9.42185414745172	0.0585285334375474	0.808836952515071	0.858256725581165
"hsa-miR-181a-2-3p"	-0.469238620568087	9.0088923536749	0.869394746633759	0.351122922847005	0.443910759932353
"hsa-miR-181a-3p"	-1.04822074032763	10.1797387220281	4.81430349005775	0.0282244759583993	0.0585682037772667
"hsa-miR-181a-5p"	-1.64589720976327	14.7260080211925	9.98724887478599	0.001576279279708	0.00503829144004828
"hsa-miR-181b-2-3p"	-1.51651067704298	2.87522392518012	2.33799986419512	0.126251565924195	0.200539834897883
"hsa-miR-181b-3p"	-0.0491797516555846	5.56720554071561	0.0072544663502967	0.9321237321353	0.955977292209628
"hsa-miR-181b-5p"	-0.819130815414564	12.5140051209054	2.20117087093296	0.137905952613159	0.213836313426951
"hsa-miR-181c-3p"	0.335335673795962	6.78186930600814	0.435384564926424	0.509358583266736	0.591710248684139
"hsa-miR-181c-5p"	-0.107954882699042	8.51169388895501	0.0417190199002135	0.838156309078072	0.876866339417019
"hsa-miR-181d-5p"	0.44951385300115	6.36433639033751	0.483473176787381	0.486853307911322	0.575171368303398
"hsa-miR-182-5p"	-6.82959311625452	10.485032725784	32.130875650118	1.44128467610171e-08	3.75454658124496e-07
"hsa-miR-183-3p"	-4.91676421430577	1.71800066385701	10.6493790226022	0.00110107868956153	0.00367732049526638
"hsa-miR-183-5p"	-7.30316849694314	8.58706228887257	30.8208887793543	2.8297538203996e-08	6.1429239184508e-07
"hsa-miR-184"	-8.47498303698103	4.30052984972626	18.9210656338623	1.3623992637143e-05	8.55192790837529e-05
"hsa-miR-185-3p"	0.228501858602495	3.4396321563176	0.223950656860495	0.636046063815911	0.708076921470277
"hsa-miR-185-5p"	-0.509808320663045	6.99639424797191	0.474575250795223	0.490889835004049	0.576021630714211
"hsa-miR-186-5p"	0.285503044911747	12.5614758636601	0.525639829427192	0.468445756292059	0.558490249492363
"hsa-miR-187-3p"	-3.34588523012023	3.88589361509019	8.55829874729813	0.00343950689597416	0.0101241982644211
"hsa-miR-188-5p"	0.11222187800795	4.86344149202986	0.044547741394938	0.832837831640693	0.873055352685717
"hsa-miR-18a-3p"	0.259834133386143	5.57644082572667	0.159278968106159	0.68982122250359	0.75503541370666
"hsa-miR-18a-5p"	-0.912145804471155	7.35711886004502	2.05925368136631	0.151284249870794	0.230465187668665
"hsa-miR-18b-5p"	-9.54099125643261	5.59866715115449	27.5481788699315	1.53229577509937e-07	2.34801793772581e-06
"hsa-miR-1908-3p"	2.25140778608144	2.47789350741367	4.9614906564045	0.0259178560815286	0.0551151143611281
"hsa-miR-1908-5p"	1.73066244539751	3.22692100863062	6.44098725860602	0.0111516652899404	0.0279327770002835
"hsa-miR-190a-5p"	-3.83501864067139	4.60354768871731	49.101946922465	2.42998903180082e-12	1.58253035696028e-10
"hsa-miR-190b"	-5.05395669990044	4.61342994036984	20.2220967686934	6.89518601035349e-06	5.05970691745658e-05
"hsa-miR-191-3p"	0.604979792338627	4.20682763399214	1.41308722637853	0.234544571463204	0.322671238948951
"hsa-miR-191-5p"	0.284464500706242	13.8747481644554	0.503434833708809	0.477994761594611	0.567731863625104
"hsa-miR-1910-5p"	3.29624483142985	5.09508684239911	30.1987695821347	3.89956782450704e-08	7.84124568227947e-07
"hsa-miR-192-5p"	0.200992103950456	8.42160209987198	0.190011268611972	0.662907238915288	0.734364134777523
"hsa-miR-193a-3p"	-0.999976227948145	10.67999173552	3.78652609633877	0.0516667749885212	0.0957949813844112
"hsa-miR-193a-5p"	-1.15398414254813	7.7210937455686	4.213004179022	0.0401152318817747	0.0785715631970099
"hsa-miR-193b-3p"	-0.486466507175439	8.55698230965949	1.05272373555339	0.304880619059678	0.401118188207304
"hsa-miR-193b-5p"	-0.976268509815009	2.8410738952001	2.24367795990819	0.13416152796706	0.2099043725851
"hsa-miR-194-5p"	-0.666693491617233	3.86595349644002	2.8793322411883	0.0897232221246679	0.152266445364664
"hsa-miR-195-3p"	4.37339805512551	4.58247351874852	44.2108495328843	2.94842592585925e-11	1.70681100819186e-09
"hsa-miR-195-5p"	3.83724610376923	7.77684795839661	52.2809972029598	4.81006590552132e-13	4.17674056129434e-11
"hsa-miR-196a-5p"	-12.4074315458523	7.33915135072504	21.1037177719923	4.35083193058555e-06	3.28519338526822e-05
"hsa-miR-196b-5p"	6.26203766024758	4.43315420770407	7.11428833352273	0.00764719558579473	0.0205370561865931
"hsa-miR-197-3p"	1.18191899998411	9.23972627996991	7.25625867876814	0.00706543326422604	0.0192727263385433
"hsa-miR-199a-3p"	-5.80260436115729	12.3524598517411	28.4977297106557	9.38084209665934e-08	1.59101137588133e-06
"hsa-miR-199a-5p"	-7.29358374637931	10.8595134867724	55.4002275865953	9.83250677180472e-14	1.02454720562205e-11
"hsa-miR-199b-3p"	-5.85919979684015	11.0619490605523	28.4186286528521	9.7720468384266e-08	1.59101137588133e-06
"hsa-miR-199b-5p"	-4.95002606448755	8.23194430895837	13.4919986697776	0.000239582869109611	0.00104893004038746
"hsa-miR-19a-3p"	-0.833920923100436	8.35396816651901	2.40049188020924	0.121297105609427	0.194746399715054
"hsa-miR-19a-5p"	-2.23412619659462	3.86772254155331	3.25809422800287	0.0710716812562435	0.125519816727128
"hsa-miR-19b-3p"	-0.964747196413142	9.54681685288448	3.94257206404394	0.047078744158318	0.0888696583568248
"hsa-miR-200a-3p"	-7.16004508930092	5.36851236401899	21.6888227907814	3.20654177603628e-06	2.61032541455453e-05
"hsa-miR-200a-5p"	-6.18938383412532	2.52288900878626	8.94110277545221	0.00278824337127015	0.00839696414122398
"hsa-miR-200b-3p"	-5.68169433846472	6.75097793468646	28.1169399710029	1.14201870840347e-07	1.80300529417639e-06
"hsa-miR-202-5p"	-6.94886082692535	2.280929000031	13.3200691529274	0.000262580493316129	0.00113061518196449
"hsa-miR-203a-3p"	-7.87126961646126	7.36620657035688	11.3789562765358	0.000742808437751869	0.00276430854334803
"hsa-miR-203a-5p"	-6.73194897558497	2.14015429179768	13.0305921410268	0.000306443640494478	0.00127725709358098
"hsa-miR-204-5p"	-1.57966417380465	9.87450843664039	4.30108084156181	0.0380881594037845	0.0751664054900443
"hsa-miR-205-3p"	-6.16570632126933	1.81761656808013	12.2384813638761	0.000468139155194118	0.00184773105951618
"hsa-miR-205-5p"	-9.62244934957448	9.86239892060673	27.1085468046335	1.92345672564896e-07	2.70843501098138e-06
"hsa-miR-206"	-10.3086954287599	5.21945301317936	18.5529884450464	1.65245953958755e-05	0.00010249183572918
"hsa-miR-20a-3p"	-0.4910987919103	3.3798413019226	0.44023036125377	0.50701129075386	0.591608428995669
"hsa-miR-20a-5p"	0.127033313512985	9.42131136283526	0.0453842532979607	0.831299036967031	0.873055352685717
"hsa-miR-20b-5p"	-9.97762326780704	6.67972639995455	13.4262662408357	0.000248125477723996	0.00107727811578501
"hsa-miR-21-3p"	-0.225438600794793	12.6423045860725	0.279978861892523	0.596715071725725	0.671601795746758
"hsa-miR-21-5p"	-0.523771169311112	16.5945368847899	1.4089748101344	0.235226655144232	0.322671238948951
"hsa-miR-210-3p"	-2.76425363237217	8.13087603749183	26.3066113978338	2.91289807711609e-07	3.79404974544371e-06
"hsa-miR-210-5p"	-2.1288701112621	4.36231528827697	13.1364041556551	0.000289613146437391	0.00121684233301517
"hsa-miR-2110"	1.25528955282033	3.30353322992599	4.71192181180211	0.0299541477919888	0.0610504579699998
"hsa-miR-2110-3p"	1.30181818275536	3.84960214884582	3.95309006915871	0.0467853817989167	0.0886370324263113
"hsa-miR-2114-5p"	-2.8888526175578	2.2976102699405	6.05701173969482	0.0138511868735028	0.0332556145672579
"hsa-miR-2116-3p"	0.677348860425773	3.82216204361787	1.29516386571447	0.25509849237275	0.344316877010888
"hsa-miR-212-3p"	-1.6143666737904	3.09155499962565	8.47293464709989	0.00360469420594649	0.0105508184342591
"hsa-miR-212-5p"	-4.47120190127681	5.28488919009	22.9834590337429	1.63401294476361e-06	1.57651989670712e-05
"hsa-miR-214-3p"	-6.88939969197681	8.47010097589658	32.0094089638397	1.53427654764534e-08	3.80646705392012e-07
"hsa-miR-214-5p"	-6.1514082014867	6.18874690788471	33.4530278035681	7.30060338430688e-09	2.11311909067993e-07
"hsa-miR-215-5p"	-4.56361514389374	6.06958868908419	22.6620851450384	1.93141585852439e-06	1.78605780700514e-05
"hsa-miR-216a-3p"	6.50881737800408	7.14396386055014	36.6587811944384	1.40723684789002e-09	4.88780265167132e-08
"hsa-miR-216a-5p"	3.47587659320177	6.74803192549082	13.8705939618388	0.000195838790419241	0.000919207295571394
"hsa-miR-216b-5p"	-3.66980603493103	4.0051445183245	11.4553652665368	0.000712878752359395	0.00269137557955974
"hsa-miR-217"	2.98454500405075	6.8289072558601	7.07784203682702	0.00780429398448953	0.020639782568117
"hsa-miR-218-1-3p"	-0.35060552614955	4.50931221135937	0.282634720707613	0.594979504595234	0.671601795746758
"hsa-miR-218-5p"	-2.07704257549471	7.38333300795169	7.51617810791969	0.00611472794322839	0.0169456024384149
"hsa-miR-219a-1-3p"	0.968763471884083	2.56296894578097	1.70234810683561	0.191981182044975	0.277069794585684
"hsa-miR-219b-3p"	-8.04067467569372	6.53062229246089	19.7403618277093	8.87079286692091e-06	6.16224411155439e-05
"hsa-miR-219b-5p"	-3.97582952577173	3.13994280522699	9.16664958797676	0.00246465372585461	0.00746560808819913
"hsa-miR-22-3p"	-0.290695937478723	16.8921047625935	0.577549286432713	0.447274528836702	0.537260008368903
"hsa-miR-22-5p"	-0.844089809951019	6.8970469116543	5.10668889078823	0.02383376463431	0.0515244455372428
"hsa-miR-221-3p"	0.236501029315961	13.4272459257491	0.282174072033627	0.595279780768699	0.671601795746758
"hsa-miR-221-5p"	-0.162952903741706	9.74691455851341	0.062548242047729	0.80251274927952	0.853283964029857
"hsa-miR-222-3p"	0.629301711269168	14.1221831718872	2.2914207065246	0.130090796674646	0.205197478577969
"hsa-miR-222-5p"	0.427074647030251	7.02371765926205	0.67295377564934	0.412023678070062	0.505092555940005
"hsa-miR-223-3p"	-6.75365908093096	2.96391869155036	14.8764754597219	0.000114785552224367	0.00055890909073734
"hsa-miR-224-3p"	-2.64128128235712	2.58845880750946	5.73254824426557	0.0166533004582436	0.039259590673054
"hsa-miR-224-5p"	-1.90795451325069	9.53876133069557	9.22611310045728	0.00238587601702473	0.00726924798169523
"hsa-miR-2277-5p"	0.599947671203947	3.68646306541646	1.596994228203	0.206329693064541	0.292113505670179
"hsa-miR-2355-3p"	0.586855313076451	3.06498021208979	0.901189434457106	0.342462980173793	0.435178567489137
"hsa-miR-2355-5p"	0.832505036185578	4.97784642438429	3.05069356321768	0.0807026724407058	0.139688014423946
"hsa-miR-23a-3p"	0.0189796568360773	11.2189111398344	0.00282927485251605	0.957579783559212	0.970620753374221
"hsa-miR-23a-5p"	0.242094334276054	5.53401677240804	0.307140422733596	0.579440260343268	0.660587255227227
"hsa-miR-23b-3p"	-1.80178527368186	9.66168751472736	22.0516941305336	2.65405333105013e-06	2.30460297579519e-05
"hsa-miR-24-1-5p"	-2.28337457630363	2.51609327309285	10.9916767908461	0.000915219700944725	0.00320019774625639
"hsa-miR-24-2-5p"	-0.645337469945822	7.89375127720012	2.42401152129692	0.119488593123425	0.192735470641809
"hsa-miR-24-3p"	-0.309906885955546	9.93886032649303	0.43186091367695	0.511077236222844	0.591713866826892
"hsa-miR-2467-5p"	1.54340034323189	3.80456455121021	7.10260544107341	0.00769719838093196	0.0205653351613618
"hsa-miR-25-3p"	1.26196186258926	10.952565189715	9.26882422492882	0.00233087285484153	0.00718570862350556
"hsa-miR-25-5p"	1.92785166088939	4.75153746572802	13.5174801881467	0.000236351557968005	0.00104355221780789
"hsa-miR-2682-3p"	1.36659219900533	4.10912217034949	3.49069052300815	0.0617148373793591	0.110876295126859
"hsa-miR-2682-5p"	0.912695876481843	5.72936029069682	2.5802325940693	0.108205761079569	0.178402536463466
"hsa-miR-26a-1-3p"	-0.7580622379054	3.40716292351028	0.689703661851286	0.406265194586653	0.500388100188288
"hsa-miR-26a-2-3p"	-0.174068602945554	5.02212485513938	0.138944680619779	0.709332404502786	0.769921214054065
"hsa-miR-26a-5p"	-1.29716226948057	14.4477079572404	9.58307081219334	0.00196379674346188	0.00620083698996144
"hsa-miR-26b-3p"	-0.423202792584536	5.38813396211685	1.06721415512255	0.301575551036945	0.398783913934641
"hsa-miR-26b-5p"	-0.565915168188097	10.9050846517117	1.67122724693457	0.19609423547161	0.279351724372546
"hsa-miR-27a-3p"	0.435628176975818	12.5888926277129	0.892556682502828	0.344785410401171	0.437063744085183
"hsa-miR-27a-5p"	0.443787497968207	6.87362673174216	1.26283539631296	0.261115070376621	0.351527006889456
"hsa-miR-27b-3p"	-1.5357037036837	13.8928614746478	14.6718933099035	0.000127939927456666	0.000611529378026818
"hsa-miR-27b-5p"	-1.15244211042336	6.38604021418376	6.70976856572341	0.00958861683836742	0.0247310364989575
"hsa-miR-28-3p"	0.78804349843885	12.1111872331045	4.16118780260257	0.0413603895019629	0.0801069253922776
"hsa-miR-28-5p"	0.482672842892742	9.33774570995828	1.20711668902363	0.27190390695787	0.365108081250129
"hsa-miR-296-3p"	-3.06044861184825	3.31034665373282	13.1369171042583	0.000289533868595841	0.00121684233301517
"hsa-miR-296-5p"	-2.62413974217703	3.23182953265695	13.6333517120635	0.000222202850499537	0.00101268817979725
"hsa-miR-299-3p"	-1.73090672773026	5.22591633948442	5.33270443282832	0.0209288854797086	0.0474084753692528
"hsa-miR-299-5p"	-1.5162455399154	2.98565668013528	4.14935875001285	0.0416502941331932	0.0803696416421987
"hsa-miR-29a-3p"	-0.868056972429677	12.5589356819787	6.39213539937093	0.0114627053643334	0.0285744951905154
"hsa-miR-29a-5p"	-0.850018806758978	5.89318801443991	4.96307284639851	0.0258941542331303	0.0551151143611281
"hsa-miR-29b-1-5p"	-1.64401348217144	4.31913716326081	10.5572236918877	0.0011573489637684	0.0038163215830591
"hsa-miR-29b-3p"	-1.17232267920945	8.58204611581278	5.54969048597099	0.0184839552194087	0.0429916994165712
"hsa-miR-29c-3p"	0.729976702781332	8.18838775722508	2.21486117326454	0.136687357183132	0.212970548905336
"hsa-miR-29c-5p"	0.486054929033925	4.56022767430465	1.16306527584321	0.280830735164191	0.374201567827477
"hsa-miR-301a-3p"	-3.36107987192964	10.1758390164888	20.3469623794983	6.45955497664772e-06	4.80775448976209e-05
"hsa-miR-301a-5p"	-1.39267213717076	3.07580630478193	4.9077451175796	0.0267365226153968	0.0561682592041199
"hsa-miR-301b-3p"	0.368394378284393	7.49965975555768	0.409445274071473	0.52225119666246	0.599323509826303
"hsa-miR-301b-5p"	-2.45463476104232	2.66962419341732	5.21882970455458	0.02234358293968	0.0497478919298003
"hsa-miR-302b-3p"	-5.18721028434188	1.88004437725965	35.3500888864864	2.75455996269394e-09	8.96953587852213e-08
"hsa-miR-302d-3p"	-5.60988569993396	1.6611518346952	20.1382426763335	7.20417210845467e-06	5.21301898403456e-05
"hsa-miR-30a-3p"	0.0240483947949131	8.84806361984748	0.00310663205948813	0.955551188565558	0.97045257162311
"hsa-miR-30a-5p"	0.307353069290825	14.4253451578956	0.42215913908143	0.515861637384856	0.594610427162633
"hsa-miR-30b-5p"	-0.746168294941201	9.33837937279342	2.90536089080988	0.0882854907673351	0.150808985868136
"hsa-miR-30c-1-3p"	-2.02844586298145	4.92399906948285	9.46574862620301	0.00209343980757613	0.0064921555937331
"hsa-miR-30c-2-3p"	-0.43463942298849	5.86136457540867	1.03951005722104	0.30793544700906	0.404116795697029
"hsa-miR-30c-5p"	-0.683469570312252	11.6599060924026	1.39903016917664	0.236886019410444	0.323930750952339
"hsa-miR-30d-3p"	-1.00202549412779	6.14305768535468	3.18856250869093	0.0741551933410839	0.12964716688156
"hsa-miR-30d-5p"	-1.11929179212603	12.3828216325866	4.8718606107096	0.0272980528063003	0.0568891420483299
"hsa-miR-30e-3p"	-1.7673555251716	7.45286958788664	10.758625767169	0.00103794424319732	0.00351148669289484
"hsa-miR-30e-5p"	-1.43579822308635	12.4546540248799	6.16919032205183	0.0129994090546621	0.0317966766078824
"hsa-miR-31-3p"	-1.49065581564724	8.20476876967241	18.2967938783303	1.89025029721961e-05	0.000115861224100167
"hsa-miR-31-5p"	-1.00180360186856	13.0307903643732	8.72966025130845	0.00313074829048719	0.00926772647354446
"hsa-miR-3117-3p"	-1.19797582980528	3.81149655873604	1.85075479320833	0.173695632957732	0.255636793138357
"hsa-miR-3120-3p"	-5.3648464649688	2.00055794545051	7.72821122251326	0.00543645822421638	0.0151464959081109
"hsa-miR-3129-3p"	-0.900536706047577	2.97431416299081	1.68173446382508	0.194694142421427	0.278878115428198
"hsa-miR-3152-5p"	1.85688637215275	4.25404939344361	5.42860983861606	0.0198094423648254	0.045266313474009
"hsa-miR-3158-3p"	0.513329554593046	4.11524958435298	0.982367067095881	0.321615113320535	0.413732034666663
"hsa-miR-3168"	0.308483480667143	3.06734287147426	0.115062588970256	0.734452463767083	0.790598623187293
"hsa-miR-3174"	1.02372074465124	2.73837445160755	1.9023411471073	0.167816504137548	0.249806853301894
"hsa-miR-3176"	1.74342745660441	4.81599626392812	11.1744387119759	0.000829319808068085	0.00299482151093629
"hsa-miR-32-3p"	-0.0783267411941335	2.89624310448567	0.0110614063885475	0.916238359500008	0.941538827020718
"hsa-miR-32-5p"	-0.804487465844437	4.13285735496932	1.16353204828417	0.280734227330271	0.374201567827477
"hsa-miR-3200-3p"	2.19075900443743	4.69028525897938	11.1459517082914	0.000842152558879034	0.00300521563819162
"hsa-miR-320a"	0.217109682156866	10.8200096904609	0.150147251352578	0.698394679355412	0.761220978962698
"hsa-miR-323a-3p"	-2.1959768949576	5.57451427690659	16.0263872477894	6.24657898371971e-05	0.000335512128919378
"hsa-miR-323b-3p"	-1.4573253003964	4.5154707143781	3.46076724471226	0.0628411494567823	0.112124105708848
"hsa-miR-324-3p"	1.32326347287315	5.55862363811902	7.9556767375809	0.00479367813555081	0.0135000341006593
"hsa-miR-324-5p"	0.889637272302853	4.85515643120591	3.58780219980297	0.0582051734724728	0.106777800630839
"hsa-miR-326"	5.62778685557241	6.92046793841097	37.2544548889055	1.03677880967627e-09	3.85829828458097e-08
"hsa-miR-328-3p"	-1.21336946872074	5.56422066602677	5.51441983615414	0.0188603277984781	0.0432873602775642
"hsa-miR-329-3p"	-2.21933730870411	4.93040262003739	11.1651293188809	0.000833491591335435	0.00299482151093629
"hsa-miR-330-3p"	0.992108626743209	4.76545929862332	4.57666254248388	0.0324102815759382	0.0651959718187792
"hsa-miR-330-5p"	0.60784517596399	6.49501143456959	1.32512984490415	0.24967347492728	0.339634152577319
"hsa-miR-331-3p"	0.178632513329935	9.29571791397213	0.126956207374803	0.721609060848594	0.779996515979496
"hsa-miR-331-5p"	0.32447882068419	4.39376574625203	0.478676668200947	0.489022343743808	0.576021630714211
"hsa-miR-335-3p"	-1.65727609779455	7.06082581516094	2.62471543568004	0.105211365785724	0.175128183943648
"hsa-miR-335-5p"	-2.7552651428122	5.35625469866945	8.84667327179776	0.00293623584784741	0.00874159358130571
"hsa-miR-337-3p"	-2.32185814712086	5.4043850620263	16.0796025007989	6.07347017253856e-05	0.000329612287488812
"hsa-miR-337-5p"	-2.50993000561966	3.75463611575815	15.5260151119911	8.13775775524582e-05	0.000411628329173114
"hsa-miR-338-3p"	-1.14958249816012	6.00944798639463	0.819970694051779	0.365188734340737	0.458465856847046
"hsa-miR-338-5p"	0.621034847265539	3.61122359297004	0.562503136311296	0.453253445475506	0.542645198516631
"hsa-miR-339-3p"	0.542442844175983	7.32775577660163	2.06088476999227	0.151122401474093	0.230465187668665
"hsa-miR-339-5p"	0.660718408699272	6.9884535143795	1.80312191161389	0.17933552874864	0.261719357081348
"hsa-miR-33a-3p"	0.942663204692992	2.99414064212222	1.85111919911759	0.173653280969957	0.255636793138357
"hsa-miR-33a-5p"	0.0851061650265215	5.28580806043945	0.0126795134038211	0.910345032645851	0.941051115096208
"hsa-miR-33b-3p"	1.22152881590241	3.28576067583548	3.98616262883413	0.0458754307420083	0.0872302898415558
"hsa-miR-33b-5p"	1.22106803765115	4.04090126180333	4.1675905496949	0.0412043568658993	0.0801024997281102
"hsa-miR-340-3p"	0.82972784484247	4.61772203195666	2.77787465508512	0.0955749224896732	0.160627531022967
"hsa-miR-340-5p"	1.09913200815755	8.836165869372	3.39099595004375	0.0655533415443047	0.116167656274091
"hsa-miR-342-3p"	0.236372993990018	7.98112177029026	0.2778327992753	0.598125207728399	0.671601795746758
"hsa-miR-342-5p"	0.714305060839847	2.97758007297506	1.45076059808112	0.228405947327009	0.318180477426128
"hsa-miR-345-5p"	2.50609325806426	9.93156366252429	31.8767244665765	1.64273864585602e-08	3.89030379314086e-07
"hsa-miR-34a-3p"	-0.144713368021831	4.73581452495209	0.0656157590650164	0.797830589149889	0.850040361854995
"hsa-miR-34a-5p"	-0.997783965213252	9.94832558869387	2.13487955247543	0.143981770890872	0.221936398325871
"hsa-miR-34b-5p"	-4.60642150619443	2.46054568136438	20.024681688544	7.64490152396052e-06	5.38242391078842e-05
"hsa-miR-34c-5p"	-3.84911091855581	6.05481059541918	17.889155388515	2.34151581138987e-05	0.000137997902380675
"hsa-miR-3605-3p"	-0.34908113197719	3.48171181226455	0.654955852121528	0.418346385743987	0.510441374643132
"hsa-miR-3605-5p"	0.831463262296944	3.20138078232455	1.57901574253399	0.208902524808843	0.294954513347987
"hsa-miR-3607-3p"	0.0842123341041675	5.7458861088501	0.0484274623470986	0.825822553106912	0.872725253891888
"hsa-miR-361-3p"	0.769559254501318	7.30144665243429	2.28043379474306	0.131015224571019	0.205599192775605
"hsa-miR-361-5p"	0.438071915343979	7.88294117052644	1.11816676548847	0.290313539429532	0.385850392966291
"hsa-miR-3613-3p"	-0.51246455800517	2.75775959112125	0.287478030477381	0.591841218762405	0.671601795746758
"hsa-miR-3613-5p"	-0.205395352431282	4.32247297172175	0.0859457279087508	0.769396021345718	0.824805199837694
"hsa-miR-3615"	1.2205237629947	3.53982126758162	4.29462881448569	0.038232941001447	0.0751674047613354
"hsa-miR-362-3p"	0.786976057956558	2.17652112005287	0.416247489539332	0.518815437889832	0.596695017970424
"hsa-miR-362-5p"	-0.579587053887561	4.51227476343368	0.560363469752618	0.454113832155952	0.542645198516631
"hsa-miR-363-3p"	-12.8057603383675	10.3394225118051	28.8339356702783	7.88572406864544e-08	1.46730794277295e-06
"hsa-miR-363-5p"	-6.26155482031799	1.86756485048702	12.3771461317046	0.000434620948264909	0.001748189217228
"hsa-miR-3651"	-0.459311789570068	3.24058070804668	0.3927724573185	0.530845668846315	0.607847458173472
"hsa-miR-365a-3p"	-0.913732736227534	6.67776615798183	7.21749329623345	0.00721964590961419	0.0194893032067823
"hsa-miR-365b-3p"	-0.913732736227534	6.67776615798183	7.21749329623345	0.00721964590961419	0.0194893032067823
"hsa-miR-365b-5p"	-0.55165497914927	3.71137075170413	0.987498106760578	0.320354628790356	0.413732034666663
"hsa-miR-3661"	1.20142388407858	3.99970487788103	5.16761176465402	0.0230118314272054	0.0505871906057975
"hsa-miR-3677-3p"	0.613692149336559	4.04209476988622	0.631583029801927	0.42677524212702	0.518298137874539
"hsa-miR-3688-3p"	3.27351402796792	2.12684006378423	4.4277016522509	0.0353600926682757	0.0700479402287895
"hsa-miR-369-3p"	-2.14549168246688	5.66866539155422	10.9214363504571	0.000950578798364477	0.00330167702631928
"hsa-miR-369-5p"	-2.10611842025161	5.05774182441145	11.071121359753	0.00087682639233597	0.00310766360821116
"hsa-miR-370-3p"	-1.78284001712355	5.5589187537083	6.15978597641637	0.0130687020133081	0.0318167932193156
"hsa-miR-374a-3p"	0.557806470292969	8.11392387101215	0.677718043957258	0.410373616656638	0.504256260089879
"hsa-miR-374a-5p"	0.523136545139498	6.01465982470004	0.90204864591043	0.342232987224583	0.435178567489137
"hsa-miR-374b-3p"	0.808340705989651	4.42209970209908	1.67011414849099	0.196243245912384	0.279351724372546
"hsa-miR-374b-5p"	0.000512024904300537	6.00492429494996	8.51001461299461e-07	0.999263953667969	0.999263953667969
"hsa-miR-375"	-5.26217070572341	3.72021096058163	13.7083501195939	0.000213503108908956	0.000984381590633328
"hsa-miR-376a-2-5p"	-3.48653042824232	1.99392309687584	6.57370792930493	0.0103496107975359	0.0263031571976401
"hsa-miR-376a-3p"	-2.2145155637202	4.38306499438798	12.0612372439333	0.000514811137112893	0.00201666618372795
"hsa-miR-376a-5p"	-3.38264476971236	5.6800683184292	23.2654476134197	1.41112457807379e-06	1.44156059838519e-05
"hsa-miR-376b-3p"	-1.83010188791414	4.09713977059251	9.56410672958792	0.00198418725646954	0.00622747928084716
"hsa-miR-376c-3p"	-3.08420162238743	6.87512839438377	24.7553330399965	6.50884573527227e-07	7.53579695128189e-06
"hsa-miR-377-3p"	-3.0425706700348	4.11864606685094	27.2792436084779	1.76091589856839e-07	2.61438931246756e-06
"hsa-miR-377-5p"	-2.81103478315236	4.74637930789812	38.8311960125447	4.62083782094045e-10	2.40745650470997e-08
"hsa-miR-378a-3p"	2.97193143987752	10.146886105367	23.6673015475055	1.14511743251751e-06	1.21756363743188e-05
"hsa-miR-378a-5p"	3.52839663904156	3.31534911193993	11.3979546939488	0.000735250116498853	0.00275586554457484
"hsa-miR-379-3p"	-1.10238351768659	4.21753524446651	1.72280728160095	0.189332086897295	0.274005603537475
"hsa-miR-379-5p"	-2.73314981866753	3.8717163081774	37.3039064573988	1.01081924474396e-09	3.85829828458097e-08
"hsa-miR-380-3p"	-1.33884951934885	3.91685365750267	3.16742244391034	0.0751209140486284	0.130896308425871
"hsa-miR-381-3p"	-1.94418294408118	9.67008349870578	6.58454771502736	0.0102867748922247	0.026271616268868
"hsa-miR-382-3p"	-2.07843493322349	3.78329263575802	16.0033766260356	6.32296112770065e-05	0.000336149259952249
"hsa-miR-382-5p"	-2.90755434845997	5.91401857775707	21.7257972726255	3.14533021292829e-06	2.60499470617934e-05
"hsa-miR-383-5p"	-8.88259453842978	3.8613729903107	23.1788810726492	1.47609517766553e-06	1.47893382223796e-05
"hsa-miR-3909"	0.0482447891190698	4.73239744745904	0.0114199765057448	0.914896643261601	0.941538827020718
"hsa-miR-3940-3p"	1.38502372487593	3.00443552755039	2.89991662898065	0.0885841341184085	0.150824620508793
"hsa-miR-409-3p"	-1.85330047213284	10.1039360381614	11.8964541496367	0.00056240904341673	0.00215452287955968
"hsa-miR-409-5p"	-1.98038260496722	7.8808212629636	3.67965866637486	0.0550801249640895	0.101401926170638
"hsa-miR-410-3p"	-1.48273503191578	8.65839274533099	3.52041230498165	0.0606173660745035	0.110040584407025
"hsa-miR-411-3p"	-1.29082015028765	4.82719195272881	2.61271376932731	0.106010210403744	0.175494886983843
"hsa-miR-411-5p"	-1.68161168910512	9.61767487544276	5.14246523104157	0.023347471760065	0.0511093814579574
"hsa-miR-412-5p"	-4.30687999196495	2.44907189549702	13.6221712719216	0.000223530020492675	0.00101268817979725
"hsa-miR-421"	1.20817472367677	7.98193233406343	5.12932939936727	0.0235248150316652	0.0512821281652618
"hsa-miR-423-3p"	0.812037984822356	11.8307839089562	4.91240048794037	0.0266645592068561	0.0561682592041199
"hsa-miR-423-5p"	0.657372608692997	10.8072658156079	2.63619281827354	0.104453586010836	0.17442409715271
"hsa-miR-424-3p"	1.10610311817777	4.89407682776584	4.52110940472002	0.0334791154758862	0.0668299584786847
"hsa-miR-424-5p"	0.428219630761376	6.91588413194134	0.502561558852685	0.478376752651479	0.567731863625104
"hsa-miR-425-3p"	-0.0431915168500596	4.52137653398323	0.00544245507102836	0.941191013815139	0.963380192922765
"hsa-miR-425-5p"	-0.90050211412012	8.40326953475086	5.11344788938858	0.0237410940021948	0.0515244455372428
"hsa-miR-429"	-9.51151507975719	6.62633837461437	12.3703388102594	0.000436208441918696	0.001748189217228
"hsa-miR-431-3p"	-1.72608104077461	4.28940190021809	5.74231584663673	0.0165609429212327	0.0392262791002785
"hsa-miR-431-5p"	-1.20461524421641	6.40920275893188	2.03908644331334	0.153301690739452	0.232857670190246
"hsa-miR-432-5p"	-2.81022533457805	6.16248434133925	19.518249116071	9.96431888525508e-06	6.48926267402237e-05
"hsa-miR-4326"	0.995877776327025	4.77831019839343	2.47096461067117	0.11596673558265	0.188577584465074
"hsa-miR-433-3p"	-1.74679058587096	3.11729607373383	4.74662650924772	0.0293557903031854	0.0602140423148016
"hsa-miR-449b-5p"	-9.44503166035738	5.23063432655798	21.4346444708278	3.66096130635014e-06	2.84680722478869e-05
"hsa-miR-450a-5p"	0.554599751190687	6.32324554545547	0.866626719572698	0.351890871117201	0.443910759932353
"hsa-miR-450b-5p"	0.904260736852532	7.20505521775521	1.47115483527296	0.225163575080465	0.316200060962054
"hsa-miR-451a"	-8.68061067726668	7.45030928972377	28.4597627577287	9.56661450422613e-08	1.59101137588133e-06
"hsa-miR-452-3p"	-1.1946804928912	5.20147053889167	4.01870495572767	0.0449982537784075	0.0858757883463382
"hsa-miR-452-5p"	-1.47408725798048	7.45028473087527	6.99475778567031	0.00817487698115995	0.0212955545359217
"hsa-miR-4521"	0.962064498619104	4.62422455775242	1.75299983959434	0.185500054770051	0.269207600376593
"hsa-miR-454-3p"	-4.71581023651436	10.1726697824272	30.004093419197	4.31135220016951e-08	8.31931294921597e-07
"hsa-miR-454-5p"	0.409723376111029	4.80671065039533	0.919134641453858	0.337702289783778	0.432292120337465
"hsa-miR-455-3p"	-0.470012252059219	8.42412659565436	0.476732986981894	0.489905877846391	0.576021630714211
"hsa-miR-455-5p"	-1.64970291992939	8.45337856582905	5.21905852052016	0.0223406430857514	0.0497478919298003
"hsa-miR-4645-3p"	4.33380439358296	3.7516329043013	32.857489786996	9.91682595399829e-09	2.71929806422795e-07
"hsa-miR-4661-5p"	1.76646602853005	2.35937709778001	0.743604939085815	0.388508529093325	0.481935580137197
"hsa-miR-4662a-5p"	-1.26949536164583	3.00055513192312	1.78475563421738	0.181566444613209	0.264234965484586
"hsa-miR-4677-3p"	0.628393259927845	5.39182624157891	2.28814813597066	0.130365384662779	0.205197478577969
"hsa-miR-4746-5p"	2.46370051195639	2.79591900755926	5.02218073087148	0.0250246337100685	0.0538753477807673
"hsa-miR-4775"	-0.169882017186051	5.07720890838442	0.0511199911082318	0.821125741001489	0.869525428987349
"hsa-miR-483-5p"	1.52145238223922	1.89485724192709	0.786314136527954	0.375216981814128	0.468796277038755
"hsa-miR-484"	0.923111865236362	10.0733473250084	5.61891669661332	0.0177676278794246	0.0415109153595525
"hsa-miR-485-3p"	-1.94971426351394	5.41721094394986	10.6066387096344	0.00112682346133863	0.00373933135896449
"hsa-miR-485-5p"	-2.58250954938046	4.3847887964531	30.192052159859	3.91309765334484e-08	7.84124568227947e-07
"hsa-miR-486-3p"	-2.711223947631	2.88031114278719	5.52083297666315	0.0187913089679222	0.0432873602775642
"hsa-miR-486-5p"	-1.7866599612412	8.0047652733816	5.28767746553294	0.0214768443759046	0.0482345566725369
"hsa-miR-487a-3p"	-2.11290944483674	3.9935492474372	9.23837674930631	0.00236994951312678	0.00726319821375913
"hsa-miR-487b-3p"	-2.17873567479247	6.83025331685494	11.6548313215671	0.000640360104430798	0.00243523806137552
"hsa-miR-490-3p"	-9.45551169593603	4.39693945726132	17.8631239381869	2.3737651336503e-05	0.000137997902380675
"hsa-miR-493-3p"	-3.04912764744533	5.24853607343173	15.6487140948529	7.6264420309193e-05	0.000389546695893035
"hsa-miR-493-5p"	-3.26152578599952	5.21836565485763	19.6146043961674	9.47422322071869e-06	6.41048090648628e-05
"hsa-miR-494-3p"	-1.94531536718582	5.97619997923158	10.3594329785083	0.00128814763866361	0.00419453074839838
"hsa-miR-495-3p"	-2.28475419321479	5.22507314647961	21.8506362681664	2.94718857469373e-06	2.51718893018924e-05
"hsa-miR-496"	-2.09216492754797	2.79225506269586	10.3765150538989	0.00127628371319545	0.00418203656965301
"hsa-miR-497-5p"	3.68633957525248	8.51284807410634	23.8417800156889	1.0458754040658e-06	1.13521059482975e-05
"hsa-miR-499a-5p"	-12.1395180789947	8.09115428990192	22.7348436531744	1.85965082491169e-06	1.76159650868908e-05
"hsa-miR-500a-3p"	0.445302931647496	9.20392040424604	0.844645909503228	0.358071409992618	0.450616436246749
"hsa-miR-500b-3p"	1.87604704133834	2.61306883651828	3.48100718024629	0.0620769464522731	0.111141199661974
"hsa-miR-501-3p"	0.975177604699823	8.14388636879725	1.40825899345814	0.235345625337047	0.322671238948951
"hsa-miR-501-5p"	0.356656599607537	4.3401801505919	0.427261656235192	0.513335679921416	0.593010840884828
"hsa-miR-502-3p"	0.760267000865273	5.28975735489852	1.3033947042778	0.253594071662986	0.34317535412056
"hsa-miR-502-5p"	0.13695485450088	2.69593726215152	0.0306589822049013	0.861003364361621	0.897165505664809
"hsa-miR-503-5p"	1.80124017471724	3.97070004811985	6.60668806836382	0.0101596444127347	0.0260747524090383
"hsa-miR-505-3p"	0.716720537489086	7.60393496261143	2.39809792933685	0.121482878900946	0.194746399715054
"hsa-miR-505-5p"	0.990774691910032	3.29747441944727	3.50628771011318	0.0611363007985985	0.110597266375242
"hsa-miR-515-5p"	3.84796578876109	1.59186303838917	1.86857313624684	0.171638589477329	0.254044616811615
"hsa-miR-532-3p"	-0.0147500308267925	5.93450879847271	0.000497030072470039	0.982213298383522	0.991730869104292
"hsa-miR-532-5p"	0.339210066461649	8.94296956420293	0.486484663521804	0.485499620194308	0.57487568663917
"hsa-miR-539-3p"	-1.36028112885072	5.77629736162407	2.96542472748812	0.0850621167823373	0.146113573915086
"hsa-miR-539-5p"	-2.40790998086489	3.32650761723154	10.7124160466782	0.00106418974087138	0.00357705067738058
"hsa-miR-542-3p"	0.600748250922151	4.80253116607721	0.982442365309085	0.321596568482542	0.413732034666663
"hsa-miR-542-5p"	0.565649027107321	2.85209576328989	0.664431917352058	0.414999656261798	0.507546527963372
"hsa-miR-543"	-1.447923999962	4.153892357991	6.17697203583596	0.0129423575421048	0.0317966766078824
"hsa-miR-548ar-3p"	1.84801596295421	1.98089922694084	1.05779421586367	0.303718812794764	0.40060126953436
"hsa-miR-548e-3p"	1.0677767764637	5.26325293367479	4.7094113402597	0.0299979217664491	0.0610504579699998
"hsa-miR-548e-5p"	1.29381103614923	3.83175099307	6.12479831641679	0.0133298494200462	0.0323016351062515
"hsa-miR-548h-5p"	-0.00573710245166792	2.50570441334656	1.28694722576483e-05	0.997137671340866	0.999055243785752
"hsa-miR-548k"	0.887462897980384	6.43231441389492	4.19646800427239	0.0405082666242639	0.0790442206413539
"hsa-miR-548n"	1.63269645488563	2.90422656144289	4.07098006627687	0.0436259553438071	0.0835629512283953
"hsa-miR-548o-3p"	1.29017536381675	4.89720649583062	4.4613095249641	0.0346709082971147	0.0689448214610563
"hsa-miR-548s"	1.65263519644518	2.33931606373002	2.32233237438476	0.127528679667646	0.201952711570953
"hsa-miR-550a-3p"	1.6715323614842	3.64758806546194	3.53244575784407	0.0601789569313994	0.110011356355295
"hsa-miR-550a-5p"	1.40100767970127	3.77951565938517	4.9112899217778	0.0266817081966262	0.0561682592041199
"hsa-miR-551a"	1.25460963978303	2.8868827296344	0.640708181757907	0.423454470606839	0.515466773799446
"hsa-miR-551b-3p"	-8.99583642836496	3.96827003008783	34.7063127194169	3.83386361512079e-09	1.17496643733996e-07
"hsa-miR-556-5p"	5.47092351589224	2.50117776519754	9.66459298953271	0.00187853375236006	0.00596778100597312
"hsa-miR-561-5p"	2.86484767563266	6.77567444592256	19.7000672784206	9.05981754886638e-06	6.21074334599919e-05
"hsa-miR-5690"	3.60453408552477	2.31171522579448	7.09119942976627	0.00774633864121591	0.0205910328167015
"hsa-miR-574-3p"	-0.677566299271756	9.43303447028834	2.86376719251414	0.0905950997624102	0.153246905766934
"hsa-miR-574-5p"	-0.450616467592155	4.03605979470301	0.946639953056075	0.330576045558767	0.424212117576645
"hsa-miR-576-3p"	1.6448284187196	2.99675788378552	6.2358514789244	0.0125189386453411	0.030911692105321
"hsa-miR-576-5p"	1.26003833669029	5.25782016226777	5.53890791675932	0.0185981852999915	0.0430651312946469
"hsa-miR-582-3p"	2.86702067492465	7.32367475666079	13.5483908905993	0.00023249065976098	0.00103527892081599
"hsa-miR-582-5p"	2.87281355319244	6.398466100055	11.3139116015736	0.000769285405956402	0.00284253685463323
"hsa-miR-584-5p"	1.10254668793504	7.40170148681605	3.78997261607896	0.0515604920007256	0.0957949813844112
"hsa-miR-585-3p"	-5.54629602523276	2.44513083898146	37.457919220524	9.34066659575145e-10	3.85829828458097e-08
"hsa-miR-589-3p"	1.55287783337559	5.63120762243101	8.21218226429798	0.00416100783519824	0.0120289292584459
"hsa-miR-589-5p"	1.15761409791393	7.43767180949065	4.76594514461509	0.0290281171833131	0.0597772689822376
"hsa-miR-590-3p"	0.722163314788915	5.8540500072337	1.45095185970443	0.228375279974341	0.318180477426128
"hsa-miR-598-3p"	0.598126458068285	4.83597726604568	0.996936190050318	0.318052997600396	0.413230951994529
"hsa-miR-616-5p"	0.524650600783384	2.97639197647418	0.73177987951704	0.39230686797646	0.484340943639184
"hsa-miR-624-5p"	1.68955314348799	3.02141716445965	6.30577437842475	0.0120345335462894	0.0298571046553179
"hsa-miR-625-3p"	0.437551112465236	5.28862875930355	0.735147081435068	0.391219889650352	0.484146229234759
"hsa-miR-625-5p"	-1.24471661930426	5.32606765031151	5.86407435217333	0.0154529827777858	0.036931211134066
"hsa-miR-628-3p"	0.941523497508726	2.96395517466561	1.83840650164644	0.175137829881285	0.257033265825774
"hsa-miR-628-5p"	-0.448842025641474	3.98197717993684	0.760221705373388	0.383259149429345	0.476558512774913
"hsa-miR-629-3p"	1.05867407862755	2.93915545499648	2.61129096535574	0.106105353934569	0.175494886983843
"hsa-miR-629-5p"	0.4874694258956	4.84513570228803	0.576862372447094	0.4475448054359	0.537260008368903
"hsa-miR-641"	0.354773139539924	4.40495018774738	0.581117713277914	0.44587454622083	0.537260008368903
"hsa-miR-6511a-3p"	-0.234169850999269	2.87135429080573	0.121308828240887	0.727619272412116	0.784864681007686
"hsa-miR-652-3p"	0.204318505623548	6.01096438562246	0.127479844112894	0.721059468021182	0.779996515979496
"hsa-miR-652-5p"	0.514688554013503	3.2561145669298	0.466653303225806	0.494530847964658	0.578990048965364
"hsa-miR-654-3p"	-1.76776734898429	9.94025852906716	7.02983554694613	0.00801627141916877	0.0210933202494289
"hsa-miR-654-5p"	-2.92469828886502	3.23856564785191	24.5436741951659	7.26444371516263e-07	8.22777212086897e-06
"hsa-miR-655-3p"	-1.54523236260463	2.83033464035095	3.42754024211172	0.0641175313704979	0.114011037010339
"hsa-miR-656-3p"	-2.2245707142211	4.21480350103164	10.8633279742821	0.000980872692422306	0.00336207021547382
"hsa-miR-660-5p"	0.0300186495749727	8.12426489419542	0.00478634263591005	0.94484363747457	0.965222617890688
"hsa-miR-664a-3p"	-0.901701393222202	4.8096652579302	3.11540105547326	0.0775553841094079	0.134687850403338
"hsa-miR-664a-5p"	-1.26678430039423	2.1276624495829	2.09437528845191	0.147842130762115	0.227214602144726
"hsa-miR-665"	-0.742194212419477	4.22812332609674	1.00478899842235	0.316154478558829	0.411791208322875
"hsa-miR-671-3p"	0.0225350265614392	7.27969285166799	0.00426770951068312	0.947913081188985	0.966463239333584
"hsa-miR-671-5p"	0.281651032402178	5.5167840595219	0.256363575432808	0.612629506875837	0.686408544263035
"hsa-miR-6716-3p"	-0.266203537206562	3.09384297140561	0.153579441274815	0.695137918450903	0.759259655163355
"hsa-miR-7-1-3p"	-0.743388611262982	4.26947483534169	1.95059726996829	0.162522503738406	0.244017937889653
"hsa-miR-7-5p"	-0.300207902418766	5.5232291168427	0.14758211089149	0.700856771405642	0.762309765975656
"hsa-miR-708-3p"	-6.1921636003086	4.25689605091811	16.5301355393857	4.78829739679655e-05	0.000262600309866422
"hsa-miR-708-5p"	-6.27728180565419	4.45810071180062	15.7094179309234	7.38555180294829e-05	0.000380977474191689
"hsa-miR-744-3p"	1.13699866273792	3.77276626749387	4.58478039299162	0.0322571045562774	0.065139346797754
"hsa-miR-744-5p"	0.832306553141928	8.16101051095205	5.69336226314181	0.0170291966497029	0.0399649164616902
"hsa-miR-758-3p"	-1.47079134178768	6.45642156047873	2.96173734384006	0.0852562888103383	0.146113573915086
"hsa-miR-760"	2.41935950542458	2.53550366328763	7.30751162492773	0.00686669497896978	0.0188292004423329
"hsa-miR-766-3p"	1.23860212308919	4.70792457581554	3.5248567238999	0.0604550501773983	0.110040584407025
"hsa-miR-769-3p"	1.15227847810887	2.85629163844347	2.35200262186362	0.12512217660115	0.199965196347237
"hsa-miR-769-5p"	0.17446305702443	10.1693078734967	0.200027682504887	0.654698502427611	0.72728767540466
"hsa-miR-7705"	3.2205421447946	3.10322100093697	14.9137288677791	0.00011254099232419	0.000553149594348143
"hsa-miR-7706"	1.13571361466295	5.58944192530338	7.91092112539897	0.00491372434781497	0.0137637117484495
"hsa-miR-7974"	2.81122107874556	6.36348816561383	22.606297803594	1.98831771221301e-06	1.78605780700514e-05
"hsa-miR-7976"	1.39958560712575	3.73026013904161	2.54846908609674	0.110401184541636	0.18087741240941
"hsa-miR-874-3p"	3.24819671187519	7.66308986428241	19.554320602951	9.77793459674763e-06	6.44848598089305e-05
"hsa-miR-874-5p"	2.85919754282942	3.97754074322373	15.0727905672757	0.000103443662988929	0.000513277603973637
"hsa-miR-877-5p"	0.932262799458454	6.36418345498011	3.73223521163293	0.0533719264253355	0.0986055803815595
"hsa-miR-887-3p"	2.08280774009724	7.02984216255936	13.2629031900356	0.00027071008112062	0.00115606518249052
"hsa-miR-887-5p"	2.19931163059083	4.45496180527965	10.8810579369011	0.000971527369206314	0.00335209112156615
"hsa-miR-889-3p"	-1.9994656156501	7.02065886012818	8.02768383491339	0.00460677119734447	0.0130441727924808
"hsa-miR-9-3p"	-15.1054828167961	11.0975830086149	18.0866686634722	2.11074108899415e-05	0.00012787164039139
"hsa-miR-9-5p"	-11.7342890287981	10.7980781094262	49.1120581551314	2.41749528138202e-12	1.58253035696028e-10
"hsa-miR-92a-1-5p"	0.426811154949161	4.27575137822197	0.61670607868335	0.4322739679059	0.522539993686714
"hsa-miR-92a-3p"	0.00480843266461379	15.0918635273078	8.1364087925806e-05	0.992803015747627	0.996628846251472
"hsa-miR-92b-3p"	-0.648958645024673	11.8709159826005	2.21202475980766	0.136938836628191	0.212970548905336
"hsa-miR-92b-5p"	0.47325838795183	2.54789950073968	0.227249448963377	0.633570863385268	0.706831734097911
"hsa-miR-93-3p"	1.10211224229405	5.2120290955165	6.46113626798034	0.0110259116860393	0.0277512076735579
"hsa-miR-93-5p"	1.09057948656513	9.90576321693601	6.48866009932491	0.0108564775404631	0.0274574019348606
"hsa-miR-935"	0.628489564573501	6.94809798044201	1.31239785579366	0.251960969047105	0.341853293941515
"hsa-miR-937-3p"	0.92793979362509	2.76697791656253	1.90348182540401	0.167689109253336	0.249806853301894
"hsa-miR-940"	0.594544049987714	4.97053350455882	1.38644819678475	0.239005831076682	0.325973921442281
"hsa-miR-941"	1.32979019157296	8.05444502557772	6.99940068750587	0.00815370093613187	0.0212955545359217
"hsa-miR-941-3-5p"	1.30700260757018	5.77386171446169	6.8063786057832	0.00908327956969248	0.0235442221682079
"hsa-miR-942-5p"	2.01920130710548	3.92425582695249	15.3610061304467	8.88021180644382e-05	0.000444864456842041
"hsa-miR-96-5p"	-7.43188327251739	5.39687349614337	21.4450789956504	3.64109278843874e-06	2.84680722478869e-05
"hsa-miR-98-3p"	0.409344099303681	5.04384973596397	0.439053607704439	0.507579592631601	0.591608428995669
"hsa-miR-98-5p"	0.534280989577105	11.4963280310382	1.1956379259609	0.274195262618358	0.367238385152094
"hsa-miR-99a-3p"	-0.693918167987718	4.95197826072601	0.816358796210977	0.36624692370917	0.458689055895378
"hsa-miR-99a-5p"	-0.826798524302039	9.98056592919665	0.911882254817144	0.339615493926292	0.433675667489211
"hsa-miR-99b-3p"	0.798965536456865	6.82805844127563	3.20896359260035	0.0732358593585785	0.12847098560882
"hsa-miR-99b-5p"	1.03864961759026	14.5960067570612	1.60830281594053	0.204730538045589	0.290639265181885
