"logFC"	"logCPM"	"LR"	"PValue"	"FDR2"
"hsa-let-7a-2-3p"	-1.29536667554853	4.49918436947685	1.65955114351462	0.197663938453224	0.613135910998218
"hsa-let-7a-3p"	-1.9669982286513	6.98519042349401	3.1747045786503	0.0747867351091742	0.364211399981678
"hsa-let-7a-5p"	-0.0301030553390696	15.5218565242839	0.00102594060763295	0.974447881288839	0.999043227369861
"hsa-let-7b-3p"	-0.297347332154309	7.23779478151371	0.0980087063963637	0.754232478000625	0.925302830901936
"hsa-let-7b-5p"	0.136468483786922	12.727227707034	0.019220952542355	0.8897349097112	0.99380940603063
"hsa-let-7c-3p"	-3.4358835866	3.71488319827996	2.34248259782364	0.125888783717986	0.491481324407979
"hsa-let-7c-5p"	-0.68847069115857	10.4065640203102	0.248843967784694	0.617890254021669	0.878887344021104
"hsa-let-7d-3p"	0.619807700092885	6.86955746793299	0.448380241709223	0.503105157039854	0.871118841757514
"hsa-let-7d-5p"	0.751621779256705	9.67461384666474	0.580981043506327	0.445928039934123	0.838482453466864
"hsa-let-7e-3p"	-0.578316089052215	3.96986741944687	0.44003040782714	0.507107779163097	0.871118841757514
"hsa-let-7e-5p"	0.228127429947188	11.396937583626	0.0542753641618958	0.815784129310305	0.954956226090964
"hsa-let-7f-1-3p"	-1.54219653909637	5.08098485868113	2.15161732576865	0.14241979516082	0.52116320718246
"hsa-let-7f-2-3p"	-3.50592784188591	5.78743212503896	5.39526835444433	0.0201914203233677	0.222831524149611
"hsa-let-7f-5p"	-0.0739542410366389	14.5130749625542	0.00608687367605398	0.937813401545462	0.999043227369861
"hsa-let-7g-3p"	-1.7814397776112	3.63016861482848	1.93307084079702	0.164422870694493	0.541040121812284
"hsa-let-7g-5p"	-0.0986133170283042	11.9296204623048	0.0108201424794743	0.917153545321663	0.997816912000943
"hsa-let-7i-3p"	-0.531013419147154	5.96516110274145	0.341034626913775	0.559232623630617	0.871118841757514
"hsa-let-7i-5p"	-0.0421875645605584	14.1206565053572	0.00207626741146782	0.963656107371653	0.999043227369861
"hsa-miR-1-3p"	-10.0080455654632	5.91369649237852	8.83775997665695	0.00295061076295366	0.119745620129869
"hsa-miR-100-3p"	-1.82693048926578	8.0490386242139	2.7442142510232	0.0976070472237226	0.428239927909485
"hsa-miR-100-5p"	0.421180606161759	17.8868714387221	0.119862245472177	0.729183943457115	0.923153757746738
"hsa-miR-101-3p"	-0.599665924846388	11.2357764658406	0.20540759109258	0.650390949706616	0.886683717215142
"hsa-miR-101-5p"	-3.67726117883991	3.57241720649619	3.34467157459538	0.0674229322782967	0.352018599450553
"hsa-miR-103a-3p"	-0.822837456160454	11.8780853342568	0.686339303241006	0.407412317370935	0.816953861835538
"hsa-miR-106a-5p"	-10.8429917023022	7.36112542488479	7.09242367681664	0.00774104891449868	0.156932950564812
"hsa-miR-106b-3p"	1.54178516366013	6.86657468152954	2.62104783744037	0.10545478289367	0.446578080601891
"hsa-miR-106b-5p"	0.163540673721479	6.92522218662237	0.021853613153664	0.882477188455188	0.99024514004073
"hsa-miR-107"	-1.28933735126555	8.41112894973133	0.61283097311513	0.433723885535969	0.828327577474576
"hsa-miR-10a-3p"	-0.647904543600837	4.96560588709691	0.0821409934673989	0.774416699367112	0.93454710185508
"hsa-miR-10a-5p"	0.488515115442838	14.7357109046588	0.0924512716146637	0.76108369864546	0.928941757494584
"hsa-miR-10b-5p"	-0.819911357082166	13.8556566997397	0.123304772004161	0.725477474911386	0.923153757746738
"hsa-miR-1180-3p"	-0.877158450571178	4.66527360902756	0.386745464743355	0.534015103759619	0.871118841757514
"hsa-miR-1185-1-3p"	-0.854879661440652	5.26121688828303	0.313022142478675	0.575831572045133	0.876343673706187
"hsa-miR-1185-2-3p"	0.0113639201194119	2.55458324352689	5.90486623242015e-05	0.993868865841668	0.999043227369861
"hsa-miR-1185-5p"	-1.1975556795854	4.73722615966157	0.594026170736509	0.440866433060088	0.834864069300413
"hsa-miR-1197"	-0.602755384778712	4.23823540701029	0.137720240497565	0.710558003008862	0.91832911124139
"hsa-miR-122-3p"	-7.81761465525739	3.84406131802595	5.36115081476204	0.0205901819029415	0.222831524149611
"hsa-miR-122-5p"	-5.99938131112393	7.05448042086849	2.92500674566836	0.0872168605214381	0.400703878056041
"hsa-miR-1226-3p"	1.38395851274582	3.28713074166157	1.10231375565595	0.293758891847456	0.749310467079431
"hsa-miR-1233-3p"	2.2546053017953	2.07464896196476	1.62105804275115	0.202944321717601	0.617711779227947
"hsa-miR-124-3p"	-11.3427748066419	7.2273247576131	8.30430281627824	0.00395512621659834	0.128409764498893
"hsa-miR-124-5p"	-7.16816764043256	3.28084551643204	4.98403055948194	0.0255823150854494	0.233043479784363
"hsa-miR-1249-3p"	0.818502149006984	3.59736908203836	0.590335573825552	0.442289383736153	0.834864069300413
"hsa-miR-1257"	4.16725719180487	2.63965669918128	5.26278900127205	0.0217860797422246	0.226245882200241
"hsa-miR-125a-3p"	-0.0179249499363092	4.70790178927761	0.000358094540958254	0.984902223481171	0.999043227369861
"hsa-miR-125a-5p"	0.868992777122389	13.0284588848025	0.725134594024894	0.394464816481869	0.808368656372481
"hsa-miR-125b-1-3p"	-0.0355044241891116	10.663907193017	0.00132163395294072	0.970999866278922	0.999043227369861
"hsa-miR-125b-2-3p"	-2.45279293878021	8.95458441873455	2.05323031613871	0.151883634103222	0.52116320718246
"hsa-miR-125b-5p"	0.643455927450924	15.1104476667183	0.33682793234334	0.561665947252278	0.871118841757514
"hsa-miR-126-3p"	-0.412831135692494	9.22530972561875	0.0548133174782492	0.814889924457217	0.954956226090964
"hsa-miR-126-5p"	-0.756975870483497	10.6418824974202	0.195466171957491	0.65840558232066	0.886683717215142
"hsa-miR-1260a"	0.726425312469354	4.39972042159374	0.549759554437907	0.458415956695425	0.848853881789627
"hsa-miR-1260b"	0.872063816743152	3.91325021622382	0.736494374921913	0.390786174191126	0.808368656372481
"hsa-miR-1269b"	2.92121435970779	1.89685181379421	1.47389283196552	0.224732495493782	0.643792501796892
"hsa-miR-127-3p"	0.142170190599024	13.936775050429	0.011953685396378	0.912938443963213	0.997816912000943
"hsa-miR-127-5p"	-1.16324004015417	6.09999632189319	0.760802307264795	0.383077559230451	0.808368656372481
"hsa-miR-1271-3p"	5.99547332119271	2.46164755224723	4.32563412357363	0.0375424233497727	0.245024480470805
"hsa-miR-1271-5p"	1.44236523725587	7.4627365769676	0.758949101900166	0.383657598717	0.808368656372481
"hsa-miR-1277-5p"	-5.60270275577038	2.17167310917593	9.89986811284606	0.00165290617354058	0.0999375041157803
"hsa-miR-128-1-5p"	-2.16131552414032	4.60709937602733	2.51357581888762	0.112869562165267	0.465826074360043
"hsa-miR-128-2-5p"	-2.72697111788123	2.64915813822673	0.880439491328273	0.34808133455485	0.808368656372481
"hsa-miR-128-3p"	-2.51994993943788	11.163618056618	2.7452823398107	0.0975418466148627	0.428239927909485
"hsa-miR-1285-3p"	-1.14182715814913	4.04482944226521	0.389897741038423	0.532353158281175	0.871118841757514
"hsa-miR-129-2-3p"	-3.80155684349987	4.20457247705834	3.13498331596579	0.0766291707482798	0.369395678433539
"hsa-miR-129-5p"	-4.45753185803774	3.81558023487035	4.39802354142542	0.0359806066652039	0.241326424816793
"hsa-miR-1296-5p"	-0.77993766132065	5.56668271129202	0.705298694308929	0.401008963388869	0.812741012180816
"hsa-miR-1301-3p"	1.43911774409121	5.28348879830341	1.56423799655611	0.211045773399269	0.623634583727565
"hsa-miR-1304-3p"	0.538453807015521	5.5823836065832	0.250382078190736	0.616806172882179	0.878887344021104
"hsa-miR-1306-3p"	0.046038381389176	2.46116574219923	0.00107019151040433	0.973902833599812	0.999043227369861
"hsa-miR-1306-5p"	1.1537025519925	3.9819213966947	0.655063670598945	0.41830808159549	0.826417343889829
"hsa-miR-1307-3p"	0.304375550696648	7.31428218893522	0.0985297185990073	0.753601214408414	0.925302830901936
"hsa-miR-1307-5p"	0.116210724674119	9.17108570483133	0.0124287581789524	0.911232282650399	0.997816912000943
"hsa-miR-130a-3p"	-1.85625712458878	11.1218276735737	2.40778455291515	0.120733123071254	0.481942876522135
"hsa-miR-130b-3p"	-0.559101680945918	9.61411280480444	0.194624186975943	0.65909549411064	0.886683717215142
"hsa-miR-130b-5p"	-0.0347442347432063	8.09535030367024	0.000814169582753266	0.977236524533165	0.999043227369861
"hsa-miR-132-3p"	-0.277402336182605	6.73836946995506	0.0449936950570482	0.832015622464411	0.967044410835723
"hsa-miR-132-5p"	-2.01101583190383	5.70027189270798	1.91709721239468	0.166177015334309	0.543142325287306
"hsa-miR-133a-3p"	-8.88398588071206	10.2297070011408	7.82591897401903	0.00515022540659148	0.142929163911068
"hsa-miR-133a-5p"	-7.2873976010897	3.38140449718701	5.05337885640906	0.0245779648604674	0.231971243813125
"hsa-miR-134-5p"	-0.400743466401832	6.88605829317831	0.10429083780111	0.74673998557324	0.925302830901936
"hsa-miR-1343-3p"	2.94955931676944	4.55140571784678	3.90444990256319	0.0481583911238562	0.279204005682357
"hsa-miR-135a-5p"	-9.55931786210413	5.49014387911499	7.70759993902211	0.00549888141813353	0.142929163911068
"hsa-miR-136-3p"	-1.43778223204085	9.5321528991777	0.947454986198196	0.330367955786378	0.801050024938145
"hsa-miR-136-5p"	-0.8829116201104	6.68801464708808	0.534295963935078	0.464806325600379	0.851937651319923
"hsa-miR-137"	-4.07338860462329	6.6346030050623	5.53147236959225	0.0186773817699012	0.222831524149611
"hsa-miR-138-2-3p"	-6.01259246883418	2.39749618060082	4.38887444051926	0.0361741868821886	0.241326424816793
"hsa-miR-138-5p"	-2.53002409558347	10.1569000552784	1.54224884665764	0.214283379015459	0.624886260961249
"hsa-miR-139-5p"	-4.483773354367	4.63767940513826	4.53870463034273	0.0331366587697168	0.24085899732615
"hsa-miR-140-3p"	-1.96312618528998	12.3911074615855	1.67833223590424	0.19514620658692	0.61021439126163
"hsa-miR-140-5p"	-3.3033402035716	7.41808403760119	4.96665668431025	0.0258405501198267	0.233043479784363
"hsa-miR-142-3p"	-7.72079992537991	3.76056187985566	7.12191849297915	0.00761471787806756	0.156932950564812
"hsa-miR-142-5p"	-4.80931769775636	6.16909763086632	3.8360285179754	0.0501622061003031	0.284787378510879
"hsa-miR-143-3p"	-2.70717559616542	14.9350883475499	6.42808585031071	0.0112329572754939	0.180691817540918
"hsa-miR-143-5p"	-2.65294046581476	5.84651771481409	4.72670847297687	0.0296976663322004	0.236743599817524
"hsa-miR-144-3p"	-6.60193569058879	5.70199060225129	4.04086614219247	0.0444110227060551	0.26701442046727
"hsa-miR-144-5p"	-8.11829640192684	4.11766588247939	7.37247266247607	0.0066229803863932	0.156932950564812
"hsa-miR-145-3p"	-3.07700856559372	7.54527769237577	5.25889973943142	0.0218348182000233	0.226245882200241
"hsa-miR-145-5p"	-4.57231971840622	9.95858104472897	14.4461635123162	0.000144223335993629	0.0234122548762992
"hsa-miR-1468-5p"	0.297902656498896	3.7418904067956	0.0629856807289495	0.801837704299007	0.953639465250878
"hsa-miR-146a-3p"	-8.36453714062584	4.35769594740137	19.5599679475379	9.74907289901488e-06	0.00474779850182025
"hsa-miR-146a-5p"	-4.18586167817604	11.0494944904626	7.11579651100698	0.00764076483093922	0.156932950564812
"hsa-miR-146b-3p"	4.49669221930924	4.31029032749487	4.45099394992225	0.0348809392188696	0.241326424816793
"hsa-miR-146b-5p"	4.66810655342939	10.0831407352159	5.74871295286717	0.0165007414872139	0.217185435250626
"hsa-miR-147b"	-0.962429167527682	3.01071865936215	0.383852374366787	0.535548687774883	0.871118841757514
"hsa-miR-148a-3p"	-1.44048265724423	13.2049406866219	0.79766445155883	0.371792578741359	0.808368656372481
"hsa-miR-148a-5p"	-2.456423455299	7.22566977045743	2.29291223350537	0.129965862715815	0.494479493301576
"hsa-miR-148b-3p"	-0.637583663359756	10.8786353678868	0.373825940067441	0.540926153270133	0.871118841757514
"hsa-miR-148b-5p"	-0.363791514420752	6.51995452344632	0.133239794303503	0.715096278695205	0.921301290276627
"hsa-miR-149-5p"	1.49380342645197	8.2532923537994	2.0111560638095	0.156146292601979	0.526386715306862
"hsa-miR-150-5p"	-4.04908752017955	4.5498607333801	3.25960915548728	0.0710060487515104	0.355746878917126
"hsa-miR-151a-3p"	0.108754231597544	12.1549761091128	0.0131195165728855	0.908809376385855	0.997816912000943
"hsa-miR-151a-5p"	0.665632248650781	12.7872074252313	0.467738006612795	0.494029635897659	0.871118841757514
"hsa-miR-151b"	0.490826763696803	3.72749060766175	0.2416271566842	0.623033358717063	0.878887344021104
"hsa-miR-152-3p"	-0.247176225261678	8.61208623702595	0.0622626483242712	0.802954824943417	0.953639465250878
"hsa-miR-152-5p"	-0.488193415605808	6.01304699098975	0.265079742525467	0.60665158522445	0.878887344021104
"hsa-miR-153-3p"	-8.00439845190154	7.1422988201576	5.42600995726756	0.019838957580351	0.222831524149611
"hsa-miR-153-5p"	-6.35474217405244	2.63924674332229	4.55294550524211	0.0328621675477762	0.24085899732615
"hsa-miR-154-5p"	-0.452110381350912	3.82047098751045	0.103635342703601	0.747509940326296	0.925302830901936
"hsa-miR-155-5p"	-1.03096832178297	9.94227167559514	0.752539317349459	0.385673456861703	0.808368656372481
"hsa-miR-15a-5p"	-1.93551579389469	9.74984467111223	2.14018563089355	0.143484528228961	0.52116320718246
"hsa-miR-15b-3p"	0.813483103749996	5.27077767984099	0.84272485303549	0.358618622617323	0.808368656372481
"hsa-miR-15b-5p"	-1.07576589896185	8.69461907686023	0.74813845600444	0.387066247353485	0.808368656372481
"hsa-miR-16-1-3p"	2.66925506909349	2.31598682480161	1.42937312685759	0.231866771747141	0.656506499074754
"hsa-miR-16-2-3p"	0.364197467313508	5.45047054576396	0.120185605584131	0.728833272465413	0.923153757746738
"hsa-miR-16-5p"	-0.851569491601761	11.4195144267396	0.704518489429766	0.401269568780822	0.812741012180816
"hsa-miR-17-3p"	0.322161268030989	6.63143123682346	0.0597664970938823	0.806865382631443	0.953639465250878
"hsa-miR-17-5p"	-2.57327865644253	8.44618576747249	3.83173014921031	0.0502909949731738	0.284787378510879
"hsa-miR-181a-2-3p"	-2.99770457553392	8.23946254434489	6.47150327427683	0.0109617771417094	0.180691817540918
"hsa-miR-181a-3p"	-2.72157537260876	9.96401655014544	4.7012982625831	0.0301398422765636	0.236743599817524
"hsa-miR-181a-5p"	-2.78535835122483	14.8198952104072	4.81969312542515	0.0281363541270755	0.236743599817524
"hsa-miR-181b-2-3p"	-6.53427831793075	2.80946728555799	9.75086722312457	0.00179238138784463	0.0999375041157803
"hsa-miR-181b-3p"	-2.87374448259426	4.66056648857148	4.01390913510504	0.045126407057964	0.268006832161323
"hsa-miR-181b-5p"	-3.06462912689832	12.1379548991164	5.39626415256888	0.0201799022707585	0.222831524149611
"hsa-miR-181c-3p"	-0.661420345020068	5.88582441676088	0.40633144646703	0.52383741582429	0.871118841757514
"hsa-miR-181c-5p"	-0.470056271267468	8.02082170398148	0.215034308180174	0.64284985746746	0.886683717215142
"hsa-miR-181d-5p"	-0.1735838767939	5.53620071828684	0.0204577646292572	0.886265980954044	0.992210420056596
"hsa-miR-182-5p"	-7.90777918469539	11.4546225424334	9.20122949846999	0.00241852631590872	0.111947654959605
"hsa-miR-183-3p"	-5.8494499101145	2.29700670298856	5.5154193271441	0.0188495539765617	0.222831524149611
"hsa-miR-183-5p"	-8.3545255297763	9.5655065555713	9.11978860903349	0.00252859179580216	0.111947654959605
"hsa-miR-184"	4.63217021679716	9.9193518884661	1.3748283872525	0.240984029170619	0.674478288540756
"hsa-miR-185-5p"	-0.549869079614111	6.73867100188834	0.185374851814196	0.666794295063411	0.88922365448428
"hsa-miR-186-5p"	0.369951527784846	12.201756888948	0.137376040040181	0.710903644636559	0.91832911124139
"hsa-miR-187-3p"	-8.52551105939914	4.49343690798184	7.68236896740523	0.00557629181583221	0.142929163911068
"hsa-miR-188-5p"	-1.05458497329534	4.04896638101651	0.82128706521189	0.364804126803236	0.808368656372481
"hsa-miR-18a-3p"	-2.19604891414903	4.65308670145197	2.66745492582377	0.102419686998319	0.441401659895408
"hsa-miR-18a-5p"	-3.46877068763146	7.03428737927334	4.57304833709691	0.0324787226890016	0.24085899732615
"hsa-miR-18b-5p"	-9.38125492956123	6.59496453362544	6.37679035850659	0.0115622341969586	0.180691817540918
"hsa-miR-190a-5p"	-1.86770218480902	5.41891528282116	3.22763139468712	0.0724053419277946	0.356175772917535
"hsa-miR-190b"	-5.43503791502104	5.50953812231618	4.42129240790138	0.0354931435989324	0.241326424816793
"hsa-miR-191-3p"	0.493090898122337	3.70901106565828	0.238891420561379	0.625007938158693	0.878887344021104
"hsa-miR-191-5p"	-0.108439948930314	13.306970571121	0.0119547846494186	0.912934456919314	0.997816912000943
"hsa-miR-1910-5p"	1.0966175980769	2.94308641424271	0.733121705294154	0.391873189990789	0.808368656372481
"hsa-miR-192-5p"	0.967404212290551	8.49094018847144	0.734182234567001	0.391530913375633	0.808368656372481
"hsa-miR-193a-3p"	-2.36261153400176	10.3157461080066	2.94092320771838	0.0863613600756846	0.400552212922461
"hsa-miR-193a-5p"	-0.0773276986734424	8.07167525895791	0.00484939739328638	0.944482097327415	0.999043227369861
"hsa-miR-193b-3p"	0.592381046944532	8.93034862038993	0.314595655891655	0.574873704244126	0.876343673706187
"hsa-miR-193b-5p"	0.902993440644882	3.53164336157155	0.963598084166889	0.326282004902515	0.801050024938145
"hsa-miR-194-5p"	-0.313259775124755	3.93344306838113	0.058593299046267	0.808733263138834	0.953639465250878
"hsa-miR-195-5p"	2.28387984622464	5.56624250545728	5.82516347433157	0.0157985001740974	0.217185435250626
"hsa-miR-196a-5p"	-7.8259706634093	8.34667496695	4.12626958129542	0.0422223282644683	0.260281947655646
"hsa-miR-197-3p"	1.01195972759717	8.60499692599353	1.03081441480515	0.309967461802101	0.766264740597071
"hsa-miR-199a-3p"	-0.998431924220535	13.723694181431	0.809822622689808	0.368172697541547	0.808368656372481
"hsa-miR-199a-5p"	-1.41484234270264	12.1677693644592	1.30782916803457	0.252788072720967	0.686421184207423
"hsa-miR-199b-3p"	-0.846354577034176	12.4944041959414	0.567597615056684	0.451215142480465	0.841944814300498
"hsa-miR-199b-5p"	1.02758076772326	10.5158908641013	0.247811573450329	0.618620248577967	0.878887344021104
"hsa-miR-19a-3p"	-2.54385523079173	8.0692572210638	2.89025197825479	0.0891169865093902	0.40185159657475
"hsa-miR-19a-5p"	-8.15515648087135	4.14942917150007	5.53760957316206	0.0186119889993032	0.222831524149611
"hsa-miR-19b-3p"	-2.35170620759018	9.35809652183315	2.8932705561906	0.0889501875469835	0.40185159657475
"hsa-miR-200a-3p"	-10.4331684769114	6.33804795725664	8.00274021116677	0.00467066144583538	0.142163257757614
"hsa-miR-200a-5p"	-7.26432648359406	3.36183590257924	5.03996409047532	0.0247690034461653	0.231971243813125
"hsa-miR-200b-3p"	-7.08067164536494	7.67880531521435	5.05521578008735	0.0245519246739378	0.231971243813125
"hsa-miR-202-5p"	-6.95416046622378	3.10410287602609	4.85941124002977	0.0274957175987996	0.236743599817524
"hsa-miR-203a-3p"	-9.23273114584594	8.35228639265793	4.09312087492144	0.043058068162445	0.262115989938884
"hsa-miR-203a-5p"	-6.73667927300607	2.9299206976497	4.73253981798729	0.0295971490138459	0.236743599817524
"hsa-miR-204-5p"	-0.952381245354356	10.4150778446507	0.446219581069816	0.504135703820275	0.871118841757514
"hsa-miR-205-3p"	-6.16818310442719	2.50508835489172	4.46464908831217	0.0346031965915775	0.241326424816793
"hsa-miR-205-5p"	-7.98357947603814	10.8648291509465	6.57676192836143	0.0103318677072823	0.180691817540918
"hsa-miR-206"	-10.3174841711101	6.21596216610959	6.3297397904423	0.0118729736371856	0.180691817540918
"hsa-miR-20a-3p"	-1.97728507067193	3.01115180090916	2.49448579555409	0.114245684565872	0.467543263727561
"hsa-miR-20a-5p"	-2.86636257296437	8.38028859350077	5.07586650511525	0.0242611429682933	0.231971243813125
"hsa-miR-20b-5p"	-11.7931729663306	7.67757594242554	7.02095920566627	0.00805610629182811	0.156932950564812
"hsa-miR-21-3p"	-1.73508874916485	11.8650926193113	2.95122089518717	0.0858127072195225	0.400552212922461
"hsa-miR-21-5p"	-1.18791333877741	16.1850157607802	1.55381181192206	0.212573595274694	0.623634583727565
"hsa-miR-210-3p"	-0.978730403707072	8.88258751660597	0.739074597722023	0.389957478793177	0.808368656372481
"hsa-miR-210-5p"	-0.19271389805432	5.17972411921277	0.0368896283349764	0.847689936199095	0.973643865398489
"hsa-miR-2110-3p"	1.23442356658126	3.28074222214342	1.08070804173047	0.298539216231535	0.749310467079431
"hsa-miR-2114-5p"	-6.05558562937003	2.46791617805152	9.90827926371314	0.00164536885836153	0.0999375041157803
"hsa-miR-2116-3p"	-0.488483525648355	2.92756337768937	0.171110072248887	0.679127129921604	0.896717486704078
"hsa-miR-212-3p"	1.07886340827849	4.29656924603774	0.895331963711429	0.344036474713391	0.808368656372481
"hsa-miR-212-5p"	-2.12865802940942	6.35289378868643	1.12104691599065	0.289693137507629	0.749310467079431
"hsa-miR-214-3p"	-2.06089239784501	9.70303759515471	2.07873181667645	0.14936422669333	0.52116320718246
"hsa-miR-214-5p"	-1.51053102615854	7.44637900945908	1.56735640211575	0.210591343897513	0.623634583727565
"hsa-miR-215-5p"	-3.77375723534663	6.985861449937	3.55306894900688	0.0594354265572489	0.325225311611014
"hsa-miR-216a-5p"	-1.10600500682153	3.39774250315538	0.36705797119584	0.544612309534053	0.871118841757514
"hsa-miR-216b-5p"	-4.35257781330482	4.74712686929289	2.12777161537082	0.144650912238805	0.52116320718246
"hsa-miR-217"	-2.20461268453693	3.61168698590124	1.3083480701472	0.252693964168845	0.686421184207423
"hsa-miR-218-1-3p"	2.11268313404877	5.76448661846002	2.24448664254804	0.134091403023802	0.501810916724395
"hsa-miR-218-5p"	-1.32824488476346	7.98734391327377	0.522818939598618	0.469641673492366	0.851937651319923
"hsa-miR-219b-3p"	-7.93501287086836	7.52103136093429	5.5825543656004	0.0181402457423821	0.222831524149611
"hsa-miR-219b-5p"	-4.6035616393385	3.87752724392907	3.92117194714995	0.0476816297369455	0.279204005682357
"hsa-miR-22-3p"	-0.740895155200308	16.494778512443	0.597476409718638	0.439542513225773	0.834864069300413
"hsa-miR-22-5p"	-0.556940722588688	6.91307199552394	0.293709428969702	0.587853188270729	0.878887344021104
"hsa-miR-221-3p"	1.32481470375893	13.7351442738397	1.78615035639902	0.181395908092466	0.585031836033317
"hsa-miR-221-5p"	0.98346411559767	10.2079891415416	0.659952364023582	0.416576761069657	0.826417343889829
"hsa-miR-222-3p"	0.57690919313546	13.6950790768265	0.356343013046171	0.550544280733646	0.871118841757514
"hsa-miR-222-5p"	-0.503720572784443	6.19996964647775	0.277467466901081	0.598365953323818	0.878887344021104
"hsa-miR-223-3p"	-1.50738542214429	4.26021048040233	0.524228251507914	0.469043582178916	0.851937651319923
"hsa-miR-224-3p"	0.217517045457117	3.53349715596936	0.0153162640598827	0.90150617867354	0.997816912000943
"hsa-miR-224-5p"	0.0410708390608264	10.3849816931435	0.000786064393025754	0.977632768675226	0.999043227369861
"hsa-miR-2355-5p"	-0.777896054582391	3.76312590618217	0.781393619252031	0.376715260108978	0.808368656372481
"hsa-miR-23a-3p"	0.49251115494627	11.1684043717092	0.23720822743627	0.626229791325099	0.878887344021104
"hsa-miR-23a-5p"	-1.16980664441005	4.59142707642709	1.75915433842946	0.184730030861806	0.587996895618953
"hsa-miR-23b-3p"	1.14144014270608	11.1567202978984	0.903035169426374	0.341969172297583	0.808368656372481
"hsa-miR-23b-5p"	1.73364537637049	2.93375053280879	2.07515553602245	0.149714677338984	0.52116320718246
"hsa-miR-24-1-5p"	0.358489155660668	3.43034488853497	0.0685412455893974	0.793472685844892	0.953639465250878
"hsa-miR-24-2-5p"	-0.517833779891246	7.77000416054669	0.199292261700386	0.65529271942891	0.886683717215142
"hsa-miR-24-3p"	0.808209000002743	10.2635699294653	0.46176012542287	0.496802523126797	0.871118841757514
"hsa-miR-25-3p"	0.965478272247487	10.1540101684413	0.913933127031527	0.33907299363341	0.805920042638289
"hsa-miR-25-5p"	0.88507911233827	3.53518719407072	0.913272348926895	0.339247656552052	0.805920042638289
"hsa-miR-2682-3p"	-0.00535386066925445	2.88792830739288	1.68920187091359e-05	0.996720711578012	0.999043227369861
"hsa-miR-2682-5p"	-1.488627527093	4.22733574852084	1.0660708346921	0.301834640736114	0.749966683869834
"hsa-miR-26a-1-3p"	-1.56716319683925	3.31456105209797	1.30276909604002	0.25370803523067	0.686421184207423
"hsa-miR-26a-2-3p"	-0.628161796629633	4.58770386479629	0.561926794711539	0.453484947836776	0.842928128230955
"hsa-miR-26a-5p"	-0.947263301546881	14.7545773692835	0.804937023003276	0.369621367888373	0.808368656372481
"hsa-miR-26b-3p"	-1.60371010583368	4.82071365045592	3.10712268509992	0.0779505553311986	0.369395678433539
"hsa-miR-26b-5p"	-0.605799123231197	10.6745731750048	0.348195079317779	0.555136634407344	0.871118841757514
"hsa-miR-27a-3p"	0.0760924420376252	11.9757098955134	0.00551662617874626	0.940792369675496	0.999043227369861
"hsa-miR-27a-5p"	0.0397632577246166	6.21667508317509	0.00134033039357462	0.970795553023989	0.999043227369861
"hsa-miR-27b-3p"	0.578597802733171	14.9106340570198	0.340607602758837	0.559478711906516	0.871118841757514
"hsa-miR-27b-5p"	0.18568605566992	6.93935121936049	0.036994871836812	0.847475488253895	0.973643865398489
"hsa-miR-28-3p"	0.912511130927076	11.6930322900874	0.792621615276261	0.373308582018031	0.808368656372481
"hsa-miR-28-5p"	0.332812540470965	8.83624574636219	0.0950433072063745	0.757860955032873	0.927332374625651
"hsa-miR-296-3p"	2.86605492351835	6.38503887322099	1.95484214683375	0.162066017446903	0.54015770402728
"hsa-miR-296-5p"	-0.976425980691769	3.88957932631586	0.701743941759567	0.402198324303032	0.812741012180816
"hsa-miR-299-3p"	-0.782029349449952	5.60801023684726	0.339693690643866	0.560006082851789	0.871118841757514
"hsa-miR-299-5p"	1.45171294822925	4.32315973067652	1.4057105687648	0.235769770406543	0.663698717849634
"hsa-miR-29a-3p"	0.677328280304687	13.2453681215026	0.504063422236499	0.477720110294372	0.855329756299115
"hsa-miR-29a-5p"	-0.894256234044544	5.81962887855266	0.747772850548245	0.387182276823544	0.808368656372481
"hsa-miR-29b-1-5p"	-1.51532420768353	4.46142209992395	2.31122594587894	0.128442711500909	0.492532287408998
"hsa-miR-29b-3p"	0.115142753361826	9.05456804534179	0.00854888112223762	0.92633244357917	0.998061725714726
"hsa-miR-29c-3p"	0.611372999854202	7.60316321580651	0.280428715724327	0.596420358890135	0.878887344021104
"hsa-miR-29c-5p"	-0.562882485727034	3.67065338703869	0.201758100658545	0.653305484641014	0.886683717215142
"hsa-miR-301a-3p"	-4.45777415816942	10.8399137862498	6.3539231493329	0.0117122011206756	0.180691817540918
"hsa-miR-301a-5p"	-1.74909495135145	3.23101818684987	2.08465011749558	0.148786309063293	0.52116320718246
"hsa-miR-301b-3p"	-1.36870191816281	6.54721887619131	1.33079355715764	0.248664092214069	0.686421184207423
"hsa-miR-301b-5p"	-3.04416392463077	3.11709346253924	1.94575015286133	0.163045549264908	0.54015770402728
"hsa-miR-302b-3p"	-1.81397989162764	2.50636140188847	2.00552475813585	0.156727050758717	0.526386715306862
"hsa-miR-302d-3p"	-0.597851654308905	2.38626880510594	0.207881622319673	0.648432857494219	0.886683717215142
"hsa-miR-30a-3p"	-1.83928274399151	7.91603988610034	2.81471816192469	0.0934033003373333	0.417315662975058
"hsa-miR-30a-5p"	-2.1952664987131	13.2463617714609	4.23052784347715	0.0397030913237605	0.247889813777838
"hsa-miR-30b-5p"	-1.06940441927811	9.25132340946402	0.937903076533889	0.332817700787117	0.801050024938145
"hsa-miR-30c-1-3p"	-2.25557193769878	5.34262687193396	2.58091468628562	0.108159145553502	0.454081930039269
"hsa-miR-30c-2-3p"	-1.56891877039186	5.42247117187836	2.23422780480522	0.134984045361182	0.501810916724395
"hsa-miR-30c-5p"	-1.55383203946834	11.4846096322944	1.56472476717855	0.210974762270809	0.623634583727565
"hsa-miR-30d-3p"	-2.75755051131925	5.9172868566586	4.86594496145113	0.0273917935441533	0.236743599817524
"hsa-miR-30d-5p"	-1.24814469198078	12.5416383652337	1.07589000076041	0.299618813712076	0.749310467079431
"hsa-miR-30e-3p"	-2.59347482896381	7.66341149381422	4.27860193669842	0.0385950813576382	0.245024480470805
"hsa-miR-30e-5p"	-2.44854946818185	12.542315197317	3.33195428782419	0.067946095171154	0.352018599450553
"hsa-miR-31-3p"	-1.46712484920677	8.30306397947209	1.25928255449324	0.261786936923375	0.700495814734527
"hsa-miR-31-5p"	0.127453485260482	13.5014983376334	0.0104964808618888	0.918397645181134	0.997816912000943
"hsa-miR-3117-3p"	-3.36680393655488	3.4459550856358	6.22512576559748	0.0125949962267407	0.185871610982507
"hsa-miR-3120-3p"	-6.43966545602905	2.70208103072036	4.59233928833527	0.0321151538698686	0.24085899732615
"hsa-miR-3129-3p"	-0.0221867788190831	3.13878303799864	0.000143482844846332	0.990442822205036	0.999043227369861
"hsa-miR-3152-5p"	2.01865838911572	3.92749668484828	1.31390949086281	0.251688038846061	0.686421184207423
"hsa-miR-3158-3p"	-0.582175044353135	3.21922986134646	0.25977027991597	0.610278019479863	0.878887344021104
"hsa-miR-3168"	0.845321854165858	3.18299391086873	0.390025340884565	0.532286081802267	0.871118841757514
"hsa-miR-3176"	-1.23266820319287	2.81111303988772	1.27590623614741	0.258661591273497	0.695956878177862
"hsa-miR-32-5p"	-0.605611242745879	4.2229720747742	0.198963461161176	0.655558814327626	0.886683717215142
"hsa-miR-3200-3p"	2.25284213153325	4.05119638507139	3.3008267473252	0.0692450235695524	0.353310887027993
"hsa-miR-320a"	0.498057492669244	10.5657545920226	0.231213788577691	0.63062527950503	0.879984272547134
"hsa-miR-323a-3p"	-0.354408753725883	6.36401639577038	0.0663374871855762	0.796746003866354	0.953639465250878
"hsa-miR-323b-3p"	0.295714933266539	5.3451866252325	0.0334613708112759	0.854857263066899	0.978363989659061
"hsa-miR-324-3p"	1.23492798842539	4.90195196825766	2.0312061229003	0.154098272735883	0.524796215541086
"hsa-miR-324-5p"	-0.261941058935749	3.72521591073619	0.0654316638904198	0.798108256646717	0.953639465250878
"hsa-miR-326"	2.22449094809076	3.24046436047269	2.71356277672699	0.0994985500885449	0.432641016902869
"hsa-miR-328-3p"	0.0901111428425707	6.06334436440537	0.00958546696880475	0.922007413553233	0.997816912000943
"hsa-miR-329-3p"	0.0540317900746012	5.88499283806349	0.00159466776434947	0.968146309540605	0.999043227369861
"hsa-miR-330-3p"	0.58721361856344	4.09165751539806	0.338849707773673	0.560493946067142	0.871118841757514
"hsa-miR-330-5p"	-0.621450521007276	5.53011632584521	0.296682921280548	0.585969442996975	0.878887344021104
"hsa-miR-331-3p"	-0.00723788031988509	8.81487637862408	3.93484966707547e-05	0.994995032224259	0.999043227369861
"hsa-miR-331-5p"	0.515733779852084	4.05767044390901	0.255153260376981	0.613469656545148	0.878887344021104
"hsa-miR-335-3p"	-2.04096361078318	7.00962021069195	1.63886089077159	0.200481830110342	0.616554734380959
"hsa-miR-335-5p"	-2.62839032587115	5.63047679695267	2.35286223632044	0.125053211243267	0.491481324407979
"hsa-miR-337-3p"	-0.546767416729872	6.14926381196211	0.183612193182299	0.668287181809541	0.88922365448428
"hsa-miR-337-5p"	-2.02790655838483	4.09738682131246	2.09964558379565	0.147333286333033	0.52116320718246
"hsa-miR-338-3p"	-3.34605332005276	5.91431357730395	1.49835580093406	0.220924522205625	0.640418109012734
"hsa-miR-338-5p"	-2.79776616403214	2.52615867226264	1.78676820866761	0.181320420869043	0.585031836033317
"hsa-miR-339-3p"	-0.0735404355695685	6.54217608214156	0.00326002237211398	0.954468240345557	0.999043227369861
"hsa-miR-339-5p"	1.94819937304593	7.38557563836653	2.53879556922404	0.111079490296791	0.462356510893482
"hsa-miR-33a-5p"	-0.513712235280941	4.94152763019409	0.0862182002156224	0.769041139295118	0.932583182400849
"hsa-miR-33b-3p"	0.777188685967172	2.58325228288304	0.512954820211261	0.473862527084905	0.851937651319923
"hsa-miR-33b-5p"	3.15063798130979	4.88627402048422	4.27218705582507	0.0387410369532894	0.245024480470805
"hsa-miR-340-3p"	0.114667768348935	3.76870729478424	0.0184504680709546	0.891953697835807	0.994007896672856
"hsa-miR-340-5p"	0.339748916191079	7.76410532837518	0.088762345412448	0.765756512902596	0.93230855445891
"hsa-miR-342-3p"	0.595933521971169	7.78123597076062	0.281840201237379	0.595497612629137	0.878887344021104
"hsa-miR-345-3p"	7.32508203910032	4.48270209794393	4.76009072677582	0.0291270127242266	0.236743599817524
"hsa-miR-345-5p"	0.685687040639772	7.8592753455716	0.523607719986098	0.469306775547146	0.851937651319923
"hsa-miR-34a-3p"	-1.33021069371821	4.0330254262283	0.670530512461005	0.412866707394877	0.824041338120103
"hsa-miR-34a-5p"	-1.52047851526417	9.67396358264573	1.18180182232537	0.276989485412953	0.732637931337833
"hsa-miR-34b-5p"	-0.773535997509899	3.39170491510477	0.262705916434521	0.608267218863206	0.878887344021104
"hsa-miR-34c-5p"	-0.113661857259596	7.4355919407831	0.00887730894524763	0.924934816986933	0.998061725714726
"hsa-miR-3605-3p"	0.596012202088536	3.80141505634139	0.305983092161577	0.580155645132946	0.878887344021104
"hsa-miR-3607-3p"	-0.460597368536833	5.24597149297842	0.186506219747931	0.665840508964593	0.88922365448428
"hsa-miR-361-3p"	2.00476481334253	7.68635294003368	3.39736738834312	0.0653005612816866	0.34946564114485
"hsa-miR-361-5p"	0.524589721611062	7.49915812461315	0.248921863680185	0.617835251467141	0.878887344021104
"hsa-miR-3613-3p"	-0.751907147559679	2.48100160365712	0.233344743280168	0.629054766274476	0.879984272547134
"hsa-miR-3613-5p"	-0.887399509395013	3.76693167423457	0.479079840674923	0.488839406849048	0.871118841757514
"hsa-miR-3615"	0.704066419303165	2.80805838737627	0.351565230363822	0.553228425711325	0.871118841757514
"hsa-miR-362-5p"	-0.647274438869555	4.23284875111609	0.259419787929494	0.610519048676268	0.878887344021104
"hsa-miR-363-3p"	-15.4693984114126	11.3411021353389	9.83525492995466	0.00171198553826864	0.0999375041157803
"hsa-miR-363-5p"	-6.26448368559101	2.57366083122048	4.5105375949294	0.0336866513206498	0.241255870487595
"hsa-miR-3651"	0.476885053751143	3.42939313539692	0.148461529556519	0.700009932359055	0.912821943786338
"hsa-miR-365a-3p"	0.613593205046081	7.33555441432488	0.358029603761962	0.549602584712	0.871118841757514
"hsa-miR-365b-3p"	0.632685202782795	7.34700900273059	0.378197796127056	0.538569326918061	0.871118841757514
"hsa-miR-365b-5p"	0.434762158312643	3.94648675624721	0.203485899678223	0.651921719724779	0.886683717215142
"hsa-miR-3661"	0.352413929116198	3.06188120997799	0.107336737947106	0.743196835835575	0.925302830901936
"hsa-miR-3677-3p"	-0.580557360775585	3.08172312750202	0.104708245382558	0.746251083756155	0.925302830901936
"hsa-miR-369-3p"	-0.063038086225938	6.53213189325639	0.00163889430184128	0.967707853063407	0.999043227369861
"hsa-miR-369-5p"	-0.15963716061028	5.92200162793041	0.00990601783654821	0.920718279509762	0.997816912000943
"hsa-miR-370-3p"	0.379763898595568	6.60435392761944	0.0531360288048015	0.817693524188772	0.954956226090964
"hsa-miR-370-5p"	0.0679377376164812	2.98310994829341	0.0026672921335944	0.958810898074081	0.999043227369861
"hsa-miR-374a-3p"	-1.12058580540276	6.88632011598459	0.822050125581319	0.364581438414773	0.808368656372481
"hsa-miR-374a-5p"	0.116287644941087	5.31457655478044	0.0121917070508815	0.912079414292168	0.997816912000943
"hsa-miR-374b-3p"	-1.96573933337005	2.97399698207266	2.45008477498595	0.117518521059366	0.476929331299261
"hsa-miR-374b-5p"	-0.113917658967914	5.59111563125514	0.0113129085312149	0.915295016718765	0.997816912000943
"hsa-miR-375"	-8.6314012822845	4.59112802671683	5.77836518030323	0.0162246252931726	0.217185435250626
"hsa-miR-376a-2-5p"	-1.33399820582111	2.45685388189462	0.515715286748181	0.472675163808955	0.851937651319923
"hsa-miR-376a-3p"	-0.821181354551202	4.93534604440255	0.316972227031743	0.573432932413676	0.876343673706187
"hsa-miR-376a-5p"	-0.99160948777254	6.53535883996457	0.420226756946763	0.51682391864907	0.871118841757514
"hsa-miR-376b-3p"	-0.775204445097216	4.50006901497796	0.448896813496195	0.502859306100644	0.871118841757514
"hsa-miR-376c-3p"	-2.1622502964531	7.36381475030782	2.05245134233188	0.151961345831436	0.52116320718246
"hsa-miR-377-3p"	-1.38869312847716	4.75077939717143	0.876133459459023	0.349262885152515	0.808368656372481
"hsa-miR-377-5p"	-0.65165384435962	5.60131472413331	0.261451145962832	0.609124946444035	0.878887344021104
"hsa-miR-378a-3p"	4.2659732891906	10.5094391010203	5.08606344568952	0.0241188805987911	0.231971243813125
"hsa-miR-378a-5p"	4.87663575806872	3.50538261106546	2.64103044503241	0.104135980753017	0.444861601988766
"hsa-miR-379-3p"	-0.950683548028064	4.29462886048038	0.460918181532752	0.49719517221771	0.871118841757514
"hsa-miR-379-5p"	-0.743699856608856	4.59245769462069	0.274163992476423	0.600552109726331	0.878887344021104
"hsa-miR-380-3p"	-0.708613931420024	4.18147435606627	0.356703228876228	0.550342903200676	0.871118841757514
"hsa-miR-381-3p"	-1.1471357374591	10.0859452839824	0.567567629819095	0.451227097602526	0.841944814300498
"hsa-miR-382-3p"	-0.0244600414092777	4.57327144647805	0.000264388033298424	0.987026958065647	0.999043227369861
"hsa-miR-382-5p"	-1.14794384683888	6.5925193211156	0.465008361061081	0.495292563718704	0.871118841757514
"hsa-miR-383-5p"	-6.48152393616016	4.84620023766997	4.73900498004588	0.0294861205184804	0.236743599817524
"hsa-miR-3909"	-0.709036458915854	4.1241214559257	0.408330356251654	0.522818169314811	0.871118841757514
"hsa-miR-3928-3p"	0.719948558066149	2.75491188403238	0.40478753178774	0.524627075961799	0.871118841757514
"hsa-miR-409-3p"	-0.315358050461125	10.7776813250401	0.0615143127477822	0.804118320433169	0.953639465250878
"hsa-miR-409-5p"	0.702668109330203	9.19472270874558	0.16648895936877	0.683251219682113	0.899306335095106
"hsa-miR-410-3p"	-0.117873639322637	9.2224245763138	0.00677927902177444	0.934379227734598	0.999043227369861
"hsa-miR-411-3p"	-1.24767681770628	4.8864873122341	0.723326536302455	0.395054908042404	0.808368656372481
"hsa-miR-411-5p"	-0.55754173342608	10.1419777634305	0.150654077844564	0.697911080151744	0.912821943786338
"hsa-miR-412-5p"	-0.0788946235461403	3.49033453674277	0.00225959570533529	0.962086672581274	0.999043227369861
"hsa-miR-421"	0.498885384434017	6.98004657709778	0.240633673883631	0.623748816296953	0.878887344021104
"hsa-miR-423-3p"	0.905132584616587	11.4363357782684	0.820289087759505	0.365095656932354	0.808368656372481
"hsa-miR-423-5p"	1.24847643556524	10.753162908188	1.58293357096995	0.20833864183474	0.623634583727565
"hsa-miR-424-3p"	1.43341685415176	4.55416812445744	0.849143928147334	0.356794629175679	0.808368656372481
"hsa-miR-424-5p"	-0.673170771406203	5.94156612899422	0.363480058379299	0.54657982394261	0.871118841757514
"hsa-miR-425-3p"	-0.0423407063158073	4.17799361724988	0.00188414680846583	0.965377289129224	0.999043227369861
"hsa-miR-425-5p"	-1.66501157646006	8.25489546968465	2.32787782918749	0.127075013785473	0.491481324407979
"hsa-miR-429"	-9.39735301126803	7.62401329233635	5.9717517121129	0.014536833257972	0.208218758724481
"hsa-miR-431-3p"	0.628047097281815	5.34573751483308	0.154851308338866	0.69394172469175	0.910915417587284
"hsa-miR-431-5p"	-0.0991302274155798	6.84726213267854	0.00485741566838094	0.944436292229464	0.999043227369861
"hsa-miR-432-5p"	-0.82113634258263	6.93673273792597	0.383780520025905	0.535586878385598	0.871118841757514
"hsa-miR-4326"	0.231757683691662	4.0042573781215	0.0311616567060531	0.85988021698118	0.979894995861257
"hsa-miR-433-3p"	0.45480491003581	4.01145476822238	0.0979511657173928	0.754302307737307	0.925302830901936
"hsa-miR-433-5p"	1.18304603354894	2.10554724720863	0.615168901294169	0.432848238710113	0.828327577474576
"hsa-miR-449a"	2.80072707980188	3.75667215551566	2.26898886420674	0.131985989883319	0.498272690489737
"hsa-miR-449b-5p"	-5.47200672591115	6.25401986349183	3.61863987672525	0.0571355659596603	0.31619341616312
"hsa-miR-450a-5p"	0.656956431493281	5.9484998545808	0.351625900766978	0.553194187012981	0.871118841757514
"hsa-miR-450b-5p"	0.824196779402148	6.63089674319717	0.512459276050119	0.47407618790082	0.851937651319923
"hsa-miR-451a"	-12.5649337594305	8.44174951058865	11.2054478899073	0.000815575392004963	0.0992963039766042
"hsa-miR-452-3p"	-0.995055338719881	5.22502654329354	0.401405665662741	0.526364204119788	0.871118841757514
"hsa-miR-452-5p"	-1.14769969170603	7.58798316242954	0.769855480744491	0.380261764223554	0.808368656372481
"hsa-miR-4521"	0.560233496495837	3.89633861902871	0.198322103913227	0.6560786177179	0.886683717215142
"hsa-miR-454-3p"	-6.48034619119115	11.0259860988723	9.695802243356	0.001846894326575	0.0999375041157803
"hsa-miR-454-5p"	-0.137092244719205	4.21588730584987	0.0252396403095431	0.873771387729494	0.986969153407106
"hsa-miR-455-3p"	-1.98797965912666	8.0160400404109	2.06941816858901	0.150278843220431	0.52116320718246
"hsa-miR-455-5p"	-3.31758565461738	8.59033854176654	4.29972693165936	0.0381184930335823	0.245024480470805
"hsa-miR-4662a-5p"	-0.287967813733401	3.31262563812773	0.033015258179379	0.855817370831129	0.978363989659061
"hsa-miR-4677-3p"	-0.036284511095456	4.61874845173067	0.00141253126271712	0.970019638654625	0.999043227369861
"hsa-miR-4775"	-0.779504345521534	4.50853005213051	0.415009363277217	0.519437838449671	0.871118841757514
"hsa-miR-484"	0.766156484125313	9.44572653232728	0.625103508683841	0.429157088367271	0.828327577474576
"hsa-miR-485-3p"	-0.69872067790264	5.97127110453715	0.322121922756234	0.570335228947777	0.876343673706187
"hsa-miR-485-5p"	0.537332213439917	5.78947201608414	0.113664811339143	0.736009764477385	0.925302830901936
"hsa-miR-486-3p"	-0.719527341826037	3.52594695716655	0.207824760215188	0.648477703100588	0.886683717215142
"hsa-miR-486-5p"	0.152375313469865	8.77611501052229	0.00995790999143509	0.920511580745882	0.997816912000943
"hsa-miR-487a-3p"	-0.534035640612475	4.62001359150746	0.175641502846325	0.675145934119721	0.895902097864588
"hsa-miR-487b-3p"	0.425372537246825	8.04611818100058	0.0856269500910916	0.769811990400701	0.932583182400849
"hsa-miR-490-3p"	-7.06564770077043	5.39314910128852	3.7234136561529	0.0536545714445444	0.300342256247047
"hsa-miR-493-3p"	0.307212059945415	6.57155815419911	0.0494165809565033	0.824081593510573	0.960114201051792
"hsa-miR-493-5p"	-0.100579091859376	6.36040865832208	0.00480491310113162	0.944736911787671	0.999043227369861
"hsa-miR-494-3p"	-1.04401118539906	6.43332698868248	0.635374266857713	0.425390822870699	0.828327577474576
"hsa-miR-495-3p"	-0.410945032054459	5.96138573899159	0.128671043118041	0.719813945728923	0.922498398868382
"hsa-miR-496"	0.181371469867673	3.70198303329404	0.0245456745487251	0.875504464623963	0.986969153407106
"hsa-miR-497-5p"	1.16785841336738	5.66663626425	1.09345738406774	0.295706431995798	0.749310467079431
"hsa-miR-499a-5p"	-10.8754980405276	9.09303854764398	6.87166214066784	0.00875731640196866	0.164031272606105
"hsa-miR-500a-3p"	1.36973573377455	9.36950961234522	1.6329307919158	0.201298157631566	0.616554734380959
"hsa-miR-500a-5p"	0.0929744130421639	2.55348061352122	0.00656676076387264	0.935413678685837	0.999043227369861
"hsa-miR-500b-5p"	0.338181584826819	2.64843699853732	0.0815027940765396	0.775271107083065	0.93454710185508
"hsa-miR-501-3p"	0.936924378661227	7.59973794880564	0.444911650494525	0.504761287973386	0.871118841757514
"hsa-miR-501-5p"	-0.537126487508139	3.50745846236247	0.142756489992815	0.705555921493648	0.916281956713085
"hsa-miR-502-3p"	1.21534786936656	5.09037808266896	0.736489865620629	0.390787624658735	0.808368656372481
"hsa-miR-503-5p"	0.745374917999451	2.68742157751124	0.248367969187406	0.618226592009898	0.878887344021104
"hsa-miR-505-3p"	-0.68831736950838	6.40804896788673	0.353475248504758	0.552152438174564	0.871118841757514
"hsa-miR-532-3p"	0.88031910925283	6.04996229399539	0.619850945352542	0.431102680982946	0.828327577474576
"hsa-miR-532-5p"	1.25763796042374	9.07254227245439	1.43081447852171	0.231631561157771	0.656506499074754
"hsa-miR-539-3p"	0.0156585913982729	6.34181177676492	9.88312013472381e-05	0.99206805041608	0.999043227369861
"hsa-miR-539-5p"	-0.003479213472142	4.20112714639714	6.06179123696649e-06	0.998035553930536	0.999043227369861
"hsa-miR-541-5p"	1.19064473679872	2.49172265549068	0.31839956274592	0.572571040199186	0.876343673706187
"hsa-miR-542-3p"	0.647910915383974	4.36180747754814	0.405387139632388	0.524320145861721	0.871118841757514
"hsa-miR-542-5p"	1.29414312384297	2.8014819187876	0.809868171965223	0.368159228559133	0.808368656372481
"hsa-miR-543"	1.1577314718645	5.39058240379058	0.941558085165743	0.33187746390222	0.801050024938145
"hsa-miR-545-5p"	2.59830195548377	2.88921917218544	2.42567194599745	0.119362049609775	0.480407588098845
"hsa-miR-548e-3p"	-0.165643152014556	4.09016710715434	0.0288158063614441	0.86520502714649	0.979894995861257
"hsa-miR-548k"	-0.746085029417556	5.10946872559718	0.643905536617245	0.422300074138688	0.828327577474576
"hsa-miR-548o-3p"	-1.80116220443084	3.14085414980297	3.24623621393147	0.0715876676260336	0.355746878917126
"hsa-miR-549a-5p"	1.24040141968703	3.43007953018879	0.637268374972987	0.424701692545718	0.828327577474576
"hsa-miR-551b-3p"	-6.62139415994489	4.94748327171318	7.27710504414221	0.00698389996067618	0.156932950564812
"hsa-miR-561-5p"	-0.554718677807766	3.84899542513154	0.291219231199356	0.589440275636436	0.878887344021104
"hsa-miR-574-3p"	0.205053055256265	9.66893903496571	0.041731707422862	0.838132041508421	0.969525663217579
"hsa-miR-574-5p"	-0.520156323761043	3.80093524681311	0.293900624347759	0.587731693132209	0.878887344021104
"hsa-miR-576-5p"	-0.0114354053785085	4.00990950022442	0.000135103652340263	0.990726069705095	0.999043227369861
"hsa-miR-582-3p"	-0.93257124650523	4.32641744344202	0.885552097935062	0.346685500256334	0.808368656372481
"hsa-miR-582-5p"	-2.62012987761938	3.21668420765206	3.37903829621476	0.0660305736762588	0.349531406308022
"hsa-miR-584-5p"	0.622288610478549	6.56503691483292	0.242496557226196	0.62240875590598	0.878887344021104
"hsa-miR-585-3p"	-4.28198768634251	2.96326202552339	8.67534369285189	0.00322544020462978	0.120829952281131
"hsa-miR-589-3p"	-0.774088216505799	3.78890729765139	0.330315578182792	0.565473323273479	0.874239709314871
"hsa-miR-589-5p"	1.18743136723719	6.86036909187526	0.940495707071158	0.332150391086041	0.801050024938145
"hsa-miR-590-3p"	-0.427601110542714	4.76589731882087	0.111289520899108	0.738680783799432	0.925302830901936
"hsa-miR-598-3p"	-1.44353690598591	3.56496776991668	1.48768881674649	0.22257539948555	0.641385914493864
"hsa-miR-615-3p"	6.66288289907298	4.68837001539676	16.6684527808759	4.4515156372382e-05	0.010839440576675
"hsa-miR-616-5p"	0.488949687060227	2.70430313953492	0.198943399391152	0.655575058642885	0.886683717215142
"hsa-miR-625-3p"	1.18387155111378	5.3731435936551	0.933682262337166	0.333907915939309	0.801050024938145
"hsa-miR-625-5p"	-1.29303100795252	5.34320598639769	1.16798070267725	0.279816540510959	0.732637931337833
"hsa-miR-628-5p"	-0.229860875271156	3.8786844998362	0.0435155955982438	0.834757449885593	0.967921138319724
"hsa-miR-629-5p"	0.0397789336384262	4.20681008814275	0.00159613857557162	0.968131630916486	0.999043227369861
"hsa-miR-641"	-0.509358735859289	3.65308546864581	0.284539660628335	0.593741082726645	0.878887344021104
"hsa-miR-652-3p"	-0.214729293255403	5.37824697631044	0.0382997632510755	0.844842438089406	0.973643865398489
"hsa-miR-652-5p"	-1.04566824854183	2.2717996050528	0.397497660831133	0.528384406732206	0.871118841757514
"hsa-miR-654-3p"	-0.704166735725166	10.4446095928416	0.294449066510566	0.587383468943351	0.878887344021104
"hsa-miR-654-5p"	0.575976363216271	4.61943996154934	0.147415783003534	0.70101726278458	0.912821943786338
"hsa-miR-655-3p"	0.390136643869888	3.51436319074778	0.102510557820136	0.748837417033815	0.925302830901936
"hsa-miR-656-3p"	-0.511157825394551	4.94630312171786	0.119292336314384	0.729803278711487	0.923153757746738
"hsa-miR-660-5p"	1.9161955674102	8.99043089130905	2.19473637280426	0.138482900240783	0.510917972858039
"hsa-miR-664a-3p"	-1.44155843509762	4.5559741723165	1.08739873191122	0.297048285242903	0.749310467079431
"hsa-miR-664a-5p"	-0.774323251394934	2.17222824507608	0.358352956345407	0.549422387253084	0.871118841757514
"hsa-miR-664b-3p"	3.04325787878897	2.48841439035881	2.3268441759655	0.12715943916921	0.491481324407979
"hsa-miR-665"	1.46394864137686	5.34725164907441	1.15443273884057	0.282623140999841	0.736029249555736
"hsa-miR-668-3p"	0.203512376063804	3.03329730658397	0.0226127767198179	0.880468407091744	0.99024514004073
"hsa-miR-671-3p"	0.169023686452184	7.04380973370826	0.0291363643901228	0.864464558822643	0.979894995861257
"hsa-miR-671-5p"	-1.0866000606107	4.53093837998066	0.796553956540843	0.372125681132257	0.808368656372481
"hsa-miR-7-1-3p"	-1.32045382222278	4.1793079371673	1.36548492336698	0.242589153693928	0.675090959136816
"hsa-miR-7-5p"	-1.13768315666582	5.23086861996484	0.685678543682072	0.40763816925264	0.816953861835538
"hsa-miR-708-3p"	-0.317085904232322	5.75233180371766	0.0599129647668732	0.806633556128657	0.953639465250878
"hsa-miR-708-5p"	0.38030135097429	6.29591553213151	0.0552537218421287	0.814161308698671	0.954956226090964
"hsa-miR-744-5p"	0.115421489246322	7.28876922716861	0.0129141567231095	0.909522803669008	0.997816912000943
"hsa-miR-758-3p"	-1.3362602881274	6.5933148888591	1.07405232647527	0.300031911869588	0.749310467079431
"hsa-miR-760"	3.72232979207217	2.6888065155769	3.29133203455928	0.0696464992909391	0.353310887027993
"hsa-miR-766-3p"	-1.32982820161518	2.97829412064678	1.10836371515225	0.292437917289475	0.749310467079431
"hsa-miR-769-5p"	-0.650018460642743	9.41494111719845	0.43275443625874	0.510640474284072	0.871118841757514
"hsa-miR-7706"	0.430525683364218	4.69969751423369	0.170753489884445	0.679443023806581	0.896717486704078
"hsa-miR-7974"	0.0358601934617701	3.77369031026818	0.00169157228310279	0.967193272185379	0.999043227369861
"hsa-miR-7976"	0.619694882060068	2.87280527140935	0.187240071046581	0.665223678329412	0.88922365448428
"hsa-miR-7977"	1.73621213575522	2.49203402917588	1.77560546867163	0.182689876791026	0.585328749981775
"hsa-miR-874-3p"	0.467702594946691	4.77772437055727	0.130443658264882	0.717972481675365	0.922498398868382
"hsa-miR-877-3p"	1.98437752033497	2.26074570077417	1.67590788934748	0.195469086317894	0.61021439126163
"hsa-miR-877-5p"	0.893685615962052	5.76382065794387	0.808978549091696	0.368422415368265	0.808368656372481
"hsa-miR-887-3p"	0.63175091854061	5.2459960433273	0.337314576957659	0.56138341562477	0.871118841757514
"hsa-miR-887-5p"	0.739041138977822	2.88319659568078	0.524173920475338	0.46906661675623	0.851937651319923
"hsa-miR-889-3p"	-0.607447830883145	7.58742563312837	0.113442596607432	0.736258320587181	0.925302830901936
"hsa-miR-9-3p"	-10.2372904149282	12.1009319137119	3.51158296632426	0.0609412022834014	0.329759616800183
"hsa-miR-9-5p"	-8.02400849647419	11.8041451533657	4.54614383211088	0.032992971575049	0.24085899732615
"hsa-miR-92a-1-5p"	-1.53225664431856	3.39140326487945	1.74260698606383	0.186808843117889	0.590752640249428
"hsa-miR-92a-3p"	-0.914951366665431	14.6057905145062	0.615279530623184	0.432806870246392	0.828327577474576
"hsa-miR-92b-3p"	0.00366741747090358	12.1341017127085	9.0117572995041e-06	0.997604786930771	0.999043227369861
"hsa-miR-92b-5p"	0.630067122519845	2.36603392763383	0.202918506366173	0.652375353514255	0.886683717215142
"hsa-miR-93-3p"	0.327951235248719	4.22618180648779	0.103938896038211	0.747153048679916	0.925302830901936
"hsa-miR-93-5p"	-0.0655721404514258	8.6444577603736	0.00413155813831168	0.948749509537451	0.999043227369861
"hsa-miR-935"	0.447744972616215	6.34006121200073	0.122216289271467	0.726643066166329	0.923153757746738
"hsa-miR-940"	-1.02909406827209	3.81555977271465	1.17029845719319	0.27933992408546	0.732637931337833
"hsa-miR-941"	0.980475382109785	7.19278188872574	0.794312031445957	0.372799438412822	0.808368656372481
"hsa-miR-941-3-5p"	0.946296961773007	4.93022354897231	0.815819669396021	0.366405238196986	0.808368656372481
"hsa-miR-96-5p"	-10.4756987246505	6.37158803537907	8.41373604884898	0.00372396600520248	0.128409764498893
"hsa-miR-98-3p"	-1.52830670136384	3.93304801546751	3.10344498035147	0.0781268067323501	0.369395678433539
"hsa-miR-98-5p"	-0.00122845188275359	10.7111346750891	1.43792942708387e-06	0.999043227369861	0.999043227369861
"hsa-miR-99a-3p"	-1.96891815737904	4.74053864880427	1.55850266620836	0.211884593454057	0.623634583727565
"hsa-miR-99a-5p"	-1.3398558669914	10.0166772318759	0.652702788917459	0.419148016305519	0.826417343889829
"hsa-miR-99b-3p"	0.163325681007732	5.93242044852882	0.0290526959740651	0.864657421528836	0.979894995861257
"hsa-miR-99b-5p"	1.31698980883303	14.2812678471966	1.23112152755959	0.267189038501775	0.71104405328068
