"logFC"	"logCPM"	"LR"	"PValue"	"FDR2"
"hsa-let-7a-3p"	-0.40839776388012	4.879709893738	0.272382129862825	0.601738277377549	0.750083477703264
"hsa-let-7a-5p"	-1.01063684522978	15.5768439905781	4.45793623821646	0.0347394444205904	0.0755846093757088
"hsa-let-7b-3p"	0.132639561929038	4.53917102639285	0.114085552906792	0.735539888261181	0.838281967891314
"hsa-let-7b-5p"	-0.0360120163604599	10.944710862839	0.00746917524111268	0.93112905879856	0.969270595005056
"hsa-let-7c-5p"	1.18346822460423	3.91656106294687	7.4839328461938	0.00622519520509249	0.0191012399882752
"hsa-let-7d-3p"	-1.19338534051778	7.22502602302024	9.04111345965313	0.00263974813379884	0.00966661266937141
"hsa-let-7d-5p"	-0.965830934047676	10.5203017970705	3.38899087588102	0.0656331067329387	0.125331304878324
"hsa-let-7e-5p"	-1.63481581860367	6.95831966683246	1.26559663452406	0.260594376547566	0.39809949438543
"hsa-let-7f-1-3p"	-0.18374614641308	3.29466648219936	0.124367878636614	0.724344622752171	0.830797826095941
"hsa-let-7f-2-3p"	0.261609862168247	3.7577175055813	0.159944475120864	0.689207642312481	0.824751811967269
"hsa-let-7f-5p"	-0.0383646038599155	15.5572020029408	0.00739484799214551	0.931471741717951	0.969270595005056
"hsa-let-7g-3p"	0.0700300938429295	5.0698814639643	0.0189335473050791	0.890557166384373	0.951517924797589
"hsa-let-7g-5p"	0.48312509670373	15.0237117104663	1.55615567341238	0.212228992522832	0.341660126976219
"hsa-let-7i-3p"	-1.97675614015057	7.82626713415988	21.3958646202569	3.73576079365153e-06	3.83182321405971e-05
"hsa-let-7i-5p"	-0.885187719595851	13.4286741937421	3.60675175916981	0.0575454128738846	0.111669206603917
"hsa-miR-1-3p"	4.20585506939015	2.17721117621332	11.7653633676611	0.000603431014083932	0.00257894921495395
"hsa-miR-100-5p"	0.946534789615983	5.96314073616451	0.948483749933395	0.330105546223104	0.474031564376377
"hsa-miR-101-3p"	0.778003269966512	14.1677051663206	1.3792488981403	0.240229128725804	0.376603743286305
"hsa-miR-101-5p"	0.918095795247812	5.18299202623626	2.68966212491949	0.10100122887682	0.179502183993953
"hsa-miR-103a-3p"	0.329467947368246	12.4463317009957	0.477687266049031	0.489471761788102	0.632087634827082
"hsa-miR-106a-5p"	0.623009651781053	5.13042572752567	2.04652020886929	0.152554524540896	0.257122414601792
"hsa-miR-106b-3p"	-1.13058883616865	9.48411929547193	4.71490776713661	0.0299021696694469	0.0679422715907054
"hsa-miR-106b-5p"	0.0198941832828196	8.44723184065078	0.000873345519963209	0.976424012168023	0.990195035698885
"hsa-miR-107"	1.22633013601081	3.97331673006516	6.85528616876235	0.00883794002622734	0.0251811148366319
"hsa-miR-10a-5p"	1.13250372397285	12.2827809110002	4.05775255583586	0.0439689814326033	0.0896867291721851
"hsa-miR-10b-5p"	-1.31333974435997	6.75188203021946	1.71639996769311	0.190157108459134	0.310301826985586
"hsa-miR-122-5p"	-8.39600073486733	4.61677628966221	20.7148705859434	5.33004610075638e-06	4.94054370368822e-05
"hsa-miR-1248"	-0.747509054132164	4.01509062480138	0.877274789877367	0.348949180403332	0.491265708881553
"hsa-miR-1249-3p"	1.521642928129	3.00438028014163	5.51575075530711	0.0188459828140843	0.0469840821545573
"hsa-miR-1255a"	-0.350689644857015	2.64590813254872	0.0745189223961757	0.784867404081265	0.881799569782192
"hsa-miR-125a-5p"	3.5864458539461	10.9180285683143	22.453857580029	2.15252754654982e-06	2.34168905821632e-05
"hsa-miR-125b-5p"	3.17133759235634	5.97752147949335	40.9030175280675	1.59973943246789e-10	2.73479264883796e-09
"hsa-miR-126-3p"	-0.473645269423871	3.96379440834701	0.435964266872629	0.509076791480117	0.650386363492391
"hsa-miR-126-5p"	-3.46769918890735	7.20678139084373	8.68777963136809	0.00320350642723636	0.0113867208651273
"hsa-miR-1260a"	1.87985426762075	4.50222266677874	16.7459085307208	4.27343174398629e-05	0.000289464527564355
"hsa-miR-1260b"	1.27666615839442	3.45731535622799	4.35928686933442	0.0368077105355335	0.0786306081712565
"hsa-miR-127-3p"	-2.53376551191929	4.25405702359758	13.7565686510557	0.000208091873423167	0.00109860268468996
"hsa-miR-1271-5p"	0.279360655153679	6.94241074232584	0.127453162645413	0.721087441259337	0.829842907010848
"hsa-miR-1273h-3p"	-1.86410045549705	5.65296415429646	18.261833889457	1.92526133738413e-05	0.000138877889695373
"hsa-miR-128-1-5p"	-3.63371341467072	5.15676748651642	8.81371294806027	0.00298975023790999	0.0107332033540969
"hsa-miR-128-3p"	0.91727612768405	9.16801867008638	6.71697130957771	0.00954996694434349	0.0263726010232255
"hsa-miR-1285-3p"	3.95225485466565	3.4244310556883	6.75764629684688	0.00933468061765338	0.0261588649855903
"hsa-miR-1291"	1.55993793848105	2.55369854434812	4.63219841007948	0.0313773340009708	0.0707595035069773
"hsa-miR-1294"	0.286914723003005	2.81738629441508	0.146871694222612	0.701542986164991	0.829842907010848
"hsa-miR-1299"	-6.73003190290435	2.99073060461818	6.74526078803536	0.00939970357420932	0.0261588649855903
"hsa-miR-1301-3p"	0.649319736194686	4.51701253773402	1.41645127099799	0.233988390693291	0.368429088854787
"hsa-miR-1304-3p"	-1.40766995485107	4.74411229562333	3.42001659193342	0.0644103658894475	0.123654124889367
"hsa-miR-1307-3p"	0.0137497837188552	7.07959369493104	0.000634006251700292	0.979911803743	0.990195035698885
"hsa-miR-1307-5p"	1.25338391253832	8.10191961427115	8.32302272583627	0.00391457249526879	0.013384109769538
"hsa-miR-130a-3p"	0.474832873284673	5.05214568040404	1.0956511320583	0.295222483846615	0.436151735394793
"hsa-miR-130b-3p"	0.752206919721847	7.16257070100647	3.97301988469474	0.0462347834696186	0.0932488048628824
"hsa-miR-130b-5p"	2.08933949626713	4.96623737776274	21.910617081707	2.85649162273805e-06	3.01611909577342e-05
"hsa-miR-132-3p"	-0.427945050258067	5.69712408073244	0.22194825518853	0.637559438528412	0.781173510005802
"hsa-miR-132-5p"	1.67203140907715	3.08279857119173	7.51302558819929	0.00612543918670765	0.0191005376707274
"hsa-miR-133a-3p"	2.16914871281598	3.03479579235087	7.49945653212269	0.00617176147577822	0.0191005376707274
"hsa-miR-138-5p"	-6.26534703222534	4.77395342678764	50.6396505021566	1.10980134226365e-12	2.65612454581767e-11
"hsa-miR-140-3p"	0.199665647080627	12.6309950716753	0.262829480899864	0.608182893466259	0.750301232832945
"hsa-miR-140-5p"	0.296453827827368	6.40438354767375	0.263668303354928	0.607611107841994	0.750301232832945
"hsa-miR-141-3p"	-1.71167874091402	9.88673369311523	7.35125415714882	0.00670159899463036	0.0202968018827397
"hsa-miR-142-3p"	1.25495279043686	12.332426200006	2.45084543283662	0.117461588143608	0.205701025090513
"hsa-miR-142-5p"	-0.491469784655634	16.3448929986644	0.999010998744779	0.317549935610366	0.457833039695267
"hsa-miR-143-3p"	-2.52101266552874	6.9001687798657	16.1244274259597	5.93140365758866e-05	0.000380245341620416
"hsa-miR-144-5p"	-1.34882232535118	2.69762327186267	1.19341366613672	0.274642059304049	0.410818747042307
"hsa-miR-1468-5p"	-0.416621583390998	5.46099021970409	1.24925484087879	0.263694846363205	0.399436497233715
"hsa-miR-146a-3p"	4.08812665865035	2.49317708877853	8.28515575548866	0.00399704760189299	0.0135371706516942
"hsa-miR-146a-5p"	-0.57425223831137	13.5143626254679	0.54000196391371	0.462431912542191	0.60928655890868
"hsa-miR-146b-3p"	2.06104398289839	8.54488703096529	5.69913594671453	0.0169732667554013	0.0429112870787962
"hsa-miR-146b-5p"	0.230457856660368	14.9554139003169	0.0351503457804938	0.851280967693025	0.928463433765507
"hsa-miR-148a-3p"	0.876272633404834	11.6264477965418	2.76121525824999	0.096574850506283	0.173351856658778
"hsa-miR-148a-5p"	-1.33064096371448	5.60059767791633	2.58415897378292	0.107937726242295	0.189949233926392
"hsa-miR-148b-3p"	-0.305878381804483	10.4120900644788	0.625373374402933	0.429057486804854	0.579066307379483
"hsa-miR-148b-5p"	0.634388724840893	5.78056535998928	2.73519195060085	0.0981597064365701	0.175320072690192
"hsa-miR-150-3p"	0.0303186193363997	7.5278863451907	0.00392950970076811	0.950016703974526	0.980045967605905
"hsa-miR-150-5p"	2.18801535519578	15.7758092121685	11.8136980409092	0.0005879653305472	0.00254312715260777
"hsa-miR-151a-3p"	-4.37972967985352	12.6095300659927	58.5127050477484	2.01982388671727e-14	7.251167753315e-13
"hsa-miR-151a-5p"	-3.33061384633621	11.8864040145677	64.6813725012953	8.8043266445964e-16	3.95094158176264e-14
"hsa-miR-151b"	-5.51134804157556	7.70114346534753	59.7790545407211	1.06126819297495e-14	4.23328090308898e-13
"hsa-miR-152-3p"	3.06589511782446	6.79546059659268	44.0893724865806	3.13719614428007e-11	6.25696342109191e-10
"hsa-miR-152-5p"	2.30925636938039	2.32578121709127	4.99913505915051	0.0253599890085995	0.0588417155875171
"hsa-miR-153-3p"	0.655175060259486	3.04711447145471	1.22266328255407	0.268838614327081	0.405517069510177
"hsa-miR-155-5p"	-4.62247920292688	13.5987683721633	12.1225733906067	0.00049815111813882	0.00220785495570168
"hsa-miR-15a-5p"	-1.03742668675292	11.8663630516783	4.59167652299755	0.0321275740157028	0.0707595035069773
"hsa-miR-15b-3p"	0.371193350701218	5.61811406089152	0.911619752560427	0.339685015688098	0.482003638861768
"hsa-miR-15b-5p"	0.317293080829112	8.66595830591487	0.745827838003751	0.387800385355676	0.534677082619957
"hsa-miR-16-2-3p"	0.448680600523878	7.33444565115926	1.49657957259943	0.221198401503298	0.351372682033999
"hsa-miR-16-5p"	-2.26507798737049	14.7600626043932	18.2152603070717	1.97291709595098e-05	0.000138877889695373
"hsa-miR-17-3p"	0.336636649802283	7.68194637734336	0.576744231260133	0.447591315429751	0.597343056651601
"hsa-miR-17-5p"	-1.59406431647177	8.8050698918962	9.98921088389748	0.00157460066786706	0.00607829720176638
"hsa-miR-181a-2-3p"	2.1806856743073	10.0379900401251	16.2958713369596	5.41818753147124e-05	0.000353659877054214
"hsa-miR-181a-3p"	-0.533671921681864	9.31033031201009	1.75163473440379	0.185671355405202	0.304365372559213
"hsa-miR-181a-5p"	-1.26211900501275	16.7568088093609	5.86114109679875	0.0154787558082097	0.0405611192346518
"hsa-miR-181b-2-3p"	2.52330252082888	2.93686962780603	13.6899652805743	0.000215603452972188	0.00112176289300023
"hsa-miR-181b-5p"	0.177807671432485	11.4398879810968	0.128847958529718	0.719629517944658	0.829842907010848
"hsa-miR-181c-3p"	2.85578184672144	5.73110360873913	30.6086851758703	3.15677465451207e-08	4.35877731142243e-07
"hsa-miR-181c-5p"	2.34792928296271	9.91803487530959	29.0604251614644	7.0155552266331e-08	8.99494402271887e-07
"hsa-miR-181d-5p"	2.31254876148642	5.22216474638514	10.7607799303942	0.00103673684986562	0.0041492247826024
"hsa-miR-182-5p"	-4.40382014685407	7.69029789750933	13.0127652771311	0.000309374747048019	0.00149294272259777
"hsa-miR-183-5p"	-5.89863425438687	5.37464574851641	30.5242999355056	3.29710728138359e-08	4.38393153339522e-07
"hsa-miR-185-3p"	0.684315747961354	3.26787829699153	0.738287468862159	0.390210015728214	0.534677082619957
"hsa-miR-185-5p"	1.72055307918229	6.73707757893163	12.3764848835827	0.000434774897920545	0.00195105235441844
"hsa-miR-186-5p"	0.137566318011974	13.9661080763424	0.0864517076372557	0.768737491500184	0.870589146525445
"hsa-miR-188-5p"	-0.545392853330709	2.66808412763355	0.137132263353282	0.711148740046412	0.829842907010848
"hsa-miR-18a-3p"	-0.714107895845264	3.51911165382501	0.542915017338097	0.461227153243846	0.60928655890868
"hsa-miR-18a-5p"	-0.821414266985273	4.98320756183912	2.62048268222296	0.105492346891201	0.186560357310055
"hsa-miR-190b"	0.348536307701791	3.21870805099292	0.268791931437397	0.60414330839027	0.750301232832945
"hsa-miR-191-3p"	0.899210198359239	3.00769639606072	1.32646675439448	0.249434759803563	0.384322226478451
"hsa-miR-191-5p"	-1.24462040528989	14.8267851407921	5.61400642740057	0.0178174801564983	0.0447305970362441
"hsa-miR-192-5p"	0.202906842592354	12.7272160474316	0.256666511687314	0.612419611250998	0.752940549449001
"hsa-miR-193a-3p"	1.99495852945484	2.40739847179771	2.95616438693609	0.0855506626012952	0.155901968902868
"hsa-miR-193a-5p"	-3.61795704533434	5.70958634988825	24.0871989381518	9.20703214359647e-07	1.03291391860973e-05
"hsa-miR-193b-3p"	-0.957826946498751	4.24945021032483	3.09703657550616	0.0784349508816164	0.144400755725642
"hsa-miR-194-5p"	0.0752366518014661	6.59602137122389	0.0313546550873607	0.859451476035062	0.932154319929266
"hsa-miR-195-5p"	-3.02085428060561	6.11341890634183	20.701581853125	5.36716446918776e-06	4.94054370368822e-05
"hsa-miR-196a-5p"	4.36413801452522	3.18075392485531	20.5962481932194	5.67071367619051e-06	5.08946552438098e-05
"hsa-miR-196b-5p"	3.2986883263735	4.26278576505017	43.6786392091868	3.86972527802927e-11	7.28198812237759e-10
"hsa-miR-197-3p"	0.633606059689759	9.9098802841862	3.19421144898373	0.0738994014834123	0.137460544728212
"hsa-miR-1976"	-0.0146415908315214	3.83817225013186	0.000742965055295031	0.978254445804581	0.990195035698885
"hsa-miR-199a-3p"	0.237049511019179	5.61823239269634	0.359223867432305	0.548937595894439	0.689051038203159
"hsa-miR-199b-3p"	0.242079468061032	4.50451155167669	0.39021450665278	0.532186669509983	0.672728923781986
"hsa-miR-199b-5p"	1.83910780701208	5.08939307294444	7.04696077246188	0.0079399858321415	0.0233643845388426
"hsa-miR-19a-3p"	0.486284502416703	7.87120434581278	0.400329149341609	0.526919319408274	0.669607995057172
"hsa-miR-19b-3p"	-0.256690524131977	10.5130171747918	0.183288581782961	0.66856218571589	0.808127355797995
"hsa-miR-200a-3p"	-1.90727335925767	4.81027158038426	9.79653086104103	0.001748413968924	0.00653833973795539
"hsa-miR-200b-3p"	-0.388354986801835	5.46368549908396	0.469871797024228	0.493046153816233	0.634421395053862
"hsa-miR-200c-3p"	-1.28287219921494	5.34922106162033	8.32925975330442	0.00390115512318454	0.013384109769538
"hsa-miR-203a-3p"	2.83817630896152	2.2986570569778	4.59764423848529	0.0320159201157154	0.0707595035069773
"hsa-miR-20a-5p"	-2.01385114561028	10.1087012775715	19.3634519627491	1.08055372728345e-05	8.62041751321684e-05
"hsa-miR-20b-5p"	-0.697441560615607	6.3382006320025	1.56727663120141	0.210602954047318	0.340569641905348
"hsa-miR-21-3p"	-2.68932337459378	11.6237610519448	4.56480319818137	0.0326354237199472	0.0714397385089088
"hsa-miR-21-5p"	-0.71681810757299	14.9489389003574	0.916650383336673	0.338356011980453	0.482003638861768
"hsa-miR-210-3p"	-1.22108830046806	5.75577034307863	5.03159594642646	0.0248889535370165	0.058783778419664
"hsa-miR-210-5p"	-2.90304479027491	3.64596420407426	4.90813552252048	0.0267304799292701	0.0615143736833843
"hsa-miR-2110"	-0.161672450346717	3.70711822624202	0.0696836461783938	0.791797948669447	0.885531039166142
"hsa-miR-2110-3p"	1.56912748222715	4.64699979826006	13.167285319039	0.000284879142342355	0.00140098098768364
"hsa-miR-212-3p"	-0.422736062074889	3.05579887571943	0.136504941926235	0.711780596089306	0.829842907010848
"hsa-miR-212-5p"	2.09019901765832	2.87594738224386	6.66293326068161	0.00984387506097297	0.026976726312132
"hsa-miR-215-5p"	1.10882987343983	4.55530139515486	6.00294595922546	0.0142820110621039	0.0382629997857859
"hsa-miR-22-3p"	2.3334011867268	13.5843867048809	19.5172108780941	9.96973603836159e-06	8.16297548016819e-05
"hsa-miR-22-5p"	3.1410688171685	5.23198285230349	47.8278264436867	4.65340300072853e-12	1.04410729828846e-10
"hsa-miR-221-3p"	-0.470665666453585	11.7213648430603	1.30754587037853	0.252839470022998	0.387903289479727
"hsa-miR-221-5p"	0.75331417764783	7.08043410509427	2.8685447545213	0.090326510380898	0.163773824377487
"hsa-miR-222-3p"	-0.375512844328209	10.0210051126058	0.925260463737273	0.336097526574798	0.48071319537989
"hsa-miR-222-5p"	-1.4530314066134	2.74661270508949	1.53505515666373	0.215355338519727	0.345145386288313
"hsa-miR-223-3p"	-1.17284324548647	9.8702839431897	4.59838953847031	0.0320020042823375	0.0707595035069773
"hsa-miR-223-5p"	-4.110052991355	5.2805680494866	56.8425869385779	4.72130390395448e-14	1.54086191047242e-12
"hsa-miR-2277-5p"	2.06896137363135	3.49572419952275	14.8904100454159	0.000113940750280224	0.0006492814182635
"hsa-miR-2355-5p"	-0.238816598146703	4.46146741060169	0.193115378577324	0.660336265432369	0.800880808412907
"hsa-miR-23a-3p"	3.25839906108309	10.5798183101492	55.3675535798738	9.99731037589246e-14	2.76079571149646e-12
"hsa-miR-23a-5p"	0.139055368165069	5.0030280486083	0.0341150963408801	0.853462209310911	0.928463433765507
"hsa-miR-23b-3p"	1.52516378343856	7.21989692577634	12.9975661651407	0.000311896111963323	0.00149294272259777
"hsa-miR-23c"	6.98781214927401	3.21147231039919	9.80297391633989	0.00174229884289296	0.00653833973795539
"hsa-miR-24-2-5p"	2.79194151929987	5.41732571103269	32.4815831785097	1.20327438125929e-08	1.79989792863369e-07
"hsa-miR-24-3p"	1.36012629930746	9.26357583956254	10.7907819186117	0.00102006784929591	0.0041492247826024
"hsa-miR-2467-5p"	0.0964997125200097	2.88428231105398	0.0139180884385377	0.906087507560798	0.957252772339773
"hsa-miR-25-3p"	-1.26387117357625	12.9764265186939	8.50406072598344	0.00354354781793426	0.0124718986925333
"hsa-miR-25-5p"	0.510879923356835	4.48606310783796	1.14977359166825	0.28359654981978	0.422452951806229
"hsa-miR-26a-2-3p"	0.409121305956366	4.04104060870846	0.499935663621694	0.479528392395296	0.625430118909049
"hsa-miR-26a-5p"	-0.489050908530987	16.0680373157938	1.36167485190754	0.243247425949364	0.379677503981834
"hsa-miR-26b-3p"	1.59332804268927	6.47454122104526	6.87021930236114	0.00876438956749265	0.0251713268378389
"hsa-miR-26b-5p"	-0.038283109815905	13.7869423788533	0.0097743288303036	0.921245295621132	0.968010910114396
"hsa-miR-27a-3p"	2.78924935289522	11.6961019394727	38.377354738259	5.83050521093172e-10	9.10065813358473e-09
"hsa-miR-27a-5p"	0.848062277342681	6.3343206644273	3.37372792097776	0.0662437001387687	0.125650191661459
"hsa-miR-27b-3p"	-1.18724335031544	12.4555663886597	5.83456362496361	0.0157143068859687	0.0408799722613244
"hsa-miR-27b-5p"	-1.41139989595664	3.9374067080104	3.8025690888404	0.0511740076384975	0.100409187703977
"hsa-miR-28-3p"	-1.03093998440782	14.0782194382829	3.86926345822053	0.0491780985357386	0.0975410904659125
"hsa-miR-28-5p"	0.288457386819566	10.2684964979247	0.496975534397222	0.480832069133419	0.625430118909049
"hsa-miR-296-5p"	1.32284947290432	3.31045498758862	4.12416979707593	0.042274758420686	0.0869305542017811
"hsa-miR-29a-3p"	0.653726195411375	13.9210698026587	2.16419643162456	0.141258448692791	0.2438066494265
"hsa-miR-29a-5p"	1.70520231851726	4.67995526907301	12.9190495446638	0.000325254972343898	0.00153640177725604
"hsa-miR-29b-1-5p"	-0.723318531127652	3.44510170873569	1.03507989100186	0.30896852644332	0.449067615356891
"hsa-miR-29b-3p"	0.715683219891583	9.9722895440466	2.04917974088669	0.152288218305983	0.257122414601792
"hsa-miR-29c-3p"	0.228298562934882	12.1020720979723	0.147734201080254	0.700710108934157	0.829842907010848
"hsa-miR-29c-5p"	-0.585540142514526	6.28074392475922	1.84473713837317	0.174396739072118	0.288518107497191
"hsa-miR-301a-3p"	0.0378331174047715	6.23312531087178	0.00279995974479164	0.957799915048925	0.985244038689296
"hsa-miR-301b-3p"	0.353831580212195	3.62769247950642	0.172966682742625	0.677488570044985	0.813439453666052
"hsa-miR-30a-5p"	-7.79241180493693	9.88812440678227	103.739745803899	2.30716100108113e-24	4.14135399694063e-22
"hsa-miR-30b-3p"	-1.90456500526688	3.46814387077569	5.01170855011756	0.0251764479842061	0.0588417155875171
"hsa-miR-30b-5p"	-0.563935704979444	11.3223067413516	0.778806354349399	0.377506447805548	0.523261833058655
"hsa-miR-30c-1-3p"	-2.0160620325632	4.10923188510955	6.77368733701115	0.00925115051969833	0.0261508900517457
"hsa-miR-30c-5p"	0.0502662353847004	11.4912899112009	0.0137687523616137	0.90659036934686	0.957252772339773
"hsa-miR-30d-3p"	-1.62278256948796	6.47549278621743	9.02321353355541	0.00266572327094086	0.00966661266937141
"hsa-miR-30d-5p"	-1.27925918060673	13.6792787749566	11.6459057537511	0.000643439965557584	0.00271758761923733
"hsa-miR-30e-3p"	-1.65786546652542	9.52167715276736	1.91958107971884	0.165902849210187	0.275736679937302
"hsa-miR-30e-5p"	-0.669357468345244	13.6804673008551	1.0532474947147	0.304760343450557	0.447453107235148
"hsa-miR-31-3p"	5.34162619854721	2.54604371103807	18.5044742745745	1.69505907179966e-05	0.000129473661016186
"hsa-miR-31-5p"	6.66736704708888	6.89721830545104	88.4554907287075	5.19916673358331e-21	4.66625214339102e-19
"hsa-miR-3150b-3p"	-9.27058296958574	5.43498573906439	90.5066750284367	1.84353906730028e-21	2.206101750536e-19
"hsa-miR-3176"	-1.33775267519921	3.09487993673806	1.05061741323492	0.305364933906995	0.447453107235148
"hsa-miR-3194-5p"	2.77270069840089	3.25148361088751	19.5105117150358	1.00047610341894e-05	8.16297548016819e-05
"hsa-miR-32-3p"	-0.426953953743642	3.18034996795958	0.364139544408409	0.546216178431745	0.688040730024548
"hsa-miR-32-5p"	-0.738853238121125	7.81078289500046	0.721714606418573	0.395582062480948	0.539977035858024
"hsa-miR-3202"	1.73639631079977	2.55620460202474	4.99605254960563	0.0254051975377859	0.0588417155875171
"hsa-miR-320a"	-0.423485089629669	10.0156163203949	1.10685529317131	0.292766560971414	0.43431072474685
"hsa-miR-320b"	-0.0095888367187881	3.9491933654339	0.00060698388992414	0.980344472183374	0.990195035698885
"hsa-miR-324-3p"	-0.156001223051053	4.50380260574774	0.0737131765150512	0.786005187549586	0.881799569782192
"hsa-miR-324-5p"	-0.223372850121383	4.49173492858701	0.324661404907293	0.568819685961332	0.71152009498299
"hsa-miR-326"	4.26248616655538	4.17772467768899	45.0240938833027	1.94625022016102e-11	4.11002252375179e-10
"hsa-miR-328-3p"	0.0125586989866053	6.03563224236242	0.000368780994050688	0.984678628814769	0.990195035698885
"hsa-miR-330-3p"	1.8282213785387	5.26159757445922	15.4671639711082	8.39510712574021e-05	0.000519628182438058
"hsa-miR-330-5p"	0.532494094406091	5.30728778745784	1.21127393441	0.271079969132903	0.40718706660549
"hsa-miR-331-3p"	1.4259505853727	6.4105678407469	7.8960210652245	0.00495436620243086	0.016317591437364
"hsa-miR-331-5p"	0.0850044520371092	3.20072294210363	0.0258890530523521	0.8721715674225	0.934655500610977
"hsa-miR-335-3p"	-2.11618215830905	6.31426020963765	12.5321552165874	0.000400008153934974	0.00181775857294501
"hsa-miR-335-5p"	0.057966373274691	5.55159668770849	0.00557807090362594	0.94046416178115	0.972987418096349
"hsa-miR-338-3p"	4.59286908923938	7.76704436261267	56.1511815596835	6.71072599219738e-14	2.00762552599905e-12
"hsa-miR-338-5p"	3.31746305874688	3.20836694301027	13.8784482383932	0.000195022032035212	0.00104496879851703
"hsa-miR-339-3p"	0.159758179706029	8.72033261369138	0.127345337014951	0.721200520856224	0.829842907010848
"hsa-miR-339-5p"	1.4494514001485	7.1378581634906	9.16977766389472	0.00246044459186665	0.00910618153072296
"hsa-miR-33a-3p"	1.00424879967333	4.06522471648142	1.34436410944209	0.246265812592211	0.382724790998285
"hsa-miR-33a-5p"	1.97768165025122	4.73723311064147	11.2063679643213	0.000815171116423381	0.00336375207811487
"hsa-miR-33b-5p"	1.44506675005071	3.70206555556295	7.61837830886178	0.00577764203705624	0.0183555176221521
"hsa-miR-340-3p"	0.535461749159363	3.78372793683937	0.57092138156154	0.449893016045608	0.59819108429768
"hsa-miR-340-5p"	0.335402277304366	9.20645478517232	0.480818922137033	0.488051612541555	0.632087634827082
"hsa-miR-342-3p"	0.564019475903678	12.5749419952054	1.763719071442	0.184161307461533	0.303274813663717
"hsa-miR-342-5p"	1.3665934281728	7.52676492848583	13.3125287154411	0.000263638571033881	0.00131453120834949
"hsa-miR-345-5p"	-0.00333135851914381	7.36087563067458	5.04371314065111e-05	0.994333542968662	0.99682551406264
"hsa-miR-34a-5p"	-0.12882220509873	4.2423111503526	0.0587837394573061	0.808428720084859	0.895758983056989
"hsa-miR-3605-3p"	0.983817202795691	2.99891188631895	3.10712031497608	0.0779506687797947	0.144248917999723
"hsa-miR-3607-3p"	-0.0868356186948044	8.17549410320504	0.00602978352771188	0.938105131137851	0.972987418096349
"hsa-miR-3609"	-3.23010731280867	5.4250348741725	17.5806690839838	2.75373408096716e-05	0.000190113564436002
"hsa-miR-361-3p"	0.151880796966797	11.6087464644736	0.132098944104087	0.716265631783866	0.829842907010848
"hsa-miR-361-5p"	-1.28106132540016	8.71915414586435	10.382343837539	0.00127226083409418	0.00496458303738926
"hsa-miR-3613-3p"	0.973860616034652	2.78457491016483	1.60235635652529	0.205569600088409	0.333934327745424
"hsa-miR-3613-5p"	0.557132212298271	4.48267567559485	0.784139045523886	0.375878254205903	0.523261833058655
"hsa-miR-3614-5p"	-3.7462082562167	2.63394595164236	7.75366738545754	0.00536035791867735	0.0173366530883348
"hsa-miR-3615"	-1.34888628538888	6.22100313531019	4.33741183896433	0.0372835582141823	0.0786306081712565
"hsa-miR-362-3p"	1.13965027222017	3.75264678976463	3.36736341625579	0.0665001014364267	0.125650191661459
"hsa-miR-362-5p"	-3.0927288062275	5.63931092668519	7.34420996407747	0.00672790925918114	0.0202968018827397
"hsa-miR-363-3p"	-0.0695174717593365	10.3779456784891	0.0168383825223941	0.896754100615232	0.953653821604795
"hsa-miR-3651"	-1.88095128498449	4.08059054174657	5.48083988962002	0.0192260190952485	0.0476009714151324
"hsa-miR-3653-3p"	-1.91957109413824	3.71115229941467	4.3307710131589	0.0374292877052927	0.0786306081712565
"hsa-miR-3653-5p"	-1.57846890891553	3.9569784294018	5.70005807088285	0.0169643516673645	0.0429112870787962
"hsa-miR-3681-5p"	-6.26249520930551	2.76626784704405	24.8431928691036	6.21882609293326e-07	7.44186189121014e-06
"hsa-miR-374a-3p"	0.341243982247339	7.20378564328614	0.198554667340094	0.655890014840228	0.79818479772082
"hsa-miR-374a-5p"	0.2753161270267	7.4883550394655	0.142542351831414	0.705766538402428	0.829842907010848
"hsa-miR-374b-3p"	0.0933596114621325	3.2725190732383	0.0164746763205148	0.89786905766691	0.953653821604795
"hsa-miR-374b-5p"	0.672860636858277	6.41831915583119	2.02385395928971	0.154845701297881	0.259764517597846
"hsa-miR-378a-3p"	-2.12616179601102	11.3803539056158	15.0601521421001	0.000104138615926185	0.000612881362581975
"hsa-miR-378a-5p"	-2.68085352402434	3.74079483074709	20.4325935656176	6.1768793186263e-06	5.40853579362644e-05
"hsa-miR-378c"	-2.14206576097045	4.46869600976962	15.1285953236524	0.000100430482312071	0.000600909052500557
"hsa-miR-378d"	-0.469481688289105	3.42623824977121	0.638519539260178	0.424247402385705	0.574735160213088
"hsa-miR-3912-3p"	0.00218414540717432	4.71647669537824	1.58295651147e-05	0.99682551406264	0.99682551406264
"hsa-miR-409-3p"	-2.79439030281461	2.42539976557765	6.58281146990314	0.0102968131633494	0.0280042115578974
"hsa-miR-410-3p"	-5.67252011519975	2.36030323263698	15.231780941781	9.50896391120133e-05	0.000578596278664624
"hsa-miR-421"	0.131441658407319	6.15542251206275	0.0610977365495557	0.804769260732356	0.89446490589138
"hsa-miR-423-3p"	0.363501170498436	11.3899649523059	0.739891952786177	0.389695491685473	0.534677082619957
"hsa-miR-423-5p"	0.312615459677088	11.6086338250033	0.57966186984774	0.446444887677309	0.597343056651601
"hsa-miR-424-5p"	2.35078979514301	2.98756280121567	7.02073617359958	0.0080571098091981	0.0235162798496107
"hsa-miR-425-3p"	-0.146299630001663	5.42239637233712	0.134457859223838	0.713854027152177	0.829842907010848
"hsa-miR-425-5p"	-0.794874093293008	9.25149241143715	3.88654567629379	0.0486744390377299	0.0970784645252502
"hsa-miR-429"	-0.0156456724307687	3.03914352532991	0.000446107316883548	0.983148931448747	0.990195035698885
"hsa-miR-4424"	-8.22354364519871	4.45179666362572	32.1150294369032	1.4530883859906e-08	2.08663492228251e-07
"hsa-miR-4443"	0.155224825617897	3.34767525677932	0.0526032735501527	0.818593758402221	0.904231259281223
"hsa-miR-4464"	-7.51593996292776	3.81880281942835	19.7826864559382	8.67650685161549e-06	7.41634752316658e-05
"hsa-miR-4482-3p"	-3.93539072666398	3.19794891463878	5.13441661747201	0.0234559687349459	0.0561379518389705
"hsa-miR-4485-3p"	-3.18851827526443	2.41373094693607	4.20531734384589	0.0402974336853391	0.083622998225646
"hsa-miR-450a-5p"	1.83215675201461	2.3757479704108	3.00612080737793	0.0829505881222269	0.151935005795303
"hsa-miR-450b-5p"	2.02873409146022	2.7874239390262	3.28340433215879	0.0699836241950935	0.130854797323118
"hsa-miR-451a"	-2.52236694302887	6.26104106770239	4.3213308397102	0.0376374753045683	0.0786306081712565
"hsa-miR-454-3p"	-0.0810442558038994	6.94751108037832	0.0278008881890131	0.867577791113936	0.934655500610977
"hsa-miR-454-5p"	0.713871768537559	3.99226001662265	1.50812536417238	0.219425362147538	0.350105355604295
"hsa-miR-4661-5p"	-2.79867394742668	3.07621860720059	6.95071101578157	0.00837859261937588	0.0242573770189995
"hsa-miR-4662a-5p"	-1.41604738324465	4.39081518380169	3.94447258216661	0.0470255927269025	0.0943138982623351
"hsa-miR-4677-3p"	-1.36536854822983	5.0920526812321	5.3171894564677	0.0211160431443709	0.0515691121689058
"hsa-miR-4772-3p"	6.14909846017249	3.74628216893987	54.861553060971	1.29326306250235e-13	3.31629599598816e-12
"hsa-miR-4772-5p"	7.42906441850499	5.91088265378275	74.8614606106618	5.04931000890262e-18	3.62540458639208e-16
"hsa-miR-484"	0.739977719442815	9.85960819748197	4.0267990626113	0.0447828326137847	0.0908307169963205
"hsa-miR-486-3p"	-4.49839068846905	6.96252846362776	43.5862386489925	4.05681789547498e-11	7.28198812237759e-10
"hsa-miR-486-5p"	-7.58411736524741	15.0631658616266	40.4782019385818	1.98821836200935e-10	3.24441087255162e-09
"hsa-miR-497-5p"	-2.17329052957619	4.06853440548402	5.40687124204666	0.0200576346069812	0.0493198001637416
"hsa-miR-499a-5p"	0.203630595482148	3.01590171861793	0.114357188283412	0.735237043587661	0.838281967891314
"hsa-miR-5000-3p"	-1.40683271988668	3.35297014426025	7.50619051981612	0.00614872835095472	0.0191005376707274
"hsa-miR-500a-3p"	-1.30421138379334	9.10292466181577	1.93624246936295	0.164077102366423	0.27397060348626
"hsa-miR-501-3p"	-1.12421321580268	7.67376852308386	8.34341225421625	0.00387088289058822	0.013384109769538
"hsa-miR-502-3p"	2.0401665128925	3.47327508024573	13.6276856882087	0.000222874438477709	0.00114302747733568
"hsa-miR-505-3p"	1.29119328718344	5.47683519051787	4.42385113965201	0.0354399636191238	0.0766442586702737
"hsa-miR-5196-3p"	-7.72639325848681	3.98008088139152	74.4176282383655	6.32219316079898e-18	3.78277890787805e-16
"hsa-miR-532-3p"	-0.47733087491746	4.94602128160394	0.398523939569164	0.527852542064568	0.669607995057172
"hsa-miR-532-5p"	-1.34547903459576	9.92548784483677	3.60691270609701	0.05753984337506	0.111669206603917
"hsa-miR-548au-5p"	3.50323441856915	3.15371725020224	18.2453605056495	1.94198385860781e-05	0.000138877889695373
"hsa-miR-548e-3p"	1.28865415048863	6.32364623682176	4.31974336951782	0.0376726033578165	0.0786306081712565
"hsa-miR-548e-5p"	-0.163431429964597	4.41584937604058	0.107734225877239	0.742738580758908	0.84380743826724
"hsa-miR-548j-3p"	4.0181443044804	2.7070636431917	20.8832759004978	4.88137921763468e-06	4.73625713278609e-05
"hsa-miR-548k"	0.970015430135552	5.70556780660835	5.06823913833651	0.0243681250228917	0.0579348137961465
"hsa-miR-548o-3p"	0.36621651014103	4.0330559936306	0.889659956577971	0.345569473069819	0.488422995401831
"hsa-miR-548w"	1.02849040396792	3.43501669189419	3.80225806395953	0.0511835135092696	0.100409187703977
"hsa-miR-550a-3p"	0.821296941357367	3.33899095345874	1.48064108139958	0.223674246107563	0.35374032754456
"hsa-miR-5690"	0.92882991118259	2.88548816741828	2.22237331595794	0.136023817761224	0.235906041431301
"hsa-miR-5696-3p"	1.34817509496553	2.91626425054723	4.38823732433378	0.0361877077662509	0.0777927370543957
"hsa-miR-574-3p"	-0.0556621732020716	3.79559139337822	0.00912964723540455	0.923878622950668	0.968010910114396
"hsa-miR-576-5p"	-0.354494269090677	6.24800750698203	0.537839876039605	0.463329333097687	0.60928655890868
"hsa-miR-577"	-8.48156738669427	7.535558300162	123.376660034852	1.15337568655848e-28	4.14061871474495e-26
"hsa-miR-580-3p"	0.297570796229939	2.89017137895666	0.153841579658905	0.694890910386811	0.828790155577625
"hsa-miR-582-3p"	-4.37885534471722	6.36652159914797	24.4648461659141	7.56781047488996e-07	8.76401277575967e-06
"hsa-miR-582-5p"	-3.8158381664561	5.63430637355889	18.9585971231536	1.33585976103187e-05	0.000104255142219661
"hsa-miR-584-5p"	-2.4213089992363	2.86241067202071	7.21757185023452	0.00721932996081059	0.0214193343465372
"hsa-miR-589-3p"	2.12452157821412	3.49505979156028	11.2815985925109	0.00078279121834547	0.00326769822541888
"hsa-miR-589-5p"	1.01425033520601	8.16505142972128	3.53058585505103	0.0602464968992782	0.116282217133553
"hsa-miR-590-3p"	1.07847263469852	6.277266790344	2.13146230188882	0.144303034859805	0.247869806290287
"hsa-miR-590-5p"	1.9210007431885	2.52740874343294	6.21242942968864	0.0126856417958793	0.0342416947723359
"hsa-miR-598-3p"	-0.766468580287123	6.44705225695824	4.12013812772223	0.0423756183434866	0.0869305542017811
"hsa-miR-616-5p"	0.380073722952725	4.28547128351221	1.03571860519591	0.308819305895074	0.449067615356891
"hsa-miR-625-3p"	-0.162576421366769	5.87841818099087	0.138167113987551	0.710109990824496	0.829842907010848
"hsa-miR-625-5p"	0.335882791579274	4.55768632409142	0.441106829489827	0.506588719159536	0.649519107779548
"hsa-miR-627-3p"	0.306019609343789	2.9799748681372	0.218425878768495	0.640241946077636	0.781792036196841
"hsa-miR-628-3p"	0.0185332523672712	3.31551678111062	0.00109067009867125	0.973654416282183	0.990195035698885
"hsa-miR-628-5p"	0.485660868938582	3.56442378312091	0.782134675686461	0.376489074188845	0.523261833058655
"hsa-miR-629-3p"	0.137345903008678	2.87064482421347	0.0375670269395685	0.846315140457232	0.926449635176976
"hsa-miR-629-5p"	-0.924249009243892	6.03560906513933	2.25641600884049	0.133061693028029	0.231889066976032
"hsa-miR-641"	0.185564315875621	3.83072898983397	0.176501090020537	0.674397553245259	0.812445374547141
"hsa-miR-642a-5p"	4.38954991327052	2.93006632780867	21.0375940735653	4.5035938712754e-06	4.49108388829964e-05
"hsa-miR-650-3p"	-5.68062588726472	2.37933974973749	12.7964919783957	0.000347269920124592	0.00161908962759388
"hsa-miR-6503-3p"	2.16289345140837	3.1720974882187	5.8686499054985	0.0154128679402786	0.0405611192346518
"hsa-miR-651-5p"	-0.832668544275677	4.28336400946751	1.33052557467232	0.248711739036644	0.384322226478451
"hsa-miR-6516-3p"	-2.05830531462091	4.54690672042133	4.6068130417979	0.031845163328532	0.0707595035069773
"hsa-miR-652-3p"	-0.89298574700687	7.42989579834588	4.77895730005193	0.0288095599765876	0.0658766371439169
"hsa-miR-652-5p"	0.498885602887305	3.3125878252366	0.863946791372529	0.352636561947424	0.494517678668458
"hsa-miR-659-5p"	-1.7616172259506	4.77021460430619	10.7546157335562	0.00104019562795046	0.0041492247826024
"hsa-miR-660-5p"	-0.127625734260118	8.59001702486595	0.0676329510423557	0.794814900457806	0.886144562932771
"hsa-miR-664a-3p"	-1.02740684032829	7.40779413373856	5.70815890318705	0.0168862401943733	0.0429112870787962
"hsa-miR-664a-5p"	-1.21807676642723	5.04344198844588	8.17415512351748	0.00424914564301392	0.0142564793069345
"hsa-miR-664b-3p"	-0.896459468261023	3.78099645596292	2.82175445663959	0.0929947048055756	0.167764316709556
"hsa-miR-671-3p"	-0.0248062347343231	5.95434597486	0.00116881898485577	0.972727239749608	0.990195035698885
"hsa-miR-671-5p"	1.70278965689355	3.54294236459088	10.4139959848982	0.00125063830886378	0.00493383684485822
"hsa-miR-6731-3p"	1.58088870867373	2.97520237416239	5.26129580363824	0.0218047784766189	0.0528913207642311
"hsa-miR-6769b-3p"	0.508442942864926	3.14806992804576	0.497037260562342	0.480804824886676	0.625430118909049
"hsa-miR-6803-3p"	1.67270030577533	3.35251126922659	9.95945103774265	0.00160025763646241	0.00611162224989367
"hsa-miR-6842-3p"	-1.89718701207175	6.2710414210815	12.0937525500863	0.00050591051299406	0.0022149009044496
"hsa-miR-7-1-3p"	0.35604242324792	6.3871318735821	0.589146438591051	0.442749375548078	0.595307212815581
"hsa-miR-7-5p"	1.89446325825826	6.84967512869352	5.16827918802491	0.0230029915259092	0.0554233151530295
"hsa-miR-708-3p"	-3.67802558571325	3.59883726400423	7.24276560808333	0.0071187245266144	0.0212968508754547
"hsa-miR-708-5p"	-2.55541782046887	3.94173162554802	3.30207533369853	0.0691924127272689	0.130052754811987
"hsa-miR-744-5p"	0.832103145841207	6.38854395146041	2.08071378313166	0.149170407126625	0.254724318048383
"hsa-miR-766-3p"	0.303965284092016	6.75409710203811	0.641713252532588	0.423091083730772	0.574735160213088
"hsa-miR-769-5p"	-0.395977730725761	9.29308145559712	1.00677977313728	0.315675543598775	0.456965807064356
"hsa-miR-7706"	-2.53289068772024	6.53020195894061	8.05816854271303	0.00452989510951066	0.0150577068917993
"hsa-miR-7974"	-3.86753269153846	2.7836760774084	7.73206512546001	0.00542486673802336	0.0173886353477713
"hsa-miR-873-3p"	4.59937320522442	5.38438944356766	14.6941901417471	0.000126435518899568	0.000709224238827265
"hsa-miR-873-5p"	6.81360246325291	7.59949510733044	65.9337260155376	4.66343123856878e-16	2.39167402092313e-14
"hsa-miR-874-3p"	1.64336327193112	6.44510068586788	14.3914567916562	0.000148474391801289	0.000807610706919135
"hsa-miR-874-5p"	2.49031058044907	3.13917961313605	16.485315592144	4.90283313372181e-05	0.00032594761018632
"hsa-miR-876-5p"	9.05922461579491	4.88425910623274	15.5274001977532	8.13179749360795e-05	0.000512160578983378
"hsa-miR-877-5p"	-1.00387279557316	4.7216136329531	1.25589109236141	0.262430286135436	0.399205392892464
"hsa-miR-9-3p"	3.37886085115083	2.4288409324395	14.4030704031287	0.000147561515323054	0.000807610706919135
"hsa-miR-9-5p"	0.212552864309448	5.38751717776597	0.0823412213661534	0.774149379130884	0.873961091534551
"hsa-miR-92a-1-5p"	-2.17334358289421	4.10419216441779	15.022732631142	0.000106223889201486	0.000615070584247312
"hsa-miR-92a-3p"	-1.49246656132912	16.9250043118236	12.6822763719724	0.000369137893804964	0.00169898081892285
"hsa-miR-92b-3p"	0.11892070023467	8.12538603738271	0.0260030468185661	0.871892877222726	0.934655500610977
"hsa-miR-93-3p"	1.06146407117178	3.76652921496775	5.92984002288224	0.0148865932184323	0.0395873108549421
"hsa-miR-93-5p"	-1.02673832031899	10.3308061761031	5.79791938931054	0.016045150246694	0.0414403520759938
"hsa-miR-941"	0.0533248198288436	8.50240041878808	0.00889308057212901	0.924868362588406	0.968010910114396
"hsa-miR-941-3-5p"	0.120037166183043	6.17690156686416	0.0474886335292872	0.827492324985955	0.911256885490669
"hsa-miR-942-5p"	-0.085411410945514	3.93511072936919	0.0375003911856231	0.846449805955566	0.926449635176976
"hsa-miR-944"	-3.44598922591705	2.63917480522907	13.3789679483764	0.000254461711601317	0.00128664442908272
"hsa-miR-95-3p"	0.0827229299044743	3.935187314377	0.0295642581079063	0.863482654383675	0.933705641336564
"hsa-miR-96-5p"	-5.0660947076993	3.06648833865374	25.8538122202119	3.68276628942931e-07	4.55901068243146e-06
"hsa-miR-98-5p"	-1.10124423377613	11.1763815408685	2.0751764881478	0.149712621471334	0.254724318048383
"hsa-miR-99a-5p"	2.79837005474595	5.39004407353293	18.2421072281735	1.94530355134082e-05	0.000138877889695373
"hsa-miR-99b-5p"	2.04605587130997	9.8397308946231	7.8424251358046	0.00510340961498097	0.0166556731979833
