"logFC"	"logCPM"	"LR"	"PValue"	"FDR2"
"hsa-let-7a-3p"	0.312562724310872	5.31442928586815	0.195218369506822	0.658608443775997	0.716827974717521
"hsa-let-7a-5p"	-1.5402978091234	15.5079025916861	10.6974566307681	0.00107282919883198	0.00256178608690787
"hsa-let-7b-3p"	0.107679816010535	4.64113503600647	0.0459352686245027	0.830293509183607	0.862318268925016
"hsa-let-7b-5p"	-0.214755796086962	10.9518132769241	0.271870752184668	0.602079607812241	0.664480015344603
"hsa-let-7c-5p"	2.29016267925368	4.74035592147477	9.27931246153042	0.00231756403135977	0.00501036964358874
"hsa-let-7d-3p"	0.758421265091255	8.08418096195795	3.935247489673	0.0472841824829721	0.0724901474641673
"hsa-let-7d-5p"	0.171697269838883	10.9719410971652	0.124345520934014	0.724368391096637	0.7713544488975
"hsa-let-7e-3p"	6.9221404221448	3.06210550957469	24.800616534463	6.35771308257152e-07	3.09251722781874e-06
"hsa-let-7e-5p"	3.93285776052464	10.1750998263395	8.06630633812932	0.00450959507329063	0.00870970813174758
"hsa-let-7f-1-3p"	1.38200644163726	4.12378849813584	5.07122496755388	0.024326187356626	0.0397697834792973
"hsa-let-7f-2-3p"	0.625962188057009	4.0391264270595	0.689685866057763	0.406271249858489	0.477823499833566
"hsa-let-7f-5p"	-0.722272309645838	15.3656309723913	2.74013665825146	0.0978563979415989	0.135758523904894
"hsa-let-7g-3p"	-1.52323621836347	4.70418821134134	5.10804727312192	0.0238151101762523	0.0392600561064577
"hsa-let-7g-5p"	-1.92255504166933	14.3459640327099	20.4201104162936	6.21730093045305e-06	2.40158486921422e-05
"hsa-let-7i-3p"	-2.62904470206025	7.85236545171075	16.7242945358938	4.32239296014616e-05	0.000149387967219086
"hsa-let-7i-5p"	-0.186580468512099	13.7232122040017	0.177309922522966	0.673695316156991	0.729219655400699
"hsa-miR-100-5p"	1.25594224654365	6.31515825338226	2.64346069637005	0.103976826448099	0.142246075071358
"hsa-miR-101-3p"	-2.82346903226294	13.2811359416443	13.8242702806835	0.000200726530346125	0.000598363808065308
"hsa-miR-101-5p"	-1.35107037903151	4.45260640176514	2.58563389310269	0.107837229114504	0.146006420175651
"hsa-miR-103a-3p"	0.500508592181454	12.5836195271023	1.26536020931007	0.260638909484514	0.320911657302807
"hsa-miR-106a-5p"	-3.53195357293212	4.25292522042678	27.829821453201	1.32468453526556e-07	7.67537804256808e-07
"hsa-miR-106b-3p"	-3.38463968068715	9.20400532403994	32.4919670205454	1.19686225926305e-08	8.27304789736216e-08
"hsa-miR-106b-5p"	-1.36773175953126	8.16181889508191	3.15576107251063	0.0756594033254498	0.108399290582644
"hsa-miR-107"	1.82858464471689	4.43358453457975	12.5312850015825	0.000400194492543448	0.00106143913226907
"hsa-miR-10a-5p"	-1.87463377461469	11.2437829760977	7.45605362168759	0.00632234611594779	0.0118502928584936
"hsa-miR-10b-5p"	-3.43376266991039	6.63687698183579	12.9366999530646	0.000322202508164487	0.000877315208844151
"hsa-miR-122-5p"	-3.93330184219877	4.82724685890628	6.92079537746946	0.00851990731334401	0.0154693247993435
"hsa-miR-1226-3p"	3.57782721068248	3.73728122576685	23.9842079164587	9.71291103351826e-07	4.55581779429309e-06
"hsa-miR-1228-3p"	7.58935453718066	3.58904492327397	44.0792732097045	3.15342431862356e-11	3.54985480439338e-10
"hsa-miR-1228-5p"	5.42386704218435	2.07018998685599	10.4040619505069	0.00125738419862255	0.00293141641572358
"hsa-miR-1237-3p"	1.1339870464897	2.20904211217684	1.03303037506306	0.30944798095365	0.372851695705621
"hsa-miR-1248"	-1.93266026768975	3.89487302403817	4.54693785312226	0.0329776736433716	0.0526199041508243
"hsa-miR-1249-3p"	5.64320222685863	6.3567926386003	86.8806482742232	1.15271780962178e-20	6.61714520261274e-19
"hsa-miR-125a-3p"	3.26455004502211	2.82759131278352	14.2292791997504	0.000161832837673075	0.000490477984947628
"hsa-miR-125a-5p"	4.74090581655634	11.9776744107027	42.3739035577125	7.53892776894932e-11	8.02793929990819e-10
"hsa-miR-125b-2-3p"	1.4426057626219	2.44419873336158	3.52423777603653	0.0604776272046683	0.0899176796929786
"hsa-miR-125b-5p"	1.09647076135289	4.58966579765705	4.83145400361756	0.027945053529076	0.0454973185556031
"hsa-miR-126-3p"	-0.145170832863958	4.21121081663275	0.0503890807907261	0.822387622091886	0.859471414069504
"hsa-miR-126-5p"	-3.07703673603605	7.41406471351041	7.55955034740311	0.00596928838212927	0.0112531082419088
"hsa-miR-1260a"	1.26327845092952	4.19869052388577	4.13044489761677	0.0421182764734124	0.0650768663942136
"hsa-miR-1260b"	1.24284282210585	3.54833843027581	2.86122108264689	0.0907385932724646	0.126328642223855
"hsa-miR-127-3p"	-1.50600638214658	4.5383642393336	4.53952021491025	0.0331208740141348	0.0526199041508243
"hsa-miR-1271-5p"	-0.897260708460082	6.66231331324031	1.16087204114529	0.281284760184034	0.343115156385478
"hsa-miR-1273h-3p"	-3.3528075061462	5.58811024561998	22.8272414477114	1.77235638702596e-06	7.93532291463897e-06
"hsa-miR-128-1-5p"	-1.91636976513337	5.28206274791241	3.50351371017574	0.0612387713792663	0.0907070523437252
"hsa-miR-128-3p"	0.330111379644343	8.96491369051345	0.672056269404163	0.412335615297306	0.48351259650934
"hsa-miR-1285-3p"	4.22340107000422	3.75179230438325	28.8784522955482	7.70654821336614e-08	4.53191044188994e-07
"hsa-miR-1296-5p"	4.21379571377538	3.64544393219199	37.9294676774153	7.33489525263442e-10	6.42210828786214e-09
"hsa-miR-1299"	-6.63133544461828	2.93331025846046	7.44926870330511	0.00634622282523389	0.0118502928584936
"hsa-miR-1301-3p"	4.02943114791285	7.07140227333072	50.9381106606227	9.53246660193072e-13	1.50231673646428e-11
"hsa-miR-1303"	4.9582332568107	3.54327417957971	10.9430546168335	0.000939551430768442	0.00228508187483189
"hsa-miR-1304-3p"	-0.168410139738988	5.12037395312598	0.0663003796807899	0.796801613762297	0.837172895526254
"hsa-miR-1306-5p"	3.35677712688947	2.63682838501713	14.9132071573429	0.000112572118935046	0.000357688829519419
"hsa-miR-1307-3p"	1.58517127859013	7.99296981530297	9.82238707945334	0.00172400444378763	0.00388147286201329
"hsa-miR-1307-5p"	1.41953998124234	8.33569520774903	8.19942496798942	0.00419036685031614	0.00817017010414245
"hsa-miR-130a-3p"	0.706125944943883	5.29654193179272	2.05545869501842	0.151661575665027	0.194008639000067
"hsa-miR-130b-3p"	1.12720489033141	7.46974813351871	8.27642605901193	0.00401631055401191	0.00795189124764166
"hsa-miR-130b-5p"	2.44955528194764	5.32418567318815	26.4399664679565	2.71856916446406e-07	1.46728253534088e-06
"hsa-miR-132-3p"	1.85775117712068	6.89832214601717	5.24950099340156	0.0219530657489231	0.0363424701893937
"hsa-miR-132-5p"	3.03667133654783	4.07176980856084	21.6685409590627	3.24062470367503e-06	1.37290982069673e-05
"hsa-miR-133a-3p"	3.45205140280118	4.05931280927657	5.93232150995105	0.0148656454686091	0.0252459668734138
"hsa-miR-1343-3p"	3.5237575520741	2.57195294917802	14.8317256012543	0.000117541443041642	0.000367550226654025
"hsa-miR-138-5p"	-4.10534217166139	4.93440189770896	29.5707206214695	5.39132123009899e-08	3.24134277493857e-07
"hsa-miR-139-5p"	4.46657423654553	3.45682284438033	27.5071891372646	1.56511647714775e-07	8.93704191298863e-07
"hsa-miR-140-3p"	-1.2248375240504	12.2568120723278	7.64781027771818	0.00568412756011352	0.0107720996818933
"hsa-miR-140-5p"	-0.300996538670923	6.28069741709851	0.284572894505216	0.593719524334044	0.658945049542573
"hsa-miR-141-3p"	-5.57268388416475	9.7698035632822	46.1833112716751	1.07690383297767e-11	1.32593784435376e-10
"hsa-miR-142-3p"	-2.09985327191544	11.2496828976153	5.49323263859173	0.0190902143219888	0.0317364744424625
"hsa-miR-142-5p"	-3.39787926303189	15.9663397170485	31.0180843968894	2.55635425773674e-08	1.62452189927141e-07
"hsa-miR-143-3p"	-1.02143013714344	7.2868873838897	4.76363229523052	0.0290671450584704	0.0471294450742277
"hsa-miR-144-5p"	-2.21390984076037	2.66917529661311	3.01464815457949	0.0825153599484543	0.116110899356039
"hsa-miR-1468-5p"	-4.05708660101929	4.99548625062699	49.4818693341563	2.00213523898471e-12	2.92109132798524e-11
"hsa-miR-146a-3p"	6.14938935922423	4.19181277109865	26.4112230681271	2.75932547462209e-07	1.46915437432582e-06
"hsa-miR-146a-5p"	0.178393330897018	13.8661515279312	0.0886056205044952	0.765957361154944	0.811255914771634
"hsa-miR-146b-3p"	2.85304744566192	9.13968869424308	12.5155654065153	0.000403575638702211	0.00106143913226907
"hsa-miR-146b-5p"	1.32779737832339	15.4866236546552	1.49105446717112	0.222052925371948	0.275122177976564
"hsa-miR-147b"	6.67721657326908	5.70767323362663	80.7219612792229	2.59818552278624e-19	1.13742788441975e-17
"hsa-miR-148a-3p"	-0.579015392875659	11.053828259814	1.5170545868626	0.218065766762433	0.271034423042267
"hsa-miR-148a-5p"	-1.22092293175159	5.62376641817295	2.62526125353006	0.105175192735035	0.142893192888289
"hsa-miR-148b-3p"	0.239076289346801	10.7304082309806	0.371180960404928	0.542361246258039	0.608804361896489
"hsa-miR-148b-5p"	1.8763144086696	6.65569491174433	21.8732148469759	2.91271326490371e-06	1.24740111562181e-05
"hsa-miR-150-3p"	-10.7323684838223	6.84934997835145	86.8417149180473	1.17563493447434e-20	6.61714520261274e-19
"hsa-miR-150-5p"	-7.30868534139972	13.7455709755036	76.2244654593455	2.53185433497969e-18	9.06864189074545e-17
"hsa-miR-151a-3p"	-4.06318104614807	12.6897687534942	62.7709912898574	2.32193651189771e-15	5.08246103159831e-14
"hsa-miR-151a-5p"	-2.45504556006055	12.0774835761949	30.7698037341819	2.90523687001561e-08	1.81692591553357e-07
"hsa-miR-151b"	-6.80937133764535	7.73121498463238	88.7013533141304	4.59151002587877e-21	3.61810990039247e-19
"hsa-miR-152-3p"	1.20679805237306	5.52573604979093	6.31503955004118	0.0119718074978799	0.0209639651296207
"hsa-miR-152-5p"	2.65445698173395	2.55447913885702	9.24404350840241	0.00236262671110473	0.00505910284877861
"hsa-miR-155-5p"	-3.35573824767891	13.5761241321665	8.40947809286018	0.00373269802241	0.00746539604481999
"hsa-miR-15a-5p"	-1.97296158386527	11.8108707889317	11.787812462437	0.000596197517131825	0.00150578090865346
"hsa-miR-15b-3p"	-0.995367453753358	5.20426751495746	3.90636442878882	0.0481035520813031	0.0734604632559435
"hsa-miR-15b-5p"	-0.696055177902493	8.35527322355048	2.94684428998587	0.0860454271272992	0.12021949747573
"hsa-miR-16-2-3p"	-1.58146236357906	6.75228357485915	13.1970334801441	0.000280392597139243	0.000806384549436948
"hsa-miR-16-5p"	-2.71141573329745	14.8423591491498	20.7900079096958	5.12496555428484e-06	2.0396327559477e-05
"hsa-miR-17-3p"	-1.93984151448486	7.08704815945136	12.9733173748884	0.000315961687574468	0.000870551782547835
"hsa-miR-17-5p"	-1.95196684534261	8.83092151529365	15.9677521603959	6.44307129208825e-05	0.000220745225137632
"hsa-miR-181a-2-3p"	-3.5633021171941	8.02957444190055	31.7078711051927	1.79194473295806e-08	1.17671037464246e-07
"hsa-miR-181a-3p"	-0.841591133862873	9.30853496094652	3.5680775655171	0.0589004633208944	0.0879044793501227
"hsa-miR-181a-5p"	-3.20518248447175	16.5314623100414	24.8500214163555	6.19683570559692e-07	3.05194158500648e-06
"hsa-miR-181b-3p"	0.316339542878351	3.32233929618064	0.170003793899862	0.680108435942978	0.730143661475567
"hsa-miR-181b-5p"	-1.08083641900466	11.0453435950113	4.30322134313738	0.0380402542121161	0.05924055399041
"hsa-miR-181c-3p"	3.44194740629404	6.29371904580159	39.387227677431	3.47562935491737e-10	3.42349491459361e-09
"hsa-miR-181c-5p"	1.21956926642771	9.21994670335269	8.41278239261876	0.00372591991161936	0.00746539604481999
"hsa-miR-181d-5p"	2.54000113470787	5.43860695119836	15.2793365302392	9.27253162480137e-05	0.000304448121680978
"hsa-miR-182-5p"	-4.54710263004155	7.85012020578562	13.1252588634603	0.000291341100664254	0.000831537724736481
"hsa-miR-183-5p"	-4.39101683248345	5.41326931354724	26.80711445857	2.24808179654837e-07	1.24752708146487e-06
"hsa-miR-185-3p"	2.38503024271258	4.30303041640828	13.0878834069151	0.000297211986855523	0.000831537724736481
"hsa-miR-185-5p"	2.53659528952802	7.44193382920787	32.9823562028658	9.29990308624816e-09	6.87723616858773e-08
"hsa-miR-186-5p"	-1.64268032873461	13.5497660132419	9.02082588559671	0.00266920762130471	0.0056238919935511
"hsa-miR-188-5p"	1.5318811601922	3.54156463172204	2.01583260379841	0.155665857154052	0.198486562196429
"hsa-miR-18a-3p"	-0.279814606712919	3.66367962539615	0.158033961407001	0.690973088572406	0.739791839395456
"hsa-miR-18a-5p"	0.232542014974878	5.49427576811187	0.155654375230238	0.693189357783785	0.740153406414123
"hsa-miR-1908-5p"	2.62470150400495	3.05480910467552	8.99926949836042	0.00270087543978038	0.00566034533656101
"hsa-miR-190a-5p"	2.37455822998625	3.37070165845419	6.93375452872257	0.00845839418774106	0.0154287375461573
"hsa-miR-191-3p"	2.60589252422303	4.09059711524801	9.16883921867945	0.00246170659570192	0.00524276972273814
"hsa-miR-191-5p"	-0.0626964280187048	15.2496939996703	0.0156791118370165	0.900352344721871	0.921399542390694
"hsa-miR-192-5p"	-5.04363578627371	11.9665913606419	83.5096680164473	6.34051232639944e-20	3.12270232075172e-18
"hsa-miR-193a-3p"	7.6608085294974	7.21361131171169	49.4108884104421	2.07590246658849e-12	2.92109132798524e-11
"hsa-miR-193a-5p"	2.06970899168074	7.69222559643109	10.4912728416973	0.00119939716255153	0.00284676194003194
"hsa-miR-193b-3p"	-2.53652504459294	4.04699767070746	19.7317537535042	8.91083855305244e-06	3.34368608562158e-05
"hsa-miR-194-5p"	-4.14478743640431	5.94606813715852	36.8035932049129	1.30649232388311e-09	1.11903907741292e-08
"hsa-miR-195-5p"	-7.69702416316557	6.14210680917161	47.4126087888241	5.75115630322516e-12	7.81363994300245e-11
"hsa-miR-196b-5p"	0.240567824877045	2.56964217215285	0.0704660392220422	0.790659432519779	0.832940685595703
"hsa-miR-197-3p"	0.910190195275455	10.16606931069	5.55004869535363	0.0184801728254128	0.0308524919203926
"hsa-miR-1976"	1.146541439601	4.46847818889559	6.42835055864701	0.0112312832482092	0.0197550249990822
"hsa-miR-199a-3p"	0.682569106420183	5.9529036510887	2.12958282606173	0.144480072937848	0.187253778741816
"hsa-miR-199b-3p"	0.698747861128923	4.83233978561112	2.56882713225654	0.108988511355125	0.147059840664107
"hsa-miR-199b-5p"	2.00112143447676	5.3408195515574	12.8631417945533	0.00033511749234885	0.000898206067928211
"hsa-miR-19a-3p"	-0.54734262424455	7.59777339619876	0.422301725727628	0.515790756687372	0.592442300216754
"hsa-miR-19b-3p"	-1.72546791570056	10.2619734045751	5.99507404066216	0.0143458789850543	0.024468728658491
"hsa-miR-200a-3p"	-3.81620839547247	4.75029690360012	20.2627407677096	6.75024269998738e-06	2.5821316735874e-05
"hsa-miR-200b-3p"	-1.84141656761717	5.22183949980231	9.52958007064645	0.00202186377083057	0.00447536138037777
"hsa-miR-200c-3p"	-1.35129817861511	5.42764633890717	8.0057617436027	0.00466287434110538	0.00896181702631961
"hsa-miR-20a-5p"	-3.30821355540477	10.0799565059643	38.6758026047256	5.003739112881e-10	4.69398383446456e-09
"hsa-miR-20b-5p"	-4.2087010658564	5.95001656219007	35.1809852231155	3.00442803399085e-09	2.36748929078479e-08
"hsa-miR-21-3p"	0.200563677722869	12.2737864648025	0.0340175267079417	0.853669540619383	0.882797372714008
"hsa-miR-21-5p"	2.22990006298333	16.5642269609835	9.31645395128726	0.00227105091301031	0.00494361358964675
"hsa-miR-210-3p"	2.94852035266323	8.13913243270936	14.1603166499369	0.000167874026777254	0.000504903561452198
"hsa-miR-210-5p"	1.75181116326205	5.22833964246802	2.52985278440865	0.111710638102756	0.150218400725208
"hsa-miR-2110"	-0.31247201510302	3.69571676413695	0.182782918456665	0.668992472463558	0.726124061021052
"hsa-miR-2110-3p"	0.353239556609036	4.06254906543668	0.389142148371534	0.532750669908027	0.601443449695595
"hsa-miR-2116-3p"	1.4981620488343	3.64577824460554	6.09555925399691	0.0135522026940987	0.0233614541854129
"hsa-miR-212-3p"	1.81197046572302	4.11563761683129	3.46417412245721	0.062711816947785	0.0925410332487914
"hsa-miR-212-5p"	4.11008291171165	4.39424122579206	27.4372251107648	1.62277293392953e-07	9.13389337097477e-07
"hsa-miR-215-5p"	-0.963570167220382	3.81262153287772	2.29369660684879	0.129900215348058	0.170356863945567
"hsa-miR-218-5p"	3.20731677070882	2.14151386256006	8.83097569696152	0.00296160000484746	0.00607745000994739
"hsa-miR-22-3p"	4.30317968628678	15.365457781884	61.9045402637765	3.6051734121368e-15	7.47599118095736e-14
"hsa-miR-22-5p"	3.76939391592242	5.87042692151227	63.2021416593943	1.86545449037588e-15	4.3234651129888e-14
"hsa-miR-221-3p"	-1.10689137426267	11.6408095337736	4.6789314258865	0.030534736638259	0.0491048417774451
"hsa-miR-221-5p"	0.940901318875314	7.32353002998747	2.06796971192813	0.150421652455764	0.193049286865052
"hsa-miR-222-3p"	0.368427142322987	10.4179518423411	0.416352065937311	0.518762927854772	0.592442300216754
"hsa-miR-222-5p"	-0.0961529659156708	3.0938385885251	0.00769492913753211	0.930098630901289	0.944481599420381
"hsa-miR-223-3p"	0.329614978076122	10.5382986579772	0.402399777887467	0.525852506909632	0.595361746328721
"hsa-miR-223-5p"	-1.00282567326089	5.77597640907253	4.38474070084481	0.036262007373174	0.0571489236201222
"hsa-miR-2277-5p"	2.15846500075065	3.64742694281144	16.7515039145572	4.26084787663721e-05	0.000148564076406643
"hsa-miR-2355-5p"	-0.321627278664806	4.54249262974194	0.220717909124149	0.638493451277442	0.696859888651834
"hsa-miR-23a-3p"	3.1512151736643	10.5606006477187	45.8909470450744	1.25022378616889e-11	1.4926914295471e-10
"hsa-miR-23a-5p"	0.394073893836975	5.14036608422549	0.2806327401063	0.596286796109315	0.659935386705253
"hsa-miR-23b-3p"	-0.385883802608528	6.3463662071363	0.703523818323878	0.401602167449862	0.475168930856594
"hsa-miR-24-2-5p"	4.34757517413931	6.85765929238828	69.7231312548159	6.82411236306112e-17	2.06823097772776e-15
"hsa-miR-24-3p"	1.95746411611643	9.77477085582172	23.9082624458258	1.01037184789597e-06	4.68337068318839e-06
"hsa-miR-2467-5p"	2.064151950704	3.92972759420179	10.4457584694408	0.00122931417323917	0.00290029810931876
"hsa-miR-25-3p"	-3.11459683446969	12.7739230247383	44.3409126239636	2.75889712570571e-11	3.19707490449426e-10
"hsa-miR-25-5p"	-0.833908410917614	4.03709745020187	2.62999665315074	0.10486193447828	0.142893192888289
"hsa-miR-26a-2-3p"	-0.559659293530967	3.79591939862629	0.561945375256422	0.453477481592747	0.527050524329034
"hsa-miR-26a-5p"	-1.8488870535512	15.8518761376191	12.9328270211799	0.000322869810361426	0.000877315208844151
"hsa-miR-26b-3p"	0.808928635896572	6.09771304951597	2.69088156084021	0.100923963331701	0.139035110324091
"hsa-miR-26b-5p"	-1.65062369518174	13.4273753623326	12.5014773517424	0.000406630336574987	0.00106143913226907
"hsa-miR-27a-3p"	2.7381252097442	11.7746382045878	29.5569858203044	5.4296604859377e-08	3.24134277493857e-07
"hsa-miR-27a-5p"	-0.411005667611572	5.82976729803945	0.778760172668912	0.377520591434562	0.449374963822409
"hsa-miR-27b-3p"	-2.78709802038946	12.3046636621542	21.0058067386251	4.57893481508989e-06	1.88683576522605e-05
"hsa-miR-27b-5p"	-3.22559221018622	3.73066904008607	13.3463969858565	0.00025891960627358	0.000750105329939637
"hsa-miR-28-3p"	-2.19926096612008	13.8924196594154	17.3780249732693	3.06347480034881e-05	0.000108739555976345
"hsa-miR-28-5p"	-0.555930246793705	10.0423831635996	1.22208141951633	0.268952559071985	0.329091019485597
"hsa-miR-29a-3p"	-1.60811290464442	13.2517621230935	9.14576409686833	0.00249294512212282	0.00528075472105586
"hsa-miR-29a-5p"	0.560061770496876	4.12449461853919	0.819634329120489	0.365287101086715	0.43613066008535
"hsa-miR-29b-1-5p"	-1.27640720138098	3.331792392127	2.72824316848807	0.0985876794629215	0.13629314283646
"hsa-miR-29b-2-5p"	-0.0808763644939201	3.16620683334436	0.0137491336027225	0.906656636966612	0.925447448095454
"hsa-miR-29b-3p"	-2.55106150435685	9.1320723911428	19.512939914505	9.99205151309896e-06	3.7140266944915e-05
"hsa-miR-29c-3p"	-2.74482551453111	11.4992146471407	15.4223549591846	8.59652978596183e-05	0.000284624599636047
"hsa-miR-29c-5p"	-1.29176032747366	6.19791720249048	6.65203044451603	0.00990428949055519	0.0176574210827092
"hsa-miR-301a-3p"	0.504233159624044	6.59386856329451	0.40420335790884	0.524926412925849	0.595361746328721
"hsa-miR-301b-3p"	2.40996924241493	4.97189039147121	11.309775773863	0.000771000825102269	0.00188679705025027
"hsa-miR-30a-3p"	-0.0210156907342905	3.06258841169862	0.000822295295511921	0.977123243592267	0.982108566263656
"hsa-miR-30a-5p"	-2.16308855643147	10.2599291579151	8.96232159550206	0.00275604445864114	0.00571516587739269
"hsa-miR-30b-3p"	-2.17970412262747	3.44229693275036	7.03411239774588	0.00799714992157341	0.0147237246219623
"hsa-miR-30b-5p"	-1.21813236440638	11.2851641757167	3.28588495483268	0.0698779485007987	0.101593770145073
"hsa-miR-30c-1-3p"	-0.273323657521806	4.56897111892419	0.170636920530836	0.679546375550064	0.730143661475567
"hsa-miR-30c-5p"	0.236876374256883	11.6999861698133	0.294903556443213	0.587095216091643	0.653433658587874
"hsa-miR-30d-3p"	-2.84476974349335	6.42792427232643	15.1152473921076	0.00010114306943724	0.000329341895522914
"hsa-miR-30d-5p"	-1.30508430857369	13.7841436094944	7.64696432695428	0.00568679374069495	0.0107720996818933
"hsa-miR-30e-3p"	-2.4169944493014	9.5776984888439	3.87866142450937	0.0489035325869544	0.0743937908851739
"hsa-miR-30e-5p"	-0.987844548895115	13.7442970164456	1.68840136968811	0.193811837936039	0.242418616339045
"hsa-miR-3150b-3p"	-9.37701967942098	5.51792706147144	93.6810938934388	3.70684808418549e-22	4.86832715056361e-20
"hsa-miR-3158-3p"	-0.0532386858594647	3.26414855668798	0.00974709006928753	0.921354751052739	0.93802008246713
"hsa-miR-3168"	5.60671095708184	2.76733783219434	25.797655285021	3.79148786424683e-07	1.91518745963237e-06
"hsa-miR-3174"	4.05178334883023	2.43147719017155	7.42624870736987	0.00642792030438119	0.0119462292449349
"hsa-miR-3176"	0.875615336385056	3.87998045924185	0.697219115885895	0.403719692218193	0.476244187826252
"hsa-miR-32-3p"	-0.438115118128249	3.27098225781445	0.578133093328133	0.447045020514253	0.521111651131999
"hsa-miR-32-5p"	-3.95707302891431	7.51003084566919	8.19115828321911	0.00420950388614446	0.00817017010414245
"hsa-miR-3200-3p"	1.83779598451684	2.1767913103097	2.41054223598932	0.120520613650195	0.159346046235493
"hsa-miR-320a"	-0.269073025253415	10.1448619621221	0.428357088164883	0.512796203076274	0.590765216409509
"hsa-miR-320b"	-1.93245625606405	3.53375224553673	12.9955215682729	0.000312236865363489	0.000866347358825456
"hsa-miR-320d"	-0.734844191831475	2.87043039653032	1.10816151385335	0.292481944026266	0.354578110604151
"hsa-miR-324-3p"	1.60027565411122	5.47071196515893	9.67278847972339	0.00187017248663089	0.00418663613484415
"hsa-miR-324-5p"	0.847473182048669	5.07745580369089	2.2741553203178	0.131546777847335	0.17162063070149
"hsa-miR-326"	8.30472247919952	8.07554236638915	131.786411112653	1.66614973844732e-30	6.56462996948242e-28
"hsa-miR-328-3p"	0.880167202458453	6.48287319807767	2.22280984445054	0.135985370695338	0.176825861564235
"hsa-miR-330-3p"	0.242126483046165	4.4469042519697	0.243186832170971	0.621913832180017	0.6825460999413
"hsa-miR-330-5p"	0.341095688137014	5.28410450741312	0.373632904825401	0.541030652650956	0.608804361896489
"hsa-miR-331-3p"	2.996573586973	7.73811087374102	38.2722526054689	6.15313831750787e-10	5.50985567522295e-09
"hsa-miR-331-5p"	-0.35934772207004	3.12431668449979	0.305437246125811	0.580493664214512	0.647916441077953
"hsa-miR-335-3p"	-5.58520926720867	6.23270949127904	54.409931774317	1.62738293615059e-13	2.91449489474241e-12
"hsa-miR-335-5p"	-1.58490418953602	5.20283928978119	4.28983612994856	0.0383408607742106	0.0594736186812558
"hsa-miR-338-3p"	3.81799976116418	7.17277611838804	39.2739277699835	3.6832684640996e-10	3.53953115818352e-09
"hsa-miR-338-5p"	5.97846207469546	5.5245727189951	32.5741342268536	1.14731535592144e-08	8.07218303987583e-08
"hsa-miR-339-3p"	-1.3413179294302	8.30019451484215	9.95003408883344	0.00160846419128856	0.00364215454809019
"hsa-miR-339-5p"	0.790352180994445	6.86423947796075	2.36554854857713	0.124040304686467	0.163451103834341
"hsa-miR-33a-3p"	0.317537916611657	3.85464338149854	0.23158179390113	0.630353424576645	0.68988680356444
"hsa-miR-33a-5p"	-1.53843084137453	3.34707577710954	3.20920841346266	0.073224901551755	0.105382449038761
"hsa-miR-33b-3p"	-0.130316646399402	3.11352016739508	0.0489262334446101	0.82494235272939	0.859860547553915
"hsa-miR-340-3p"	3.48697004740032	5.85332917592717	41.2467532861367	1.34174525106214e-10	1.35550674081663e-09
"hsa-miR-340-5p"	1.96085192407249	10.3562621626796	10.8269799228394	0.00100031667902362	0.00240319982643481
"hsa-miR-342-3p"	-0.840444935545025	12.0974469643277	3.12867412001473	0.0769262808825366	0.109815053143911
"hsa-miR-342-5p"	-0.898025129562654	6.56468591649458	3.04526878242849	0.0809727109367236	0.114417410369099
"hsa-miR-345-5p"	1.78357967960529	8.45283912219233	12.5007200506432	0.000406795200438147	0.00106143913226907
"hsa-miR-34a-3p"	5.21090471270916	3.37130181556542	38.4930034626895	5.49503254801151e-10	5.0349833114338e-09
"hsa-miR-34a-5p"	5.35577451213998	8.46432651363246	63.5694518710033	1.54811356032352e-15	3.81222964229667e-14
"hsa-miR-34c-5p"	3.30869736821416	2.52798152175487	10.2778247475879	0.00134638585454247	0.00310219898648968
"hsa-miR-3605-3p"	1.61971438280909	3.42910030424492	8.37137446034653	0.00381177224488994	0.00758504173983149
"hsa-miR-3605-5p"	2.28010469719083	2.85290455129176	10.4304524022404	0.00123954376583472	0.00290702526035047
"hsa-miR-3607-3p"	-2.16229760949233	7.80234439662109	3.33333269219184	0.0678891813224804	0.0994361986656404
"hsa-miR-3609"	-6.08718963047982	5.48262922326135	26.1829084630033	3.10559126408353e-07	1.63147061073188e-06
"hsa-miR-361-3p"	-2.46238583967306	11.0389116743872	17.454551259885	2.9425894174125e-05	0.000106365158757846
"hsa-miR-361-5p"	-0.843149861481805	8.94081052213244	4.30556447296418	0.0379878865168114	0.05924055399041
"hsa-miR-3613-3p"	1.90311211357477	3.3850993744375	9.49232485139466	0.00206333203970492	0.00454163588627787
"hsa-miR-3613-5p"	-0.962352788841032	4.04454059978619	1.08401762044401	0.297800522334464	0.359918422698708
"hsa-miR-3614-5p"	-0.219251277036863	3.19844019040578	0.0559535849016566	0.813009714349168	0.851930392163756
"hsa-miR-3615"	-2.10032745475047	6.10903279726923	9.27175086035533	0.00232715138268208	0.00501036964358874
"hsa-miR-362-3p"	-0.118149407661583	3.29960111312134	0.0237996421244633	0.877395804919147	0.902595162240584
"hsa-miR-362-5p"	-0.934946729091742	5.94252106427465	0.973662815358446	0.323768379089912	0.388916894394589
"hsa-miR-3620-3p"	2.47462141093543	2.32652292969617	6.99647316040767	0.00816704669686988	0.0149665879003104
"hsa-miR-363-3p"	-3.97581527531187	9.79919270371457	46.5938074919481	8.73358076430782e-12	1.14701027371243e-10
"hsa-miR-3651"	-2.61241700812987	4.10534244992763	9.95090350519672	0.00160770474115419	0.00364215454809019
"hsa-miR-3653-3p"	-1.73338641574755	3.85303414781385	3.09551477137664	0.0785083179751312	0.11166887105488
"hsa-miR-3653-5p"	-4.18006013825196	3.81854250583575	24.218871261821	8.59856223533547e-07	4.13150429356363e-06
"hsa-miR-365a-3p"	4.48786221606989	5.81717804920154	52.2339725908377	4.92664019285201e-13	8.08790098326539e-12
"hsa-miR-365b-3p"	4.48786221606989	5.81717804920154	52.2339725908377	4.92664019285201e-13	8.08790098326539e-12
"hsa-miR-365b-5p"	4.22536264003905	2.86531668603809	13.0855606195483	0.00029758075936001	0.000831537724736481
"hsa-miR-3677-3p"	2.46055483949008	2.35122486282102	8.22080118768172	0.00414129124549237	0.00815834375361997
"hsa-miR-3681-5p"	-6.38770527158151	2.82767500320818	26.4747377775642	2.6700712776874e-07	1.46112233806783e-06
"hsa-miR-3690"	6.25167576673091	5.840112780101	42.6299357374662	6.61393845426504e-11	7.23858819716785e-10
"hsa-miR-371b-5p"	4.69252171313341	3.61654848296944	36.2374590325789	1.7468047887155e-09	1.46434273777427e-08
"hsa-miR-374a-3p"	-0.502618583994827	7.01916749377982	0.310441974418609	0.577409098763794	0.646304502593564
"hsa-miR-374a-5p"	-1.0643441382764	7.16373333430824	1.84273088298671	0.174631208081531	0.220527871743984
"hsa-miR-374b-3p"	0.955000183382065	3.7547986289534	3.25962140451659	0.071005518341023	0.10285358171457
"hsa-miR-374b-5p"	0.934214459729504	6.67244878027564	3.20783777985482	0.0732862716665496	0.105382449038761
"hsa-miR-378a-3p"	2.69591962129644	13.7589867962756	33.7023871985449	6.42218281115478e-09	4.86603851460574e-08
"hsa-miR-378a-5p"	2.7969118150361	6.2129649360618	25.3548713348915	4.76946416599348e-07	2.37869478658409e-06
"hsa-miR-378c"	-2.63070334234704	4.49630447462714	24.1346933440705	8.98273121502227e-07	4.26409168520335e-06
"hsa-miR-378d"	-1.62481528059729	3.22917205194697	5.68430454484564	0.017117322501069	0.0286988300656221
"hsa-miR-3909"	5.02685231458941	5.55676015664735	71.1172574663959	3.36612848995254e-17	1.10521218753442e-15
"hsa-miR-3912-3p"	-3.18648857369811	4.18105467742282	11.9186744601581	0.000555740105988771	0.00142182858285439
"hsa-miR-3922-3p"	1.97807002068291	3.07788173869466	8.98789413858206	0.00271774012041173	0.00566555347853027
"hsa-miR-3928-3p"	0.958266404882407	2.66075144916919	1.2581335983706	0.262004670818046	0.321588287546137
"hsa-miR-409-3p"	-5.78927366587721	2.39841628933127	15.6766440722547	7.51464143995128e-05	0.000255238683391449
"hsa-miR-410-3p"	-2.00104523554149	2.61020697731012	4.72009180525666	0.0298121514466826	0.0481392937294792
"hsa-miR-421"	2.44062102818135	7.67154547175389	30.4028876773495	3.5100525366881e-08	2.16087609289861e-07
"hsa-miR-423-3p"	0.663520985968938	11.6184989038254	2.50451139101971	0.113520688570194	0.152133167675702
"hsa-miR-423-5p"	-0.342554399471627	11.4048877657544	0.65116007676007	0.41969822698433	0.490685760925299
"hsa-miR-424-3p"	3.64606816217704	3.09012811237611	19.2133166126695	1.16895103391741e-05	4.26450654966166e-05
"hsa-miR-424-5p"	7.33897397195727	7.3900303451498	35.5774494965979	2.45108645553806e-09	2.01193346558749e-08
"hsa-miR-425-3p"	1.19660140732971	6.22345803135059	6.84989945529675	0.00886462612154598	0.0160213884949042
"hsa-miR-425-5p"	-0.284775121905802	9.54455576126039	0.406880268426423	0.523557220152019	0.595361746328721
"hsa-miR-429"	-1.5358015642815	2.74375261380101	1.45957217560237	0.226998204345949	0.280367688126344
"hsa-miR-4326"	2.67403435451563	4.08625265459381	22.9081449290619	1.69930272610294e-06	7.69569280556962e-06
"hsa-miR-4424"	-8.4020072688386	4.5909942903086	32.0443610227304	1.50691871714743e-08	1.02366547337257e-07
"hsa-miR-4443"	-6.23583572540622	2.71519355064016	20.7700368040944	5.17868934362594e-06	2.04040360138862e-05
"hsa-miR-4464"	-7.70199458347758	3.94792942281512	20.5086314722519	5.93629535903161e-06	2.31574294203807e-05
"hsa-miR-4482-3p"	-6.81641443666873	3.10815696719144	11.5388379072531	0.000681572299364152	0.0016889275845879
"hsa-miR-4485-3p"	-3.02391465762399	2.39379013246366	4.31964608576229	0.0376747572009676	0.0591388619011205
"hsa-miR-450a-5p"	3.61327580019135	3.6120436589362	15.5053427026107	8.22723881342584e-05	0.000274706109533032
"hsa-miR-450b-5p"	3.75013574978448	4.10914787385634	13.6073269959062	0.000225304455977818	0.000657555227076002
"hsa-miR-451a"	-4.42310071774798	6.31195209609766	9.61778305215372	0.00192702214193527	0.00428952951368642
"hsa-miR-4521"	1.8412703531596	3.07530153843737	5.87853377220463	0.0153265797357389	0.025917048995198
"hsa-miR-454-3p"	-0.824072581811043	6.81291715488409	1.93638330015017	0.164061768385989	0.207846741942378
"hsa-miR-454-5p"	0.00635334289121932	3.72265280608744	0.000136934137365596	0.990663458862657	0.993184231022613
"hsa-miR-4661-5p"	-3.12465560204163	3.08035596248111	7.07885685038408	0.00779987536828655	0.0144279384746709
"hsa-miR-4662a-5p"	-1.5110361857279	4.50130507644711	3.95432566045405	0.0467510461013537	0.0719527818903648
"hsa-miR-4677-3p"	0.388384573875343	5.73549554639403	0.545769541158974	0.460051428048466	0.533118419562046
"hsa-miR-4707-3p"	4.6240098275354	2.16457397163709	12.0389953126833	0.000520990448684953	0.00134163553452204
"hsa-miR-4775"	1.34367907950585	3.12844568457967	3.79952093473266	0.0512672491093079	0.0770965501872798
"hsa-miR-4787-3p"	4.60713930116916	2.93501622057988	14.9553028447696	0.000110088226302623	0.000352640334660433
"hsa-miR-4802-3p"	3.47724380328449	2.10536287033667	6.22603374120528	0.0125885392847405	0.0218497113576553
"hsa-miR-484"	0.607137151474484	9.87546877731364	2.44126480113109	0.118180901186292	0.156778703930637
"hsa-miR-486-3p"	-6.64918763494204	7.04325258319311	59.3262751955468	1.33580979008399e-14	2.63154528646546e-13
"hsa-miR-486-5p"	-9.21100899520261	15.0378717779084	57.7018421917937	3.05017018986255e-14	5.72270026098022e-13
"hsa-miR-497-5p"	-4.03647017576662	4.04972669933091	11.4427765442886	0.00071772463949527	0.0017673969247571
"hsa-miR-5000-3p"	-3.54692373321488	3.19635366567326	17.4345772033717	2.97367144307152e-05	0.000106511504415471
"hsa-miR-500a-3p"	1.42575411617051	10.2598908382352	2.95574032771444	0.0855731071545547	0.119985068394642
"hsa-miR-500a-5p"	1.39012718890752	3.0152188324813	3.83135146498301	0.0503023579479076	0.0762274193518292
"hsa-miR-500b-3p"	2.15104203013438	2.73555913592802	8.5983985392262	0.00336458739678731	0.00679819197094461
"hsa-miR-500b-5p"	1.38775582481297	3.01577697984439	3.81442011637722	0.0508131911246241	0.0767065030770188
"hsa-miR-501-3p"	2.26256298950342	9.5353613833075	32.9562439738051	9.42565363207455e-09	6.87723616858773e-08
"hsa-miR-501-5p"	2.65146367937555	3.88246036278539	12.9181330195297	0.000325414270378103	0.000878172757047758
"hsa-miR-5010-3p"	2.47586697248652	4.08572050791281	22.6571596819412	1.93637328672554e-06	8.47701194410957e-06
"hsa-miR-502-3p"	3.76429208764904	4.87500459151462	49.5825343158992	1.90199434776577e-12	2.88225297315274e-11
"hsa-miR-502-5p"	1.39138743156647	2.80490181844132	3.30429715906335	0.069098898924575	0.100833208060306
"hsa-miR-505-3p"	1.89051655508165	5.97046820171836	13.6718835398275	0.000217689477025941	0.000640072044389708
"hsa-miR-511-3p"	10.9984323301634	6.72126071699114	89.2510914570818	3.47750979088442e-21	3.42534714402116e-19
"hsa-miR-511-5p"	6.49281119148909	6.75057618167441	31.0216700960252	2.55163598351267e-08	1.62452189927141e-07
"hsa-miR-5196-3p"	-7.84815607797021	4.06622795748816	68.8050905017696	1.08691771588255e-16	3.05889700041232e-15
"hsa-miR-532-3p"	2.18591676600949	6.42189009988988	10.3511667738495	0.00129392873836733	0.00299887013480429
"hsa-miR-532-5p"	0.00234910068141731	10.3577993522041	1.36582094114601e-05	0.997051263562106	0.997051263562106
"hsa-miR-542-3p"	2.47344522356687	2.29635640201751	6.04633446832098	0.0139351965335377	0.0238715975400603
"hsa-miR-548au-5p"	2.16053325593227	2.42623931482695	6.83743744021003	0.00892668030843563	0.0160598723357244
"hsa-miR-548e-3p"	0.852926826094683	6.21060678064891	1.7051596804582	0.191614583486586	0.240433585648773
"hsa-miR-548e-5p"	-0.250306910836404	4.51050236001206	0.17480659777303	0.675874889988257	0.729574538781845
"hsa-miR-548k"	1.84364972837873	6.39623097467624	14.2958618504554	0.000156207901883894	0.000477100103428329
"hsa-miR-548o-3p"	0.78352789783785	4.33030585524563	2.4470463339179	0.117746243514674	0.156729797110748
"hsa-miR-550a-3p"	0.941220392472723	3.50234638013095	2.0780547081572	0.149430507399047	0.192403986651061
"hsa-miR-5690"	0.45683717121719	2.76267594670919	0.456394880199597	0.499313668037423	0.576919604711861
"hsa-miR-574-3p"	4.43085211877119	7.02819265950967	76.3210012329063	2.41106088896615e-18	9.06864189074545e-17
"hsa-miR-576-5p"	-1.5313408306661	6.04686629739297	8.68255514084045	0.00321270255374751	0.00655857412526693
"hsa-miR-577"	-8.91290580208073	7.65344543781186	106.176098283832	6.74654891327303e-25	1.32907013591479e-22
"hsa-miR-582-3p"	-3.53660675388982	6.54768246685885	21.0598964268756	4.45147761943699e-06	1.86583210857253e-05
"hsa-miR-582-5p"	-2.57871495503304	5.87387130582637	12.2684775394731	0.000460673949117999	0.0011941153681085
"hsa-miR-584-5p"	-2.09542458409038	2.98458325605806	4.53950554098609	0.0331211579426508	0.0526199041508243
"hsa-miR-589-3p"	2.9447537011776	4.15957275141462	32.6754998282495	1.08901286859287e-08	7.80129218591982e-08
"hsa-miR-589-5p"	-0.0264728297263782	7.72364859376048	0.00236599421117223	0.961205007612872	0.971063520511465
"hsa-miR-590-3p"	-0.41406779660424	5.72416579038455	0.26550184981213	0.606365256643872	0.667340533848284
"hsa-miR-598-3p"	-3.41997643146289	6.12250714724137	23.8585446835165	1.0368063125759e-06	4.75001961808028e-06
"hsa-miR-616-5p"	0.64284373124928	4.50496630193149	2.29076543669509	0.130145726009177	0.170356863945567
"hsa-miR-618"	5.41302935355125	3.05520946009758	26.0636718725198	3.30341336774059e-07	1.69076583565189e-06
"hsa-miR-625-3p"	-1.79452573452428	5.53478984932903	14.5478020646047	0.000136647967612734	0.000423931490074151
"hsa-miR-625-5p"	-0.393618094001014	4.38706701787013	0.418164783965896	0.51785420471048	0.592442300216754
"hsa-miR-628-3p"	0.740031656630107	3.72515391405435	2.07844330946355	0.149392463984072	0.192403986651061
"hsa-miR-628-5p"	1.37228717356973	4.12725449794647	6.25186106513101	0.0124062891677852	0.0216286634164042
"hsa-miR-629-3p"	0.254178335596296	2.98744486317826	0.072800199719258	0.787302488965671	0.831627830167492
"hsa-miR-629-5p"	-0.746218625853397	6.20775833819093	1.9759684003266	0.159815772457998	0.203120691446617
"hsa-miR-641"	-0.506151086181786	3.66457873049555	0.756828147163301	0.384322972260424	0.456094129730745
"hsa-miR-650-3p"	-5.82920075593527	2.43795552676964	13.8125200405594	0.000201985752468746	0.000598363808065308
"hsa-miR-6503-3p"	3.23910736682212	4.02059367985815	22.6603481055948	1.93316271604124e-06	8.47701194410957e-06
"hsa-miR-6503-5p"	1.83453116914457	2.43542726977776	3.42134605323911	0.0643585171786095	0.0946166260013887
"hsa-miR-651-5p"	-3.49467565614748	4.02660423637851	14.83369132922	0.000117418997901486	0.000367550226654025
"hsa-miR-6511b-3p"	1.41511895701663	2.50669303280626	3.57437012232599	0.0586776979954511	0.0879044793501227
"hsa-miR-6516-3p"	-2.52581065428911	4.63201453791949	6.74894712529254	0.00938030224407273	0.0167992685643848
"hsa-miR-652-3p"	0.558103078996282	8.09996035303771	1.75934188157686	0.184706624611412	0.232506102545994
"hsa-miR-652-5p"	1.19477920665044	3.76261985028196	5.09176884132095	0.0240396597837864	0.0394651081450494
"hsa-miR-653-5p"	4.20260302840828	2.17009537366915	11.8896133591803	0.000564478378463331	0.00143486762009389
"hsa-miR-659-5p"	-4.08175415207688	4.61209227157082	35.3945472627789	2.69239579904258e-09	2.1649060098424e-08
"hsa-miR-660-3p"	3.53681678366638	2.814329945312	14.5189873567773	0.000138753968331638	0.000427102058770823
"hsa-miR-660-5p"	1.12292617254704	9.28798983101697	6.50474696894567	0.0107586873144244	0.0190086224299695
"hsa-miR-664a-3p"	-1.86653854110119	7.34256853366434	15.024664918454	0.000106115186930889	0.00034269986598992
"hsa-miR-664a-5p"	-3.42725193706669	4.85622419195951	33.881576930169	5.85707032129458e-09	4.52487393449032e-08
"hsa-miR-664b-3p"	-2.46624406392749	3.60576827494271	10.8620393981625	0.000981555423692979	0.00237259409162597
"hsa-miR-671-3p"	0.221177366597221	6.064597860711	0.104841286196625	0.746095481789305	0.792349379582173
"hsa-miR-671-5p"	1.73279068988808	3.645451718362	11.7141194676371	0.000620276544063301	0.00154676555924646
"hsa-miR-6769b-3p"	-0.0318618711866035	2.98092190809249	0.0013154148690484	0.971068148302312	0.978518799056549
"hsa-miR-6810-3p"	6.12149135191556	2.49688431875075	20.881325982984	4.88635089703722e-06	1.96451250350272e-05
"hsa-miR-6842-3p"	-2.40165932914854	6.24461336840514	19.2184086373991	1.16583717303132e-05	4.26450654966166e-05
"hsa-miR-7-1-3p"	-2.41246610718596	5.75125707054896	15.6243289723538	7.72542044522001e-05	0.000260155184223648
"hsa-miR-7-5p"	-2.08966497393977	5.33675353169792	7.77607806584531	0.00529426115148502	0.0101259169596364
"hsa-miR-708-3p"	-3.53948768386273	3.73198725903577	8.1932851532012	0.00420457178650468	0.00817017010414245
"hsa-miR-708-5p"	-1.88049057502186	4.17353007058223	2.66796756216554	0.102386698396159	0.140558742745946
"hsa-miR-744-3p"	1.72175089711504	2.90686194005842	6.51294548845453	0.0107091974899815	0.0190064135633004
"hsa-miR-744-5p"	2.48700100887709	7.55613812585835	20.997471108968	4.59890004344555e-06	1.88683576522605e-05
"hsa-miR-766-3p"	-1.46291182198763	6.24412705955047	13.1058331838209	0.000294377720781124	0.000831537724736481
"hsa-miR-769-5p"	-1.31915306918326	9.09632289024667	8.62217957765023	0.00332094237063279	0.00674459429912021
"hsa-miR-7705"	0.961047888754225	3.28267337926597	2.46997508769901	0.116039763760816	0.154981921768683
"hsa-miR-7706"	-1.33936713240441	6.70501579327586	3.0442914311031	0.0810214657182196	0.114417410369099
"hsa-miR-7974"	-1.27231469422069	3.06166561737813	1.59107337991059	0.207172844799567	0.258310445731106
"hsa-miR-7976"	3.44788142417964	3.19536827802636	21.9120969566681	2.85428966114831e-06	1.23581332581586e-05
"hsa-miR-7977"	-0.210985451219667	2.43411626559681	0.0212076118650621	0.8842147985881	0.907241225634665
"hsa-miR-874-3p"	-1.11813383494072	5.23848135896575	6.09218539334527	0.0135781040823847	0.0233614541854129
"hsa-miR-877-5p"	0.854114837872026	5.46060776367095	1.11110775717816	0.291841273446081	0.354578110604151
"hsa-miR-9-5p"	0.108202740240051	5.35902570114113	0.0287268504179963	0.865411259879247	0.892596953906868
"hsa-miR-92a-1-5p"	-3.2492232396068	4.05215783308689	26.0631604156716	3.30428856206081e-07	1.69076583565189e-06
"hsa-miR-92a-3p"	-3.18229538509923	16.7745446716948	46.1897560931129	1.0733672397717e-11	1.32593784435376e-10
"hsa-miR-92b-3p"	-0.135735884487526	8.01357992416964	0.0451777510835072	0.831677518252554	0.862318268925016
"hsa-miR-93-3p"	2.06906482676744	4.48774041158233	20.0365457650148	7.5976185183943e-06	2.87832855408399e-05
"hsa-miR-93-5p"	-1.5357074319626	10.3057519510011	10.151904515267	0.00144152241302645	0.00330209203914198
"hsa-miR-940"	3.53995816515707	3.47271963759511	20.9782565509031	4.64525556413519e-06	1.88683576522605e-05
"hsa-miR-941"	1.75246404274913	9.52171617690629	8.89653897799299	0.00285711693072262	0.00589373859007703
"hsa-miR-941-3-5p"	1.80208001111124	7.20124630452003	9.46963674139206	0.00208900735749672	0.0045726049936317
"hsa-miR-942-5p"	-0.420365595397001	3.88657301282918	0.869014399702482	0.351228309014473	0.42061992021794
"hsa-miR-944"	-2.02505132507799	2.83857935059762	5.77509957405015	0.0162547991852443	0.0273691917905395
"hsa-miR-95-3p"	-6.88482088758022	3.22464405588556	41.4841994352915	1.18827474465287e-10	1.23205328787692e-09
"hsa-miR-96-5p"	-6.76793895579107	3.12949242159849	31.7379016757199	1.7644496904496e-08	1.17671037464246e-07
"hsa-miR-98-3p"	2.75681124091564	3.88369481774448	11.7498300937169	0.00060848792610257	0.00152703339416823
"hsa-miR-98-5p"	-0.0461650289494701	11.5176201734161	0.00473913508722035	0.94511588268784	0.957263901745524
"hsa-miR-99a-5p"	1.59520005415543	4.64637050761584	4.50785183902902	0.0337395893743063	0.053387141419585
"hsa-miR-99b-3p"	4.22742947146142	4.95824854615968	16.8452932748915	4.05537772298204e-05	0.000142662394897761
"hsa-miR-99b-5p"	6.39523790046885	13.7937076337288	66.3434784348234	3.78810116427331e-16	9.9500790581579e-15
