"logFC"	"logCPM"	"LR"	"PValue"	"FDR2"
"hsa-let-7a-3p"	-0.00816260985907514	4.99772320408208	0.00022007705029381	0.988163821385488	0.990764252494397
"hsa-let-7a-5p"	-1.27197438502314	15.1595242943712	16.2280067491001	5.61577325223205e-05	0.000274308924243643
"hsa-let-7b-3p"	0.469292117005993	4.78033081322285	1.3899121875813	0.23841992960077	0.332739901750525
"hsa-let-7b-5p"	0.0542957779820679	10.9757272274137	0.0228406113246216	0.879872294950756	0.914031107498067
"hsa-let-7c-5p"	1.26471683845814	4.19832834294195	6.30179330595883	0.0120615893427686	0.028543264221086
"hsa-let-7d-3p"	-0.836719451214554	7.07845459190448	8.04277924989125	0.00456853903163987	0.011840907286087
"hsa-let-7d-5p"	-0.863492206646635	10.3050431947422	6.49379701229604	0.0108251521410768	0.0259395155078633
"hsa-let-7e-5p"	-0.76216318611252	6.98388817360885	0.747444570976061	0.387286502706674	0.496822079229774
"hsa-let-7f-1-3p"	-0.00698251898979273	3.33665742933852	0.000343967557462577	0.98520299208604	0.990401952466441
"hsa-let-7f-2-3p"	0.310858333173822	3.81861682125759	0.281607284380028	0.595649675694366	0.689794913190132
"hsa-let-7f-5p"	-0.327270908000895	15.3367444940895	1.13478559798023	0.286756859400297	0.390194155112547
"hsa-let-7g-3p"	0.483129364314699	5.35165833820732	1.45632607056431	0.227515587162626	0.322243266576061
"hsa-let-7g-5p"	0.521475332864009	15.1521270156593	3.29039525890317	0.0696862448641016	0.122918793024179
"hsa-let-7i-3p"	-1.12712794743315	7.67902289958779	9.20985986036369	0.0024071511923847	0.00700095117785169
"hsa-let-7i-5p"	-0.723608520941632	13.2662011801214	6.23233187548412	0.0125438445016316	0.029501263920504
"hsa-miR-1-3p"	2.72042830268868	1.73404885747211	2.46681486958041	0.116273332513891	0.187712456304205
"hsa-miR-100-5p"	1.80426581101268	6.85569887443406	3.61062620854727	0.057411498068444	0.107224415510182
"hsa-miR-101-3p"	0.590217557201342	14.1810559256318	1.18277273839396	0.276792243209476	0.379344764974137
"hsa-miR-101-5p"	1.17579023959884	5.57194959630081	6.5454341091269	0.0105153667222985	0.0253566754506058
"hsa-miR-103a-3p"	0.0597097409207465	12.3201729065367	0.0321605129455804	0.857675824918312	0.902439095158299
"hsa-miR-106a-5p"	-0.150838739161266	4.72054743747952	0.0792468431713633	0.778320671598234	0.842443681474225
"hsa-miR-106b-3p"	-1.04599443115864	9.21405612295994	9.97214902041373	0.00158925887890065	0.00508829943580797
"hsa-miR-106b-5p"	0.142292988177082	8.50402625702449	0.107828654458793	0.742629853832906	0.817751370839125
"hsa-miR-107"	0.90572991653274	3.96147626124329	4.36079299862049	0.0367751826030331	0.0718530490859263
"hsa-miR-10a-5p"	0.386061531609691	11.9436501108939	0.395270930752645	0.529541707467651	0.632462039326568
"hsa-miR-10b-5p"	-1.89025117682191	6.13662012522304	5.89238304438107	0.0152065090332906	0.0349016863956852
"hsa-miR-122-5p"	-7.59888267924197	3.79294636171066	51.3592293799844	7.6919526629482e-13	1.62812998032404e-11
"hsa-miR-1248"	-0.626308132038132	3.87155064984761	1.0296867991895	0.310232240879262	0.413281411800695
"hsa-miR-1249-3p"	1.39114730384746	3.15157389638026	5.67008123625471	0.0172566569241153	0.03890406087626
"hsa-miR-1255a"	-0.884251819497732	2.36095753205336	0.64106605063462	0.423325028264543	0.530548801871022
"hsa-miR-125a-3p"	1.95733229876865	2.30036746458753	4.65690168889894	0.0309289542957276	0.0633544708960873
"hsa-miR-125a-5p"	4.29497033378068	12.1894294656049	39.5927892686629	3.12836258394175e-10	4.96627560200752e-09
"hsa-miR-125b-2-3p"	1.35458496214617	2.48399055550218	2.66613567923352	0.102504635159112	0.17054264626909
"hsa-miR-125b-5p"	3.54485311744994	6.82916505196282	25.0664776602655	5.5387415436293e-07	4.90758262354131e-06
"hsa-miR-126-3p"	-0.424888901929834	3.84880314498077	0.524723571560358	0.468833666574797	0.576211699887089
"hsa-miR-126-5p"	-2.55838108838515	6.65072703696155	10.3302287447379	0.00130868986062877	0.00422551556694543
"hsa-miR-1260a"	1.84001556993275	4.81146289176992	28.6391677911058	8.72004149646883e-08	8.97928597339088e-07
"hsa-miR-1260b"	0.901855172132498	3.41735294305738	3.25456645091552	0.0712247702368558	0.124479988349734
"hsa-miR-127-3p"	-1.90558583913398	3.88448578727191	18.2455709402602	1.94176932407021e-05	0.000104199170770528
"hsa-miR-1271-5p"	0.279283115253726	6.98017566328455	0.309083199551536	0.578243316313558	0.67579970403517
"hsa-miR-1273h-3p"	-1.83054653804515	5.18975995733763	24.1031363046177	9.13114578215759e-07	7.24784696458759e-06
"hsa-miR-128-1-5p"	-3.03630960083178	4.55947959520716	20.5484662970257	5.81403546097008e-06	3.63138936168787e-05
"hsa-miR-128-3p"	0.799955801819436	9.27136008003271	8.80962294377534	0.00299645951116901	0.00821331707737693
"hsa-miR-1285-3p"	3.2505199292678	3.34549803885475	7.92521004577366	0.00487506851447792	0.0124657792215845
"hsa-miR-1287-5p"	1.67895645881267	2.65646333562496	6.30724245123076	0.0120245721026676	0.028543264221086
"hsa-miR-1291"	1.28884840545451	2.59676854070384	4.57879457252904	0.0323699785852412	0.06560086085626
"hsa-miR-1294"	-0.602619249039128	2.42308823378247	0.740214027731161	0.389592326031028	0.49810294032826
"hsa-miR-1299"	-5.97715661259847	2.34178680995706	14.8015724364961	0.000119435871634212	0.000511292888681289
"hsa-miR-1301-3p"	0.70135010919281	4.66887513208326	3.52377269195851	0.0604945977287127	0.111345129152848
"hsa-miR-1304-3p"	-1.69833532872579	4.27175243863345	12.9642711536651	0.000317492034905788	0.00126004651353235
"hsa-miR-1306-5p"	2.82812533874243	2.55847841511823	13.6556804279329	0.000219576042390163	0.000919323869787384
"hsa-miR-1307-3p"	0.0395958597544304	7.08531103101518	0.0105764097414411	0.918088630182747	0.93777953914109
"hsa-miR-1307-5p"	1.15592787505596	8.28511165557013	3.43474859198616	0.0638383005751343	0.115957073449905
"hsa-miR-130a-3p"	-0.255180596005586	4.64286824187678	0.335234839257058	0.562592762977348	0.665260781977506
"hsa-miR-130b-3p"	0.303137269327538	6.9862288514149	0.747946760247592	0.387127078221127	0.496822079229774
"hsa-miR-130b-5p"	1.43536804843021	4.80531891535462	9.76866283513352	0.00177511509763507	0.00545418429192711
"hsa-miR-132-3p"	-0.144476135080843	5.76385306209021	0.0619108273902444	0.803500898080303	0.864784864883039
"hsa-miR-132-5p"	1.7021212889046	3.36695480320393	9.66378906045176	0.00187935598107248	0.00559402053741105
"hsa-miR-133a-3p"	0.849096962595994	2.49450178476681	0.629035160389849	0.427709444373407	0.532358746643436
"hsa-miR-138-5p"	-5.58312821592657	3.98269331064676	112.921199320191	2.24523132653985e-26	1.0692914192646e-24
"hsa-miR-140-3p"	0.180774614188691	12.6414748053335	0.456428439695706	0.499297894155005	0.603912691025578
"hsa-miR-140-5p"	0.605792382313903	6.68068058714059	1.99608803841382	0.157705774462837	0.238436111390242
"hsa-miR-141-3p"	-1.64798378215038	9.44437385507124	15.2964085308829	9.18910529735644e-05	0.000419901429949645
"hsa-miR-142-3p"	1.26102889798721	12.6009748764024	4.46292946342027	0.0346380457618596	0.0683787328252255
"hsa-miR-142-5p"	-0.397598532247747	16.2396737856149	0.919886294053867	0.337504829504401	0.443411517383368
"hsa-miR-143-3p"	-2.92662515189188	6.1847726520847	38.5461071875089	5.34753231651219e-10	8.14963925036458e-09
"hsa-miR-144-5p"	-1.37947448858143	2.43383095228249	3.16729596838747	0.0751267321941215	0.128933716062884
"hsa-miR-1468-5p"	-0.553580219492738	5.24402307406205	3.74323981723674	0.0530215444808361	0.0995133421044264
"hsa-miR-146a-3p"	3.95037123925603	2.80474008593961	11.0323377331863	0.000895361665147385	0.00312965866441425
"hsa-miR-146a-5p"	-1.47448023779633	12.8705955157729	5.02516535489485	0.024981540154003	0.0531729988752801
"hsa-miR-146b-3p"	2.0606868984284	8.97445232431049	10.6801981863443	0.00108288458921663	0.00358764372601335
"hsa-miR-146b-5p"	-0.648078695725889	14.4402619421963	0.485422892350471	0.485976182932707	0.591555673154509
"hsa-miR-148a-3p"	0.675009263349825	11.6614878920391	2.75664255036435	0.0968513024646168	0.162556591361317
"hsa-miR-148a-5p"	-1.23695488721628	5.30372606270771	6.00439223399896	0.0142703087322128	0.0329514401634732
"hsa-miR-148b-3p"	-0.763354012287595	10.0301551889846	5.46634241484543	0.0193861563675963	0.0426943674916427
"hsa-miR-148b-5p"	0.467988410901368	5.78323181004137	2.52812783617686	0.111832831942235	0.184451553982647
"hsa-miR-150-3p"	0.556320279972089	7.88727970119396	1.9467450129193	0.162938038800591	0.243448599149118
"hsa-miR-150-5p"	3.58592069414868	17.5218419010867	24.2701248823613	8.37276684230793e-07	6.93483514547679e-06
"hsa-miR-151a-3p"	-4.18875415602156	11.8126261270096	67.5708434201979	2.03251137388818e-16	5.95682179577998e-15
"hsa-miR-151a-5p"	-2.92824162542784	11.2358017796934	35.2991258561197	2.82758941656305e-09	3.71486747486386e-08
"hsa-miR-151b"	-4.57541434409194	6.90551642639314	52.5228283197443	4.25276105778154e-13	9.53118801773391e-12
"hsa-miR-152-3p"	2.13646600893602	6.46252396113686	9.22305510677689	0.00238986424814443	0.00700095117785169
"hsa-miR-152-5p"	0.984581005965127	1.92668583066889	0.729165955011359	0.393153668577233	0.499305159093086
"hsa-miR-153-3p"	1.46673973852557	3.69512283148189	4.76322535389443	0.0290740175878757	0.0602021777227209
"hsa-miR-155-5p"	-4.03681963114111	12.8515637772949	34.7007321360545	3.84486959943693e-09	4.8829843912849e-08
"hsa-miR-15a-5p"	-1.01493606059008	11.5712396305089	8.73351656056347	0.00312413382055495	0.00850210704022454
"hsa-miR-15b-3p"	0.369391867227009	5.68491497362321	1.39863314321162	0.236952561099103	0.332008250561223
"hsa-miR-15b-5p"	0.362249606557443	8.75796298301243	1.39820548048391	0.237024262867855	0.332008250561223
"hsa-miR-16-2-3p"	0.671705493225392	7.59172330506506	5.47974316738479	0.0192380854115752	0.0426145961733147
"hsa-miR-16-5p"	-1.86540082828224	14.3204166071669	25.279756254577	4.95886034424875e-07	4.49839474085422e-06
"hsa-miR-17-3p"	0.0579053461256274	7.54261228156548	0.0226218295515288	0.880444662603125	0.914031107498067
"hsa-miR-17-5p"	-1.06374008942523	8.62509394012452	9.09242107199267	0.00256670874826023	0.00729788084393393
"hsa-miR-181a-2-3p"	0.879968401419132	9.35863020578215	1.08846973348415	0.296810515294138	0.399592955219316
"hsa-miR-181a-3p"	-1.12519424842461	8.81483010330425	8.42186306478566	0.00370735712621239	0.00974115050688232
"hsa-miR-181a-5p"	-2.03780825336259	16.0834059024977	20.8477174572199	4.97284522349818e-06	3.26068269917533e-05
"hsa-miR-181b-2-3p"	1.26200110097943	2.44610797720822	1.55507328603296	0.212388046459853	0.307680021677582
"hsa-miR-181b-5p"	-0.665242046684251	10.9171593647498	2.00180579326602	0.157111934301262	0.238436111390242
"hsa-miR-181c-3p"	2.68307198528139	6.07352795808419	22.7720125199527	1.82402797414662e-06	1.36265619245071e-05
"hsa-miR-181c-5p"	2.51234384800745	10.5193051886364	26.9441136944559	2.09423971670599e-07	2.09975087385522e-06
"hsa-miR-181d-5p"	2.59553890890871	5.89760956538785	18.06682422596	2.13285548616362e-05	0.000112863602809492
"hsa-miR-182-5p"	-4.39721885606548	6.86413478827433	50.6665967468489	1.09466842782337e-12	2.19509826842475e-11
"hsa-miR-183-5p"	-5.52580345016795	4.55059243677968	73.0183640299731	1.2844909867712e-17	4.44900969054389e-16
"hsa-miR-185-3p"	0.0969439326985542	3.02119503345413	0.0254924116681305	0.873146207954024	0.911421110220502
"hsa-miR-185-5p"	1.074025599979	6.54563735197166	5.36515394105165	0.020542974984195	0.0447249912513046
"hsa-miR-186-5p"	0.0696426255447135	13.921902115217	0.051607050556413	0.820290114006009	0.870558588959024
"hsa-miR-188-5p"	-1.23385839902862	2.31747837044953	1.32166552035906	0.250293360495705	0.346950094932436
"hsa-miR-18a-3p"	-0.194274184763493	3.63474613991409	0.0929899901789124	0.760409868747177	0.830132263589325
"hsa-miR-18a-5p"	-0.546633666643236	4.90526533454156	2.17456956341066	0.140308768109723	0.220899341528117
"hsa-miR-190b"	0.186072186966745	3.17225455428759	0.132312424275755	0.716046384367495	0.797700796619929
"hsa-miR-191-3p"	0.608775208482188	2.95854766904524	1.04050985010393	0.307702923915385	0.412798640886484
"hsa-miR-191-5p"	-1.75781698182322	14.2576856266869	22.2655401755904	2.37429426113678e-06	1.73962714133291e-05
"hsa-miR-192-5p"	0.145636072285535	12.7140237562271	0.222131904999699	0.637420292926325	0.72278908215753
"hsa-miR-193a-3p"	1.86141703295556	2.59595654098558	4.10290296498733	0.0428096497088335	0.0823761441366948
"hsa-miR-193a-5p"	-3.89102396858962	4.94353939796383	77.1793214590082	1.56119580505749e-18	5.94815601726903e-17
"hsa-miR-193b-3p"	-0.0374887026723944	4.51675758790584	0.00522682989244316	0.942365696942737	0.954897155678677
"hsa-miR-194-5p"	0.749735341736459	7.0849932130741	3.97190650831071	0.0462653617259156	0.0876970289431534
"hsa-miR-195-5p"	-3.07211878726407	5.42122732588195	56.9390790418572	4.49523703833214e-14	1.14179020773636e-12
"hsa-miR-196a-5p"	4.41881614436435	3.69268597535103	13.1571702960006	0.000286421096025032	0.00116091954878231
"hsa-miR-196b-5p"	1.92395268885289	3.65617669953271	3.17421672589017	0.0748090728109257	0.128933716062884
"hsa-miR-197-3p"	0.641625481755051	10.0500136251223	4.93262222609877	0.0263542974439229	0.0551702600337067
"hsa-miR-1976"	0.054144356100254	3.8530448265171	0.0177515673234225	0.894007525363412	0.923080940822385
"hsa-miR-199a-3p"	0.451697854211693	5.8048871956724	2.06426683765204	0.150787432262223	0.234489843640436
"hsa-miR-199a-5p"	-0.122288284903182	3.03398564258664	0.0760291509615003	0.782752501625811	0.844840518751938
"hsa-miR-199b-3p"	0.393963535145369	4.63981374607015	1.51436153120431	0.2184747597963	0.312928133392444
"hsa-miR-199b-5p"	1.65702541050033	5.29269715407413	9.7862151317704	0.00175824998359048	0.00544628653453637
"hsa-miR-19a-3p"	0.742997249348484	8.158667991572	1.76862292605079	0.183552594633769	0.268975148290254
"hsa-miR-19b-3p"	0.250504011572399	10.761688107995	0.254912998890624	0.613636733364508	0.699986812610412
"hsa-miR-200a-3p"	-2.42604092445953	4.18051919887196	33.703321772817	6.41909814133202e-09	7.64273872452344e-08
"hsa-miR-200b-3p"	-0.893705016854699	5.05206148955686	4.94831188544188	0.0261161573682231	0.0549737898192983
"hsa-miR-200c-3p"	-1.02560386929188	5.1333253817015	12.1207941478483	0.000498626643439176	0.00188095793218144
"hsa-miR-203a-3p"	2.04328713170272	2.12760689563921	3.18793083523978	0.0741838554252934	0.128472949622895
"hsa-miR-20a-3p"	0.470933253907362	3.07745903282325	0.675363713484447	0.411187799124799	0.518750170419035
"hsa-miR-20a-5p"	-1.42865077125986	9.82150593387282	18.4153708229349	1.77619412602483e-05	9.66757088593513e-05
"hsa-miR-20b-5p"	-1.47912384402668	5.74090123958171	7.38684755784197	0.00657025436691977	0.0163612216588002
"hsa-miR-21-3p"	-2.52683953068304	11.0525021371365	13.5223407397644	0.000235740197170405	0.000976271903499179
"hsa-miR-21-5p"	-0.417332269032224	14.9325928134098	0.6591279543577	0.416867977065594	0.524180525617133
"hsa-miR-210-3p"	-1.18224657246969	5.44741593497096	11.7505482320887	0.000608253192850942	0.00224994627646805
"hsa-miR-210-5p"	-3.37532938881988	3.00751930711814	15.1769861476772	9.78892041777656e-05	0.000438773962255632
"hsa-miR-2110"	-0.179270033271652	3.63779692274603	0.155053540945065	0.693752047727344	0.779703628861705
"hsa-miR-2110-3p"	1.46665920761352	4.86848159813027	11.8973849389526	0.000562128072775301	0.00209971368360186
"hsa-miR-212-3p"	-0.212902209177394	3.07514027112024	0.0859945888637785	0.76933233739821	0.835087238030536
"hsa-miR-212-5p"	1.81270914618973	2.96530456461576	8.02324672174148	0.00461807092391199	0.0118884123108816
"hsa-miR-215-5p"	0.863947316391275	4.58469163711635	6.06850750910061	0.0137613194576866	0.0319698945937719
"hsa-miR-22-3p"	2.13985029610565	13.8638347316066	20.0677052155836	7.47482914367322e-06	4.52049191069762e-05
"hsa-miR-22-5p"	2.81130418366961	5.43124630561992	37.2647316248228	1.03132965874394e-09	1.455320740672e-08
"hsa-miR-221-3p"	-0.660149967255431	11.45394310881	4.37199023130873	0.0365342972181199	0.0717503465984726
"hsa-miR-221-5p"	0.356690230617861	6.93585397202088	1.02462507588996	0.311424434707656	0.413424075343612
"hsa-miR-222-3p"	-0.336432100853905	9.92442576734798	1.03220778934837	0.309640684979942	0.413281411800695
"hsa-miR-222-5p"	-0.629845305118483	2.81773957084784	0.625634932241416	0.428960984828175	0.532358746643436
"hsa-miR-223-3p"	-2.36905419347514	9.05652971462104	13.0083878576204	0.0003100987982193	0.00124365939075319
"hsa-miR-223-5p"	-4.51770594739114	4.47996839954034	154.489965294294	1.80989406912945e-35	2.29856546779441e-33
"hsa-miR-2277-5p"	1.6325630085417	3.49845510107282	9.18102086393902	0.00244537589834078	0.00700759609224732
"hsa-miR-2355-5p"	-0.811904235915766	4.05603764563931	3.40382612493513	0.0650453791764365	0.116897591821803
"hsa-miR-23a-3p"	2.89527972817964	10.7830527596954	54.3922610479782	1.6420828272093e-13	3.91020973229215e-12
"hsa-miR-23a-5p"	-0.220765246685671	4.78923708703133	0.192658821709101	0.660712855220719	0.746978035130842
"hsa-miR-23b-3p"	1.34783068929115	7.38519981228841	15.6983820483884	7.42876888568686e-05	0.000349427277215641
"hsa-miR-23c"	5.40605495280563	2.56478855186354	4.16252074533392	0.0413278550899448	0.0803362897411681
"hsa-miR-24-2-5p"	2.27013337184765	5.42968526605369	20.5060887783784	5.94418636960537e-06	3.6527983980962e-05
"hsa-miR-24-3p"	0.997427475002313	9.25529127767626	7.74788251410923	0.005377555683659	0.0136589914364938
"hsa-miR-2467-5p"	-0.522860802733968	2.57667241561331	0.634259262398652	0.425797279145594	0.531897584768759
"hsa-miR-25-3p"	-1.23118819046547	12.6408966724574	22.0078916234505	2.71531722635636e-06	1.88097429680322e-05
"hsa-miR-25-5p"	0.494893197299224	4.55551141191152	2.26081847453951	0.132683918700053	0.210635720936334
"hsa-miR-26a-2-3p"	0.721337289959357	4.32010460139204	1.8043343227517	0.179189378391276	0.263595185973267
"hsa-miR-26a-5p"	-0.0921272869015606	16.1650761449957	0.0910242502413894	0.762879049646106	0.830448336900476
"hsa-miR-26b-3p"	1.81955958174306	6.99677753730864	12.8281812264875	0.000341437488955343	0.00132742533971414
"hsa-miR-26b-5p"	-0.227321826426378	13.6215496154264	0.606823929019157	0.435986169243621	0.539320553512402
"hsa-miR-27a-3p"	2.78562523953611	12.1931946802521	50.0217538750763	1.52050889506268e-12	2.8965694450944e-11
"hsa-miR-27a-5p"	0.363792794311596	6.15283560373622	0.85182126826952	0.356037619919672	0.463764054286897
"hsa-miR-27b-3p"	-1.16090252995093	12.1273928956258	10.9618514109186	0.000930068444385901	0.00322141888464571
"hsa-miR-27b-5p"	-1.21532286851512	3.69058018355555	6.07840963811563	0.0136843910996488	0.0319698945937719
"hsa-miR-28-3p"	-1.37902064120805	13.6160790838424	15.617508431097	7.75333537005604e-05	0.000360246436096506
"hsa-miR-28-5p"	0.222321893061166	10.2657538678481	0.47226342646389	0.491947725329924	0.596917462900322
"hsa-miR-296-5p"	1.34803501210762	3.55767931958861	5.69806879694207	0.0169835899826994	0.0385163558536217
"hsa-miR-29a-3p"	0.932182855221247	14.2768854976575	9.18038829411967	0.00244622120805484	0.00700759609224732
"hsa-miR-29a-5p"	2.10992241375506	5.34751474973436	24.1098316774903	9.0994529076294e-07	7.24784696458759e-06
"hsa-miR-29b-1-5p"	-0.123765930480245	3.59633821097417	0.0589782999295387	0.808118127330931	0.864867995823272
"hsa-miR-29b-2-5p"	-0.191148542147869	3.00318302593982	0.103338711645319	0.747859251058035	0.821136526377843
"hsa-miR-29b-3p"	0.745182884770073	10.1435119336713	3.37463269267757	0.0662073361936771	0.117873808830799
"hsa-miR-29c-3p"	0.585860910282042	12.3958162328906	1.99613949414805	0.157700418955686	0.238436111390242
"hsa-miR-29c-5p"	0.0861560106131483	6.53307826530661	0.0591771294119603	0.807801279599834	0.864867995823272
"hsa-miR-301a-3p"	0.0744448555451891	6.23551905594612	0.0200154827832169	0.88749385097418	0.918845535927073
"hsa-miR-301b-3p"	-0.351674652495059	3.26829899252133	0.250992863213307	0.616376838041004	0.701013657592903
"hsa-miR-30a-5p"	-8.15025786855909	8.97098139187486	338.753699869678	1.19204881219982e-75	4.54170597448132e-73
"hsa-miR-30b-3p"	-1.57371247352852	3.18152566722932	8.63458515993366	0.00329840340462818	0.00884994152931927
"hsa-miR-30b-5p"	0.0466055577720103	11.5376970170127	0.011602659341321	0.914221261887766	0.93633951822376
"hsa-miR-30c-1-3p"	-1.40026166278338	3.88910112942891	7.71743824794203	0.00546899452804343	0.0137992510939374
"hsa-miR-30c-5p"	0.188279882246922	11.5735406784046	0.388443672944985	0.533118609716752	0.634744344694008
"hsa-miR-30d-3p"	-1.45697279916588	6.11090235949324	15.1018063886964	0.000101865767188411	0.00045128903835796
"hsa-miR-30d-5p"	-1.15661851749391	13.3774485810866	19.5144308522777	9.98425577925125e-06	5.94375226858551e-05
"hsa-miR-30e-3p"	-1.50716691479368	9.1253649020721	5.24461538273523	0.0220147944208025	0.0474639337355529
"hsa-miR-30e-5p"	-0.649977863077606	13.478999532527	2.44111117531259	0.118192474998393	0.190005624364505
"hsa-miR-31-3p"	6.30301499120979	3.77078097117461	33.7958916724077	6.12079853378201e-09	7.52265884313209e-08
"hsa-miR-31-5p"	7.60372684215004	8.45850207612843	92.5446588880052	6.58225524626822e-22	2.78648805425355e-20
"hsa-miR-3150b-3p"	-9.23856475750974	4.56286211650912	217.824742749481	2.69695164022065e-49	5.13769287462033e-47
"hsa-miR-3158-3p"	-0.762353924825908	2.8157067323936	2.01682815612072	0.15556379781719	0.238436111390242
"hsa-miR-3176"	-1.34417167516445	2.83559619688916	2.49367451105958	0.114304575090205	0.187071597961615
"hsa-miR-3194-5p"	2.41469429907079	3.35207195903904	17.7696264154207	2.49332024306754e-05	0.00012837229900118
"hsa-miR-32-3p"	-0.00537887999701228	3.29993501279156	0.000115158198180865	0.991437922458361	0.991437922458361
"hsa-miR-32-5p"	-0.240496568396641	7.88344899052878	0.143825238462426	0.704507437180602	0.789462745781792
"hsa-miR-3202"	1.77821854293132	2.82619282561524	6.88315726607355	0.00870117262852126	0.0213880436868813
"hsa-miR-320a"	-0.00977117382039519	10.1550090104823	0.000940675651037282	0.975532368634202	0.985882844693981
"hsa-miR-320b"	0.742566349923736	4.43093071384543	3.35904486744162	0.066836823134398	0.11844106797305
"hsa-miR-320d"	1.05083618994093	3.67128558564471	4.03725711533366	0.0445061026572868	0.0852101764443532
"hsa-miR-324-3p"	0.300608621068373	4.74394633695773	0.54559103175604	0.460124813346856	0.56733836208787
"hsa-miR-324-5p"	0.0382318313319265	4.58492856584719	0.0154684976880599	0.901020413146287	0.926665515635173
"hsa-miR-326"	3.90608724371747	4.38899707651684	57.3550936420079	3.63819874660886e-14	9.90109801755697e-13
"hsa-miR-328-3p"	0.418705978835458	6.31217876279131	0.845370967035169	0.357865175748944	0.463764054286897
"hsa-miR-330-3p"	1.89521496604496	5.66988272565654	24.5369725028489	7.28975365564166e-07	6.31226396090789e-06
"hsa-miR-330-5p"	0.594289087764504	5.45919084706664	2.14489306178493	0.143045003446812	0.223562614449891
"hsa-miR-331-3p"	2.19832010133023	7.38013060807044	23.4725064365329	1.26711656082827e-06	9.85247774848105e-06
"hsa-miR-331-5p"	0.46633532563227	3.4428436030753	1.15947847520039	0.28157372633823	0.384514658547906
"hsa-miR-335-3p"	-1.22335508299796	6.14263043844635	6.97011761841479	0.00828820487111431	0.0205052341291854
"hsa-miR-335-5p"	1.24386331963201	6.42958530651244	3.40769099355524	0.0648931888939786	0.116897591821803
"hsa-miR-338-3p"	3.22400226142924	7.04138279892711	8.54976171582289	0.00345567458378345	0.00920707703791256
"hsa-miR-338-5p"	2.12069193451292	2.75995383614386	3.50114685694312	0.0613263466588665	0.112333356139558
"hsa-miR-339-3p"	0.843815243741225	9.25797727470031	4.5282428297556	0.033339833843053	0.0668551404958063
"hsa-miR-339-5p"	1.06167846746923	7.11691326906818	6.71867572101633	0.00954084445452671	0.0231532594724502
"hsa-miR-33a-3p"	0.997606485584517	4.25473876005136	2.31667046568787	0.127993732852965	0.204040218481086
"hsa-miR-33a-5p"	1.28028449201122	4.52122890706996	4.50767968410081	0.0337429856266985	0.0669587371029799
"hsa-miR-33b-3p"	-0.289605818149945	2.90712689863391	0.309168172613036	0.578191076935665	0.67579970403517
"hsa-miR-33b-5p"	1.94227896147373	4.33834322196518	9.88433917234394	0.00166691384330589	0.00520568995327495
"hsa-miR-340-3p"	-0.0510041916628244	3.50920919546655	0.00794817977840978	0.928960663143635	0.946347627427072
"hsa-miR-340-5p"	-0.294781736061894	8.82490837955239	0.397381439246587	0.52844469855536	0.632462039326568
"hsa-miR-342-3p"	1.22270653309113	13.2252867137145	9.72981971243172	0.00181302270647709	0.00549652387682172
"hsa-miR-342-5p"	1.8185760262558	8.20889614884756	24.4659033262496	7.56365915337542e-07	6.40389808319119e-06
"hsa-miR-345-5p"	-0.5930033050175	6.96428152185119	1.51868970118623	0.217817888245574	0.312928133392444
"hsa-miR-34a-5p"	0.2692501589213	4.44065506489804	0.268946395963319	0.604039415905861	0.695284040665054
"hsa-miR-3605-3p"	0.939294901121278	3.13944350273552	3.57730970998546	0.0585739394808965	0.108333354088454
"hsa-miR-3607-3p"	1.18937198339897	9.08352654252955	2.14351023991353	0.143173957810429	0.223562614449891
"hsa-miR-3607-5p"	1.09996998867222	2.88976140327165	1.48363330988151	0.223206921378518	0.317320287482148
"hsa-miR-3609"	-2.57693322508456	4.88740587997083	30.990510275121	2.59293115449468e-08	2.99365687837112e-07
"hsa-miR-361-3p"	0.115011943973893	11.5925780462665	0.132776548204959	0.715570412038269	0.797700796619929
"hsa-miR-361-5p"	-1.02768651605641	8.48609418962022	13.4312366154003	0.00024746893170133	0.001013824333099
"hsa-miR-3613-3p"	0.884758028115421	2.88182405373222	1.94894721411766	0.162700343611737	0.243448599149118
"hsa-miR-3613-5p"	0.254649406139869	4.37925515694371	0.332846955136377	0.563987487083292	0.665260781977506
"hsa-miR-3614-5p"	-3.84167727064835	2.11823826893744	18.8128434020752	1.44192864017136e-05	8.07904135154836e-05
"hsa-miR-3615"	-1.42112515868783	5.8302698306525	11.3997116342048	0.000734555073447261	0.00266538555222292
"hsa-miR-362-3p"	0.851064722205999	3.74874880786381	2.34865841922977	0.125390878362687	0.200730775866319
"hsa-miR-362-5p"	-3.4880208439287	4.90633352424088	29.3568333425308	6.0203849400569e-08	6.55361903474766e-07
"hsa-miR-363-3p"	-0.65684607857879	9.95630135548611	1.51523127300324	0.218342572588579	0.312928133392444
"hsa-miR-3651"	-1.25880690459739	3.87741401579128	4.8490805066003	0.0276608738365068	0.0575890324137109
"hsa-miR-3653-3p"	-0.370726038638797	3.95035167574201	0.295285307643953	0.586853318772041	0.683764876000451
"hsa-miR-3653-5p"	-0.944576872798127	3.86100566126696	4.51085028212766	0.0336804936884578	0.0669587371029799
"hsa-miR-3681-5p"	-5.22135426110036	2.19817072777781	42.9913008630839	5.49838072771689e-11	9.52219571481879e-10
"hsa-miR-374a-3p"	0.421200418374177	7.31537700057906	0.490733047864619	0.483600490713979	0.590550599237262
"hsa-miR-374a-5p"	0.11223054600097	7.40949604493135	0.0516498796951961	0.820216832593583	0.870558588959024
"hsa-miR-374b-3p"	0.187844943376291	3.32637240640622	0.0991473898554034	0.752855208421492	0.824246650599392
"hsa-miR-374b-5p"	0.90091587669688	6.73632631069354	5.57430728483027	0.0182258733623503	0.0406085248599734
"hsa-miR-378a-3p"	-2.04273459033822	10.8696101390781	39.8161490077168	2.79028466709174e-10	4.6221672093998e-09
"hsa-miR-378a-5p"	-1.77711379103496	3.46545891834112	19.2211717009539	1.16415099956547e-05	6.72032622476429e-05
"hsa-miR-378c"	-1.64822492617399	4.14064970694758	12.8691807590891	0.000334037807964241	0.00131204541066367
"hsa-miR-378d"	-0.496548949393804	3.29310981165027	0.874360994922434	0.349750823364518	0.457921181106121
"hsa-miR-3909"	1.02295432598072	2.76144759951819	2.89796833678761	0.0886912729806429	0.150183888913889
"hsa-miR-3912-3p"	0.0713971378906638	4.73382849361087	0.0302771901540506	0.861862774502992	0.902439095158299
"hsa-miR-409-3p"	-1.71299062878336	2.2373823642859	5.24182160907827	0.0220501739401388	0.0474639337355529
"hsa-miR-410-3p"	-2.29171958395732	2.13583667961605	8.4570939983334	0.00363622363654828	0.009620841705034
"hsa-miR-421"	0.0110481657577981	6.08733348843486	0.000640197377320462	0.979813981369021	0.987590282808458
"hsa-miR-423-3p"	0.570285260138218	11.6176799052708	3.11486212862809	0.0775810442751202	0.132548779680811
"hsa-miR-423-5p"	0.391912203348466	11.7263290661616	1.50300553848035	0.220209489259493	0.314231518381524
"hsa-miR-424-3p"	1.74665914756837	2.12901820953642	3.75762656679629	0.0525671453960501	0.0991489227519559
"hsa-miR-424-5p"	2.52148138391076	3.46467174239209	10.7732291727232	0.00102978690985317	0.00347211338631911
"hsa-miR-425-3p"	-0.282175136209446	5.27110451656568	0.949380808879102	0.329876957166994	0.436399724585502
"hsa-miR-425-5p"	-0.670871015636044	9.08237381520927	4.1089866360342	0.0426559139380925	0.0823761441366948
"hsa-miR-429"	-0.880899283228384	2.60515530512566	1.73446964345638	0.187841087855082	0.274204806409143
"hsa-miR-4424"	-7.16016974751921	3.6470481311598	70.8736300851083	3.80854608407871e-17	1.20921338169499e-15
"hsa-miR-4433b-5p"	-0.563637255496835	2.05514291992855	0.273215895025457	0.601182635443939	0.694092679103457
"hsa-miR-4443"	0.753268295418903	3.74460886733952	2.0287056943694	0.154352008660986	0.238436111390242
"hsa-miR-4464"	-7.46952586109805	3.06051813484463	49.6269786295411	1.8593915706868e-12	3.37346756396033e-11
"hsa-miR-4482-3p"	-4.28954337660185	2.5578525471529	15.8952019816823	6.69482236075713e-05	0.000322876875879553
"hsa-miR-4485-3p"	-2.89139384271762	2.03449597732938	9.67416099578446	0.00186877589990153	0.00559402053741105
"hsa-miR-450a-5p"	1.92718156532447	2.69151284805894	5.64452857860575	0.017509923262855	0.0392428280185162
"hsa-miR-450b-5p"	1.11658586964548	2.50714283417584	1.44773133948119	0.228892327384063	0.322992506419733
"hsa-miR-451a"	-2.00371669828219	5.82302210209612	8.64432543018443	0.00328081588654499	0.00884994152931927
"hsa-miR-454-3p"	0.15294080086667	7.0597498881958	0.160333234272155	0.688849901317272	0.77648465207657
"hsa-miR-454-5p"	0.26689166331472	3.8186858872087	0.326575397259141	0.567682610613353	0.667552699517554
"hsa-miR-455-5p"	0.508218479296977	2.35739400314596	0.447497888850352	0.503525568196949	0.605183727075828
"hsa-miR-4645-3p"	-0.506511229991795	3.08414709520905	1.60730740691627	0.204870711090796	0.297922675288524
"hsa-miR-4661-5p"	-2.22228516552036	2.71722685916184	9.93265442080824	0.00162372210633306	0.00515531768760747
"hsa-miR-4662a-5p"	-2.01965172398571	3.8087189782501	10.8032519217963	0.00101321954331362	0.00344675576787938
"hsa-miR-4677-3p"	-1.6697013480886	4.60840599394507	17.8874350260592	2.34363344884954e-05	0.00012231840328927
"hsa-miR-4772-3p"	5.19577154001899	3.50331217747256	16.8274160331087	4.0937590705733e-05	0.000205226606037951
"hsa-miR-4772-5p"	6.55364079721816	5.67752883377129	25.8584047867066	3.674014408144e-07	3.41462248564954e-06
"hsa-miR-484"	0.694470543469535	9.98537116061969	5.3969569251049	0.0201718932189353	0.0441694903242203
"hsa-miR-486-3p"	-4.50804807077421	6.13934766959058	114.089375732167	1.24565477397304e-26	6.77992098405328e-25
"hsa-miR-486-5p"	-7.19070912714299	14.1793049251532	131.45020637286	1.97363353175921e-30	1.50390875120052e-28
"hsa-miR-497-5p"	-2.04764580908404	3.61378469683715	10.8360204131525	0.000995444448634623	0.0034167958101783
"hsa-miR-499a-5p"	-0.0881043740342709	2.87062931430252	0.0302154554846386	0.862002261926772	0.902439095158299
"hsa-miR-5000-3p"	-1.22014306780037	3.11540421787685	10.5897281184672	0.00113717699083797	0.00370311481631852
"hsa-miR-500a-3p"	-1.87958557420229	8.5162312822083	10.6807161649003	0.00108258141300732	0.00358764372601335
"hsa-miR-501-3p"	-1.34276535054613	7.24998600799687	21.2051714173577	4.1264959636546e-06	2.75823677570597e-05
"hsa-miR-502-3p"	2.05088032948703	3.81052370050912	22.1499631024069	2.52160815347107e-06	1.81270321975939e-05
"hsa-miR-505-3p"	1.43923192312766	5.86673337978655	8.84651184603679	0.00293649555369563	0.00810728120259446
"hsa-miR-514a-3p"	5.03764459871772	2.18975535165297	12.4093610064566	0.000427187016498482	0.00162758253285922
"hsa-miR-5196-3p"	-7.68873329977072	3.20000637700713	143.62015762649	4.30168288827298e-33	4.09735295108002e-31
"hsa-miR-532-3p"	-0.40424286424775	4.85728886218647	0.735825010573054	0.391001567197818	0.498232766228658
"hsa-miR-532-5p"	-1.62656676717734	9.44152205164667	14.1898309893478	0.000165261222647292	0.000699605842540204
"hsa-miR-548au-5p"	3.00714230905838	3.19431852494574	14.9472312680111	0.000110560184349976	0.000478675343606145
"hsa-miR-548e-3p"	0.73864028636119	6.14514733751928	1.97919282823051	0.159475466466752	0.240158706418311
"hsa-miR-548e-5p"	-0.591921368423229	4.10070141510235	2.48115778700868	0.115217410728458	0.187071597961615
"hsa-miR-548j-3p"	3.45338896363795	2.70635784986026	9.88553232653534	0.00166583332234883	0.00520568995327495
"hsa-miR-548j-5p"	2.22523577582992	2.70318893809149	4.6198356160544	0.0316042668381736	0.064391581098097
"hsa-miR-548k"	0.536436682012601	5.56969483748558	1.85769869825883	0.172890638591752	0.257309895716631
"hsa-miR-548o-3p"	0.340871066309386	4.07183497958729	1.3013783141823	0.253961612092835	0.350577442780326
"hsa-miR-548w"	1.13130575207142	3.69043501156514	7.58165697528588	0.00589652137303286	0.0147800963363521
"hsa-miR-550a-3p"	0.31022126653294	3.15101352652314	0.289348404937998	0.590638390534682	0.686076910956444
"hsa-miR-5690"	1.72879984605249	3.59260016263244	11.0514557842818	0.000886175877099207	0.00312623156643331
"hsa-miR-5696-3p"	1.37578631622061	3.11619197324229	8.4094141421771	0.00373282932809664	0.00974115050688232
"hsa-miR-574-3p"	-1.14401411662738	3.21176293600416	2.49001637323521	0.11457053265931	0.187071597961615
"hsa-miR-576-5p"	-0.0750936837579147	6.30892453261848	0.0517913983139282	0.819974918696868	0.870558588959024
"hsa-miR-577"	-6.55754841751307	6.65484021779068	117.072878874729	2.76710560237069e-27	1.75711205750539e-25
"hsa-miR-580-3p"	0.19881766480608	2.87262246905692	0.117408832785822	0.731861990361399	0.810579704440968
"hsa-miR-582-3p"	-4.68165795743318	5.53611329168763	29.5771538199534	5.37345702186634e-08	6.02143272156199e-07
"hsa-miR-582-5p"	-3.5640563548128	4.91988345025973	18.8669301192105	1.40161547807764e-05	7.97038055444152e-05
"hsa-miR-584-5p"	-1.37380494705837	2.71318204496754	2.65416858768195	0.103278744228086	0.171083485003916
"hsa-miR-589-3p"	2.60988299421674	4.23310323196588	21.6209892067397	3.32196586607066e-06	2.26012320530879e-05
"hsa-miR-589-5p"	0.388448953216058	7.89953063632828	0.514511485414264	0.473192363341475	0.579698683064637
"hsa-miR-590-3p"	1.03201992998011	6.46067930117164	2.94409376179892	0.0861920320430364	0.146603411644629
"hsa-miR-590-5p"	1.71090190112859	2.64727448546212	4.97959317926998	0.0256480137406343	0.0542882957510092
"hsa-miR-598-3p"	-1.07325253906189	6.05673352599453	10.6519871061234	0.00109952710151227	0.00361137780755322
"hsa-miR-616-5p"	0.182129492537736	4.20303738490701	0.37918316931712	0.538040714771288	0.638609072672463
"hsa-miR-625-3p"	0.329495068110792	6.14785461649089	0.679970986335444	0.409596715049295	0.518459629348111
"hsa-miR-625-5p"	0.568114845797816	4.78778427738699	2.79599347607396	0.0945001792189293	0.159312249037222
"hsa-miR-627-3p"	0.106142822258716	2.90766427509932	0.0435829231559488	0.834631512123477	0.88331835033068
"hsa-miR-627-5p"	-0.162119047522846	2.9521004137176	0.115360215134817	0.734122234392124	0.810726293633042
"hsa-miR-628-3p"	0.0310502742323194	3.31232822676	0.00618452819046222	0.937317561726138	0.952314642713756
"hsa-miR-628-5p"	0.582664720490764	3.71120807228463	1.84755367872566	0.174068184272552	0.258054389913783
"hsa-miR-629-3p"	0.997974582680534	3.40834548269954	3.394084838469	0.0654306628720928	0.117037946264166
"hsa-miR-629-5p"	-1.42966583410671	5.52453563270701	8.84844167130322	0.00293339232921607	0.00810728120259446
"hsa-miR-641"	-0.0514597565863126	3.7028391106205	0.0150556239908628	0.902343586090943	0.926665515635173
"hsa-miR-642a-3p"	4.49897056571453	2.82133924176271	25.8581349051658	3.67452813416354e-07	3.41462248564954e-06
"hsa-miR-642a-5p"	4.79536066064997	3.71933582644902	36.061444322999	1.91192593699801e-09	2.60158493570086e-08
"hsa-miR-650-3p"	-5.64469416202977	1.87370198630644	28.8145637577741	7.96499228436234e-08	8.42961683428348e-07
"hsa-miR-6503-3p"	0.668467767057792	2.53980730626302	0.263874918968007	0.6074704441836	0.697127226608287
"hsa-miR-651-5p"	-1.15007350799726	3.90642659688055	5.86648277079842	0.0154318542760315	0.0352068052644791
"hsa-miR-6511b-3p"	1.05497643992996	2.39707339490295	1.80562522791463	0.17903391724049	0.263595185973267
"hsa-miR-6516-3p"	-1.7797798748256	4.15293698727024	8.98360937720077	0.00272412023385863	0.0076315427139716
"hsa-miR-652-3p"	-0.482600580374078	7.40918150313318	2.0211441104099	0.155122224120767	0.238436111390242
"hsa-miR-652-5p"	0.743969584937548	3.55501859689196	3.20417493883048	0.0734505463453304	0.12778382720352
"hsa-miR-659-5p"	-1.51174012133697	4.43476638368459	18.7284665342602	1.50715658993449e-05	8.32212551833393e-05
"hsa-miR-660-5p"	-0.581413111343824	8.25111335535477	1.99999412061094	0.15729981719625	0.238436111390242
"hsa-miR-664a-3p"	-0.642853612806416	7.32552688200833	4.54481426814919	0.0330186040917265	0.0665613130103058
"hsa-miR-664a-5p"	-1.17672576925445	4.73988539052831	15.0104792277486	0.000106915827130914	0.00046821758778021
"hsa-miR-664b-3p"	-0.143551793910376	3.96233254280335	0.119386260648611	0.729701094861749	0.810542615575295
"hsa-miR-671-3p"	-0.470082749147473	5.65200809361963	0.93134181180687	0.334514498689675	0.441003543255246
"hsa-miR-671-5p"	1.88548069319809	3.97235146470611	20.7346874901033	5.2751711310661e-06	3.34973366822697e-05
"hsa-miR-6731-3p"	1.69152953255281	3.30237966590645	9.72503554233461	0.00181774805375207	0.00549652387682172
"hsa-miR-6769b-3p"	1.03171931098533	3.57036947676984	3.43280795271363	0.0639133475708137	0.115957073449905
"hsa-miR-6803-3p"	1.98858143399831	3.87190168101461	16.9814180469405	3.77474491677386e-05	0.000191757041772112
"hsa-miR-6842-3p"	-2.29559282109593	5.65388277696064	37.8778254750019	7.53164526802906e-10	1.10367571043041e-08
"hsa-miR-7-1-3p"	0.641231688896698	6.66060899378746	3.58715180072377	0.0582279603433655	0.108218794589377
"hsa-miR-7-5p"	0.887789983780708	6.37581093244765	1.10064435906401	0.294124737917926	0.39738129484656
"hsa-miR-708-3p"	-4.32692254580614	2.91695020144982	22.9700514143773	1.64544907980019e-06	1.25383219880774e-05
"hsa-miR-708-5p"	-3.15417657942195	3.29222504438519	9.04276920807179	0.0026373584470552	0.00744321161724467
"hsa-miR-744-5p"	0.413686534811029	6.25541924633459	0.847936409109717	0.357136773817049	0.463764054286897
"hsa-miR-766-3p"	0.534687977705489	6.97938940532555	3.25562215053693	0.0711789208103898	0.124479988349734
"hsa-miR-769-5p"	-0.0535467687144096	9.39199040841541	0.0301400736748878	0.862172783825776	0.902439095158299
"hsa-miR-7706"	-2.83540672179615	5.8620772189021	26.8770963488572	2.16813110678985e-07	2.11809731201778e-06
"hsa-miR-7974"	-3.19644273023115	2.33573382292494	11.1675268886923	0.000832415153815249	0.00299198276984538
"hsa-miR-873-3p"	2.95402820578389	4.56877654975864	2.68901930398789	0.101041985129885	0.168846475151255
"hsa-miR-873-5p"	5.20277401326213	6.74309058686142	6.85422137032195	0.00884320857107355	0.0215978363178143
"hsa-miR-874-3p"	2.238022362839	7.31514052417947	15.7252307788565	7.32406831138494e-05	0.000348808753329708
"hsa-miR-874-5p"	3.18474673737496	4.04652417302479	20.8184754527195	5.04935116145261e-06	3.26068269917533e-05
"hsa-miR-876-5p"	7.45234883147889	4.07034397985352	4.71936191970001	0.0298248084455135	0.0614229838796791
"hsa-miR-877-5p"	-0.638322863572477	4.66657099735338	1.24857397379822	0.2638250154196	0.362878450811796
"hsa-miR-9-3p"	2.69819556751013	2.33286103949994	9.23406037741274	0.00237554274145657	0.00700095117785169
"hsa-miR-9-5p"	-0.359265930079292	5.05993917701911	0.257644795949311	0.611742848124852	0.69992199740411
"hsa-miR-92a-1-5p"	-0.933015963758773	4.11567060366005	4.00442011806208	0.0453811053290447	0.0864510056518302
"hsa-miR-92a-3p"	-1.16389601294118	16.6725845787046	15.2823665434971	9.25766932172447e-05	0.000419901429949645
"hsa-miR-92b-3p"	0.889809901932335	8.73099761246818	2.47886667912253	0.115385368821469	0.187071597961615
"hsa-miR-93-3p"	0.82874837442694	3.79404450786168	5.03429940886605	0.0248501359490158	0.0531729988752801
"hsa-miR-93-5p"	-1.00967260529676	10.0437277512513	11.0944689518262	0.00086585574913672	0.00308309383571112
"hsa-miR-941"	-0.494455410413947	8.14312658267997	1.12039763241361	0.289832849518075	0.392976212335895
"hsa-miR-941-3-5p"	-0.427338351779209	5.83410280502555	0.836048251699857	0.36052942411982	0.465632917253056
"hsa-miR-942-5p"	0.230072055438641	4.09287191367738	0.451252844237847	0.501740598323002	0.604946734053999
"hsa-miR-944"	-2.5414578941075	2.29094611578092	16.2856323518769	5.44754408945704e-05	0.000269547311439368
"hsa-miR-95-3p"	0.572658024947013	4.25827705505502	2.19905065788741	0.138095762733443	0.218317367640837
"hsa-miR-96-5p"	-3.17273096522692	2.60607794235608	22.0229443160774	2.69410556691661e-06	1.88097429680322e-05
"hsa-miR-98-5p"	-1.72935141849264	10.5921171733025	11.5038333506478	0.000694528080996268	0.00254437691211133
"hsa-miR-99a-5p"	3.26211936850548	6.26690102514875	12.4911701519899	0.000408880002169296	0.00157356849319699
"hsa-miR-99b-3p"	0.920055175705069	2.84150790236319	1.32094068526918	0.250423296867244	0.346950094932436
"hsa-miR-99b-5p"	2.56473909724376	10.7406340431241	19.3193423767106	1.10580468632098e-05	6.48171669981992e-05
