"logFC"	"logCPM"	"LR"	"PValue"	"FDR2"
"hsa-let-7a-2-3p"	-6.74313585862508	3.05399803839489	83.1766145134657	7.50402176441487e-20	3.52464060023947e-19
"hsa-let-7a-3p"	-1.64034447042777	6.35221115854864	16.6118600178762	4.58633261827337e-05	7.29325064679557e-05
"hsa-let-7a-5p"	-0.24733722253923	15.0951897193263	1.45700687144341	0.227406959855247	0.25595588555136
"hsa-let-7b-3p"	-1.82457878228476	6.35921900015151	42.5593319776549	6.8570339295871e-11	1.68988513904516e-10
"hsa-let-7b-5p"	-0.864224066204586	11.8129292395111	10.3892379012287	0.0012675192877424	0.00179105986311426
"hsa-let-7c-3p"	-6.1840868988589	2.64590803255679	61.1150809244676	5.38341803921087e-15	1.78304291744564e-14
"hsa-let-7c-5p"	-5.90371322175586	9.65701627044298	186.097350215383	2.26068823309565e-42	3.26543855891594e-41
"hsa-let-7d-3p"	-0.399281099783977	7.3220681281889	3.19331106710763	0.0739401084881456	0.0875828164324276
"hsa-let-7d-5p"	0.0773311752424584	10.2806304195233	0.148960145705765	0.699531067335706	0.721738402806681
"hsa-let-7e-3p"	-4.83920395153167	3.99136844480126	118.702315195994	1.21687389404141e-27	8.55100574191261e-27
"hsa-let-7e-5p"	-4.70935312602908	10.8016136617588	167.330805311259	2.83251140195363e-38	3.3475134750361e-37
"hsa-let-7f-1-3p"	-1.68281403944996	4.58799326212754	42.4756980506999	7.15659179289094e-11	1.7553904397657e-10
"hsa-let-7f-2-3p"	-1.00455838268732	4.73495430209854	5.5044441543342	0.0189682080479742	0.023824802379098
"hsa-let-7f-5p"	1.02466354929814	15.1385823632779	28.2056132186508	1.09087747139513e-07	2.1009492041684e-07
"hsa-let-7g-3p"	2.62494510914838	5.05489850038442	54.8590880727551	1.29488609988354e-13	3.93766533297917e-13
"hsa-let-7g-5p"	3.49056807288686	14.7758533333937	197.105130441985	8.94498776656201e-45	1.55046454620408e-43
"hsa-let-7i-3p"	1.99646941302705	6.90138097226303	39.5343293687259	3.22342721763048e-10	7.38406234875705e-10
"hsa-let-7i-5p"	-0.503997759990958	13.6254891275691	6.37717544513369	0.0115597256823478	0.0149901679671343
"hsa-miR-1-3p"	4.32372027880745	1.55584151587231	11.5933757550917	0.00066187156753685	0.000956036708664339
"hsa-miR-100-3p"	-9.99695592482257	6.81036797564862	401.251197512658	2.9414788755469e-89	2.54928169214065e-87
"hsa-miR-100-5p"	-9.42059323130695	15.932871777011	117.840862468046	1.87872673203462e-27	1.302583867544e-26
"hsa-miR-101-3p"	3.92541765900087	13.8185044193099	109.18154034142	1.48082825016347e-25	9.39061817176835e-25
"hsa-miR-101-5p"	3.20794745097096	5.37026569211433	73.1043827780652	1.22971149223096e-17	5.03503918078819e-17
"hsa-miR-103a-3p"	0.502562086514583	12.42966358816	7.65527098481031	0.00566066880267339	0.00760606660824332
"hsa-miR-106a-5p"	7.17575821123023	4.02757163092995	94.3111009210899	2.69633909179854e-22	1.55788480859471e-21
"hsa-miR-106b-3p"	1.48114755987819	8.57798814061743	53.2744887290529	2.90048988599745e-13	8.56962920862884e-13
"hsa-miR-106b-5p"	0.747659808023011	8.56231460360814	9.6673540363656	0.00187571263208648	0.00262196389431444
"hsa-miR-107"	-0.911083500552582	4.94878179837187	8.3854466835052	0.00378237244537279	0.00517587808314172
"hsa-miR-10a-3p"	-3.79093552056014	3.83233109403814	32.4702119923669	1.21033567564508e-08	2.47785256431276e-08
"hsa-miR-10a-5p"	-1.99372395707849	13.7184947876631	14.848477514045	0.000116502072551941	0.000176621217863001
"hsa-miR-10b-3p"	-4.96638042530959	1.88964828743956	14.1575880908509	0.000168117667828713	0.000253394745712843
"hsa-miR-10b-5p"	-8.19608520068666	12.6999642228295	31.7899651208626	1.7177796258434e-08	3.46418930364387e-08
"hsa-miR-1180-3p"	-5.50573618885295	4.33702179533548	192.787983475579	7.83063834669343e-44	1.23391876978199e-42
"hsa-miR-1185-1-3p"	-7.43979970205171	3.60957628435083	70.1642490296832	5.4566460584225e-17	2.11750444058187e-16
"hsa-miR-1185-5p"	-5.95094891926207	2.48005436914793	32.6729091019108	1.09046536737676e-08	2.2501666310949e-08
"hsa-miR-1197"	-6.33503856071448	2.74680859977754	41.8875032777242	9.66785515916813e-11	2.31672105196656e-10
"hsa-miR-1226-3p"	-1.11648030608271	2.93419733652677	5.89363978524172	0.0151956613748828	0.0193196672736896
"hsa-miR-1248"	3.90259124728532	3.1101181030005	42.1450119606427	8.47498391441049e-11	2.04561867850664e-10
"hsa-miR-1249-3p"	-0.378427883992125	3.80364801910132	1.5485451610397	0.213350343062797	0.242231830551647
"hsa-miR-1254"	-1.51145965729669	2.27631413150959	5.88128818061945	0.0153026219525518	0.0194082034520169
"hsa-miR-1255a"	-0.677801444384099	2.56492302454826	0.844646220792377	0.358071321414979	0.393149009883885
"hsa-miR-1257"	-5.29718354164188	2.0717296691011	12.3625757754901	0.000438025953499154	0.000641615481181859
"hsa-miR-125a-3p"	-3.4464385923169	4.92305450035561	121.647923206489	2.75662241555263e-28	1.96362144669503e-27
"hsa-miR-125a-5p"	0.0358408423373334	13.0276851584781	0.0136086630899399	0.907132520614355	0.914164555657877
"hsa-miR-125b-1-3p"	-10.5949542919722	8.24322090375843	463.750233189589	7.34146740853851e-103	9.54390763110006e-101
"hsa-miR-125b-2-3p"	-5.58347337840463	7.23998623485742	173.410218811584	1.33162774458394e-39	1.68889372483817e-38
"hsa-miR-125b-5p"	-4.83635967583683	11.5927204811592	88.7193157786124	4.55000640549244e-21	2.36600333085607e-20
"hsa-miR-126-3p"	-10.3261138321791	13.1409571775709	601.413744919002	8.24705445183982e-133	2.14423415747835e-130
"hsa-miR-126-5p"	-10.172954839187	14.8051776796649	193.90590985105	4.46477584806558e-44	7.25526075310656e-43
"hsa-miR-1260a"	1.15055228531104	5.00384091372054	22.0919649674128	2.59895318993304e-06	4.58120562293282e-06
"hsa-miR-1260b"	0.567218684880928	3.6314167282389	2.3007749019372	0.129309473015742	0.150091352607558
"hsa-miR-1262"	-4.91973306316618	2.47968524677854	53.5565216103369	2.51258951168679e-13	7.50888819584557e-13
"hsa-miR-127-3p"	-8.40051608188371	10.5835525178163	265.603418990881	1.03075060429018e-59	3.15288420135819e-58
"hsa-miR-127-5p"	-7.23369965026989	3.44138900391719	95.7640431106914	1.29425169336002e-22	7.6478509153092e-22
"hsa-miR-1271-3p"	-1.37866506319881	1.43008984242733	0.844152404067378	0.358211875331801	0.393149009883885
"hsa-miR-1271-5p"	0.224072774824355	7.26334541215919	0.278033828084354	0.597992820643505	0.625666532665237
"hsa-miR-1273h-3p"	7.70744962579056	3.74862140688317	149.067669708529	2.77171804722284e-34	2.66906182325162e-33
"hsa-miR-1277-5p"	-2.37682658500672	2.83441606598544	7.93142031126714	0.00485836460068687	0.00657903539676348
"hsa-miR-128-1-5p"	-1.2622897984751	4.06147320027236	18.775244046328	1.47063728829133e-05	2.45106214715222e-05
"hsa-miR-128-3p"	0.223650250649232	9.68961169148552	1.67480830614625	0.195615737297011	0.222582458193536
"hsa-miR-1285-3p"	-2.1374426308984	5.23648402945966	14.3819534650854	0.000149225620541209	0.000225573612446014
"hsa-miR-1287-5p"	1.13755113477981	2.73771067391494	7.85251325293071	0.00507501083466973	0.00683680216069497
"hsa-miR-1291"	1.8846425444955	2.51130820520185	16.9257132577438	3.88714533034438e-05	6.23862830796011e-05
"hsa-miR-1294"	-0.0481772480957061	2.48258738487631	0.00549060902703147	0.940931894311699	0.942744865206326
"hsa-miR-1296-5p"	-4.80661323218025	5.58930525671296	130.730283170225	2.83642203581523e-30	2.23475675549078e-29
"hsa-miR-1301-3p"	-0.884077016217093	5.61905736825065	10.6606204389468	0.00109440676269133	0.00155915483999861
"hsa-miR-1304-3p"	-3.66168288908598	6.53377601217047	173.282350370091	1.42006261957829e-39	1.75817276709693e-38
"hsa-miR-1304-5p"	-3.66299339687617	2.75093283273582	43.0820873416814	5.24906396413549e-11	1.30598720638778e-10
"hsa-miR-1306-5p"	-0.377886089304495	3.26753632345943	1.475114634965	0.224540450087965	0.253277731118746
"hsa-miR-1307-3p"	-0.856869976791729	7.88917230279759	23.5884289198798	1.19302775161019e-06	2.16158338270835e-06
"hsa-miR-1307-5p"	-0.989743744519899	9.45903695453709	5.98887719995691	0.0143963630889471	0.018438691641016
"hsa-miR-130a-3p"	-5.56948520105045	9.36811420551751	324.927388078438	1.22358631912313e-72	6.36264885944029e-71
"hsa-miR-130b-3p"	-2.53058205258577	9.12139073436671	133.128856223886	8.47299663729614e-31	6.88430976780311e-30
"hsa-miR-130b-5p"	-2.86837166832797	7.37987817128533	100.258194853439	1.33770704202578e-23	8.08846118434195e-23
"hsa-miR-132-3p"	0.486083222741632	5.80269674299704	4.02879718728827	0.0447298206879195	0.0546532450218684
"hsa-miR-132-5p"	1.83361884117091	3.33879141139697	19.3620055908266	1.08137246283061e-05	1.81391509894167e-05
"hsa-miR-133a-3p"	0.62322552923421	2.58435304330177	0.459765945506319	0.49773337915812	0.528206851351474
"hsa-miR-134-5p"	-6.85910973812209	4.2596863154385	103.968916282225	2.05515134037554e-24	1.272236544042e-23
"hsa-miR-1343-3p"	-2.64493494312651	2.36813745582968	16.2831700516439	5.45462766312391e-05	8.59517086310435e-05
"hsa-miR-136-3p"	-8.26227172313562	6.95086021495138	113.202838679821	1.94792457408317e-26	1.28217820066234e-25
"hsa-miR-136-5p"	-6.7712799628136	3.70897877493372	76.7376418820051	1.95246234316991e-18	8.39074725990374e-18
"hsa-miR-137"	-8.98442670730079	4.98198787426271	154.903033698841	1.47022544109769e-35	1.56023924361388e-34
"hsa-miR-138-1-3p"	-4.09249018294984	1.54632420861805	7.86931399769455	0.00502807246008562	0.00679116280323252
"hsa-miR-138-5p"	-7.41412294824048	6.68189125538951	57.1615713865594	4.01438956399895e-14	1.27285522760942e-13
"hsa-miR-139-5p"	-5.02378726338023	4.44809127811007	37.0263246763404	1.16545111278912e-09	2.57887054744827e-09
"hsa-miR-140-3p"	3.10435152767486	12.1994077305252	231.547443006448	2.74079077007673e-52	6.78672000209475e-51
"hsa-miR-140-5p"	1.99830691280873	6.490213205304	29.9257711547094	4.48906388138058e-08	8.84209552393144e-08
"hsa-miR-141-3p"	8.96716965052622	8.1117972576718	275.913029241922	5.83768828134406e-62	2.16828421878494e-60
"hsa-miR-142-3p"	15.4994184692759	12.2373786977294	464.757478377729	4.43193361740453e-103	7.68201827016786e-101
"hsa-miR-142-5p"	15.4305860769088	15.4729230066415	323.329687845313	2.72668314316768e-72	1.28897748586109e-70
"hsa-miR-143-3p"	-2.03907915165552	6.27703663644323	15.4307519857428	8.55841723846721e-05	0.000132847073552327
"hsa-miR-145-5p"	-3.49572162678875	1.98995455027432	18.7015775996654	1.528559692419e-05	2.53137273903783e-05
"hsa-miR-1468-5p"	3.57973895608802	4.52469352336291	94.0543879832377	3.0697212571734e-22	1.75412643267052e-21
"hsa-miR-146a-3p"	0.488450979045393	3.1782377187401	0.288441072683764	0.591221263707419	0.619828744209391
"hsa-miR-146a-5p"	5.05510354920232	11.607670771473	41.3305211537949	1.28546034644387e-10	3.03836081886733e-10
"hsa-miR-146b-3p"	9.52590438445658	8.7125964982397	382.578290966717	3.41689564029412e-85	2.53826533278992e-83
"hsa-miR-146b-5p"	9.79594210868778	13.5596428980858	78.7507111981047	7.04633613570945e-19	3.1317049492042e-18
"hsa-miR-148a-3p"	3.50252807503719	11.3354474889158	30.844887057725	2.7949754450036e-08	5.54727950916745e-08
"hsa-miR-148a-5p"	2.0331219524033	4.52865214040037	11.8021805582657	0.000591613876754216	0.00086173449835348
"hsa-miR-148b-3p"	-0.583394466958587	10.3885425270262	7.58061823275701	0.00589992018924896	0.00788678277226082
"hsa-miR-148b-5p"	-1.23648968462338	6.95822718476378	32.426121953782	1.23810944916357e-08	2.52477221005905e-08
"hsa-miR-149-5p"	-6.5613590368459	7.23177863059002	147.346621731978	6.59111021352698e-34	6.12031662684648e-33
"hsa-miR-150-3p"	11.4810780295085	7.37852301285891	352.411447108654	1.26478850627686e-78	8.22112529079958e-77
"hsa-miR-150-5p"	13.4972323949961	17.3316168816809	274.157001417898	1.40907473688543e-61	4.88479242120282e-60
"hsa-miR-151a-3p"	-3.65609968983065	12.3170927895194	79.4829460053037	4.86405767492044e-19	2.18043964737813e-18
"hsa-miR-151a-5p"	-3.39920770303034	12.5536000072146	65.6811544525099	5.30103439485801e-16	1.88803964748367e-15
"hsa-miR-151b"	1.26524133346731	3.95297010240712	5.89946825823087	0.0151454565455286	0.0193030328521443
"hsa-miR-152-3p"	0.534402237291138	6.86226552537538	1.82666951439402	0.17652143286832	0.201738780420937
"hsa-miR-152-5p"	-2.85003620701628	3.81821282202173	34.8380650144316	3.58299253311385e-09	7.6358857263082e-09
"hsa-miR-153-3p"	5.37922240250921	3.43057437693633	51.6196224897398	6.7364922331684e-13	1.94609775624865e-12
"hsa-miR-155-5p"	0.0377294228531687	10.6454199651935	0.0191081033468734	0.890057015420135	0.899264211454117
"hsa-miR-15a-5p"	3.00871754351709	10.667193108866	137.512489993094	9.31554845569181e-32	7.81304064025764e-31
"hsa-miR-15b-3p"	-1.06059570179201	6.72531143443141	17.6525408699947	2.65160804470311e-05	4.33596284039502e-05
"hsa-miR-15b-5p"	0.866207083779697	8.80423082949458	15.1960345188798	9.69067054945561e-05	0.000148210255462262
"hsa-miR-16-2-3p"	2.02398261415913	7.44906032159284	68.8202727810942	1.07858224930195e-16	4.12399095321333e-16
"hsa-miR-16-5p"	1.73150637081784	13.1688728548614	28.2958642090861	1.04118200550669e-07	2.01269383964119e-07
"hsa-miR-17-3p"	0.846960502315517	7.5571620269439	6.17739158959957	0.0129392889122309	0.0166958566609431
"hsa-miR-17-5p"	-0.780163992855206	9.00304423507263	6.58127522188425	0.0103057035058999	0.0134647382489145
"hsa-miR-181a-2-3p"	1.05962247567071	9.37949183171976	3.96953487226649	0.0463305684585418	0.0564213011673109
"hsa-miR-181a-3p"	-1.05287403781217	9.2872734144848	17.5533285310609	2.79361333719507e-05	4.53962167294199e-05
"hsa-miR-181a-5p"	1.40234032750121	14.8477631904745	19.9845670992493	7.80697288674232e-06	1.32235371371531e-05
"hsa-miR-181b-2-3p"	0.504703468954124	2.6166530291166	0.44948660312852	0.502578859211998	0.532262742953643
"hsa-miR-181b-3p"	-3.87571309926042	4.6064160454949	76.6980224899806	1.99202736505573e-18	8.49060844122116e-18
"hsa-miR-181b-5p"	-1.19083024865353	11.6626239297467	16.8778367975517	3.98643494636821e-05	6.37829591418914e-05
"hsa-miR-181c-3p"	0.0555399111882779	6.75956647967019	0.0307557895987109	0.860786329607125	0.872531952038411
"hsa-miR-181c-5p"	2.9019044863138	10.4337397091157	70.6573631819217	4.24978587825434e-17	1.66157041856561e-16
"hsa-miR-181d-5p"	0.284627777777074	6.48785142132069	0.721240799103962	0.395737205946048	0.429610327958132
"hsa-miR-182-5p"	-1.1486008047032	5.09887891534987	8.50822876465767	0.00353544026749394	0.00485095738908661
"hsa-miR-183-5p"	-2.20538747829676	2.84597677279211	12.4855528815852	0.000410111318348743	0.000602423405484029
"hsa-miR-185-3p"	-0.0843169780987486	3.34149635723982	0.0631984475026304	0.801510268319294	0.817226155933398
"hsa-miR-185-5p"	0.37726772498247	6.93246376678316	0.796778158890856	0.372058396135691	0.405598251552536
"hsa-miR-186-5p"	1.77661957815165	13.6509677101225	87.5445104381467	8.24043489575823e-21	4.20100602528851e-20
"hsa-miR-187-3p"	-5.02691857160812	1.93705918933766	27.2379498159319	1.79892803970929e-07	3.42652959944627e-07
"hsa-miR-188-5p"	-3.13711197896051	4.02740771440766	53.5268649365708	2.55080677777944e-13	7.57954013968748e-13
"hsa-miR-18a-3p"	-1.83258271179365	4.92596387008864	30.2174033390261	3.86228164091245e-08	7.6364503926786e-08
"hsa-miR-18a-5p"	-1.96104429949151	6.30363699607737	36.3510187062908	1.64793053750554e-09	3.60052050211294e-09
"hsa-miR-1908-3p"	-4.21240178228985	2.0525797270976	27.7382902054245	1.38886329754825e-07	2.66497754511103e-07
"hsa-miR-1908-5p"	-5.30858752503148	2.66787417956148	57.648162081688	3.13455719376449e-14	9.99981436047568e-14
"hsa-miR-190a-5p"	-0.439897328152778	2.59130902295042	0.843595615904677	0.358370443624926	0.393149009883885
"hsa-miR-190b"	1.95511001948204	2.88604801110855	20.8016623843028	5.09387295461771e-06	8.7419601861426e-06
"hsa-miR-191-3p"	-1.0590627042794	3.84375816585423	11.3322398905445	0.000761729666924759	0.0010972283290883
"hsa-miR-191-5p"	-0.0553182817901576	13.7930863942565	0.0551824174284263	0.814279068059854	0.827002178498289
"hsa-miR-1910-5p"	-7.37242428294982	4.42687649791837	179.653704902222	5.76807607151054e-41	7.69076809534739e-40
"hsa-miR-192-5p"	4.79072252627481	12.1809996515061	223.375946249685	1.6596958132501e-50	3.92291737677296e-49
"hsa-miR-193a-3p"	-7.50634322234421	9.25092557149573	182.191721888036	1.61025309714064e-41	2.20350423819245e-40
"hsa-miR-193a-5p"	-4.3912599850148	6.31437505462628	149.290879765189	2.47718767735334e-34	2.47718767735334e-33
"hsa-miR-193b-3p"	-3.48988967165193	7.42901059464042	65.4351959392348	6.00566874512262e-16	2.11009982936741e-15
"hsa-miR-193b-5p"	-3.16010718102537	2.0636102720285	18.4420239680913	1.75152385003437e-05	2.89140445085039e-05
"hsa-miR-194-5p"	4.25626207832508	6.70996049732275	165.89382287128	5.8352497204129e-38	6.74295523247713e-37
"hsa-miR-195-3p"	-5.10887683371849	3.98923225058148	142.165663987301	8.94660175263832e-33	7.75372151895321e-32
"hsa-miR-195-5p"	-4.02224145095454	7.12907969229254	203.538153797269	3.52988445309557e-46	6.79829598373962e-45
"hsa-miR-196a-5p"	7.29440626759091	3.44629003874163	51.2338333488011	8.19932126484204e-13	2.3426632185263e-12
"hsa-miR-196b-5p"	-0.601982817315799	4.4576876283676	0.359022751910725	0.549049475577554	0.579119122313039
"hsa-miR-197-3p"	1.20025429026113	10.0540551259348	31.1312125235138	2.41162205442724e-08	4.80476424636844e-08
"hsa-miR-1976"	4.40033694181668	3.27065936717746	93.0059030328727	5.21385991061469e-22	2.94696429730395e-21
"hsa-miR-199a-3p"	-2.09653398386121	7.67326872217629	9.35838729729841	0.00221967365430553	0.00308617727336598
"hsa-miR-199a-5p"	-2.42460743696396	4.7898278120561	16.3460297353477	5.27665882811841e-05	8.34000787422971e-05
"hsa-miR-199b-3p"	-1.99182523712149	6.37016842636378	8.18136925110984	0.00423228017279852	0.00576121908339066
"hsa-miR-199b-5p"	0.884832409152162	5.58040312421218	1.19784860780571	0.273752096631332	0.304168996257035
"hsa-miR-19a-3p"	0.75865078972573	8.40342603573416	6.1430228615658	0.0131931589003254	0.0169812936340822
"hsa-miR-19a-5p"	-0.456493799356682	2.86615851474412	0.776483736833068	0.378218699990617	0.411451305429123
"hsa-miR-19b-3p"	2.12539872320503	10.5377774842816	39.5343625988078	3.22337236719948e-10	7.38406234875705e-10
"hsa-miR-200a-3p"	3.09805127582223	2.66104845450637	41.1240062602461	1.4287072492315e-10	3.36166411583883e-10
"hsa-miR-200b-3p"	2.07338913472663	4.33599234989834	44.9826246844354	1.98790511857492e-11	5.14283911273114e-11
"hsa-miR-200c-3p"	4.99494091033845	4.15954645353755	131.219983481679	2.21632701443859e-30	1.77306161155087e-29
"hsa-miR-203a-3p"	0.663047778555776	2.33691034689132	0.481946817027666	0.487541809383333	0.518449367851397
"hsa-miR-204-5p"	-9.81965300018531	8.17460904156742	201.484791719258	9.90428097830029e-46	1.77594003748833e-44
"hsa-miR-205-5p"	-0.749181548445424	2.40306514695463	0.812316562154724	0.367436243558607	0.401400938341336
"hsa-miR-20a-3p"	0.311251495590749	3.30974602779195	0.494915907596539	0.481742587293517	0.513332265148829
"hsa-miR-20a-5p"	0.257076657641656	9.46723058711985	0.634423186455464	0.425737486764857	0.45740391140026
"hsa-miR-20b-5p"	6.74482629890158	4.45674772318644	83.8046939934083	5.46149803012459e-20	2.65418595856522e-19
"hsa-miR-21-3p"	-2.32935487771358	11.7232425622151	67.6054707326232	1.99712652810604e-16	7.52540430880535e-16
"hsa-miR-21-5p"	-1.15393672783404	15.8561902500109	12.8579538009314	0.000336047844651571	0.000497848658743068
"hsa-miR-210-3p"	-1.42942341432165	6.19145384826505	17.4963442216578	2.87860669986907e-05	4.66316350134553e-05
"hsa-miR-210-5p"	-2.13534583969736	2.94868591365159	16.1833950377794	5.74959047747324e-05	9.03258926974648e-05
"hsa-miR-2110"	0.521426119606231	3.62384842083513	3.56106733145925	0.0591496943945966	0.0708706015787793
"hsa-miR-2110-3p"	1.60940357035827	4.86444801912036	23.914389878436	1.00716108334825e-06	1.83120196972409e-06
"hsa-miR-2116-3p"	-4.37240190051973	3.10334191560704	62.1231160131415	3.22641757279679e-15	1.0754725242656e-14
"hsa-miR-212-5p"	0.737367096756569	3.17103964126971	3.52719074464464	0.0603699939960176	0.0721664296044349
"hsa-miR-214-3p"	-5.40842825156448	2.93339211809303	21.6211345508736	3.32171414757303e-06	5.75763785579325e-06
"hsa-miR-214-5p"	-3.87669377373675	1.9404683364557	12.1377600515371	0.000494110870562832	0.000721734979473799
"hsa-miR-215-5p"	1.85433074500471	4.48229010727749	32.3597941742153	1.28109870607614e-08	2.60223174671716e-08
"hsa-miR-216a-3p"	-10.5348769756762	6.46084644198252	158.943074785894	1.92565467556087e-36	2.13051155593968e-35
"hsa-miR-216a-5p"	-10.0884009108184	6.02829963178436	196.556850455081	1.17824637920483e-44	1.97641328124682e-43
"hsa-miR-217"	-10.1566437988517	6.09402373874192	129.985984178794	4.1268133763134e-30	3.20289993385517e-29
"hsa-miR-218-1-3p"	-7.28042310538672	3.47688507884595	78.3514541588549	8.62458425540183e-19	3.76872589311677e-18
"hsa-miR-218-5p"	-6.28046132758284	5.47336876506436	75.5383268551235	3.58382417688761e-18	1.51511266014761e-17
"hsa-miR-219a-1-3p"	-0.899872281014121	2.3698599404578	3.9205426495043	0.0476994811382527	0.0579526406352603
"hsa-miR-22-3p"	-2.15916178856293	15.9781068557583	65.862134999349	4.83593668698268e-16	1.73426694981448e-15
"hsa-miR-22-5p"	-0.383694804254661	6.33945218219791	2.7329891523985	0.0982951561714257	0.115641360201677
"hsa-miR-221-3p"	-1.82319359284477	12.7196610787561	48.2882504831495	3.67950314747929e-12	9.96532102442307e-12
"hsa-miR-221-5p"	-2.26265283661714	8.86407742826128	52.9010618891313	3.50779855944378e-13	1.03053968978009e-12
"hsa-miR-222-3p"	-4.01520510878863	13.2242170060813	246.866242779974	1.25211420826804e-55	3.42683888578621e-54
"hsa-miR-222-5p"	-4.49967305425939	6.09562963669443	115.146557970384	7.30910377289589e-27	5.00096573934982e-26
"hsa-miR-223-3p"	10.166223263197	7.11588477673155	122.903182134798	1.4642226195118e-28	1.07238839738892e-27
"hsa-miR-224-5p"	-9.88998346830819	7.67416834386489	215.022045159219	1.10219366789198e-48	2.38808628043263e-47
"hsa-miR-2277-5p"	0.412310441016065	3.86585521255478	2.13240103392308	0.144214702060288	0.165910719184402
"hsa-miR-2355-3p"	-2.02141852233177	2.59377489490453	17.0529283441786	3.63522737244509e-05	5.85237843241934e-05
"hsa-miR-2355-5p"	-1.02945682843749	4.63116113513276	10.1635696697525	0.00143243001901546	0.00201860056880228
"hsa-miR-23a-3p"	0.441459634391398	11.3379611509918	4.77167710085061	0.0289316290457967	0.0360778108005139
"hsa-miR-23a-5p"	-0.482901471875903	5.25853358170944	3.89187540086827	0.048520214673896	0.0588123814229043
"hsa-miR-23b-3p"	-0.851451839148579	8.48341552192466	15.316599487722	9.09141173278935e-05	0.000139455283216828
"hsa-miR-23c"	5.73207624403113	2.37219075751477	10.0633488499905	0.00151248053461907	0.00212564831892409
"hsa-miR-24-2-5p"	-1.49226535716576	7.03070751520391	32.5283986296109	1.17463486256853e-08	2.41426928274955e-08
"hsa-miR-24-3p"	0.0769242618117479	9.7700088057931	0.0989861169434967	0.753049742411425	0.772358710165564
"hsa-miR-2467-5p"	-1.53158428460783	3.45578252276931	15.3387871087566	8.98526206466412e-05	0.000138234800994833
"hsa-miR-25-3p"	1.41659392630586	11.9330277979211	60.7287484434288	6.55064825953235e-15	2.15590955377014e-14
"hsa-miR-25-5p"	0.0587142092110751	4.94364798915247	0.0557969982529993	0.813266707671644	0.827002178498289
"hsa-miR-2682-3p"	-7.19754256719557	3.41045504152746	71.349883033373	2.99175618786829e-17	1.19670247514731e-16
"hsa-miR-2682-5p"	-8.86218399491804	4.86784092605703	142.706321918887	6.81463606144545e-33	6.00611991856209e-32
"hsa-miR-26a-1-3p"	-4.07079107933564	2.50933693832283	26.0636287016148	3.30348723191527e-07	6.24659403853069e-07
"hsa-miR-26a-2-3p"	-0.0212812358378918	4.85621676352316	0.00317261434305749	0.955082134516454	0.955082134516454
"hsa-miR-26a-5p"	2.61813098184863	15.7104074796737	123.074209385708	1.34329616342753e-28	9.97877149974734e-28
"hsa-miR-26b-3p"	2.55353363237206	6.88189513855932	59.0088535364684	1.56964124386679e-14	5.06964873795485e-14
"hsa-miR-26b-5p"	3.2486539156621	13.0068365579372	217.64673906892	2.94918553655793e-49	6.66772382178315e-48
"hsa-miR-27a-3p"	0.39353564238893	12.7690302859602	2.44029225482859	0.118254191714664	0.137874842357905
"hsa-miR-27a-5p"	-0.302275940355966	6.71095914336337	1.81199654460923	0.178268911068917	0.203289109113677
"hsa-miR-27b-3p"	-1.22532148531975	12.7238817352596	19.209014612778	1.17158828869534e-05	1.95892575601792e-05
"hsa-miR-27b-5p"	-2.54380798539371	5.18140724382354	49.122522896442	2.40463241502218e-12	6.65111093516774e-12
"hsa-miR-28-3p"	1.20448837008948	12.8735557208192	34.6152151369548	4.0175379172201e-09	8.45797456256863e-09
"hsa-miR-28-5p"	1.31568851495818	10.1184299948075	31.7888446948755	1.71877084680792e-08	3.46418930364387e-08
"hsa-miR-296-5p"	2.23563749525342	3.3996258229023	22.1820654372702	2.47979440024081e-06	4.40100030076868e-06
"hsa-miR-299-3p"	-7.49927661904665	3.66004860822931	56.8278274511854	4.75687237576434e-14	1.49913553660452e-13
"hsa-miR-29a-3p"	2.69941101531528	14.0713708740603	159.613458174535	1.37437006900369e-36	1.55363573017809e-35
"hsa-miR-29a-5p"	0.557313511620396	5.81443329530678	4.02714612695558	0.0447736199602229	0.0546532450218684
"hsa-miR-29b-1-5p"	0.182492565246175	3.76328667979735	0.251322423420326	0.616145453962644	0.64079127212115
"hsa-miR-29b-2-5p"	1.34814530924076	2.7566357742404	6.53030111318747	0.0106052002454575	0.0138213136031025
"hsa-miR-29b-3p"	2.64824675290359	9.92825339306555	62.4415348449219	2.74473056178472e-15	9.26792137745489e-15
"hsa-miR-29c-3p"	4.73069314171948	11.9916018265075	238.685552007111	7.60881582756418e-54	1.97829211516669e-52
"hsa-miR-29c-5p"	2.44815291969778	6.1568060500243	66.0112519654682	4.48356079854917e-16	1.61906362169831e-15
"hsa-miR-301a-3p"	-1.7883100411946	7.70095895221648	21.3041842245241	3.91875203178879e-06	6.7699370648843e-06
"hsa-miR-301b-3p"	-4.33009367253616	6.54989188604273	69.7560168917445	6.71128209529905e-17	2.58508643670778e-16
"hsa-miR-30a-3p"	-10.0448141179506	7.74871120834683	426.592687490878	8.96388143498975e-95	9.32243669238934e-93
"hsa-miR-30a-5p"	-11.5478505820113	13.3768144211223	756.126451863414	1.86765877355956e-166	9.71182562250973e-164
"hsa-miR-30b-5p"	2.91704440559127	11.0850983100997	89.4644720117858	3.12194921496254e-21	1.65654448140869e-20
"hsa-miR-30c-1-3p"	-0.46824817682629	3.88916527689998	2.24093685984785	0.134399527769273	0.155306120977827
"hsa-miR-30c-2-3p"	-8.69085162492704	4.71041737964196	211.426894174858	6.70753336870228e-48	1.39516694069007e-46
"hsa-miR-30c-5p"	0.608594365995871	11.676433056566	7.09412488434042	0.00773370446815868	0.0102589957230676
"hsa-miR-30d-3p"	0.132014813689931	5.78342191439128	0.154588960235916	0.69418799812804	0.717649620331174
"hsa-miR-30d-5p"	1.35150131515996	12.7174168809645	48.2561542945558	3.74022489591477e-12	1.00772898750035e-11
"hsa-miR-30e-3p"	2.15925346913744	8.09874055547374	62.7990176466428	2.28912985902343e-15	7.78004919406655e-15
"hsa-miR-30e-5p"	1.77093059991117	12.9580920984484	40.088912058376	2.42662454055308e-10	5.65849668649148e-10
"hsa-miR-31-3p"	-3.09513061565592	6.72410655444544	67.7756673303418	1.83196399067004e-16	6.95343996458703e-16
"hsa-miR-31-5p"	-3.23630844729898	11.7312491791792	83.3736040699463	6.79229177344983e-20	3.24035937815955e-19
"hsa-miR-3117-3p"	-6.214406679956	2.67234243416993	34.7422056314262	3.76382599668898e-09	7.95605495235070e-09
"hsa-miR-3129-3p"	-5.32806241584085	2.09886132414462	34.0364665327965	5.40888041481278e-09	1.12956538783239e-08
"hsa-miR-3152-5p"	-7.39513859968139	3.57443987740002	84.4984757864679	3.84511147361185e-20	1.90424568216968e-19
"hsa-miR-3158-3p"	-1.53642133483737	3.62882268216123	22.0342507334749	2.67828241069821e-06	4.70509072149686e-06
"hsa-miR-3168"	-0.549423487854678	2.84675933462831	1.21733990926255	0.269883328301503	0.300512485474907
"hsa-miR-3174"	-4.55189424360231	2.21304020457396	35.1639390211484	3.0308420596526e-09	6.51255318603038e-09
"hsa-miR-3176"	-2.63400283510389	4.26494280554294	54.4574001964736	1.58854364773097e-13	4.7748132764168e-13
"hsa-miR-3194-5p"	2.4268329114134	3.26029813509244	39.8301096782362	2.77041150769001e-10	6.43131242856608e-10
"hsa-miR-32-3p"	0.960980523989764	3.21341693700942	4.25761104803872	0.0390748357661	0.048149086726
"hsa-miR-32-5p"	4.54714857129881	7.23367801787145	58.9767575150641	1.59545442970005e-14	5.12121174965447e-14
"hsa-miR-3200-3p"	-4.36710294242818	4.04997410686507	71.7164292631025	2.48455224675544e-17	1.0093493502444e-16
"hsa-miR-3202"	6.18497032957752	2.51099243345238	66.1505432080417	4.17764506964354e-16	1.52984185648918e-15
"hsa-miR-320a"	-0.245239329479647	10.6337011123148	0.700929651958662	0.402471493941399	0.435104317774486
"hsa-miR-320b"	3.05907134689087	4.13139395877676	62.1257166869021	3.22215943995209e-15	1.0754725242656e-14
"hsa-miR-320d"	3.92820195760506	3.36368646269796	47.4698662611269	5.58559994173763e-12	1.4894933177967e-11
"hsa-miR-323a-3p"	-6.87668561050961	3.74748677413562	82.2983669400107	1.17018765041538e-19	5.38493432049555e-19
"hsa-miR-323b-3p"	-4.92445206519883	3.17866651452274	35.8276538722023	2.15566336210983e-09	4.67060395123795e-09
"hsa-miR-324-3p"	-0.578890691254943	5.42608737726608	5.04471931330284	0.0247011089814958	0.0309507871575369
"hsa-miR-324-5p"	-0.0317999013629802	4.8999575692957	0.0189125664459198	0.890617440190135	0.899264211454117
"hsa-miR-326"	-2.11021480161731	6.51023653308064	44.7763435388222	2.20875179590578e-11	5.68589571223271e-11
"hsa-miR-328-3p"	1.76757429396897	6.1452441197153	28.6628233950441	8.61416676518393e-08	1.6776654374141e-07
"hsa-miR-329-3p"	-6.91517267373572	3.18711003850407	55.8064884966929	7.99671773029127e-14	2.48999593997094e-13
"hsa-miR-330-3p"	1.550045155446	5.75141186808451	42.3854137055463	7.49469064083569e-11	1.82968973391294e-10
"hsa-miR-330-5p"	-0.615228349724913	6.23664337249156	3.70139267320013	0.0543670715747343	0.0655936826423709
"hsa-miR-331-3p"	-1.10815579594919	8.767876499241	14.1431483390996	0.00016941297746548	0.000254609099081068
"hsa-miR-331-5p"	-0.623053839251242	4.13146145949004	4.91633469852417	0.026603900577563	0.0332548757219538
"hsa-miR-335-3p"	-0.313933201274548	6.18152589730163	0.257670907191265	0.611724806891956	0.637468736640916
"hsa-miR-335-5p"	3.20223735960997	6.25252375302894	24.7930113494083	6.38284713185715e-07	1.17697890374671e-06
"hsa-miR-337-3p"	-7.34733384997283	3.53373484569053	74.1648886181544	7.18570761807967e-18	2.98925436912114e-17
"hsa-miR-337-5p"	-4.21525432918957	2.19229891825596	26.0153471979993	3.38714053054241e-07	6.35853095986301e-07
"hsa-miR-338-3p"	2.25539207553147	7.03294272009796	8.61228013448183	0.00333904034088762	0.00460557288398292
"hsa-miR-338-5p"	-0.454410245221045	3.44026288918648	0.594102826019022	0.440836952489275	0.47167739772515
"hsa-miR-339-3p"	2.50950594925078	9.05282099811524	81.8166557153695	1.49314914845942e-19	6.8108557649026e-19
"hsa-miR-339-5p"	0.706785909759141	7.39478056369655	5.92415429179118	0.0149347046356717	0.0190811951119148
"hsa-miR-33a-3p"	1.9541876094803	4.1124886448567	16.6235382499793	4.55818025210874e-05	7.27071696655383e-05
"hsa-miR-33a-5p"	-0.106566897473673	5.14365099644977	0.0638195620205479	0.800557747136658	0.817226155933398
"hsa-miR-33b-3p"	-0.350166549421158	3.24290806219156	0.836107971834185	0.360512270516619	0.394666064565562
"hsa-miR-33b-5p"	0.991596923818584	4.64964423072365	5.55772077014382	0.0183993537078064	0.0231662564844052
"hsa-miR-340-3p"	-1.02880230789612	4.2752601480128	8.94427442703301	0.00278340631226854	0.00385965675301237
"hsa-miR-340-5p"	0.0980080553180172	8.96851902057326	0.0825050008618433	0.773930981863965	0.792212816081224
"hsa-miR-342-3p"	5.94966165162757	12.8770379056057	294.183943815917	6.09445561160945e-66	2.43778224464378e-64
"hsa-miR-342-5p"	6.24896108394869	7.92723722777634	320.264234671827	1.26866010055895e-71	5.49752710242211e-70
"hsa-miR-345-5p"	-3.08396820546519	9.30289514081137	83.9598590345594	5.04923395794982e-20	2.47698269635274e-19
"hsa-miR-34a-3p"	-6.08384999406797	3.75045953917433	128.058960125611	1.08957625886981e-29	8.33205374429857e-29
"hsa-miR-34a-5p"	-4.77641418594853	8.55898839537688	169.602642168626	9.03553727636037e-39	1.092669624118e-37
"hsa-miR-34c-5p"	-2.63409312818222	3.33139884867211	10.6985841242607	0.00107217557662693	0.00153167939518132
"hsa-miR-3605-3p"	0.301360591650988	3.43195725818147	1.06756734085258	0.301495573036104	0.333569570167604
"hsa-miR-3605-5p"	-1.96570988691439	2.74518273426165	15.8456085289894	6.87258412406098e-05	0.000107642883870835
"hsa-miR-3607-3p"	4.09416575565946	8.77087621837	85.3493266351274	2.50047125512168e-20	1.25023562756084e-19
"hsa-miR-3607-5p"	4.21288971730456	2.53264792502179	24.7458396576287	6.54098361331496e-07	1.20187684767625e-06
"hsa-miR-3609"	6.05083629370506	3.0707655839595	92.8636750181901	5.60233800974627e-22	3.13249006996565e-21
"hsa-miR-361-3p"	4.64510668424221	11.0218385203032	248.533977530375	5.42062652600204e-56	1.56595877417837e-54
"hsa-miR-361-5p"	0.561005968754603	8.16009658208378	7.04966188292181	0.00792802149734633	0.0104900029990333
"hsa-miR-3613-3p"	0.900412189104297	2.9454277842286	2.9460539152513	0.0860875269586002	0.101509102082703
"hsa-miR-3613-5p"	0.635639735743327	4.47631250155433	3.77759101358468	0.0519433937091407	0.0628152668110539
"hsa-miR-3615"	2.08881405900929	4.8573155408057	59.6870145300624	1.11207892271585e-14	3.63698767177512e-14
"hsa-miR-362-3p"	2.58759467752191	3.5206170059257	20.0488838526549	7.54875776222838e-06	1.28279543671855e-05
"hsa-miR-362-5p"	-0.964401544656092	3.89745863843343	6.41327426729598	0.01132703557137	0.014725146242781
"hsa-miR-363-3p"	10.5599617252981	9.04820071025558	205.352615464308	1.41855555546342e-46	2.83711111092685e-45
"hsa-miR-3651"	0.746591343691619	3.37633453704413	2.42922122606875	0.119092050520377	0.138541087853683
"hsa-miR-3653-3p"	4.19146279032612	3.25840298580638	34.4240755444089	4.43206897111022e-09	9.29304784265045e-09
"hsa-miR-3653-5p"	4.88494529313369	2.96184239763405	71.3643572370998	2.96988938422916e-17	1.19670247514731e-16
"hsa-miR-365a-3p"	-3.99860750604827	5.41355500668567	149.10831171668	2.71559701827421e-34	2.66435933868413e-33
"hsa-miR-365b-3p"	-3.9662608137382	5.41577320883855	149.618017916937	2.10112849089836e-34	2.14232708875911e-33
"hsa-miR-365b-5p"	-6.35741374826727	2.76859627002355	64.6791170813901	8.81441022975965e-16	3.05566221298335e-15
"hsa-miR-3661"	-1.52425141978962	3.60355850617699	22.1723401573022	2.4923877383627e-06	4.40830484336261e-06
"hsa-miR-3677-3p"	-2.72011703222044	3.39902041982991	24.5396969873794	7.27945358465411e-07	1.33285769859864e-06
"hsa-miR-3688-3p"	-0.73676948813672	2.07023386978539	1.2349116597316	0.266453959346307	0.297330598412188
"hsa-miR-369-3p"	-7.00270651562738	3.85589658295078	71.1901070831155	3.24410665408897e-17	1.2877369924628e-16
"hsa-miR-369-5p"	-5.67290560206398	3.34752885704649	50.0890593599864	1.46923894182038e-12	4.12975270133295e-12
"hsa-miR-370-3p"	-7.81656417652529	3.929475952416	64.6395266623512	8.99330537720402e-16	3.09703231532854e-15
"hsa-miR-374a-3p"	-0.355315226222735	7.94802992132108	0.709745345331463	0.39952836403249	0.43282239436853
"hsa-miR-374a-5p"	1.80332470484736	7.14869302096603	35.9439107789935	2.03080038357031e-09	4.41847782199398e-09
"hsa-miR-374b-3p"	-0.949342634560287	4.11589249887455	4.66037835589037	0.0308663890950841	0.0382419011903824
"hsa-miR-374b-5p"	1.41023414359804	6.72991249551686	22.7211826324552	1.87291829316452e-06	3.34679557541427e-06
"hsa-miR-376a-3p"	-4.18257737477103	2.78383354587921	33.633986849877	6.65202358454845e-09	1.37810847169928e-08
"hsa-miR-376a-5p"	-5.43371316479629	3.17424100454151	42.6884127999483	6.41914084683223e-11	1.58950154302512e-10
"hsa-miR-376b-3p"	-6.22679623676161	2.68150724849079	51.3660424893147	7.66530388430942e-13	2.20218675129331e-12
"hsa-miR-376c-3p"	-6.30344143211255	4.38568417891805	89.0752232989362	3.80081600113919e-21	1.99638820261857e-20
"hsa-miR-377-3p"	-5.50031845324565	2.20439307595529	36.381628727924	1.62225132951116e-09	3.55937000567849e-09
"hsa-miR-377-5p"	-6.33303807219892	2.75138477491038	67.3656235286415	2.25547569878231e-16	8.43775081558851e-16
"hsa-miR-378a-3p"	-0.138748185193024	10.3191830289113	0.320579983432083	0.571259304480644	0.601325583663836
"hsa-miR-378a-5p"	-0.523049438927391	3.33957227447241	1.39974984435761	0.236765459327616	0.265913690821513
"hsa-miR-378c"	3.130559020968	3.0754128995173	24.4282225981585	7.71304543436082e-07	1.40729250030443e-06
"hsa-miR-378d"	3.22778124996306	2.68805306688292	27.7214203830591	1.40102758263868e-07	2.6784350844563e-07
"hsa-miR-379-3p"	-6.72048266566567	3.03566111061804	39.5993389461284	3.11788820935393e-10	7.20578608384018e-10
"hsa-miR-380-3p"	-4.804768379329	2.73407242151703	28.6973887289183	8.46177540496351e-08	1.65418165811317e-07
"hsa-miR-381-3p"	-8.15793171506205	7.79397687839962	87.8494299060661	7.06315942097406e-21	3.63647811772922e-20
"hsa-miR-382-3p"	-4.84599694038814	2.37192943248086	41.3621229512139	1.26484605574134e-10	3.00328743828995e-10
"hsa-miR-382-5p"	-6.17782390867725	3.64541941582665	78.7273091811163	7.13030380611142e-19	3.14216777896436e-18
"hsa-miR-3909"	-1.71649691775974	4.09698445508293	33.8123017505025	6.06938576349821e-09	1.26243223880763e-08
"hsa-miR-3912-3p"	3.16290569950284	4.26988414866117	55.1985904906398	1.08946837939688e-13	3.37216403146653e-13
"hsa-miR-3940-3p"	-1.43896116245207	2.70206043328197	6.98693927852055	0.00821066402778918	0.0108364093767776
"hsa-miR-409-3p"	-8.16529148012812	8.27013202547211	189.540273209607	4.00571542437948e-43	6.12638829610979e-42
"hsa-miR-409-5p"	-7.97718764883121	6.01781039047233	66.9509084091035	2.78353109919928e-16	1.03388297970259e-15
"hsa-miR-410-3p"	-7.3854186729383	7.03230992343565	77.0059224238681	1.7044607019289e-18	7.38599637502524e-18
"hsa-miR-411-3p"	-7.29243256951703	3.48406869240293	49.5596360786135	1.92432369324285e-12	5.37982968003376e-12
"hsa-miR-411-5p"	-8.92148212830805	7.87884166362832	111.064455638931	5.72778166535165e-26	3.72305808247857e-25
"hsa-miR-421"	-1.74588356152442	7.4651975417772	31.7501492469129	1.753357885681e-08	3.52025521449467e-08
"hsa-miR-423-3p"	0.215259428509955	11.9859197007214	1.36324321913235	0.242976193327496	0.272300906315297
"hsa-miR-423-5p"	1.33948869868674	11.6453780881533	34.8236927390288	3.60954012437014e-09	7.66106475376520e-09
"hsa-miR-424-3p"	-2.84472705488777	4.25508078882172	46.1961014534645	1.06989658223085e-11	2.80982940787901e-11
"hsa-miR-424-5p"	-2.90242029503175	6.09609448493885	44.6475705228866	2.35890115041804e-11	6.01288528537932e-11
"hsa-miR-425-3p"	1.16034145091291	5.04461697567375	15.3756235013911	8.81177650979493e-05	0.000135968064839566
"hsa-miR-425-5p"	1.14854761115385	8.68055684821629	31.3451347788859	2.15999293870024e-08	4.31998587740048e-08
"hsa-miR-429"	3.0088209221695	1.97148012629303	13.9840451384085	0.000184368516906466	0.000276046494720401
"hsa-miR-431-3p"	-6.49538182365292	2.86574509333378	45.2087984888155	1.77107610533244e-11	4.60479787386436e-11
"hsa-miR-431-5p"	-5.9597396322025	4.98612840914217	48.9936074941641	2.56798067095983e-12	7.06534364496883e-12
"hsa-miR-432-5p"	-7.79817098890073	3.91528109243853	82.4999700426011	1.05671736050513e-19	4.90618774520237e-19
"hsa-miR-4326"	-3.39259951531086	4.07377791859251	37.5538481235795	8.89238116703368e-10	1.97608470378526e-09
"hsa-miR-433-3p"	-4.25195520574238	2.01271474406961	19.652114014589	9.29004736911238e-06	1.56844955582417e-05
"hsa-miR-4433b-5p"	4.47762588079657	1.55570712794979	15.1610321225431	9.87198092290722e-05	0.000150540471551664
"hsa-miR-4443"	5.47297793035751	3.29150319775893	83.1714238148141	7.52375205051118e-20	3.52464060023947e-19
"hsa-miR-450a-5p"	-3.36597928591308	5.49410685730582	54.5139022172709	1.5435201605052e-13	4.66645629920178e-13
"hsa-miR-450b-5p"	-4.79144183194487	6.33369838398646	66.5392505431152	3.42995414830425e-16	1.26494762916185e-15
"hsa-miR-451a"	4.5726095906544	4.37515576176845	75.4128024687837	3.81905680778149e-18	1.6015399516503e-17
"hsa-miR-452-3p"	-7.72196895810398	3.8502851348428	109.984120734987	9.87788514724824e-26	6.34135836613468e-25
"hsa-miR-452-5p"	-9.89460753400401	5.84265846477343	179.468749187468	6.3301623542096e-41	8.22921106047247e-40
"hsa-miR-4521"	-3.3311048879	3.93746186227302	38.1073504082954	6.69574168261101e-10	1.50726652595573e-09
"hsa-miR-454-3p"	0.220102987840937	7.30557438101027	0.664626768791866	0.414931256294779	0.446716880482992
"hsa-miR-454-5p"	-0.693719365751263	4.5035506022508	6.27764414869198	0.0122270539232709	0.0158160896519922
"hsa-miR-455-3p"	-6.70744640800602	7.20069507541557	137.176505365193	1.10329157499543e-31	9.10653363488293e-31
"hsa-miR-455-5p"	-5.46422708227717	6.76968767220944	145.311799111045	1.83566916718457e-33	1.64577235678617e-32
"hsa-miR-4645-3p"	-0.912698946689456	3.65552847972946	10.5765242534577	0.0011453279451951	0.00162724188934824
"hsa-miR-4661-5p"	-0.354041442056553	2.34972674040098	0.127123702218967	0.721433124735221	0.741393725024338
"hsa-miR-4662a-5p"	0.817820413125242	2.93086937269067	2.21892106682849	0.136328302224233	0.157185625624393
"hsa-miR-4677-3p"	-1.23628667785494	4.94288260205312	22.7704107375852	1.82554892345271e-06	3.27339806963934e-06
"hsa-miR-4746-5p"	-2.28341063943335	2.46519332933251	12.6896133179463	0.000367692299788247	0.000543181806505364
"hsa-miR-4772-3p"	7.09192584291193	3.25111263900901	56.7879844071771	4.85423350244211e-14	1.52060326582524e-13
"hsa-miR-4772-5p"	7.76763426872802	5.41942587426173	66.133686649798	4.2135259830509e-16	1.53219126656397e-15
"hsa-miR-4775"	-5.45163368481705	4.0596875260934	63.0416570992466	2.02380785158966e-15	6.92355317649094e-15
"hsa-miR-483-5p"	-4.23634732354668	1.55813480406298	11.5947494295373	0.000661382850620895	0.000956036708664339
"hsa-miR-484"	0.34406336307859	10.3149026355113	3.68351678543866	0.0549528269533642	0.0661469213327532
"hsa-miR-485-3p"	-5.69491582752157	3.72881769468286	71.1550485470531	3.30226664246903e-17	1.30089291976053e-16
"hsa-miR-485-5p"	-6.10386886240231	2.58914532782538	55.1482498153854	1.11773149796908e-13	3.43002965555383e-13
"hsa-miR-486-3p"	2.37426881607584	3.05894997718159	17.968113894671	2.24636479163681e-05	3.68488861719602e-05
"hsa-miR-486-5p"	1.828216033511	8.37420414903667	17.6448522186683	2.66234888981044e-05	4.33987906802955e-05
"hsa-miR-487a-3p"	-5.95472801473269	2.48788670419923	36.6050416072085	1.44657101131043e-09	3.18735985542975e-09
"hsa-miR-487b-3p"	-6.5494272921055	4.90473785470793	81.2162511045129	2.02321370225392e-19	9.14844456671339e-19
"hsa-miR-493-3p"	-5.34962282646073	3.03006442863133	35.0450412411016	3.22166344747453e-09	6.89409462011011e-09
"hsa-miR-493-5p"	-6.50551457974216	2.87738316387093	46.8224978568646	7.77160943253483e-12	2.0513892918366e-11
"hsa-miR-494-3p"	-7.37046573736733	4.22723871935758	83.7056853676521	5.74198604193361e-20	2.76465994611618e-19
"hsa-miR-495-3p"	-5.80651768112518	3.41089443038432	92.5154346946512	6.68017510769099e-22	3.69541601702055e-21
"hsa-miR-496"	-4.57035495999758	1.71681290017017	21.7368266925144	3.12729895905061e-06	5.45703174062522e-06
"hsa-miR-497-5p"	-6.0337457863546	7.79073510111502	141.585866967822	1.19793911325166e-32	1.02119399818174e-31
"hsa-miR-499a-5p"	4.84520037128583	2.34145733829577	50.3994139408241	1.25431675655926e-12	3.54480822505878e-12
"hsa-miR-500a-3p"	-1.23595125512583	8.69622486038296	23.1981604255456	1.46137054294831e-06	2.63858570254556e-06
"hsa-miR-500b-3p"	-2.11373733481405	2.27319351102471	11.2963015187374	0.00077661640428313	0.00111558157521334
"hsa-miR-501-3p"	-1.20965957209582	7.73823349050275	10.4958112656205	0.0011964547031411	0.00169524917066314
"hsa-miR-501-5p"	-2.74047269067203	3.64427036506308	45.2672193444439	1.71902456797803e-11	4.49192349421396e-11
"hsa-miR-502-3p"	-0.926471008820937	4.9615145231067	8.03904071588622	0.00457797741178691	0.00621553068963236
"hsa-miR-502-5p"	-1.40058253296968	2.29484513169067	6.07385348881524	0.0137197321421413	0.0176154585528728
"hsa-miR-503-5p"	-5.57717720497621	3.33112914721693	73.5343931365406	9.88978164229273e-18	4.08149718570811e-17
"hsa-miR-505-3p"	-1.18819495297673	7.16199503787624	15.3837574436561	8.77392524961998e-05	0.000135786938386976
"hsa-miR-505-5p"	-0.962785452924774	3.04946434574298	7.61510841262313	0.00578812791103427	0.00775728482922119
"hsa-miR-514a-3p"	3.74705538529291	2.07253822130442	18.7332738842128	1.50336186626259e-05	2.49759798867906e-05
"hsa-miR-515-5p"	-2.20953577402456	1.44271099361018	2.26693996799243	0.132160624260225	0.153059074867075
"hsa-miR-532-3p"	-0.797525949530025	5.4904982861082	5.67166613416765	0.01724107317979	0.0218135232445032
"hsa-miR-532-5p"	0.176081148553197	8.99097439377962	0.547301769453352	0.459422290305241	0.490553574863912
"hsa-miR-539-3p"	-7.33806159908105	4.31215174709542	59.2427571317304	1.39372376501952e-14	4.52960223631345e-14
"hsa-miR-542-3p"	-4.30074028024114	3.98826568370092	65.0309815805339	7.37297141363001e-16	2.57311754032725e-15
"hsa-miR-542-5p"	-2.72095203793564	2.35019143533884	20.7741454832626	5.16759069787319e-06	8.83929987794098e-06
"hsa-miR-543"	-5.02923861015926	2.88478364468887	44.7074854606386	2.2878099797817e-11	5.86039994820927e-11
"hsa-miR-548ar-3p"	-1.39890048340773	1.8160711480248	1.87985041639076	0.17035114986301	0.195115854468646
"hsa-miR-548au-5p"	3.82874140083868	2.99590066193863	37.8820581419755	7.51532246469177e-10	1.68446882829298e-09
"hsa-miR-548e-3p"	1.36108015918185	6.14004585476401	18.3268548905028	1.8606572091082e-05	3.06184097701349e-05
"hsa-miR-548e-5p"	0.313568136630939	4.05863318103516	1.5119161765445	0.218846927515371	0.247931159712402
"hsa-miR-548h-5p"	-2.73064194441926	2.00461495242802	8.37245892425768	0.00380949833046601	0.00519931530667277
"hsa-miR-548j-3p"	2.08471543765634	2.68298571436416	7.41448676081292	0.00647007684853796	0.00862676913138395
"hsa-miR-548j-5p"	2.83509262559364	2.52811702251797	14.9605084623444	0.000109784921610763	0.000166924442215195
"hsa-miR-548k"	-0.495203499304135	6.2721161641239	3.61236676355433	0.057351446030931	0.0688747157877232
"hsa-miR-548n"	-1.96369770610229	2.55941293450751	8.89220897776966	0.0028639003963598	0.00396071331411462
"hsa-miR-548o-3p"	-0.590964521660773	4.75926409697032	3.45153650875715	0.0631929988817368	0.0753677968314292
"hsa-miR-548s"	0.259416065496535	2.52108300374723	0.28893076925749	0.590906534516315	0.619828744209391
"hsa-miR-548w"	2.57980595376289	3.49484207043799	52.8106825879281	3.67298104188521e-13	1.07300569762939e-12
"hsa-miR-550a-3p"	-0.3888761774658	3.63100142994527	0.618261727482359	0.431693973225663	0.462847146551226
"hsa-miR-550a-5p"	-2.35258882550708	3.28931481041469	26.0557747058462	3.31695277845969e-07	6.24933132173565e-07
"hsa-miR-551a"	-3.62259132230581	2.36790549884567	11.7104322669849	0.000621506806813665	0.000902747317159513
"hsa-miR-556-5p"	-4.34519871588344	2.12527499338732	21.6526264248755	3.26762286526553e-06	5.68282237437483e-06
"hsa-miR-561-5p"	-10.0898001547812	6.03023865438686	202.382389493921	6.30893683719746e-46	1.17165969833667e-44
"hsa-miR-5690"	2.16854457807826	3.55750238079269	22.6101468146742	1.98433835436117e-06	3.53375323379386e-06
"hsa-miR-5696-3p"	2.94429261890453	2.89154151967993	35.312801411934	2.80780426774897e-09	6.05833285987329e-09
"hsa-miR-574-3p"	-6.36960739192515	8.13117361234996	189.123114440493	4.94013126198217e-43	7.33962358923066e-42
"hsa-miR-574-5p"	-6.75231203519879	3.06170877680641	90.8174025448266	1.57561486237856e-21	8.62441819407214e-21
"hsa-miR-576-3p"	-1.497500735357	2.70373784044691	12.5867704713703	0.000388486848448692	0.000572275244173711
"hsa-miR-576-5p"	1.29806711866274	6.11246362806024	21.1987109797628	4.14042885859944e-06	7.12921525321757e-06
"hsa-miR-577"	5.2106960505597	1.9073015783638	29.0213809102079	7.15838460080375e-08	1.40466414808225e-07
"hsa-miR-580-3p"	1.35211706401942	2.72723662260536	9.53204543550873	0.00201914960336788	0.00281490025134396
"hsa-miR-582-3p"	-4.80292056988034	6.63583974967484	42.1398957667983	8.49718527995067e-11	2.04561867850664e-10
"hsa-miR-582-5p"	-3.5002239064407	5.78391738688006	25.1158314470718	5.39878049417635e-07	9.99062582552207e-07
"hsa-miR-584-5p"	-5.52528248748417	6.53947635355328	94.8629162725227	2.04036549310293e-22	1.1921236588916e-21
"hsa-miR-589-3p"	-0.915336523110868	5.40130163601799	8.5081457116642	0.00353560163550736	0.00485095738908661
"hsa-miR-589-5p"	0.806060846971074	7.98581972604039	4.1585572738158	0.0414246743053785	0.050803845846219
"hsa-miR-590-3p"	1.17930234783232	6.56776703705668	9.86156926713975	0.00168767090378596	0.00236546865220673
"hsa-miR-590-5p"	0.315581065620492	3.03617257099381	0.687111415505695	0.407148636584752	0.439247491751185
"hsa-miR-598-3p"	1.1719001345082	5.50245879563841	15.5299460853636	8.1208535556038e-05	0.000126432450566287
"hsa-miR-616-5p"	1.81680054640903	3.93750827742705	43.0983502607422	5.20561310720148e-11	1.30140327680037e-10
"hsa-miR-624-5p"	-0.210257959004026	3.06799714238719	0.383975850958024	0.535483071469921	0.565957717813737
"hsa-miR-625-3p"	1.31370336236479	6.03546710102213	17.0682121236122	3.60608737615796e-05	5.82349514162155e-05
"hsa-miR-625-5p"	0.458134322784987	5.04427390076321	3.26742946026565	0.0706682741717968	0.0838984076925442
"hsa-miR-627-3p"	1.57529390584454	2.68510388268192	13.7561314671237	0.000208140309525518	0.000310123097287305
"hsa-miR-627-5p"	1.03300930800582	2.80345039315626	6.66420672243252	0.00983684325853257	0.0128845302126875
"hsa-miR-628-3p"	0.712205260093954	3.31327202163141	4.66011185751789	0.0308711802573621	0.0382419011903824
"hsa-miR-628-5p"	0.38974138980857	3.94363820724725	1.5076725651573	0.219494576047578	0.248124303358131
"hsa-miR-629-3p"	1.04859134179502	3.50392377893505	7.39388762342824	0.00654458848948307	0.00870380054867313
"hsa-miR-629-5p"	0.457353036048733	5.06927742101797	1.089837446107	0.296507228356649	0.32875001864703
"hsa-miR-641"	-0.469375530628503	4.17856637381414	2.53475272560568	0.111364331470487	0.130426694514985
"hsa-miR-642a-3p"	6.31814142796008	2.61168831450442	86.4052295092506	1.46596752388946e-20	7.40100109148076e-20
"hsa-miR-642a-5p"	7.44136983543358	3.5135093174308	122.157517489775	2.13219469096674e-28	1.53991838792042e-27
"hsa-miR-6503-3p"	5.45696601526397	2.11115487626587	16.5068108490225	4.84756302728193e-05	7.68516089691038e-05
"hsa-miR-651-5p"	3.54513303812435	2.9881924596627	44.2005041786009	2.9640493475396e-11	7.51856419863704e-11
"hsa-miR-6511a-3p"	-0.0467225626397215	2.73591662328348	0.0129347053950415	0.909451159370083	0.914728438824842
"hsa-miR-6511b-3p"	0.560948139909454	2.5914812789263	1.03807546544259	0.308269490502699	0.340339989514657
"hsa-miR-6516-3p"	1.62493118131047	3.15837227249654	15.7272841050369	7.31612243274509e-05	0.00011424575570653
"hsa-miR-652-3p"	1.66094378205353	6.9751924641724	42.3446259799152	7.65263225430103e-11	1.85951811786754e-10
"hsa-miR-652-5p"	0.898306166731305	3.68236849307525	6.81009921381087	0.00906437284148723	0.0119328452596794
"hsa-miR-654-3p"	-7.8592271070524	8.15984698446962	125.59471141172	3.77153107602145e-29	2.84231327468283e-28
"hsa-miR-655-3p"	-4.88408168616037	1.86886313896761	21.9016950960473	2.86980313934935e-06	5.02457115306958e-06
"hsa-miR-656-3p"	-4.46986281431255	2.64069121160041	28.432705114202	9.70125322928936e-08	1.88233271613077e-07
"hsa-miR-659-5p"	1.620058411326	3.60967002163712	25.8405734212762	3.70811210154988e-07	6.9360370244818e-07
"hsa-miR-660-5p"	0.38288392739624	8.21548610909637	1.90653265279491	0.167348926381845	0.192100312844502
"hsa-miR-664a-3p"	3.11855252036343	6.60249017370561	97.9638271939951	4.26095557519223e-23	2.54677804494248e-22
"hsa-miR-664a-5p"	3.63587684093336	3.76381041483549	101.855806764875	5.97139562786396e-24	3.65308908998737e-23
"hsa-miR-664b-3p"	2.84029375601425	3.48282564006625	38.6951534581273	4.95437706484516e-10	1.1250113859037e-09
"hsa-miR-665"	-6.86904891848284	3.1472923979626	49.1339346178049	2.39068361146851e-12	6.64789025648998e-12
"hsa-miR-671-3p"	-1.40419559238334	6.63951007125811	47.2600564192634	6.2166218739748e-12	1.64930784411576e-11
"hsa-miR-671-5p"	-0.932088681345573	5.10076287536156	12.9140847364968	0.000326118830025077	0.000484519404608685
"hsa-miR-6716-3p"	-5.70120030586753	2.32427878193161	38.2702742019754	6.15937982216983e-10	1.39255543805579e-09
"hsa-miR-6731-3p"	6.74426902390877	2.93658995404265	114.068951155515	1.25855170253639e-26	8.39034468357592e-26
"hsa-miR-6769b-3p"	2.50141677031884	3.36097434012626	40.8259930247523	1.66404957566844e-10	3.897773780845e-10
"hsa-miR-6803-3p"	4.68309151632581	3.62489521656313	90.7779490330166	1.60734710625945e-21	8.70646349223869e-21
"hsa-miR-6842-3p"	5.26848108040455	3.93557462139279	185.294523412553	3.38455248110786e-42	4.75666835182726e-41
"hsa-miR-7-1-3p"	3.36983914829902	6.3141929378957	147.099891747098	7.46267348782709e-34	6.80805300643875e-33
"hsa-miR-7-5p"	1.61297770670659	6.33171500607916	6.69284247370355	0.00968007423172966	0.0127112085871198
"hsa-miR-708-5p"	1.47761220731658	1.82213801690646	1.24089462016938	0.265298708344422	0.296678125460429
"hsa-miR-744-3p"	-2.54104534502055	3.23358620840726	43.86359435875	3.52077183036587e-11	8.84445097483213e-11
"hsa-miR-744-5p"	-1.55671330074873	7.63459451188694	48.7209673906762	2.95094679993639e-12	8.07627545245748e-12
"hsa-miR-758-3p"	-7.46563586383998	4.9047770493676	55.1418866567763	1.12135584893106e-13	3.43002965555383e-13
"hsa-miR-760"	-1.06244190382161	2.39107737067009	5.64821967301019	0.0174731030817919	0.0220534310741063
"hsa-miR-766-3p"	2.72275478089351	6.65949724587684	114.5953030162	9.6514439098299e-27	6.51785822482019e-26
"hsa-miR-769-3p"	-0.956988029413372	2.64642931630514	4.65919389995967	0.0308876894230011	0.0382419011903824
"hsa-miR-769-5p"	-0.39039396960796	9.90947151977286	4.17744179993518	0.040965491737442	0.0503594697481557
"hsa-miR-7705"	-0.689769843667898	3.06000214376234	3.36733765761011	0.0665011413040304	0.0791317928560545
"hsa-miR-7706"	-0.999379178951904	5.28100230337501	13.98027282736	0.000184738808005192	0.000276046494720401
"hsa-miR-7974"	-6.27889989447322	5.65677333326706	157.654514687136	3.68240557562121e-36	3.98927270692298e-35
"hsa-miR-7976"	-0.850809606053492	3.53212894954564	4.38095232334944	0.03634268669891	0.0448888291768009
"hsa-miR-873-3p"	8.23485864029657	4.27326790345977	25.4483522011327	4.543855865369e-07	8.43858946425671e-07
"hsa-miR-873-5p"	9.54926732957666	6.47641167683683	27.1490343979878	1.88359255119013e-07	3.57470119203967e-07
"hsa-miR-874-3p"	0.152257806652335	7.98479828983758	0.138846774537242	0.709430176498349	0.730502359958696
"hsa-miR-874-5p"	0.625720871647767	4.4887467192225	2.5235325688343	0.112159075488383	0.131062290458335
"hsa-miR-876-5p"	7.76943349264184	3.86412504076351	10.992554143064	0.000914786553395427	0.00131043803792182
"hsa-miR-877-5p"	-1.75007110107645	5.83107618464046	48.1358085950346	3.97696898958081e-12	1.06599168792888e-11
"hsa-miR-887-3p"	-10.3066649213064	6.24037100228168	333.76910508883	1.45172759483606e-74	8.38775943683055e-73
"hsa-miR-887-5p"	-7.63892906832069	3.77750099769582	107.78984651056	2.98843428137379e-25	1.87227207989683e-24
"hsa-miR-889-3p"	-8.40507526370127	5.17627077932159	89.9439889668275	2.44998725434314e-21	1.3133952291324e-20
"hsa-miR-9-3p"	4.44731337245848	2.11573921517671	39.39231035452	3.46659428895863e-10	7.90626767657232e-10
"hsa-miR-9-5p"	4.20768470250957	4.34071763740483	41.7977332742398	1.01220696963397e-10	2.41443864316361e-10
"hsa-miR-92a-1-5p"	-0.177156140467756	4.18021813137448	0.264913332184735	0.606764545830965	0.633569405285345
"hsa-miR-92a-3p"	1.58574058842354	15.9753852601273	43.9584720537914	3.35417363387755e-11	8.46684606609866e-11
"hsa-miR-92b-3p"	-2.26130584246191	10.8371581734862	48.6771599697482	3.01760278947424e-12	8.21546309176233e-12
"hsa-miR-92b-5p"	-1.32416678902877	2.22369845084285	3.11439443223114	0.0776033203178842	0.0917130149211359
"hsa-miR-93-3p"	-1.12685711397082	4.87299154311117	25.6285737531137	4.13865371036529e-07	7.71361981860197e-07
"hsa-miR-93-5p"	-0.0209989784166153	9.97762596800948	0.0111577406258974	0.915875757119625	0.919411956954063
"hsa-miR-935"	-10.0481632266538	5.99034130266899	268.895977485829	1.97482192465853e-60	6.41817125514021e-59
"hsa-miR-937-3p"	-2.42122821092621	2.33458640399093	20.1439227664775	7.18281002998012e-06	1.22461023461956e-05
"hsa-miR-940"	-2.87832986046458	4.24468402118393	65.4854567886135	5.8544403547148e-16	2.07095849282428e-15
"hsa-miR-941"	0.127044026138418	8.2314955382119	0.16795538203929	0.681935353758535	0.706387219032745
"hsa-miR-941-3-5p"	0.13014734668091	5.94389138350396	0.169037257921136	0.680968848076381	0.706387219032745
"hsa-miR-942-5p"	0.398211033299366	4.27387941592832	2.72835288426549	0.09858090631037	0.115715736526845
"hsa-miR-95-3p"	5.79859239136679	3.75753462362113	151.822814730971	6.92709773779828e-35	7.20418164731022e-34
"hsa-miR-98-3p"	-2.98240108565028	4.27322617833247	37.7407061564739	8.08007572687191e-10	1.80327870299287e-09
"hsa-miR-98-5p"	-1.36056029287305	10.9681694655683	23.0585918173018	1.57138719222571e-06	2.82740948082135e-06
"hsa-miR-99a-3p"	-3.81499989571023	3.88104126903284	50.6327440713211	1.1137135587831e-12	3.16465054954762e-12
"hsa-miR-99a-5p"	-2.46144198679498	8.85450871444799	19.6079042517586	9.50750541875844e-06	1.59996854943508e-05
"hsa-miR-99b-3p"	-3.87935839984058	6.00090331629537	148.008510093512	4.72357533192611e-34	4.46592576836651e-33
"hsa-miR-99b-5p"	-3.15615116159588	13.8304312168742	51.753825689336	6.29141167801774e-13	1.82767266623979e-12
