"logFC"	"logCPM"	"LR"	"PValue"	"FDR2"
"hsa-let-7a-3p"	-0.199204581201221	5.27230933712332	0.121500730839472	0.72741249154459	0.758405003715663
"hsa-let-7a-5p"	0.350277218679292	14.7634839107776	1.02642510195327	0.310999789863001	0.373918822494244
"hsa-let-7b-3p"	0.464166681992637	5.00145423957812	1.05067820927816	0.305350940884651	0.369261602930276
"hsa-let-7b-5p"	0.37571618854212	11.1070380121606	0.936519060036151	0.333174661062092	0.39375187216429
"hsa-let-7c-5p"	-0.793664026011558	4.92186728846787	1.75017103215798	0.185855232687401	0.236439684397428
"hsa-let-7d-3p"	-1.4979084892691	7.52033504268763	22.4339213491262	2.17498587121215e-06	8.69994348484861e-06
"hsa-let-7d-5p"	-0.923478689538186	10.4791665255931	9.21912010990206	0.00239500622051227	0.00481315259774447
"hsa-let-7e-3p"	-3.92765060380891	2.61211964606089	31.9307300043235	1.59769481033889e-08	9.63247885653594e-08
"hsa-let-7e-5p"	-4.41562348217794	9.5131851621256	90.9628071057429	1.46398199454484e-21	3.38342505405918e-20
"hsa-let-7f-1-3p"	-1.224043056024	3.89489938360418	8.46443284169182	0.00362158158988187	0.00697489787680952
"hsa-let-7f-2-3p"	-0.147197897169424	4.12942906839018	0.0456789624306904	0.830760443985229	0.851222523886343
"hsa-let-7f-5p"	0.510027678936942	15.32857663984	2.61280064114089	0.106004404278382	0.143174779804568
"hsa-let-7g-3p"	2.16318106699623	5.39540402382127	15.2339381533218	9.49810868985377e-05	0.000256572286686959
"hsa-let-7g-5p"	2.50390865817716	15.177480203383	41.208680365491	1.3681361111989e-10	1.0163296826049e-09
"hsa-let-7i-3p"	1.66352099472738	7.17502862198531	9.32481645649156	0.00226070964274793	0.00456531656011233
"hsa-let-7i-5p"	-0.385198821782214	13.3249645518381	2.14266393044228	0.143252944501052	0.186228827851367
"hsa-miR-1-3p"	-0.442822031264006	2.10124760796846	0.0834757815978833	0.772641253832262	0.801543046369628
"hsa-miR-100-5p"	0.584017396700894	7.28247575304046	0.395758163829004	0.529288089082756	0.585595332602199
"hsa-miR-101-3p"	3.46521390910798	14.200844557042	28.1427368508739	1.12689772401312e-07	5.78752411345012e-07
"hsa-miR-101-5p"	2.68523828855544	5.7302842649131	19.5121376378232	9.99624894240024e-06	3.24878090628008e-05
"hsa-miR-103a-3p"	-0.310472139427058	12.6255676885477	1.15229230976283	0.28306980258567	0.344318824197774
"hsa-miR-106a-5p"	3.52277970587923	4.51905573889466	15.3545324924093	8.91069057333607e-05	0.000243871531480777
"hsa-miR-106b-3p"	2.52593868531032	8.67909234116285	50.3437796468736	1.29038467642049e-12	1.30926835461201e-11
"hsa-miR-106b-5p"	1.60705847183583	8.50264558629049	15.0937566226914	0.000102301074028555	0.000271065266215789
"hsa-miR-107"	-0.895075820711311	4.60087934838869	4.54859976170828	0.0329456786091611	0.0502029388330074
"hsa-miR-10a-5p"	2.48350779898059	11.9487202812428	8.34023914512541	0.00387764932905612	0.0073995510132447
"hsa-miR-10b-5p"	1.44657149121702	5.23617873247049	2.30807687445415	0.128703197890064	0.169432057981857
"hsa-miR-1226-3p"	-2.80612812822228	3.4242157095976	19.7870462425995	8.65673807933563e-06	2.8809624328029e-05
"hsa-miR-1228-3p"	-7.52397704353992	2.95628606117885	96.778413600175	7.75368607693905e-23	2.15035560533776e-21
"hsa-miR-1228-5p"	-5.28891342476171	1.67562776852678	20.7009889976034	5.36882647778374e-06	1.95915071470003e-05
"hsa-miR-1237-3p"	-1.78803308287529	1.96347939162964	4.30729559327228	0.0379492454381475	0.0559818656108842
"hsa-miR-1248"	1.31508269665046	3.61623495489378	4.24434966964622	0.0393811497540563	0.0578888985784008
"hsa-miR-1249-3p"	-4.24324152739326	5.8245474812156	91.7473537926741	9.8479876879519e-22	2.40986051658117e-20
"hsa-miR-1255a"	-0.171000976091174	2.29820071589517	0.0164070579769913	0.898077719191594	0.913448242502942
"hsa-miR-125a-3p"	-1.17953013292598	2.96570954166583	4.7064534013729	0.0300495835852425	0.0461277740644313
"hsa-miR-125a-5p"	-0.269386700487965	12.980420587534	0.342618147188205	0.558321862235311	0.606427923472296
"hsa-miR-125b-2-3p"	0.0378067368897939	2.86573233346096	0.00233415410125559	0.961466727077927	0.966111493875405
"hsa-miR-125b-5p"	2.57616148404595	7.22812299825045	11.2052380720675	0.000815667613166527	0.00177653260249882
"hsa-miR-126-3p"	-0.264921870648641	3.95901227446909	0.213039831238545	0.644395177351222	0.682107872208927
"hsa-miR-126-5p"	0.529974096327895	5.45928966653	0.44574064948787	0.504364623149322	0.561004500615289
"hsa-miR-1260a"	0.562988124505706	5.22303544611448	1.70458032664172	0.191690058029344	0.243119097988436
"hsa-miR-1260b"	-0.369288722672319	3.86452338032753	0.458442933903171	0.498352570486227	0.555803403008768
"hsa-miR-127-3p"	-0.422533684482251	3.4289910507343	0.687136774867755	0.407139980456159	0.463855768823798
"hsa-miR-1271-5p"	1.18682629558491	7.03739972075233	10.9494039826576	0.000936337290142947	0.0020182192367848
"hsa-miR-1273h-3p"	1.58083836057126	4.33642562347755	6.84873919702184	0.00887038489835945	0.0156359327021929
"hsa-miR-128-1-5p"	-0.912431924597411	3.54900633814724	4.34841079135076	0.0370434977817998	0.0552333156889918
"hsa-miR-128-3p"	0.515005669374876	9.56643938672695	3.09070984347386	0.0787404518378013	0.108824013171181
"hsa-miR-1285-3p"	-0.90268308531277	4.13482860431188	0.996872158845312	0.318068539354828	0.381315597612704
"hsa-miR-1287-5p"	5.78032251517021	2.70490356118383	26.3574224414555	2.83726462685307e-07	1.38859068796574e-06
"hsa-miR-1291"	1.83201497906094	2.71801421787138	7.88576062104347	0.00498255189137141	0.00917142295048897
"hsa-miR-1294"	2.21537036903853	2.19168111357945	4.34224524104143	0.0371778654923851	0.0552356858744007
"hsa-miR-1296-5p"	-2.88081634787965	3.30371449946956	29.677614957595	5.10205966155537e-08	2.7564374275416e-07
"hsa-miR-1301-3p"	-3.22531175491781	6.59570275582718	112.674745299192	2.5424024023229e-26	9.61490363060296e-25
"hsa-miR-1303"	-6.27749473844231	2.85682557364899	25.7321663204861	3.92234745851242e-07	1.83336690195637e-06
"hsa-miR-1304-3p"	-1.38729766893145	4.2521683380828	13.1630844288439	0.000285518515553528	0.000678718299830101
"hsa-miR-1306-5p"	-0.433772214239532	3.12272969639822	0.881407619872197	0.347816433376683	0.40761906932825
"hsa-miR-1307-3p"	-1.38339172693689	7.77330107980124	23.8025744988322	1.06739598708665e-06	4.48521950129341e-06
"hsa-miR-1307-5p"	-0.169480944830662	8.81228373489948	0.0693068166093056	0.792348740204743	0.813869323272033
"hsa-miR-130a-3p"	-0.946214456342229	5.04828973551753	4.3267008256205	0.0375189007018814	0.0555439953451341
"hsa-miR-130b-3p"	-0.769317069633431	7.49989977866721	4.4993627663335	0.033907487048471	0.0514799803363647
"hsa-miR-130b-5p"	-0.93313341780701	5.56494793557393	5.44996813364931	0.0195686836500773	0.0311899325610428
"hsa-miR-132-3p"	-1.79848107184091	6.59066077273991	29.5299749213085	5.50585725586227e-08	2.93645720312654e-07
"hsa-miR-132-5p"	-1.31184262076483	4.22876360978877	8.52499871576152	0.0035030099773303	0.00684155939234462
"hsa-miR-133a-3p"	-2.75277051579343	3.81887950287757	6.08210010694248	0.0136558335965988	0.0225429633975598
"hsa-miR-1343-3p"	-3.24627502765567	2.21236456920868	25.4035207491122	4.65068563399885e-07	2.14965024860391e-06
"hsa-miR-139-5p"	-4.12035288211719	2.93072563832237	52.4142336182843	4.49454527717854e-13	4.92034430343756e-12
"hsa-miR-140-3p"	1.44104779037258	12.6595839888569	19.3999008771143	1.0601256208238e-05	3.39240198663617e-05
"hsa-miR-140-5p"	1.02451939185134	6.85727158870034	4.44808979481851	0.0349403091498495	0.0526812875921545
"hsa-miR-141-3p"	4.00168544410419	8.56861133494847	48.7254586371407	2.94419689256443e-12	2.84833931931814e-11
"hsa-miR-142-3p"	3.48199886150783	12.7473239255206	29.0337951239694	7.11265852751241e-08	3.74539993347489e-07
"hsa-miR-142-5p"	3.09838467110834	15.981150625805	30.367185751742	3.57525306271897e-08	2.06570176957096e-07
"hsa-miR-143-3p"	-1.84884157744923	5.5461924041647	13.3249831496513	0.000261893263538868	0.000626135618575683
"hsa-miR-1468-5p"	3.59555505843778	4.89472990280759	56.146640397006	6.72624362433666e-14	7.77254818812236e-13
"hsa-miR-146a-3p"	-2.3248290681959	4.20572502073348	7.99743819775514	0.00468435784295972	0.00866085716742774
"hsa-miR-146a-5p"	-1.6651360738568	13.0694550613252	4.85030115658242	0.027641305801566	0.0432285083212461
"hsa-miR-146b-3p"	-0.577440089388022	9.73623870253204	2.43208766776038	0.118874489169611	0.158088918222225
"hsa-miR-146b-5p"	-1.8118867338974	15.1155457889849	4.79923029274505	0.0284724546362133	0.0441960489875549
"hsa-miR-147b"	-5.71222334962497	5.07577849661552	142.005050534758	9.70011756125386e-33	5.76464129354515e-31
"hsa-miR-148a-3p"	1.40711750567028	11.8230568519597	8.98891371532093	0.00271622418189791	0.0053807107603311
"hsa-miR-148a-5p"	0.232426286126485	5.00111232566814	0.325192407566605	0.568503780605957	0.615879095656453
"hsa-miR-148b-3p"	-0.94076330572108	10.2535474588214	6.91407660083154	0.00855197929769207	0.0152035187514526
"hsa-miR-148b-5p"	-1.31843966724283	6.5640068972996	20.5174100549621	5.90913258104012e-06	2.11208301824123e-05
"hsa-miR-150-3p"	11.3141261838032	7.82860230770272	132.193164689975	1.35746675997813e-30	6.27451302389893e-29
"hsa-miR-150-5p"	11.0749849053501	17.7920579746089	72.4894188272938	1.67929929904519e-17	2.91078545167833e-16
"hsa-miR-151a-3p"	0.0454226890450091	9.39589800938645	0.00578306432176134	0.939382134178655	0.948502349073593
"hsa-miR-151a-5p"	-0.359770070836055	9.98112682336063	0.367422759541228	0.544412447363244	0.599141741013518
"hsa-miR-151b"	2.43724594300238	3.96698901637895	6.80211031154186	0.00910501917541201	0.015914655365426
"hsa-miR-152-3p"	1.01298307900113	6.83747136338853	2.02566890769747	0.154660810157282	0.199191631657676
"hsa-miR-152-5p"	-1.52922110098931	2.54473425760294	2.4311354903397	0.118946710104703	0.158088918222225
"hsa-miR-153-3p"	3.48617434588291	3.84961924403274	12.2862725847471	0.000456302152246097	0.00102606321802366
"hsa-miR-155-5p"	-0.384004341760124	10.6472512036085	0.958264416210397	0.327624544573738	0.389405172979072
"hsa-miR-15a-5p"	1.04106673109951	11.1915196411806	7.07298346577331	0.00782548425593887	0.0140319028037525
"hsa-miR-15b-3p"	1.47384361990613	5.74917843232474	12.3750590658665	0.000435107039460522	0.000983720263128136
"hsa-miR-15b-5p"	1.13687104742581	8.84701780492702	10.6719518633551	0.00108772279945214	0.0022738325857894
"hsa-miR-16-2-3p"	2.32514256863143	7.67165795877388	34.3265217367614	4.65988037497553e-09	2.94952473824918e-08
"hsa-miR-16-5p"	0.957788413205458	13.4876273064546	4.4250432400911	0.0354152158009688	0.0531867500837655
"hsa-miR-17-3p"	1.97835889190888	7.47797864653336	11.7480272461997	0.000609077614389083	0.00134774621056308
"hsa-miR-17-5p"	1.04962527726991	8.23459924105727	5.28332658903792	0.0215305737330501	0.0341859491333926
"hsa-miR-181a-2-3p"	4.62849773368868	9.36184520934138	15.2984131409766	9.17935898159752e-05	0.000249582571002913
"hsa-miR-181a-3p"	-0.169953626004664	8.61481610723841	0.158174298608941	0.690842987939888	0.723906002476054
"hsa-miR-181a-5p"	1.36466015716242	15.0651200700821	6.24898601727682	0.0124264421000667	0.0209251628755154
"hsa-miR-181b-2-3p"	5.34985147648184	2.45423297163457	10.3237893498641	0.00131326375943417	0.00273132579961471
"hsa-miR-181b-3p"	-1.71239029859549	2.60539613363286	7.82093309570549	0.00516445256013646	0.00946437121152761
"hsa-miR-181b-5p"	0.587682123241977	10.7414193129101	1.33182772300904	0.248480324105508	0.308560641277287
"hsa-miR-181c-3p"	-0.709312572472101	6.89370013664907	2.08161323360719	0.149082542247418	0.192603532841385
"hsa-miR-181c-5p"	1.32223351708115	10.9038560047486	6.80637886262053	0.00908327826314923	0.015914655365426
"hsa-miR-181d-5p"	0.088257837210514	6.48630690969482	0.0237530455672541	0.877514936922467	0.894721112156241
"hsa-miR-182-5p"	0.0493290356888139	4.32608475152155	0.0110288606461211	0.9163612223152	0.929771386544203
"hsa-miR-185-3p"	-2.14258184605697	3.98947492110052	21.2175759442318	4.09987551519886e-06	1.53652992281326e-05
"hsa-miR-185-5p"	-1.35212270536036	7.46383129266369	9.01839762900403	0.00267275597535216	0.00531993533849999
"hsa-miR-186-5p"	1.75645471982874	13.8740846264497	33.4741544663724	7.22173002253744e-09	4.41799954319937e-08
"hsa-miR-188-5p"	-2.4292218894283	2.95704367783684	10.3147620658483	0.00131970309067922	0.00273132579961471
"hsa-miR-18a-3p"	0.260339987455275	3.69035497170865	0.209028397991933	0.647530003732956	0.683686501403324
"hsa-miR-18a-5p"	-0.627348959561508	5.12027960850924	1.89208823629337	0.168966577231901	0.216277218856834
"hsa-miR-1908-5p"	-5.84303501989176	2.39568149208086	51.3122509729979	7.87824478105345e-13	8.40346109979034e-12
"hsa-miR-190a-5p"	-2.23924827123358	3.075963615051	16.5179861823313	4.81907618372499e-05	0.000137310663865041
"hsa-miR-190b"	0.760298336273996	3.24050626816915	1.79071506140617	0.18083906409812	0.230763959094534
"hsa-miR-191-3p"	-1.94092554389159	3.89581111646362	15.1639191358262	9.85689804955886e-05	0.000264546425072031
"hsa-miR-191-5p"	-1.61651275915789	14.2608457805819	20.0550099136965	7.52461492204285e-06	2.58697504757837e-05
"hsa-miR-192-5p"	5.23181894075374	12.5823154546095	88.6332769149816	4.75227205135483e-21	1.04049745966506e-19
"hsa-miR-193a-3p"	-5.64077428939175	6.41719565892469	56.3772646012943	5.98180454511671e-14	7.10980197362444e-13
"hsa-miR-193a-5p"	-5.92569395756884	6.72595786532204	138.189554772778	6.62420989925458e-32	3.44458914761238e-30
"hsa-miR-193b-3p"	2.66067906807779	4.39715880614717	12.0526136981558	0.000517198123540108	0.00115674419028325
"hsa-miR-194-5p"	5.00373936458516	7.10216001206223	60.7172370362296	6.58906603222647e-15	8.84210151421359e-14
"hsa-miR-195-5p"	4.66289970436453	3.65840671543006	42.2031060508683	8.22692503086741e-11	6.53308177320849e-10
"hsa-miR-196a-5p"	7.17495923783748	3.8919335678746	18.7115503133466	1.52058620789106e-05	4.72062583942299e-05
"hsa-miR-196b-5p"	1.64943616359076	3.88390519153423	1.51384816103955	0.218552828870819	0.273022712973703
"hsa-miR-197-3p"	-0.209125656193512	10.4697184042561	0.53564009009213	0.464245252460295	0.521962229793197
"hsa-miR-1976"	-0.999542784361565	4.33351347565701	8.08627017709936	0.00446018598520006	0.00835782599028479
"hsa-miR-199a-3p"	-0.138601218033764	6.18451090723518	0.144327362665362	0.704016371755394	0.735856308166442
"hsa-miR-199a-5p"	2.60359592881298	2.88897952621646	15.796390362516	7.05369504366722e-05	0.000196935378400373
"hsa-miR-199b-3p"	-0.216648625432982	5.00931806073168	0.345857270927231	0.556467649158863	0.605996183377192
"hsa-miR-199b-5p"	-0.246124664219328	5.89247524980948	0.246256287396523	0.619723564639532	0.661038468948834
"hsa-miR-19a-3p"	1.40881562615153	8.34988175570403	7.28748722074117	0.00694365287426382	0.0125589547638859
"hsa-miR-19b-3p"	2.11273153241753	10.7869456999026	12.414458313426	0.000426022569428477	0.000968444747990418
"hsa-miR-200a-3p"	1.50174853731662	3.07634493046985	5.26713312507467	0.0217317743398331	0.0343742134044508
"hsa-miR-200b-3p"	0.991888356611942	4.73206865825592	4.72290626459793	0.0297633980746049	0.0458576799964282
"hsa-miR-200c-3p"	0.383817756014555	4.87466736017044	0.848436354745665	0.35699506206229	0.415994245988551
"hsa-miR-203a-3p"	2.28724878828205	2.2511659919527	2.82219702080603	0.0929690702713297	0.127220833002872
"hsa-miR-20a-3p"	1.1806193392701	3.15685577294105	2.64583389529874	0.103821665465465	0.140683429425516
"hsa-miR-20a-5p"	2.02677185804993	9.15173517952025	17.664101644184	2.63553984519196e-05	7.88765881726513e-05
"hsa-miR-20b-5p"	2.8468981135837	4.99477438462678	10.872382184889	0.000976088986851117	0.0020621169898823
"hsa-miR-21-3p"	-2.3225602532868	10.9984912607066	37.3319517062559	9.9638716184725e-10	7.02537388692298e-09
"hsa-miR-21-5p"	-2.31704809891994	16.0336209035679	30.4107987170482	3.49576701322686e-08	2.04822405282025e-07
"hsa-miR-210-3p"	-3.85976714311485	7.28931888950035	67.1668053565048	2.49479571135498e-16	3.8438333923099e-15
"hsa-miR-210-5p"	-4.76600253899462	4.13372117440138	51.2140801947643	8.28224348236419e-13	8.61353322165876e-12
"hsa-miR-2110"	0.148947470177122	3.71504448901214	0.0787774795712028	0.778961019120603	0.804088793930945
"hsa-miR-2110-3p"	1.10520603535782	5.13445835006812	4.97459574396413	0.0257222142944156	0.0403790231942523
"hsa-miR-2116-3p"	-4.96375880365665	2.79701685871617	43.0828264685734	5.24708133177433e-11	4.36557166803625e-10
"hsa-miR-212-3p"	-1.87026245018117	3.82321949502783	20.3288023738598	6.52115200825137e-06	2.27966322305258e-05
"hsa-miR-212-5p"	-2.31090918659728	4.2660689340217	22.44229235289	2.165527380333e-06	8.69994348484861e-06
"hsa-miR-215-5p"	1.81736491746071	4.71165312635119	13.4256470384016	0.000248207392200704	0.000596845521130017
"hsa-miR-218-5p"	-2.20680522072634	1.94451364168623	8.06423933793506	0.00451474249004939	0.00842212051955401
"hsa-miR-22-3p"	-1.98623678534745	15.2407473528405	25.2453108692317	5.04821537672124e-07	2.2826713007783e-06
"hsa-miR-22-5p"	-0.895277595354849	6.31834966036519	6.27057491279255	0.0122759305509399	0.0207592971918333
"hsa-miR-221-3p"	0.422324611532103	11.3240568848143	0.939910268483004	0.332300919374115	0.39375187216429
"hsa-miR-221-5p"	-0.653717618522543	7.42610841102682	1.99996824276995	0.157302502755606	0.201968645513371
"hsa-miR-222-3p"	-0.709769688057545	10.2230756104869	2.43886882488731	0.118361551199881	0.158088918222225
"hsa-miR-222-5p"	-0.35397202760604	2.8893194531351	0.284741533161629	0.593610155500736	0.636448001773986
"hsa-miR-223-3p"	-2.75926649728212	9.33805248731549	14.9039987537147	0.000113122944870546	0.000295969465824825
"hsa-miR-223-5p"	-3.42076767992323	3.67461478010758	65.2917234782289	6.4592051939351e-16	9.59653343098929e-15
"hsa-miR-2277-5p"	-0.482424081181791	4.07050734778554	1.19812068610125	0.273697616357884	0.335864921548318
"hsa-miR-2355-5p"	-0.525146813615996	4.1169280273168	0.794574026438985	0.372720614031832	0.430699376214562
"hsa-miR-23a-3p"	-0.221518047371713	11.4888488381178	0.345998964282813	0.556386804881019	0.605996183377192
"hsa-miR-23a-5p"	-0.533880433401524	5.05467915225991	1.6700667538838	0.196249593569568	0.248145382750578
"hsa-miR-23b-3p"	1.79752541863772	7.59925631600821	25.2475360612224	5.04239452618971e-07	2.2826713007783e-06
"hsa-miR-23c"	5.65591583693842	2.75099067271616	3.68003348174161	0.0550677442924229	0.0781849202240544
"hsa-miR-24-2-5p"	-2.02564053446455	6.81588769307509	23.8095725034532	1.06352236303801e-06	4.48521950129341e-06
"hsa-miR-24-3p"	-0.909904681063407	9.98047140703806	6.57630493535422	0.010334520754723	0.0177651265866313
"hsa-miR-2467-5p"	-2.39269857025779	3.44795532721726	23.3921643714998	1.32115591362088e-06	5.49600860066286e-06
"hsa-miR-25-3p"	2.00936520954359	12.0504252772856	46.3807799700587	9.73659124307332e-12	8.80526512417065e-11
"hsa-miR-25-5p"	1.44745009519277	4.61816939748949	18.3571358894287	1.83131803268802e-05	5.61947299068026e-05
"hsa-miR-26a-2-3p"	1.42394669965603	4.47773260399434	4.7545222786374	0.0292214031434567	0.0451899766084684
"hsa-miR-26a-5p"	1.86445886884411	16.0707088078907	24.3215435232137	8.15221819770509e-07	3.60112590481502e-06
"hsa-miR-26b-3p"	1.14250453622653	7.34112541329455	4.23313578372583	0.0396421358163023	0.0580673538717668
"hsa-miR-26b-5p"	1.50359538506252	13.5000295432973	19.9446874704754	7.97151414248692e-06	2.69605681567037e-05
"hsa-miR-27a-3p"	0.154999064156211	12.806180905386	0.191376396335997	0.661773515329323	0.696956411081009
"hsa-miR-27a-5p"	0.844139257190669	6.28317668732139	3.93602023321492	0.0472624641705642	0.0682680038019261
"hsa-miR-27b-3p"	1.7793866146591	11.5953804987513	14.1201423333861	0.000171497515860628	0.000422147731349238
"hsa-miR-27b-5p"	2.23090459959859	3.17901974566079	9.58760767829367	0.00195895019646433	0.00401440040260671
"hsa-miR-28-3p"	0.906163965895666	13.0586788576112	6.01780515341881	0.0141622489450319	0.0232865437198944
"hsa-miR-28-5p"	0.896230922498385	10.3516496313536	5.78604407401291	0.0161539003519667	0.0261479476514326
"hsa-miR-296-5p"	4.57749028577683	3.61167187694597	26.7743887145863	2.28647678864234e-07	1.13235040961335e-06
"hsa-miR-29a-3p"	2.54391906776675	14.3940257989908	42.1803069956151	8.32339745144351e-11	6.53308177320849e-10
"hsa-miR-29a-5p"	1.70317637513918	5.66927604520001	10.8890527349298	0.000967342876090209	0.0020621169898823
"hsa-miR-29b-1-5p"	1.22590977839815	3.53545781800963	4.40410904834942	0.0358524477750271	0.0536497060230621
"hsa-miR-29b-2-5p"	0.0207048152681448	3.10769232041631	0.000801535799201503	0.977413782314055	0.979768996247342
"hsa-miR-29b-3p"	3.33044049583048	10.1985874783169	40.3402632779023	2.13366138429807e-10	1.53035023425517e-09
"hsa-miR-29c-3p"	3.3928400142039	12.4221064146142	56.5448359253128	5.49314583077035e-14	6.72102548706019e-13
"hsa-miR-29c-5p"	1.48991672468842	6.52360680895713	10.9350806481734	0.000943603775924204	0.00202339778754881
"hsa-miR-301a-3p"	-0.29140994945643	6.54120214930566	0.252545669431116	0.615288269993705	0.657994653772189
"hsa-miR-301b-3p"	-2.63328531822892	4.41464572251357	12.9511748442123	0.000319720786976888	0.000747212625743739
"hsa-miR-30a-3p"	-4.07802662879191	1.95679309021504	29.9977087274375	4.32557123620229e-08	2.39925017901354e-07
"hsa-miR-30a-5p"	-5.89321973253772	6.71485900742695	175.608972102478	4.40782264983172e-40	4.58413555582499e-38
"hsa-miR-30b-5p"	1.37893711980188	11.5348015081278	8.22311958407479	0.00413600394386422	0.00785651890706628
"hsa-miR-30c-1-3p"	-1.0259200171929	3.86842908815337	4.66106669354404	0.0308540176071701	0.0471884975168484
"hsa-miR-30c-5p"	0.00536885599447838	11.8309041700591	0.000310503400392292	0.985941118599948	0.985941118599948
"hsa-miR-30d-3p"	1.5612473956916	5.47525054364817	6.99866244327481	0.00815706427604543	0.0145636855743987
"hsa-miR-30d-5p"	0.261160586117353	13.0545376421592	0.755743152912935	0.384663983958754	0.440827044977525
"hsa-miR-30e-3p"	0.962832980190679	8.50419191397505	6.51336476271081	0.0107066728533011	0.0181794934978501
"hsa-miR-30e-5p"	0.458710173915722	13.3676748284679	1.1779355829101	0.277776670873155	0.338871246578394
"hsa-miR-31-3p"	7.38271337305004	4.03119371999964	34.4342975968927	4.40885323703202e-09	2.9112427723894e-08
"hsa-miR-31-5p"	7.94853740703725	8.78557067395821	72.0269769027021	2.12275447375887e-17	3.53226344433477e-16
"hsa-miR-3158-3p"	-0.594113856531084	2.89600695577034	1.24092700351696	0.265292472415393	0.327317256900534
"hsa-miR-3168"	-1.44680797916311	2.94350417914176	6.86873789584689	0.00877165788879322	0.0155277007733531
"hsa-miR-3174"	-4.93040901403434	1.9410624729647	18.351093226754	1.83713540079932e-05	5.61947299068026e-05
"hsa-miR-3176"	-1.93307587466975	3.25247635685825	11.8654467918123	0.000571850495507327	0.00127213800070079
"hsa-miR-3194-5p"	6.76148488454453	3.48051875808843	47.5382149042995	5.39420723149642e-12	4.98664490733891e-11
"hsa-miR-32-3p"	0.510932128317786	3.37868948058798	0.774337125548556	0.378878663004608	0.436602559030241
"hsa-miR-32-5p"	3.89835101862432	7.66581978816617	14.0470680260484	0.000178291582425672	0.000436289989935763
"hsa-miR-3200-3p"	-1.96638283751798	1.993782315791	3.45404474801587	0.0630971846551385	0.0877873873462797
"hsa-miR-3202"	3.71548126936063	2.91677548087168	17.0729174239131	3.59716362322234e-05	0.000105460987723516
"hsa-miR-320a"	0.348654560994397	10.2836735258779	0.980430485109096	0.322092549433431	0.384466744454878
"hsa-miR-320b"	2.72327813587572	4.47202375700196	21.946651017514	2.80335670151435e-06	1.08990316619623e-05
"hsa-miR-320d"	1.7951522219359	3.81023969261977	6.72724887416586	0.00949509372227329	0.0164581624519404
"hsa-miR-324-3p"	-1.18124466604777	5.39017249936235	12.4287392008989	0.000422777218198451	0.000966347927310746
"hsa-miR-324-5p"	-0.650502464109475	4.96683593549665	2.93648540020932	0.0865989725469044	0.119288650925537
"hsa-miR-326"	-4.28063833835788	7.46343542551278	176.595538670565	2.68405140928849e-40	3.72188462088004e-38
"hsa-miR-328-3p"	-0.26229545613906	6.70428908778893	0.552363319921149	0.457353647611121	0.515607364244516
"hsa-miR-330-3p"	1.67705771349782	5.94324749414357	17.0714890380011	3.59987025402385e-05	0.000105460987723516
"hsa-miR-330-5p"	0.432249654171749	5.70868485032697	0.881292187336552	0.347848003873867	0.40761906932825
"hsa-miR-331-3p"	-0.777539827662015	8.21653167093497	3.59488019587826	0.0579578059822938	0.0814542138129535
"hsa-miR-331-5p"	0.979351507944708	3.55183143717217	3.61704238934086	0.0571904591607349	0.080648240714799
"hsa-miR-335-3p"	4.44112555758866	5.48508202589466	31.451951893232	2.04436995763182e-08	1.21493986053548e-07
"hsa-miR-335-5p"	2.88688066975633	6.58510116057619	14.0212784106244	0.000180753553837231	0.000439727943837942
"hsa-miR-338-3p"	-0.614266860553213	7.86845101065829	0.397613891228367	0.52832412265523	0.585595332602199
"hsa-miR-338-5p"	-3.64567735137146	4.94532571635864	16.7711130335437	4.21704080086436e-05	0.000121825623136082
"hsa-miR-339-3p"	2.29966981642743	9.3702158498699	21.3609408931888	3.80443409399216e-06	1.4654116510192e-05
"hsa-miR-339-5p"	0.254259961004615	7.51698363925099	0.304217376980127	0.581250504486772	0.62642541416191
"hsa-miR-33a-3p"	0.807839271822725	4.5110669903055	1.18868768220607	0.275594426227247	0.337197886207455
"hsa-miR-33a-5p"	2.92190439375494	4.6480095702882	16.7894480261372	4.17648982640304e-05	0.000121497885858997
"hsa-miR-33b-3p"	-0.0360037448404925	3.00403624725494	0.00430894288888162	0.947662421130459	0.954546167530923
"hsa-miR-33b-5p"	3.44185075023209	4.54083124623842	18.2994335316175	1.88763290431125e-05	5.73179042476992e-05
"hsa-miR-340-3p"	-3.3834868022942	5.27816182010037	54.9221673725401	1.25398658648049e-13	1.40988762155644e-12
"hsa-miR-340-5p"	-2.15931180365906	9.82429036335112	22.2892544797631	2.34515250973249e-06	9.29127089570207e-06
"hsa-miR-342-3p"	2.10847124533903	13.4144568540598	15.9110659463398	6.63894188779763e-05	0.000186608096305663
"hsa-miR-342-5p"	2.72062789854752	8.43072031483159	26.9338598808564	2.10537955055635e-07	1.05522637714631e-06
"hsa-miR-345-5p"	-2.34740649489288	7.96354141412874	20.6798911028678	5.42830971210955e-06	1.9636320349892e-05
"hsa-miR-34a-3p"	-5.85992061354519	2.81136530954069	75.2098687424571	4.2324627501332e-18	7.65523697415396e-17
"hsa-miR-34a-5p"	-4.96917396999085	7.72480012229427	100.299196937027	1.31029904659085e-23	3.89346002415567e-22
"hsa-miR-34c-5p"	-1.91837986100817	2.43769995532179	5.91192892294312	0.0150386960740735	0.0244378811203694
"hsa-miR-3605-3p"	-0.618557197815618	3.63458998954342	2.15193570071103	0.142390269608401	0.185687624316912
"hsa-miR-3605-5p"	-2.38246499517132	2.52223699559915	15.6987425469072	7.42735314367138e-05	0.00020598526051782
"hsa-miR-3607-3p"	3.44495133487522	9.19275370908362	17.0848685024777	3.57459767684357e-05	0.000105460987723516
"hsa-miR-3607-5p"	3.79793890331211	2.89622033798452	8.50206399041125	0.00354743850616409	0.00689595522693581
"hsa-miR-3609"	3.58641022844768	3.50825248192942	22.2076010725383	2.44703113195704e-06	9.60344293296348e-06
"hsa-miR-361-3p"	2.52171994101079	11.4979123473935	24.246329445882	8.47684746903117e-07	3.67330056991351e-06
"hsa-miR-361-5p"	-0.132281986402664	8.32775666386872	0.163695210234003	0.685776964117186	0.720412164325125
"hsa-miR-3613-3p"	-0.919949941689353	3.45816492277909	2.8459473185618	0.0916045875976613	0.125767354589528
"hsa-miR-3613-5p"	1.37781549784207	4.41844537887838	6.24213277511977	0.0124746163296342	0.0209251628755154
"hsa-miR-3614-5p"	-3.41203413930257	2.03850763881778	19.6939021057072	9.08909341478848e-06	2.97721485082835e-05
"hsa-miR-3615"	0.883387108088296	5.26777283042237	4.44751813387618	0.0349520081140256	0.0526812875921545
"hsa-miR-362-3p"	1.07023656170607	3.94770311501197	3.96809578705586	0.0463701824722251	0.06721252929772
"hsa-miR-362-5p"	-2.28317521203304	4.18831447895522	43.8618594160793	3.523894149357e-11	3.0540415961094e-10
"hsa-miR-3620-3p"	-2.79445215395538	2.00674829525477	14.2414963194669	0.000160785661266211	0.000400519970579304
"hsa-miR-363-3p"	3.42412473517212	9.57276170523864	19.4943478010709	1.00897797877313e-05	3.25375844317537e-05
"hsa-miR-3651"	1.39523347495676	3.36025938934093	3.9000185722331	0.0482855738932186	0.0695044939085776
"hsa-miR-3653-3p"	1.51978874774324	3.77627370050518	2.37912015006883	0.122966786670127	0.162911411639404
"hsa-miR-3653-5p"	3.24983622531542	3.39315507265084	19.3688725506575	1.07749087451627e-05	3.42165041067762e-05
"hsa-miR-365a-3p"	-4.83896175493965	5.21006625312925	82.2891679908291	1.17564649402771e-19	2.32889972150251e-18
"hsa-miR-365b-3p"	-4.80517219633955	5.21337763944291	83.772476267753	5.55123207444145e-20	1.15465627148382e-18
"hsa-miR-365b-5p"	-6.71472632337961	2.38626844539134	37.264306325506	1.03155460020472e-09	7.15211189475271e-09
"hsa-miR-3677-3p"	-1.52522086822912	2.31403541965326	6.13382296027126	0.0132619803426051	0.0219800152291781
"hsa-miR-3690"	-6.71266922678139	5.2608471101255	62.8377417843124	2.24456242556132e-15	3.21978610011554e-14
"hsa-miR-371b-5p"	-4.67437925947015	3.09656324160219	57.5614178171787	3.27588759292881e-14	4.12960375351025e-13
"hsa-miR-374a-3p"	1.06232938065948	7.45332320189574	2.58271592617772	0.108036151249512	0.145446727895784
"hsa-miR-374a-5p"	1.23908808065246	7.43969399582541	8.1074198001459	0.00440844319418356	0.00829824601258083
"hsa-miR-374b-3p"	-0.661581588769022	3.71961112685807	1.23754213204469	0.265945271231684	0.327317256900534
"hsa-miR-374b-5p"	0.113899405498737	7.13122760093966	0.070597139183219	0.79046932245782	0.813869323272033
"hsa-miR-378a-3p"	-4.61958288451837	12.8990710120098	197.311747485916	8.06284245029441e-45	2.60180901015389e-42
"hsa-miR-378a-5p"	-4.48159343712368	5.38480447690158	115.239886821587	6.97308603843111e-27	2.90080379198734e-25
"hsa-miR-378c"	1.05024546487899	3.52235066350776	2.54628026033704	0.110554264914166	0.14835669098159
"hsa-miR-378d"	1.17467179861316	3.12387231810407	3.57062462809887	0.0588101856477031	0.0823738627254023
"hsa-miR-3909"	-3.94325909023871	5.0300117928688	101.436865002473	7.37778643475115e-24	2.55763263071373e-22
"hsa-miR-3912-3p"	3.39745439303639	4.61441303392186	25.9348866943359	3.53129255656178e-07	1.68852609601115e-06
"hsa-miR-3922-3p"	-1.92970505887247	2.80373342050576	8.3901655442428	0.00377256548978019	0.00723219927994727
"hsa-miR-3928-3p"	-1.48820290034669	2.28797234219867	3.62162342994451	0.057033194205813	0.080648240714799
"hsa-miR-421"	-2.31999771947593	7.25725617325619	34.8852014589343	3.49728949807196e-09	2.34656843741603e-08
"hsa-miR-423-3p"	-0.0264060715763459	11.9762037936805	0.00677021026456259	0.934423034408835	0.94579071122646
"hsa-miR-423-5p"	0.787372733859559	11.8756633120522	4.84125573753519	0.027786654159673	0.0432930641588912
"hsa-miR-424-3p"	-1.78354877636808	3.00455150945408	8.60435573366641	0.00335359979940901	0.00658064866299127
"hsa-miR-424-5p"	-4.61972891569233	6.64489787041914	42.0117927959116	9.07246258642472e-11	6.98915636287534e-10
"hsa-miR-425-3p"	-1.44745333188872	5.88882429928346	20.9557642719586	4.70011474669535e-06	1.73030772975687e-05
"hsa-miR-425-5p"	-0.313158309239956	9.12260073005408	0.805847628880063	0.369350755247219	0.427994189924354
"hsa-miR-429"	0.785752382869167	2.39193189419688	0.601799363626816	0.437892309749432	0.495008697977618
"hsa-miR-4326"	-3.57960182248542	3.48444198658856	14.7968192442871	0.000119737291558307	0.000311316958051598
"hsa-miR-4433b-5p"	4.33761763145204	1.80483022769387	5.95073051489624	0.0147111884749118	0.0239994290414247
"hsa-miR-4443"	7.0040616366998	3.69929773333658	42.2065949439419	8.21226112176997e-11	6.53308177320849e-10
"hsa-miR-450a-5p"	-1.51622987572572	3.59880883392334	5.67603853035208	0.017198156184977	0.027730360360273
"hsa-miR-450b-5p"	-2.48970981966714	3.74398695734163	9.33319439691679	0.00225039718295982	0.00456531656011233
"hsa-miR-451a"	2.3334719121193	4.82775479558505	10.8715430103712	0.000976531362997147	0.0020621169898823
"hsa-miR-4521"	-2.38006413353966	2.70426358178242	14.7255720623759	0.000124348242171557	0.00031931400458869
"hsa-miR-454-3p"	1.10373943506461	7.09870909337304	5.6258304382621	0.0176976789987	0.0284256156890316
"hsa-miR-454-5p"	0.391880629794386	3.96967612181842	0.856931565175634	0.354598798244599	0.414362640645374
"hsa-miR-455-5p"	5.19806374086346	2.29491017199414	13.8024787265527	0.000203068141124023	0.000491141550625543
"hsa-miR-4645-3p"	0.443916848806988	3.02226596473367	0.978597048777351	0.322545417823924	0.384466744454878
"hsa-miR-4662a-5p"	-0.471680567406866	3.28115037884449	0.614057196089368	0.43326428088401	0.491111555443456
"hsa-miR-4677-3p"	-1.91993168984262	4.85006566920433	30.0230700341074	4.26936613480279e-08	2.39925017901354e-07
"hsa-miR-4707-3p"	-3.40698435113414	1.87054333200827	14.3926315192622	0.000148381795566736	0.000374101981550073
"hsa-miR-4772-3p"	6.99512489958634	3.70936194525198	20.3810849218142	6.34538972905741e-06	2.23701875193888e-05
"hsa-miR-4772-5p"	9.39225964072501	5.93935485284486	29.9657377754045	4.39748198385771e-08	2.40704277011159e-07
"hsa-miR-4775"	-4.04417681209462	2.32695619672731	34.3496957047508	4.60472354578917e-09	2.94952473824918e-08
"hsa-miR-4787-3p"	-1.73303368760609	2.97301820554812	8.17345039269866	0.00425079685388465	0.00803787041461824
"hsa-miR-4802-3p"	-5.24556808608093	1.66330469920257	20.1445019273651	7.180635456863e-06	2.48928695837917e-05
"hsa-miR-484"	0.148920971536892	10.3253465979742	0.235097901589636	0.62776930687274	0.66790800935821
"hsa-miR-486-3p"	2.17868981600279	3.33621506931799	12.6578659082659	0.000373988865598597	0.000869158480944225
"hsa-miR-486-5p"	2.16244493884051	8.57028819462293	14.7535662166968	0.000122515580370854	0.000316561996486181
"hsa-miR-497-5p"	2.06022820759521	2.7294269138479	6.14964027732697	0.0131438833105685	0.0218714218287861
"hsa-miR-499a-5p"	1.92699087395928	2.77234417266247	8.05573998618759	0.00453597124540559	0.00842394659861039
"hsa-miR-500a-3p"	-3.07938471474105	9.36377282489079	80.8675049628682	2.4137023480423e-19	4.5640917126618e-18
"hsa-miR-500a-5p"	-2.03346482902832	2.6221454394073	14.5044925893974	0.000139825681014414	0.000354679776231683
"hsa-miR-500b-3p"	-2.91662274192018	2.25919589212677	22.6061496254451	1.98847106833324e-06	8.12599527325251e-06
"hsa-miR-500b-5p"	-2.09477385724389	2.60607543958298	15.6010378243031	7.82116495067062e-05	0.000215470504601257
"hsa-miR-501-3p"	-3.5357000667133	8.75385056535899	145.722580963085	1.49275807598769e-33	1.0349789326848e-31
"hsa-miR-501-5p"	-3.2390630179794	3.32842474498358	40.8314442290971	1.65941429332515e-10	1.21108130881274e-09
"hsa-miR-5010-3p"	-5.18254732921493	3.27233561136627	100.675210898748	1.08373451780576e-23	3.46795045697845e-22
"hsa-miR-502-3p"	-1.66690575339376	4.93199118886668	24.3047211948063	8.22372502301507e-07	3.60112590481502e-06
"hsa-miR-502-5p"	-2.27669841973331	2.32108085427496	14.2277079870555	0.00016196800990043	0.00040106364356297
"hsa-miR-505-3p"	-0.300490908702189	6.44243696111325	0.392878731356667	0.530790086564983	0.585699405864809
"hsa-miR-511-3p"	-11.1001352957739	6.07621306742503	168.768953394692	1.37418415432835e-38	1.14332121640119e-36
"hsa-miR-511-5p"	-10.0491070578538	6.05129371740198	196.437826432059	1.25086971642014e-44	2.60180901015389e-42
"hsa-miR-514a-3p"	5.30919357360017	2.35513496008169	12.4458654500098	0.000418918128189467	0.000962817355396785
"hsa-miR-532-3p"	-2.40357940803237	5.94817166065325	60.9423297564755	5.87714691415134e-15	8.14964372095652e-14
"hsa-miR-532-5p"	-1.47539433456141	9.47445235313826	17.9631489448201	2.25223179746302e-05	6.78933643293199e-05
"hsa-miR-542-3p"	-2.09856792497752	2.05417845752495	7.58016429866309	0.0059014061112392	0.0107674778169978
"hsa-miR-548au-5p"	0.935230596920143	3.55620304884156	2.30099612348263	0.129291058553413	0.16966902321205
"hsa-miR-548e-3p"	-0.142465140126398	6.57510328316943	0.0798225657203648	0.777538008282762	0.804088793930945
"hsa-miR-548e-5p"	-0.262250735435775	4.16657619988381	0.504314128330926	0.477610640280253	0.53410222138867
"hsa-miR-548j-3p"	2.87823962931405	2.89817222559777	5.96417849542944	0.0145994010058914	0.0239108299939008
"hsa-miR-548j-5p"	0.982629625726251	2.96609103979818	1.03980051924442	0.307867870389099	0.371226185744537
"hsa-miR-548k"	-1.29785393269491	6.34546394418124	11.1224344784378	0.000852897661235355	0.0018479449326766
"hsa-miR-548o-3p"	-0.346001398806959	4.43045756153494	1.11079106735121	0.291910052696661	0.354036681987787
"hsa-miR-548w"	2.58266238823919	3.79037919648017	27.4922545006984	1.57724905091422e-07	8.00165372171117e-07
"hsa-miR-550a-3p"	-0.688071476950899	3.55699638151465	1.26353281088139	0.260983435545053	0.323122348770066
"hsa-miR-5690"	1.3191301807598	3.87030012874554	5.52353747874512	0.0187622811317655	0.0300196498108247
"hsa-miR-5696-3p"	4.06961150851911	3.16789056601419	36.7421948491045	1.34829349424681e-09	9.19491956732252e-09
"hsa-miR-574-3p"	-5.53609499624941	6.3200774839545	58.7313011615925	1.80743115313694e-14	2.34966049907802e-13
"hsa-miR-576-5p"	1.53076275268963	6.24052413807407	16.355440405776	5.25052244815252e-05	0.000148586213498738
"hsa-miR-577"	2.31237824245145	2.25038874963974	3.84466664934888	0.0499044408887704	0.0715870600335465
"hsa-miR-580-3p"	2.02736641958076	2.83105250390359	7.33848052985625	0.00674938663968069	0.0122608945070182
"hsa-miR-582-3p"	-0.991110812924085	3.26332266723658	0.909607876735391	0.340218481961724	0.400937361178689
"hsa-miR-582-5p"	-0.864033568578398	3.4975152251122	0.764612884237037	0.381888776478347	0.438855610538652
"hsa-miR-584-5p"	0.645526490914652	2.33437349477723	0.34918931048785	0.554572400839967	0.605996183377192
"hsa-miR-589-3p"	-0.256000006892042	4.85694679941851	0.361259486116187	0.547807579910738	0.601287475574847
"hsa-miR-589-5p"	0.371351835396404	8.12060399816411	0.304474616115272	0.58109074177318	0.62642541416191
"hsa-miR-590-3p"	1.54132342926023	6.66907676284377	6.78150789400137	0.00921070470253657	0.0160320215742896
"hsa-miR-590-5p"	1.34209324751919	2.86075769211441	2.36611230162107	0.123995505140412	0.163752794090195
"hsa-miR-598-3p"	2.51731293034727	5.52497553121167	20.5073620781189	5.94023348880346e-06	2.11208301824123e-05
"hsa-miR-616-5p"	-0.409641992867029	4.54705525312188	1.50956329418266	0.219205735897155	0.273022712973703
"hsa-miR-618"	-4.6982085703751	2.54835415087096	41.2137527690907	1.3645903106844e-10	1.0163296826049e-09
"hsa-miR-625-3p"	2.20019323971756	6.11580163240023	19.8432628254885	8.4058468436191e-06	2.82002603785931e-05
"hsa-miR-625-5p"	1.06487852426442	4.93912625023636	8.48313845212964	0.0035845317732077	0.00693565217513675
"hsa-miR-627-3p"	2.00380249824581	2.84002224609296	9.46395401896276	0.00209548887500803	0.00427315378433011
"hsa-miR-627-5p"	1.64244662781075	2.85683251113182	7.07342085238259	0.00782357422157465	0.0140319028037525
"hsa-miR-628-3p"	-0.622656514868726	3.65809924431729	3.52319689294472	0.0605156151671175	0.0844781741930231
"hsa-miR-628-5p"	-0.688896539157483	4.21107321977661	2.7913228586422	0.0947759592228479	0.129268193562966
"hsa-miR-629-3p"	0.950088930491329	3.61708711785779	1.64168322465218	0.200094679382427	0.252240565524515
"hsa-miR-629-5p"	-0.688332691153628	5.34480841975697	1.54796267571888	0.213436457287491	0.267438452504808
"hsa-miR-641"	0.470292916973145	3.75705487127127	0.817208192282786	0.365997691262275	0.425293406606443
"hsa-miR-642a-3p"	3.88153629076049	3.017029295841	25.0688827895337	5.53183733594878e-07	2.47445627070397e-06
"hsa-miR-642a-5p"	7.29302909873711	3.95298477235175	45.7263625961669	1.35980349687941e-11	1.20357075468475e-10
"hsa-miR-6503-3p"	-2.4734788918743	3.68214344415926	4.1623797376279	0.0413312955284554	0.0603291892625876
"hsa-miR-6503-5p"	-2.65551818078691	2.02667085394311	9.77371161507798	0.00177024725381157	0.00364565771081986
"hsa-miR-651-5p"	2.38625649678195	3.39763769651331	15.1347993760874	0.00010010099737014	0.00026693599298704
"hsa-miR-6511b-3p"	-0.382536925793534	2.777058539437	0.287922651283246	0.591554829742392	0.635883227836783
"hsa-miR-6516-3p"	0.706125377860569	3.47062129067902	1.5702148879314	0.210175809520485	0.264148449427558
"hsa-miR-652-3p"	-0.91804543137583	7.73667707610732	6.5587819742949	0.0104367779912394	0.0178670767257432
"hsa-miR-652-5p"	-0.340063798840014	4.00520154742094	0.749272753962456	0.386706578881383	0.441950375864437
"hsa-miR-653-5p"	-4.79394783502067	1.76685361723655	26.3061550944595	2.91358637214731e-07	1.409362710248e-06
"hsa-miR-659-5p"	2.65425565936472	3.72747337329171	19.7441421017311	8.85326377050426e-06	2.92298232422998e-05
"hsa-miR-660-3p"	-1.83999757953298	2.80023491537175	6.5466299244339	0.0105083013942897	0.0179157925410842
"hsa-miR-660-5p"	-1.57860945118981	8.84416642883108	15.0330789496461	0.000105643152928416	0.000278149060874816
"hsa-miR-664a-3p"	1.3273923800802	7.07638386846176	12.4633559018251	0.000415013647281407	0.000959142651494808
"hsa-miR-664a-5p"	2.31712775629939	4.18465113202386	25.8607674308659	3.66952013100499e-07	1.73468224374781e-06
"hsa-miR-664b-3p"	2.32454508603871	3.81590168376758	14.5851944099889	0.000133962947318194	0.000341893166161771
"hsa-miR-671-3p"	-0.564100834014328	5.84880651333966	2.24873870193486	0.133723359021184	0.174933702367335
"hsa-miR-671-5p"	0.240439472914033	4.42638206693756	0.506471061196068	0.476670510087348	0.53410222138867
"hsa-miR-6731-3p"	6.60663809255135	3.36033112701281	43.5041203409355	4.23067657925091e-11	3.59175807544567e-10
"hsa-miR-6769b-3p"	1.05882459549105	3.76225019146432	2.76357837319516	0.0964323208995535	0.131097534294818
"hsa-miR-6803-3p"	2.58387971182971	4.07158478419033	21.30828450314	3.91037904972949e-06	1.48233899962279e-05
"hsa-miR-6810-3p"	-4.90361914368728	2.05448058172828	34.3183304688256	4.67953444049149e-09	2.94952473824918e-08
"hsa-miR-6842-3p"	0.188366355722511	4.71924545371284	0.231663845869805	0.630292846965265	0.668882204942731
"hsa-miR-7-1-3p"	3.11429767543174	6.68577381678064	48.9583088946079	2.61461306902601e-12	2.58971199217814e-11
"hsa-miR-7-5p"	2.88885333028239	6.44539562486056	6.61840252942063	0.0100930323423087	0.0174219977361013
"hsa-miR-708-5p"	-1.39404532980125	2.47583197440317	2.08222668046012	0.149022649832521	0.192603532841385
"hsa-miR-744-3p"	-2.1426983596866	2.51528316919971	19.3104732181204	1.11095303111751e-05	3.50118531018853e-05
"hsa-miR-744-5p"	-1.95084142401663	7.32820968137294	30.135927225908	4.02799489985903e-08	2.29540531279638e-07
"hsa-miR-766-3p"	2.08122422086897	7.02092647419658	34.2193058178869	4.92380525145707e-09	3.05716863374051e-08
"hsa-miR-769-5p"	1.41419232063621	9.33304418134635	16.6934984787071	4.39312975422479e-05	0.00012603737777638
"hsa-miR-7705"	-1.20855416209564	2.99121139721905	6.22687025033136	0.0125825935769733	0.0210215217992808
"hsa-miR-7706"	-1.31500374066598	5.04441232978156	10.7214208742252	0.00105902317855149	0.00222501839534051
"hsa-miR-7976"	-1.21867763039727	3.39280001733748	8.80688318151636	0.00300096238984605	0.00591658935628415
"hsa-miR-7977"	0.174330367686048	2.37374169478296	0.0332723944032747	0.855263159053941	0.874175612202554
"hsa-miR-873-3p"	8.14078288524275	4.76113206566938	9.17595316936016	0.00245215624601334	0.00490431249202667
"hsa-miR-873-5p"	10.4808886661648	7.00942726293235	11.33011906719	0.000762600114595726	0.00166969288248327
"hsa-miR-874-3p"	3.43271421681283	7.54181060872375	24.1881219660684	8.73694701455576e-07	3.74697933820123e-06
"hsa-miR-874-5p"	3.45211539848446	4.28022464572568	21.3037467723732	3.91964639323333e-06	1.48233899962279e-05
"hsa-miR-876-5p"	7.65568180100663	4.32421905687863	4.13104742784772	0.0421032832668618	0.0612411392972535
"hsa-miR-877-5p"	-1.34809343151717	5.09190695196323	11.4408256776317	0.000718478576279046	0.00158141316260361
"hsa-miR-9-3p"	0.521158356466801	2.66228965881887	0.684317756422383	0.408103873532476	0.463855768823798
"hsa-miR-9-5p"	-0.220412073759987	5.20009570992643	0.0875868469693462	0.767267692474749	0.797958400173739
"hsa-miR-92a-1-5p"	2.45167307680663	3.67169145360908	13.1363464182423	0.000289622071308693	0.00068456125945691
"hsa-miR-92a-3p"	2.09990815757225	16.1150354185785	28.3773697205188	9.98254353282332e-08	5.19092263706812e-07
"hsa-miR-92b-3p"	1.19450670520903	8.93953310927382	5.23809967056344	0.0220973989813618	0.0348201438494186
"hsa-miR-93-3p"	-1.15374234068661	4.50825493724615	14.3297634789247	0.000153419943067417	0.000384474074193045
"hsa-miR-93-5p"	0.67291315855704	9.71838761499748	3.23293201228101	0.0721713667296491	0.10007762853178
"hsa-miR-940"	-2.23687688112248	3.21787752409537	22.6023268485915	1.99243153334557e-06	8.12599527325251e-06
"hsa-miR-941"	-2.20684946948516	9.09744668462536	21.0791315106304	4.40701532131968e-06	1.6368914050616e-05
"hsa-miR-941-3-5p"	-2.20110653639043	6.7961388612772	19.956333568159	7.92310628599026e-06	2.69605681567037e-05
"hsa-miR-942-5p"	0.730263634635012	4.19196420125516	3.74542518190667	0.0529522537174451	0.0754388272138943
"hsa-miR-95-3p"	7.54112253776229	4.18081276758844	68.274679645139	1.4223568618499e-16	2.27577097895984e-15
"hsa-miR-98-3p"	-2.64775432938511	3.40826478025925	19.2545026390111	1.14400254196372e-05	3.5782335147136e-05
"hsa-miR-98-5p"	-1.51748872965474	10.5728805318103	12.9729814068421	0.000316018390012684	0.00074273248726145
"hsa-miR-99a-5p"	1.84204274157635	6.71712151079898	3.83672820692645	0.0501412748393341	0.0716796231380171
"hsa-miR-99b-3p"	-3.05799809656726	4.51660812579132	47.7708815510635	4.79054525803231e-12	4.52924278941237e-11
"hsa-miR-99b-5p"	-3.64438887662048	13.3395620684152	96.2244878421612	1.02568385915623e-22	2.66677803380619e-21
