"logFC"	"logCPM"	"LR"	"PValue"	"FDR2"
"hsa-let-7a-2-3p"	7.44065948745719	4.17237648630405	24.0359593706091	9.45532307526808e-07	3.84611261933837e-06
"hsa-let-7a-3p"	1.30724598581096	6.52448787337962	3.69368970203747	0.054618666242746	0.0944047873396984
"hsa-let-7a-5p"	1.55760856949781	15.7072991137233	7.8079863756399	0.00520158324529537	0.0115330185889541
"hsa-let-7b-3p"	2.9092371705845	7.19330488237298	30.0257966377863	4.26336723168205e-08	2.02322953714034e-07
"hsa-let-7b-5p"	2.08119727042307	12.5991438642469	12.2060400793038	0.000476350376901188	0.0013930029940732
"hsa-let-7c-5p"	4.31250074361212	9.48195804421124	16.6301998534767	4.54219921006381e-05	0.000148929077129971
"hsa-let-7d-3p"	-1.13378690130791	7.57768780119096	7.6886893895647	0.00555679660009276	0.012170959354859
"hsa-let-7d-5p"	-0.902154570947621	10.3104241791514	5.26811020092782	0.0217195793468498	0.0415204679386774
"hsa-let-7e-3p"	0.232820502319125	4.13972284813524	0.11043623331396	0.739648035983405	0.805456409946405
"hsa-let-7e-5p"	0.541762896060156	11.6356677911784	1.22820937885392	0.267755554063728	0.355910945327953
"hsa-let-7f-1-3p"	0.000932657879849792	4.64238587322948	2.83937613332341e-06	0.99865552936929	0.99865552936929
"hsa-let-7f-2-3p"	0.36207369602895	4.5728178781272	0.110321996865633	0.739777844384146	0.805456409946405
"hsa-let-7f-5p"	0.0355009977304245	14.8607028567306	0.00755974756475553	0.930713792311903	0.944505632572413
"hsa-let-7g-3p"	-0.757024015843556	3.2603181907506	1.06562966864202	0.30193469085687	0.396472494547492
"hsa-let-7g-5p"	-0.74612329357015	12.3234937372732	3.43409478890909	0.0638635734720589	0.1079693539012
"hsa-let-7i-3p"	0.205617551995224	6.02677608987106	0.169693581003809	0.68038427559319	0.762086735188231
"hsa-let-7i-5p"	0.866222927275921	14.2783868181197	4.10041055322074	0.0428728016638652	0.0757979924841538
"hsa-miR-100-3p"	11.6980685621114	8.29371037055301	65.0868785410362	7.16676972489545e-16	9.94159595171394e-15
"hsa-miR-100-5p"	11.308234922885	17.7964613575864	94.9573031763224	1.94536228566757e-22	9.56764542314686e-21
"hsa-miR-101-3p"	-0.744446865154782	10.4929586166297	2.6817756114262	0.101502495752818	0.155560482159419
"hsa-miR-101-5p"	-2.35197230457946	2.47805383144984	8.64608341976333	0.00327765174095647	0.00764314479248902
"hsa-miR-103a-3p"	-0.992162484454839	12.0453503993719	7.35061124362294	0.0067039959318179	0.0146244427383608
"hsa-miR-106b-3p"	1.02177022739495	7.35294771074651	2.72975204007892	0.0984945758590712	0.152244472970736
"hsa-miR-106b-5p"	0.112678675578705	7.29160630383034	0.0343420458809636	0.852981134122437	0.888142396082776
"hsa-miR-107"	2.06397152308934	6.79414939579953	5.43780074684924	0.0197054658009895	0.0380737749940546
"hsa-miR-10a-3p"	7.16589136839681	3.92467684056958	13.5003438600387	0.000238519742395098	0.000720889277294683
"hsa-miR-10a-5p"	4.82532698752185	14.3940826868781	10.5582851040043	0.00115668457681215	0.00303770075755036
"hsa-miR-10b-5p"	8.0387992473666	11.5093464910297	9.76271186287896	0.00178087022205975	0.00435950583771187
"hsa-miR-1180-3p"	3.83690603036526	4.66306845978699	29.035391739294	7.10679889147598e-08	3.31107751282629e-07
"hsa-miR-1185-1-3p"	8.85270457464684	5.49577586899525	42.8791295907349	5.8228555681818e-11	4.09112319790435e-10
"hsa-miR-1185-2-3p"	5.97518262335358	2.93024464325294	21.8496772643484	2.9486619109351e-06	1.11554272294817e-05
"hsa-miR-1185-5p"	8.31865896625565	4.98565336004939	51.6205304926887	6.73337742848492e-13	5.78215426795292e-12
"hsa-miR-1197"	7.43484020119983	4.16681812341791	25.6571066241966	4.0779095592817e-07	1.69703774736261e-06
"hsa-miR-122-5p"	0.379060628025122	2.33450179123597	0.0899856891081452	0.764195349743083	0.821013400831124
"hsa-miR-1226-3p"	-1.37277627399277	3.70402660312035	5.02727113085211	0.0249511822233802	0.0473634722205217
"hsa-miR-1228-3p"	-2.37778396012888	3.26914395943242	14.72023421911	0.000124700809048176	0.000389960333497475
"hsa-miR-1228-5p"	-2.80169477245631	1.76009151139831	2.92701380140373	0.0871084786727546	0.137392673358485
"hsa-miR-1233-3p"	4.5377737171221	1.973951328724	7.73340299695066	0.00542084868122063	0.0119701189246545
"hsa-miR-1237-3p"	-1.58635621126239	1.8075508836595	3.42246895385946	0.0643147589742847	0.108393409984698
"hsa-miR-1247-5p"	3.72330724130455	1.5930489684172	2.0313350405389	0.154085203394087	0.221702380415428
"hsa-miR-1249-3p"	-2.80481448823771	5.78454444805865	14.7038585814089	0.000125788718761799	0.000391101706035249
"hsa-miR-1257"	4.90354638840243	2.15694001885157	4.78550096384831	0.0287002981914454	0.0535409011088687
"hsa-miR-125a-3p"	1.61413481809837	4.77856458181802	7.84280770639864	0.00510232970228468	0.0113595076910947
"hsa-miR-125a-5p"	0.0768677739430371	13.1017141129009	0.0243070769594169	0.876106114451608	0.908860620571936
"hsa-miR-125b-1-3p"	14.2131773183831	10.8023905097847	140.822437713985	1.75941891054302e-32	1.58640938433962e-30
"hsa-miR-125b-2-3p"	4.51812062269359	6.65767699588416	30.1653549708943	3.96733601288521e-08	1.89940600262911e-07
"hsa-miR-125b-5p"	9.98443108652734	14.5950133642474	83.6353703139055	5.94989383384042e-20	1.76351893898103e-18
"hsa-miR-126-3p"	2.30021449571447	6.00925711542232	3.7049896355133	0.0542500084131235	0.0940681235624995
"hsa-miR-126-5p"	2.95885231499635	7.64291063920837	6.15536938698646	0.0131013751826891	0.0272609383609031
"hsa-miR-1260a"	-0.23033783102075	4.44495983530916	0.153431094291042	0.695277810783991	0.775557310585854
"hsa-miR-1260b"	-0.443084010092105	3.64070471939067	0.490904673826256	0.483524027514081	0.583898435011424
"hsa-miR-1262"	2.2177632019986	2.57226776536893	4.45740245368805	0.0347503024627752	0.0626663787745379
"hsa-miR-1269b"	3.8454531503297	1.63317502244129	3.23468974985739	0.072093957328107	0.11607985391222
"hsa-miR-127-3p"	11.309674066675	14.2979609652858	148.927168573714	2.97481928067237e-34	3.21875446168751e-32
"hsa-miR-127-5p"	9.88783578344143	6.50219232415118	79.1432944145629	5.77644899572199e-19	1.20194573334061e-17
"hsa-miR-1271-5p"	1.6628720459231	7.46055980484007	3.2204021866625	0.0727257594375389	0.116749661292904
"hsa-miR-1273h-3p"	-5.92718612623565	1.76130940917572	31.2640853152844	2.25207564349149e-08	1.107611748299e-07
"hsa-miR-1277-5p"	4.72929155670124	2.09989652497823	3.65672432118283	0.0558433224942735	0.0962141320681591
"hsa-miR-128-1-5p"	0.183548479109993	4.08967439899862	0.103003292434915	0.748254905484776	0.810464523347703
"hsa-miR-128-3p"	0.49885731116929	9.47627784672829	1.06173111086869	0.302820690572477	0.396673107989612
"hsa-miR-1285-3p"	-0.212682772602253	4.50113353040325	0.0393439265087636	0.842768859934084	0.881891592310134
"hsa-miR-1293-3p"	6.20447165309813	3.1135413101513	13.8887311518073	0.000193957906861158	0.000592831794417437
"hsa-miR-1296-5p"	1.29732237127364	5.58811602536714	4.75718164921533	0.0291762846407431	0.0540560616117877
"hsa-miR-1301-3p"	-2.59121595804996	6.52710155488806	23.8611968743108	1.03537881391005e-06	4.12542393673745e-06
"hsa-miR-1303"	-3.18832946130867	2.98221700279633	10.5331241178201	0.00117253835392217	0.00304972716092257
"hsa-miR-1304-3p"	1.58614278999298	6.26757405179426	4.1957560636343	0.040525278655233	0.072118999185793
"hsa-miR-1306-3p"	1.95826602320178	1.95671637912719	2.01730587812169	0.15551485098274	0.222575487782176
"hsa-miR-1306-5p"	-0.0937838386523785	3.26408125056755	0.0124393105512688	0.911194763401669	0.928354740113565
"hsa-miR-1307-3p"	-0.996358924686557	7.88534764274005	5.30221139080542	0.0212983678388845	0.0408596347547395
"hsa-miR-1307-5p"	0.626126519829721	9.43297964071726	1.55459986824033	0.21245765840965	0.294716905640053
"hsa-miR-130a-3p"	5.25896830706352	10.4560526242323	56.0289340853041	7.14122860980975e-14	6.5481435218764e-13
"hsa-miR-130b-3p"	1.34767794591351	9.07117332111329	5.82128998118078	0.0158333285712523	0.03196205506361
"hsa-miR-130b-5p"	1.86159957983466	7.72838503877875	9.00379640875703	0.00269419360399844	0.00639280149018928
"hsa-miR-132-3p"	-0.739211204706661	7.02735807756128	2.64189290869014	0.104079468502235	0.158165709156487
"hsa-miR-132-5p"	-0.428912226955149	4.55824185573068	0.748457772068114	0.38696494894067	0.489275012145133
"hsa-miR-133a-3p"	-2.92272489696012	3.35890852865164	10.8808436379757	0.000971639785223358	0.00258944395963466
"hsa-miR-134-3p"	4.99846492843364	2.2487751359605	8.23184287883808	0.00411617120209658	0.00935650680812711
"hsa-miR-134-5p"	10.5863188357337	7.19053949958181	105.497191500003	9.50325059468901e-25	5.71250952414084e-23
"hsa-miR-1343-3p"	0.639443702695128	3.69512985357545	0.462479398572015	0.496467497014669	0.598193576581149
"hsa-miR-135b-5p"	5.22775540140915	2.40010481538679	6.47374579289936	0.010947954425594	0.0235033466041523
"hsa-miR-136-3p"	13.0019851411114	9.59297451231889	83.8012252922839	5.47108907348221e-20	1.74109364044345e-18
"hsa-miR-136-5p"	11.1891791956887	7.78810877390341	57.6923984226139	3.06484958946046e-14	3.18862236134252e-13
"hsa-miR-137"	4.80330262817204	5.5174082692899	21.4616972250071	3.60967293127714e-06	1.3194817944736e-05
"hsa-miR-138-1-3p"	6.12221368500932	3.04565806428048	10.9675208547535	0.000927227247991903	0.00249567134907273
"hsa-miR-138-5p"	8.28125038530432	9.34560084486401	19.6559194703908	9.27156423347175e-06	3.21533092968475e-05
"hsa-miR-139-5p"	-2.95041997119908	2.91933141078184	8.3144974322242	0.00393298847100951	0.00897783444226221
"hsa-miR-140-3p"	-1.02900544349581	10.6018509382348	5.68418416269864	0.0171184969058287	0.0339414071733639
"hsa-miR-140-5p"	-0.67207138419937	5.57139409823319	1.29492631880106	0.255142073809624	0.340819412175325
"hsa-miR-141-3p"	2.74338770192433	7.41483557048346	1.10946544697826	0.292198178007068	0.384620959371834
"hsa-miR-141-5p"	4.97524642843585	4.86005112346385	0.974919971258961	0.323456209835331	0.419381767813128
"hsa-miR-142-3p"	-0.789612521641037	9.10004011185413	0.0846285613306001	0.77112024080333	0.822832446300989
"hsa-miR-142-5p"	-2.39681760959892	11.7136794201351	1.35509592296611	0.24438921250336	0.328891950159994
"hsa-miR-143-3p"	8.4161467377334	14.6291134213659	42.3484634051669	7.63763175444209e-11	5.23032756854832e-10
"hsa-miR-143-5p"	8.79891161178423	5.4444320403514	41.0252759477363	1.50273167074109e-10	9.56444510436386e-10
"hsa-miR-145-3p"	8.215722008875	7.09064830782208	27.8040463874606	1.34245046739766e-07	5.90459921026124e-07
"hsa-miR-145-5p"	8.33179225887186	9.01147709122102	20.8798889088146	4.89001823892336e-06	1.74046043898522e-05
"hsa-miR-1468-5p"	1.79775617623249	3.40639214920776	3.9212202707198	0.0476802592248339	0.0832097427117262
"hsa-miR-146a-3p"	-2.37573521278535	3.75612473883022	3.25772686440374	0.0710876066553173	0.114801179703065
"hsa-miR-146a-5p"	-3.55982587185653	11.933582134966	17.3670428032047	3.08122770654984e-05	0.000102897789459473
"hsa-miR-146b-3p"	-5.55603126249961	7.83849333036631	50.121366147569	1.44524737586297e-12	1.22168567240917e-11
"hsa-miR-146b-5p"	-5.7557493380371	13.7494096739558	29.0207434193555	7.16074064696259e-08	3.31107751282629e-07
"hsa-miR-147b"	-4.60833250223338	4.75785201916421	36.7975233152917	1.31056635311163e-09	7.30944739209683e-09
"hsa-miR-148a-3p"	1.82202165055235	12.2387174543355	2.53921284951534	0.111050136216945	0.1678159879703
"hsa-miR-148a-5p"	2.2805390273386	6.76288096388712	2.65649019044427	0.103128069166032	0.157161367376967
"hsa-miR-148b-3p"	-0.174570559818059	10.6417457998811	0.188305237008834	0.664330912917548	0.752715746309448
"hsa-miR-148b-5p"	-0.426578645435383	7.02158000833183	1.02622812274519	0.311046222533986	0.404509630747323
"hsa-miR-149-5p"	6.64693454589428	8.31592549233487	27.1104942309517	1.92152006906288e-07	8.31633885890413e-07
"hsa-miR-150-5p"	-4.66508473121108	5.18095631857013	16.3611609497041	5.23469836317781e-05	0.000170600711715614
"hsa-miR-151a-3p"	3.22581834906579	12.2488904264949	38.8110775145627	4.66870862098306e-10	2.74540365646938e-09
"hsa-miR-151a-5p"	2.86962609363674	12.7737236988927	25.569230301638	4.26791202854602e-07	1.7625499293461e-06
"hsa-miR-151b"	2.05448875595525	3.66748335785289	9.60356368272509	0.00194200116274331	0.00469027959394701
"hsa-miR-152-3p"	2.74439456459856	8.45164918354001	22.1787301440663	2.48410608787945e-06	9.53121555704099e-06
"hsa-miR-152-5p"	3.52319874962738	6.06104648291451	21.9392350421716	2.81421049717143e-06	1.07217456265475e-05
"hsa-miR-154-3p"	5.27013632434624	2.41259053783772	19.0148216098525	1.29707018022217e-05	4.41330168239117e-05
"hsa-miR-154-5p"	7.55809050359434	4.27741314574868	44.130344458645	3.07221266116929e-11	2.34093950660927e-10
"hsa-miR-155-5p"	-0.708072210295853	10.3243710025621	0.972600433794387	0.324032493430476	0.419381767813128
"hsa-miR-15a-3p"	4.15508762880882	1.77964932830813	4.99719428643323	0.0253884429099395	0.0480249916583121
"hsa-miR-15a-5p"	-1.720714571576	9.16873443797118	11.6786814776825	0.000632203200729791	0.00179069074133412
"hsa-miR-15b-3p"	1.30404421470937	5.60264517371697	4.71532605918526	0.0298948957445132	0.0550106755026587
"hsa-miR-15b-5p"	0.238775021737392	8.04425771023331	0.255848494535204	0.612986749236073	0.70758988216217
"hsa-miR-16-1-3p"	1.67645682340273	2.23452590575001	0.961529864877367	0.32680173020335	0.421956410596689
"hsa-miR-16-2-3p"	0.784539596064022	6.24876295831011	2.10519467960776	0.146799658871012	0.21364584647062
"hsa-miR-16-5p"	-1.08594212537052	11.9447426821172	3.64152928715674	0.0563551472645205	0.0967877291114462
"hsa-miR-17-3p"	1.54344687858485	6.92664715774397	3.47569824260682	0.0622764342880935	0.10561614717824
"hsa-miR-17-5p"	0.738938981643339	8.00686099126366	0.745253018525595	0.387983327560558	0.489275012145133
"hsa-miR-181a-2-3p"	3.40447598424797	8.25534312652325	13.4778994544559	0.000241389884777044	0.00072551070924656
"hsa-miR-181a-3p"	1.03285783806603	9.59097326554454	2.8246537402157	0.0928269099189856	0.144724375406833
"hsa-miR-181a-5p"	0.264337284707628	14.1962440503589	0.173729372221572	0.676818443812444	0.759665514735544
"hsa-miR-181b-3p"	1.41289015640803	4.5111015122275	3.36180833384191	0.0667247607788744	0.110278518162486
"hsa-miR-181b-5p"	1.41509176538886	11.5088915235242	4.05715630790247	0.0439845104899795	0.0772585070619445
"hsa-miR-181c-3p"	-1.15471907290619	6.3988484443839	6.65544914675913	0.0098853050733306	0.0213918001786874
"hsa-miR-181c-5p"	-1.56488568571276	8.62054711157136	12.0301404161209	0.00052347132733272	0.00151442774378076
"hsa-miR-181d-5p"	-0.746802297789659	5.6534542183592	1.79932591204967	0.179794010192256	0.253964907347285
"hsa-miR-182-5p"	5.94443922333734	9.56887811118403	5.99947949358467	0.0143100997043054	0.0292142035472801
"hsa-miR-183-3p"	5.0905241387493	2.31994388287621	2.69069997509715	0.100935464820424	0.155130927465481
"hsa-miR-183-5p"	6.34920148604924	7.6748047789028	4.8087461751557	0.0283156402119415	0.053006094652804
"hsa-miR-184"	5.01438744391858	4.16762634022973	1.39504115099605	0.23755561129622	0.321293964278137
"hsa-miR-185-3p"	-1.64780140446355	3.98479841135624	12.1462236917158	0.000491873578726386	0.00143066454887621
"hsa-miR-185-5p"	-1.87791585032247	7.04370987216186	9.8514131329994	0.00169701350972254	0.00425039031833285
"hsa-miR-186-5p"	0.0592911039043322	12.3847800050233	0.0154963585362395	0.900931774535408	0.919630358535199
"hsa-miR-187-3p"	-0.33722463322299	1.62622110047165	0.0434435108598095	0.834892398810706	0.87704230632348
"hsa-miR-188-3p"	-0.369376850710744	2.23176603323827	0.140198813828887	0.708083444411759	0.781781925360738
"hsa-miR-188-5p"	0.363548937793836	4.33465968132271	0.324080427141446	0.56916571490691	0.666490588235148
"hsa-miR-18a-3p"	1.44574837219731	4.57896089140194	2.29670362221986	0.129648888338938	0.192164516688672
"hsa-miR-18a-5p"	0.60479931485786	6.07069001788843	0.335153334582728	0.562640259075976	0.661713869913267
"hsa-miR-1908-5p"	-2.45394243466906	2.52835826649925	15.9392987364746	6.54065029942327e-05	0.000206929345730292
"hsa-miR-190a-5p"	2.01339458747916	5.6809211677816	4.51733177866492	0.0335531204788868	0.0611186470676019
"hsa-miR-190b"	-0.726721816389081	2.38237250888756	0.451298428094024	0.501718995678204	0.602832624173728
"hsa-miR-191-3p"	-0.863264986928662	4.24219982915754	2.0496837018199	0.152237814681236	0.220215662413232
"hsa-miR-191-5p"	-1.3765122909563	14.1418454322682	11.2666352195207	0.000789126357178111	0.00215614827895635
"hsa-miR-1910-5p"	6.55056811429502	3.39536810927838	21.4208760497176	3.68734452276749e-06	1.33882777638739e-05
"hsa-miR-192-5p"	1.4485567888151	8.86166224752941	5.45472892306783	0.019515431770159	0.0378417512102366
"hsa-miR-193a-3p"	1.40821530218638	9.6002480908241	1.55978558120688	0.211696618062272	0.294416119207428
"hsa-miR-193a-5p"	-0.174015842089744	8.24929770770271	0.0590022846449685	0.808079876155522	0.853850025390893
"hsa-miR-193b-3p"	6.73222886250047	8.38947344772433	62.9563108195732	2.11342814485512e-15	2.78869421065029e-14
"hsa-miR-193b-5p"	6.41323435646816	3.28392764352401	36.4728342379612	1.54808871538403e-09	8.54608158186492e-09
"hsa-miR-194-5p"	1.47974729642443	3.9301054913585	2.47350918871448	0.115779175055481	0.173029098632639
"hsa-miR-195-5p"	6.39443271585046	5.31467816626495	32.1180553421731	1.45082695949082e-08	7.20089344114251e-08
"hsa-miR-196a-5p"	5.60503874827758	2.68544565933257	3.51537602581196	0.0608018581312954	0.103765947157826
"hsa-miR-196b-5p"	1.84670082395052	3.86055582486142	0.425601696469753	0.514155058702697	0.615393554774688
"hsa-miR-197-3p"	-1.80267872189373	9.32428535790814	17.0448637699765	3.650698535676e-05	0.000120428530963458
"hsa-miR-1976"	-6.9358732095754	2.95031889496252	86.9739373618865	1.09960719502581e-20	3.96591661672641e-19
"hsa-miR-199a-3p"	7.29546989206718	13.1669082282519	74.2533028359693	6.87097659755289e-18	1.19042021344594e-16
"hsa-miR-199a-5p"	11.3689273757023	11.2011042634041	87.2189266662106	9.71496634906601e-21	3.75414056774622e-19
"hsa-miR-199b-3p"	7.27631736165992	11.9821465742792	67.622035699133	1.98041776031041e-16	2.81948949559982e-15
"hsa-miR-199b-5p"	4.90228903306761	10.6154492561404	13.6844890151605	0.000216233094498876	0.000657202832156697
"hsa-miR-19a-3p"	0.0588798592953479	7.26773418076129	0.00624430218516103	0.937016001519914	0.947524592191165
"hsa-miR-19a-5p"	4.69539798412576	2.06747033197951	5.62980880263199	0.017657557316038	0.0348640091531991
"hsa-miR-19b-3p"	-0.313267360158435	8.76400227790588	0.195856404923619	0.658086432709945	0.74952581072859
"hsa-miR-200a-3p"	3.18094638411229	4.60610312352943	0.951480383060115	0.329342764611303	0.424224846796941
"hsa-miR-200a-5p"	4.55873929128597	2.00010142810986	2.08186471510264	0.149057986164591	0.216194022828535
"hsa-miR-200b-3p"	4.54163938700779	8.04236331419941	1.98016844765928	0.159372662289462	0.22689634289105
"hsa-miR-200b-5p"	1.96872589091017	1.8784135637667	0.419411052453171	0.517231063996843	0.616348030005049
"hsa-miR-200c-3p"	2.55609428732472	6.69516033903694	0.682344295543203	0.408780641434892	0.511922053278418
"hsa-miR-200c-5p"	3.63674545404907	1.56175031792568	1.44227682467113	0.22977125582686	0.313113978343403
"hsa-miR-203a-3p"	5.01362988940154	4.17023203912772	1.46223335690115	0.226575104381471	0.309810834884726
"hsa-miR-204-5p"	10.3738180616501	9.23686300990529	30.5592574851906	3.23823012673182e-08	1.57827252122695e-07
"hsa-miR-205-3p"	5.17293949603601	2.37303532786793	1.54625478315675	0.213689189063602	0.295667138832248
"hsa-miR-205-5p"	11.3239092232434	11.185665130037	3.33091176600359	0.0679891744272465	0.111244004542698
"hsa-miR-20a-3p"	0.355127147603498	2.72011202436395	0.0882760517061012	0.76638034643201	0.821013400831124
"hsa-miR-20a-5p"	0.632060373795826	7.96042449612743	0.59079149911282	0.442113214041488	0.54733008877905
"hsa-miR-20b-5p"	-1.55188714083155	2.11686828235414	0.563859084299532	0.452709524321813	0.55285745521016
"hsa-miR-21-3p"	-0.0362371728827445	12.3104832891151	0.00384826914064718	0.95053542237568	0.955835805771827
"hsa-miR-21-5p"	-1.02878591148944	16.6271528200468	3.94464008130376	0.0470209113454006	0.0823246376629829
"hsa-miR-210-3p"	-0.252390440858385	8.90230122176616	0.130822458346035	0.717580805551276	0.789047186591952
"hsa-miR-210-5p"	-0.349537733143631	5.64069741608257	0.283396756144446	0.594483456287003	0.690162124144354
"hsa-miR-2110"	-1.53033107703385	2.62018970572526	4.08733141586793	0.0432058065391686	0.0761379196667434
"hsa-miR-2110-3p"	-0.471703786210268	3.80990920813063	0.747622803724299	0.387229910411365	0.489275012145133
"hsa-miR-2114-5p"	4.27094828004995	1.80326210713311	2.60322421940844	0.106646554613146	0.16161284606642
"hsa-miR-2116-3p"	-1.12401023071134	3.40511246309911	2.98349660981848	0.0841173679038443	0.133062853906374
"hsa-miR-212-3p"	-0.324630833909429	4.46533019203937	0.317142459716059	0.573330003833377	0.669916915926257
"hsa-miR-212-5p"	-0.652983780184624	4.82735370572731	0.868039601774388	0.351498602009444	0.449552585548721
"hsa-miR-214-3p"	11.2236779113722	7.82254378725531	83.5560423680663	6.19350459161545e-20	1.76351893898103e-18
"hsa-miR-214-5p"	10.0957322910612	6.70765769097195	78.8150680392732	6.82048569671066e-19	1.36662324515573e-17
"hsa-miR-215-5p"	0.555008212169426	3.58323412290447	0.629769734583094	0.427439789332896	0.530378270708937
"hsa-miR-218-1-3p"	9.36453826211247	5.991555121574	41.9392121167562	9.41554116600381e-11	6.36725971351008e-10
"hsa-miR-218-5p"	5.04163792951796	7.02501856319097	30.3314193944126	3.6417879289391e-08	1.75911363353219e-07
"hsa-miR-22-3p"	0.192864225405467	16.6067188806953	0.137495995151767	0.710783131413096	0.783164305691415
"hsa-miR-22-5p"	0.381131224332135	7.15586372628887	0.678644479320474	0.410053883888278	0.512330603195285
"hsa-miR-221-3p"	2.76355955585181	13.2997997407218	18.7579921977687	1.48400123849801e-05	5.01777918767141e-05
"hsa-miR-221-5p"	2.63790135308776	10.0308002297663	10.5399067031961	0.00116824316931802	0.00304972716092257
"hsa-miR-222-3p"	3.45934458261913	13.6744348897527	20.9720979245242	4.66021238965967e-06	1.66965225351383e-05
"hsa-miR-222-5p"	3.71413694170587	6.11288687716532	24.4477018633223	7.63545361531644e-07	3.12937909536833e-06
"hsa-miR-223-3p"	-8.10222008632103	8.31771025450985	41.228469462141	1.35435476662805e-10	8.72268962792589e-10
"hsa-miR-223-5p"	-8.11467073252302	3.10292735032986	92.7113981575038	6.05041102241391e-22	2.72772696927161e-20
"hsa-miR-224-3p"	6.78124369466083	3.59143194073704	23.2980780429063	1.38738573114195e-06	5.39982503991219e-06
"hsa-miR-224-5p"	11.3112694321839	10.1657830777285	58.4308106240381	2.10567419095671e-14	2.2336661515835e-13
"hsa-miR-2277-5p"	-0.973077777021483	3.65233444021051	3.56266374371113	0.0590928395987631	0.101168437414338
"hsa-miR-2355-3p"	0.559694686716091	2.18282292104811	0.175045086777693	0.675666456832284	0.759665514735544
"hsa-miR-2355-5p"	0.258273183567463	4.46200124631693	0.147429174421514	0.70100433743218	0.778733771151559
"hsa-miR-23a-3p"	-0.395352992779461	11.1734034961109	0.878592273966201	0.348587534259647	0.446885914773624
"hsa-miR-23a-5p"	0.214186227284857	5.40395736134352	0.110172405113627	0.739947940375902	0.805456409946405
"hsa-miR-23b-3p"	4.42034359051202	10.1362204682355	43.7283846384468	3.77260279646146e-11	2.83469182345229e-10
"hsa-miR-23b-5p"	3.03354463667327	2.51648024026246	5.25908482396211	0.0218324962479185	0.041589367852549
"hsa-miR-24-1-5p"	5.2603998120293	2.41888319446849	12.9578103591649	0.000318589579149833	0.000947016276483844
"hsa-miR-24-2-5p"	-0.261869226553838	7.68019385985316	0.243937870860258	0.621376332071164	0.713725256158174
"hsa-miR-24-3p"	-0.721895211282313	9.94180882953717	2.47364329310634	0.115769299531211	0.173029098632639
"hsa-miR-2467-5p"	-1.61735228860662	3.58879991133753	11.9867772325001	0.00053579369001728	0.00153367400158385
"hsa-miR-25-3p"	0.431732906246622	10.6368188139684	0.540300222258963	0.462308331251502	0.562042263386658
"hsa-miR-25-5p"	1.24367369488547	4.47610578762973	3.10322465966163	0.0781373790557135	0.123965753868449
"hsa-miR-2682-3p"	4.13319467455614	3.26836857408879	28.1330068556144	1.13257730493854e-07	5.02233050796515e-07
"hsa-miR-2682-5p"	4.55017935615013	4.40719134399594	26.8403535967374	2.2097458881141e-07	9.4878771862677e-07
"hsa-miR-26a-2-3p"	1.74584860845804	4.82864184218124	11.3965641165641	0.000735800697964569	0.0020413752697376
"hsa-miR-26a-5p"	-0.206077597134597	14.3219697363106	0.24696653408256	0.6192191800095	0.712760800819446
"hsa-miR-26b-3p"	-1.3039305376085	5.54628372492236	3.18014051739213	0.0745383195172018	0.11895348335931
"hsa-miR-26b-5p"	-1.46078496465324	11.1896236055656	8.69464699971629	0.00319145918944685	0.00747436979000324
"hsa-miR-27a-3p"	-0.400998288308547	12.3699576512002	0.564753781577338	0.45235118773983	0.55285745521016
"hsa-miR-27a-5p"	1.07725263135598	6.39444746961351	3.36667400434032	0.0665279387465045	0.110278518162486
"hsa-miR-27b-3p"	4.57148068511605	14.4006130399523	36.0155202618905	1.95752124986025e-09	1.0590189961744e-08
"hsa-miR-27b-5p"	6.13388850385555	6.84357195972338	43.1417696593458	5.09136182582884e-11	3.62424572075448e-10
"hsa-miR-28-3p"	-0.396479388415889	11.8849796741821	0.745777964194303	0.387816253331536	0.489275012145133
"hsa-miR-28-5p"	-0.974663639180955	8.93831964033901	2.84383912514637	0.091724821477291	0.143419446298308
"hsa-miR-296-3p"	6.19266141860252	5.20219872140391	13.3627938531211	0.000256665660576794	0.000767160897083123
"hsa-miR-296-5p"	6.06485563625188	5.06946632873042	16.3121250080826	5.37191240542277e-05	0.000173943357835238
"hsa-miR-299-3p"	9.1748782483936	5.80680141065924	56.864106169371	4.6699215945594e-14	4.59350469573934e-13
"hsa-miR-299-5p"	8.20328337711562	4.87781631696362	38.3299039197558	5.97401333559862e-10	3.47520560705253e-09
"hsa-miR-29a-3p"	1.62659391264762	13.4606524718694	10.9164906434673	0.000953119917800224	0.00255266275014813
"hsa-miR-29a-5p"	1.86045721087503	5.89227807128212	7.71429048235985	0.00547853877253968	0.0120483312030243
"hsa-miR-29b-1-5p"	2.38624653936975	4.37422984128228	6.33401428626831	0.0118443925191882	0.0249331375598476
"hsa-miR-29b-2-5p"	-2.33486916111176	2.08833008210355	5.57855771870041	0.0181816900479354	0.0355100877831517
"hsa-miR-29b-3p"	2.214581780696	9.1049905241512	8.5930361082884	0.00337450929072216	0.00783523401837206
"hsa-miR-29c-3p"	-1.58481698281942	8.25133089766677	11.6127465914234	0.000655013504793198	0.00184563701090167
"hsa-miR-29c-5p"	-1.84301329551271	4.1639895876459	6.37304480699012	0.0115866624762693	0.0246786787388256
"hsa-miR-301a-3p"	1.74298341154588	8.33906535948707	2.38092197362337	0.122825038665706	0.183053294540349
"hsa-miR-301a-5p"	1.80813346229847	2.96890770422954	3.26807295364517	0.0706405571539233	0.114420782695427
"hsa-miR-301b-3p"	0.0994856922676171	5.85812062151826	0.0213197628414186	0.883911215994137	0.910206679143574
"hsa-miR-302a-5p"	5.49096753920784	2.5768709888235	9.89300472239403	0.00165908243612807	0.00417471440904783
"hsa-miR-302b-3p"	4.71714719384889	2.07541249419789	9.19808944686224	0.00242267853594094	0.00577387263411476
"hsa-miR-302d-3p"	5.20788548894649	2.38100747888964	11.2745796895439	0.000785756431174155	0.00215614827895635
"hsa-miR-3074-3p"	0.284898512068981	1.63198267191222	0.01571027932955	0.900253869384821	0.919630358535199
"hsa-miR-3074-5p"	0.982846776728828	2.19177987143232	0.255226198606538	0.613418955146132	0.70758988216217
"hsa-miR-30a-3p"	5.28814496966875	7.63741480714761	39.8625930031907	2.72471783894259e-10	1.67508221689539e-09
"hsa-miR-30a-5p"	4.64708663601156	12.9818580474792	28.3840845785062	9.94797835772825e-08	4.48488024294249e-07
"hsa-miR-30b-3p"	0.306683714287224	2.42434192863578	0.0854409942478291	0.770055030076336	0.822832446300989
"hsa-miR-30b-5p"	-1.39266507130846	9.44659537354547	5.86770293122927	0.0154211614498603	0.0313640915202046
"hsa-miR-30c-1-3p"	-0.287964134451713	4.12540638655734	0.38380826295383	0.535572132422107	0.635404657106052
"hsa-miR-30c-2-3p"	6.03333196809018	5.01690631510599	41.5657010113913	1.13975430913494e-10	7.61243310175314e-10
"hsa-miR-30c-5p"	-0.702828679182845	11.2311544886764	2.10408494786024	0.146906201270001	0.21364584647062
"hsa-miR-30d-3p"	1.14664974202295	5.24453542189735	2.17265514760444	0.140483495667462	0.206526008576351
"hsa-miR-30d-5p"	-1.09422140817676	12.0543354362181	5.47568552090725	0.0192827963859595	0.0375251541180003
"hsa-miR-30e-3p"	-0.997836798098666	7.01200983575055	2.72249108694536	0.0989434884888945	0.152502641801971
"hsa-miR-30e-5p"	-1.41552610866409	12.0654488611563	5.75307917008722	0.0164597818071194	0.03298052576908
"hsa-miR-31-3p"	11.889253892743	8.48393854640531	56.1575128431754	6.68915109374901e-14	6.23936334779003e-13
"hsa-miR-31-5p"	12.7996552279614	13.7540640658837	153.339936874166	3.22835082728278e-35	5.82179265853328e-33
"hsa-miR-3117-3p"	6.69485245196418	3.51674837379829	19.6669053095012	9.21841278600781e-06	3.21533092968475e-05
"hsa-miR-3129-3p"	6.19395494202706	3.10607436085594	19.5385731856469	9.8588683576743e-06	3.39722788630688e-05
"hsa-miR-3152-5p"	7.10661433600992	3.87374695650868	23.7656198379036	1.08808746939814e-06	4.29675416747734e-06
"hsa-miR-3158-3p"	0.586006821908652	3.59627284441644	0.656807922705006	0.417689133602784	0.519470853515186
"hsa-miR-3168"	0.56797769618344	3.94646218239221	0.370372045689276	0.542801541192264	0.641169506080818
"hsa-miR-3174"	-1.27495565548195	2.48554706824398	1.76048146003783	0.184564473939489	0.259349040003281
"hsa-miR-3176"	-0.642343757018048	3.7839626323563	0.558777404991787	0.454753264478081	0.554102513699644
"hsa-miR-32-3p"	-1.43915807003946	2.31372809733276	1.90150201696369	0.167910291877361	0.238423800277303
"hsa-miR-32-5p"	-0.744008558448191	3.88827120899674	0.410521895190158	0.521704730788052	0.620312657926014
"hsa-miR-3200-3p"	1.94843487693872	3.90135335787704	3.19944311223586	0.073663349162315	0.117904946440273
"hsa-miR-320a"	0.806558945876253	10.5796184960012	2.75977126684018	0.096662056804978	0.149840036479923
"hsa-miR-320b"	0.472369239552109	2.69865811717554	0.579823375015806	0.446381560611609	0.551352566874157
"hsa-miR-320d"	-1.20047399241342	1.94643235421322	1.54256905374488	0.214235811398879	0.295667280527534
"hsa-miR-323a-3p"	9.79605201427032	6.41272801382286	59.3292722399011	1.3337769094544e-14	1.5686376261192e-13
"hsa-miR-323b-3p"	8.7106769021967	5.35942336581095	39.3661946359639	3.51326941823526e-10	2.13559410703964e-09
"hsa-miR-324-3p"	-0.830854815946644	5.45740633119913	4.72425634988634	0.0297400407585353	0.0549124984654184
"hsa-miR-324-5p"	-1.41989471126865	4.49494122217868	6.19115288485832	0.0128390517815021	0.0268182510185043
"hsa-miR-326"	-6.03899691751248	7.01273048509462	60.8783077468855	6.07141677796564e-15	7.29919217084314e-14
"hsa-miR-328-3p"	-0.507901068001643	6.46124093234059	1.31730779907031	0.251075788688296	0.336217825941505
"hsa-miR-329-3p"	9.40658566585282	6.03209142741937	69.5604866651074	7.41067064416023e-17	1.1228116762163e-15
"hsa-miR-330-3p"	0.176533749635116	4.61177291489743	0.0889972425684409	0.765455845460144	0.821013400831124
"hsa-miR-330-5p"	0.544081302197948	5.85696084292772	0.420912361624488	0.516482144312434	0.616348030005049
"hsa-miR-331-3p"	0.0252443916579017	8.66911316439897	0.00191315664318381	0.965111936404457	0.968693056762173
"hsa-miR-331-5p"	1.18736078743507	3.76216419961883	3.39790938274828	0.0652791062829496	0.109563306789001
"hsa-miR-335-3p"	6.76621134122355	7.81771639182639	32.9763919345997	9.32847676215928e-09	4.76104332861148e-08
"hsa-miR-335-5p"	2.90218441252529	6.63005640597376	9.89430922492549	0.00165790673682053	0.00417471440904783
"hsa-miR-337-3p"	9.68080946285702	6.30020811470865	77.8005731900798	1.13987082256153e-18	2.0555670500193e-17
"hsa-miR-337-5p"	7.50833839282074	4.2339392948371	40.3188424252937	2.15718403000536e-10	1.34142133360103e-09
"hsa-miR-338-3p"	-8.98907796470447	5.89212051787666	167.261075349663	2.93361280602676e-38	7.93542264030238e-36
"hsa-miR-338-5p"	-7.29904209217069	4.46467499907209	45.9785601924507	1.19554234822567e-11	9.51159427044244e-11
"hsa-miR-339-3p"	-0.127275135299085	7.22946826824632	0.0933511203259867	0.759959360280993	0.820634758307419
"hsa-miR-339-5p"	-0.0931514894134719	7.08477090447256	0.0419516928126926	0.837711882364936	0.87829869837099
"hsa-miR-33a-3p"	-1.22080152277211	3.22924898016421	2.16324080439382	0.141346300899312	0.207231297524466
"hsa-miR-33a-5p"	2.63069206838869	4.47954414397817	5.68325653698719	0.0171275492760228	0.0339414071733639
"hsa-miR-33b-3p"	0.287162410312209	3.20884757664497	0.123230747316326	0.725556560008161	0.79619898370064
"hsa-miR-33b-5p"	3.28596660201746	4.45301232139071	11.9879786791609	0.000535448366290188	0.00153367400158385
"hsa-miR-340-3p"	-2.58120168541474	5.27962527946362	27.233474215556	1.8030970443527e-07	7.86673791124849e-07
"hsa-miR-340-5p"	-3.11482150297198	9.33907304356661	41.2980498258756	1.30699222370049e-10	8.51906979544536e-10
"hsa-miR-342-3p"	-3.77905749262723	9.52067577098385	57.3713344197445	3.60828039048526e-14	3.61496239120839e-13
"hsa-miR-342-5p"	-2.98511804440941	4.27485077437231	47.9418544323828	4.39048345301757e-12	3.59886598194319e-11
"hsa-miR-345-3p"	3.56947547234315	2.86962482261627	1.63564907571687	0.200923479046189	0.280877524971546
"hsa-miR-345-5p"	-0.678999306503535	8.57892431336277	1.89404347196716	0.168746562206909	0.23898400563858
"hsa-miR-34a-3p"	-0.419188339635509	3.9636051841111	0.202779774279414	0.652486386565611	0.747871049008465
"hsa-miR-34a-5p"	-0.327013313207292	9.32930104015474	0.143751010478589	0.704580113517647	0.77950478816574
"hsa-miR-34b-5p"	4.83245445543143	3.93833577365816	11.4424738765422	0.00071784155682257	0.00200181588784026
"hsa-miR-34c-5p"	4.6125677016211	7.18250400495411	23.9732768109409	9.7682134099872e-07	3.94373392149483e-06
"hsa-miR-3605-3p"	0.116562121678594	4.02410852780649	0.0383205848683001	0.844800804053053	0.882311264464675
"hsa-miR-3605-5p"	0.0184824949864363	3.44044926743977	0.000998408406115203	0.974792956344192	0.97659812848557
"hsa-miR-3607-3p"	-0.914978247528832	5.5552207995037	1.7202177490537	0.189665018292606	0.265825841700259
"hsa-miR-361-3p"	-0.872238445008064	8.43854168391007	2.13328015486074	0.144132033752267	0.210744406108044
"hsa-miR-361-5p"	-0.777006198942162	7.74725642065086	4.27101060726577	0.038767867028372	0.0694483975574479
"hsa-miR-3613-3p"	-1.86731417741848	2.94749756301703	6.08206409098929	0.0136561119980488	0.0281983075990244
"hsa-miR-3613-5p"	0.432559198566003	3.78709517987259	0.308296308627963	0.578727524887306	0.674591418038848
"hsa-miR-3614-5p"	-0.758400735231466	2.6402141642898	0.275416249042474	0.59972143069096	0.694752235554196
"hsa-miR-3615"	-1.75856506851825	3.55853110852674	7.99226371443907	0.00469776424382442	0.0105456035514897
"hsa-miR-362-3p"	-0.282706722398169	3.0216495349639	0.151375474157877	0.697224356248802	0.776128347182308
"hsa-miR-362-5p"	-1.10388677355656	4.54078937029264	2.48149050884576	0.115193041772191	0.173029098632639
"hsa-miR-3620-3p"	-1.44242246962731	2.16012536310666	2.349717242407	0.125305734178218	0.186237368654989
"hsa-miR-363-3p"	-3.43955252586008	4.75134615409025	3.35846966459905	0.0668601736733744	0.110278518162486
"hsa-miR-3651"	0.706035351504126	2.92642500706994	0.657555192689417	0.417424381275698	0.519470853515186
"hsa-miR-3653-3p"	-2.34802587047769	1.91594242371594	4.23308246402958	0.0396433810762899	0.070782406476148
"hsa-miR-365a-3p"	0.199642796458636	6.97371357587381	0.197108194671042	0.657065223364724	0.74952581072859
"hsa-miR-365b-3p"	0.189009411885057	6.96511083091965	0.174834930699912	0.675850119010278	0.759665514735544
"hsa-miR-365b-5p"	0.439956504479104	3.88896089526302	0.505612560936163	0.477044338036879	0.577362386751569
"hsa-miR-3661"	3.02941081079427	3.23224101364937	14.925774651841	0.000111824713414804	0.000351727732310517
"hsa-miR-3677-3p"	0.555341178639501	3.21470160975418	0.324514937477883	0.56890688292421	0.666490588235148
"hsa-miR-369-3p"	6.43369766854648	6.76135997430194	26.1105081423123	3.2242451887937e-07	1.36274738057609e-06
"hsa-miR-369-5p"	9.55220508535879	6.17419038518459	74.204963731438	7.041302556427e-18	1.19042021344594e-16
"hsa-miR-3690"	-8.23677542026613	4.6548628316732	73.4520204206156	1.03112396594108e-17	1.69041838052764e-16
"hsa-miR-370-3p"	10.2250490489513	6.83493885307077	86.4919443290806	1.40307672286532e-20	4.74415316918838e-19
"hsa-miR-370-5p"	6.03605654785342	2.98102744642218	21.0231613135787	4.53764632920864e-06	1.63657777606792e-05
"hsa-miR-371b-5p"	-7.46799367221821	2.63697994797814	81.202982220377	2.03684374936391e-19	4.79101073219945e-18
"hsa-miR-374a-3p"	0.45740509782294	7.05999937888249	0.378204717897495	0.538565610364345	0.637557976383174
"hsa-miR-374a-5p"	-1.01857438611163	5.69625985795889	5.40479504296878	0.0200815064537521	0.0386622597561562
"hsa-miR-374b-3p"	-0.302312831637323	3.89998196719153	0.1148959732975	0.734637539176795	0.804532203835316
"hsa-miR-374b-5p"	-1.38326457572906	6.12122460258976	4.50420661863892	0.0338115782076577	0.0613827644642377
"hsa-miR-375"	11.9015242374298	8.49670286085732	3.50241336959263	0.0612794682044327	0.104252177039617
"hsa-miR-376a-2-5p"	5.48041146187644	2.56791723382983	12.458829574412	0.000416020546883742	0.00122987495007707
"hsa-miR-376a-3p"	8.8765906774743	5.51829698789247	53.9969915112129	2.00796823656984e-13	1.81051802664047e-12
"hsa-miR-376a-5p"	10.0400010501096	6.65241459426513	39.3198439307942	3.59766402862965e-10	2.16259582165404e-09
"hsa-miR-376b-3p"	8.28906473775337	4.95781415485866	37.4014995558791	9.61481733162271e-10	5.4753854488504e-09
"hsa-miR-376c-3p"	10.7771958167539	7.37961006921508	59.061528964708	1.52817957842883e-14	1.72238573318749e-13
"hsa-miR-377-3p"	8.16424578847593	4.83996175297188	38.8562512699899	4.56190678407763e-10	2.71207864855604e-09
"hsa-miR-377-5p"	9.2260482626498	5.85642250507352	82.158281082822	1.25613469025612e-19	3.08894939740256e-18
"hsa-miR-378a-3p"	-4.51266362547102	12.5465411692118	22.5298422565779	2.06904245275537e-06	7.99537119243325e-06
"hsa-miR-378a-5p"	-4.46459861049769	5.08881675980631	10.2966073902048	0.00133275009936295	0.00343341811312074
"hsa-miR-379-3p"	8.19061626035659	4.86491455876286	46.3529179119006	9.87603202776469e-12	7.97452735376223e-11
"hsa-miR-379-5p"	8.23516703553632	4.90712503347386	43.3811415248164	4.50509075492293e-11	3.33870424440179e-10
"hsa-miR-380-3p"	4.53228421614625	4.51884189321646	23.7220702759517	1.11298849509667e-06	4.36323750613983e-06
"hsa-miR-381-3p"	11.115938712153	9.97085682714398	56.7945093790256	4.83815351768926e-14	4.67400188048194e-13
"hsa-miR-382-3p"	7.96515137739124	4.65345411836501	45.670464365572	1.39916647387137e-11	1.09702762661509e-10
"hsa-miR-382-5p"	9.99720642941078	6.60945627258398	71.7802172603018	2.40551866833256e-17	3.82760470461152e-16
"hsa-miR-3909"	-1.90765224154381	5.35881822660633	16.2904468432398	5.43372042036141e-05	0.000173943357835238
"hsa-miR-3922-3p"	-4.23460869977248	2.16466105419315	25.7613759096623	3.86343081534347e-07	1.62024501635722e-06
"hsa-miR-3928-3p"	0.159272537932612	3.05983313798912	0.03401854849713	0.853667367769027	0.888142396082776
"hsa-miR-3929"	4.19713664620061	1.80401023493826	3.32177008612381	0.0683681817916942	0.111407187799116
"hsa-miR-409-3p"	14.5474262274942	11.1363431125977	150.742747911317	1.19293093642923e-34	1.61343909152053e-32
"hsa-miR-409-5p"	10.3848163007458	9.24361170429446	43.2975638334209	4.70168530588309e-11	3.43731317632804e-10
"hsa-miR-410-3p"	8.89420480949783	9.24011504030934	53.3081867983258	2.85115829221051e-13	2.52865022309162e-12
"hsa-miR-411-3p"	8.27064675441169	4.94042700252638	35.7321659955412	2.26394968510998e-09	1.20078115651422e-08
"hsa-miR-411-5p"	11.5148108288787	10.3632867302272	99.8017727574748	1.68439420130166e-23	9.11257262904198e-22
"hsa-miR-412-3p"	4.75819587257484	2.09956234968978	9.21538929505633	0.00239989174977402	0.0057448736133971
"hsa-miR-412-5p"	7.46040968976378	4.18861077765814	36.1338275129735	1.84221010258075e-09	1.00670269242039e-08
"hsa-miR-421"	-0.9266803016599	7.81644382800561	2.04191410216506	0.153016995737686	0.220752519184235
"hsa-miR-423-3p"	0.240745616445577	12.0710809044981	0.192710167014909	0.660670476628904	0.75088808373159
"hsa-miR-423-5p"	0.301693345807117	11.3554730109312	0.306518590066631	0.579824416613798	0.674591418038848
"hsa-miR-424-3p"	2.0287203870901	5.55386921495233	5.9999567222166	0.0143062293662292	0.0292142035472801
"hsa-miR-424-5p"	-1.40660775959072	7.57794036038665	3.15393708889719	0.0757440042208353	0.120522077304329
"hsa-miR-425-3p"	-2.61269328994808	5.14907125400588	40.5215410822069	1.94460323479838e-10	1.22329110468131e-09
"hsa-miR-425-5p"	-1.52736755428549	8.25606905322485	10.4047410428975	0.00125692187796168	0.00325356333003478
"hsa-miR-429"	4.25624626800841	5.2829551141053	1.13077381098324	0.28761034379875	0.380433242041867
"hsa-miR-431-3p"	8.96582022452917	5.60455507257632	56.2416371513567	6.40898499222218e-14	6.08291382595123e-13
"hsa-miR-431-5p"	10.5786866480129	7.18334527727738	69.5443427968108	7.47157492491438e-17	1.1228116762163e-15
"hsa-miR-432-5p"	10.4697566952902	7.07545811347751	82.8540892030635	8.83393121370058e-20	2.36406585226739e-18
"hsa-miR-4326"	-0.055544884224409	4.79983127052244	0.00722002242573794	0.932284672446708	0.944505632572413
"hsa-miR-433-3p"	7.0351056293092	3.81159573943512	29.5967399941432	5.31943291797644e-08	2.50244626836979e-07
"hsa-miR-433-5p"	4.98138235086257	2.23489940694388	10.6927820473362	0.00107554341621541	0.00285229896163009
"hsa-miR-4421"	4.78241478323712	2.11604904062185	6.47411790189338	0.010945662504121	0.0235033466041523
"hsa-miR-449a"	0.536804609928691	2.70448911382191	0.19609729645863	0.657889610815016	0.74952581072859
"hsa-miR-449b-5p"	3.68176214664584	1.57674623447299	3.32914100302684	0.0680624131305601	0.111244004542698
"hsa-miR-450a-5p"	1.88973250305382	6.07340243657298	6.26718155247264	0.0122994634583722	0.0257907353913928
"hsa-miR-450b-5p"	2.19059410036917	6.9411492778161	6.34953186450107	0.0117412276935345	0.0249098203223615
"hsa-miR-451a"	-1.4483165588901	2.1967268252801	1.49439524307088	0.2215357633437	0.304963989742854
"hsa-miR-452-3p"	8.31647502494403	4.98429026972098	32.9095429968617	9.65481669742498e-09	4.88154750776347e-08
"hsa-miR-452-5p"	10.8013015429943	7.40382466879896	60.9713350354941	5.79119176863349e-15	7.28612731821097e-14
"hsa-miR-4521"	1.58337616888156	4.79334479845512	2.79166078537622	0.0947559767288758	0.147307423592879
"hsa-miR-4524a-5p"	2.87003145569698	2.3634186744812	4.94246210145883	0.0262046837774818	0.049224770568117
"hsa-miR-454-3p"	0.273211624964643	6.48068043493389	0.181246340219253	0.670304336168544	0.757066066528565
"hsa-miR-454-5p"	0.622374963616189	4.11143300671397	1.47686994734673	0.224264890938359	0.307937324867138
"hsa-miR-455-3p"	10.20627284063	6.8159987161474	42.5182794052781	7.00247313760114e-11	4.85684354800284e-10
"hsa-miR-455-5p"	9.65764399194162	6.27678793315767	59.1018492677069	1.49718475055397e-14	1.72238573318749e-13
"hsa-miR-4636"	4.66965657201359	2.04991335543579	8.0670906001512	0.00450764360263024	0.0101609799542623
"hsa-miR-4662a-5p"	-0.101420102908139	3.47334289028943	0.0103786773216825	0.918855263885865	0.934399807823783
"hsa-miR-4677-3p"	-0.628864320379333	5.39660588440563	1.34893937815192	0.245463621742371	0.32951816219013
"hsa-miR-4707-3p"	-3.43724923165809	1.7137986901387	9.80255974644158	0.0017426912803842	0.00430500448715914
"hsa-miR-4775"	1.8110349368635	5.0010149072801	9.6279896226399	0.0019163425516098	0.0046490642171341
"hsa-miR-4787-3p"	-3.09068125233955	2.40012858575246	10.0971975208384	0.00148494976267985	0.00377163296530422
"hsa-miR-4802-3p"	-3.74167025586843	1.62412986303623	6.43055302488614	0.0112173646766505	0.0239865386959207
"hsa-miR-484"	-0.0723435665462237	10.0532064740553	0.0209299700824088	0.884969895063807	0.910206679143574
"hsa-miR-485-3p"	9.4801537059134	6.10313911931122	78.4075900946185	8.38294506257214e-19	1.61970474244697e-17
"hsa-miR-485-5p"	9.88136663013887	6.49668398918275	52.7839735661194	3.72326984594441e-13	3.24885320428375e-12
"hsa-miR-486-3p"	2.37667771167718	3.43600696692614	3.39450607190744	0.0654139521124719	0.109563306789001
"hsa-miR-486-5p"	2.39206286628704	8.67212881026202	5.76250220867741	0.0163717407366567	0.0329260659424955
"hsa-miR-487a-3p"	7.9019783772065	4.59511708163623	33.1882106156295	8.36561973697673e-09	4.31028597876611e-08
"hsa-miR-487b-3p"	11.6103184318426	8.20643889409552	82.778864468286	9.17659572968859e-20	2.36406585226739e-18
"hsa-miR-490-3p"	5.44767703238269	2.55181256207988	4.46983063532952	0.0344984110755169	0.062420201979447
"hsa-miR-493-3p"	10.4516116978742	7.05769307618352	78.0343144818267	1.01266007451984e-18	1.88913482867322e-17
"hsa-miR-493-5p"	9.9620280989844	6.57579772857631	88.5567931401978	4.93961370113356e-21	2.05563924024097e-19
"hsa-miR-494-3p"	10.0215703352979	6.6341817604174	64.6191659101685	9.08671824527461e-16	1.22897864267339e-14
"hsa-miR-495-3p"	9.72058744264119	6.33844738225484	79.8919220148323	3.95460042431893e-19	8.91432845648559e-18
"hsa-miR-496"	7.71003035144763	4.41800103277718	28.811830381005	7.97624112151751e-08	3.65690376842455e-07
"hsa-miR-497-5p"	5.26866704218967	5.60417562222955	14.3327959278512	0.000153173019083175	0.000470832973431805
"hsa-miR-500a-3p"	-1.22018243952407	9.94307942748403	5.70591022073604	0.0169078856219411	0.0337533805220301
"hsa-miR-500a-5p"	-1.22253569840445	2.72959598248494	4.76757120267154	0.0290007111496889	0.053915411450109
"hsa-miR-500b-3p"	-1.1285558683869	2.66858406498777	3.30834368624715	0.0689289330082642	0.111983641914327
"hsa-miR-500b-5p"	-1.24718790874914	2.71968430020496	5.83158926243755	0.015740896910248	0.0318944765110269
"hsa-miR-501-3p"	-1.82029695375146	9.09964730025218	10.1356360197005	0.00145430054880374	0.00372879903745413
"hsa-miR-501-5p"	-0.878945163177954	4.03412611119118	2.88837516278174	0.0892208655344527	0.1399086616062
"hsa-miR-5010-3p"	-3.77181512254265	3.14676990059949	21.5820876669332	3.39003144908695e-06	1.25616918764112e-05
"hsa-miR-502-3p"	-0.206770111269492	5.65262747620959	0.104662769574167	0.746304296425593	0.810464523347703
"hsa-miR-502-5p"	-0.797566908814906	2.75232977099128	1.25700108629816	0.262219508287412	0.349410724097266
"hsa-miR-503-5p"	1.90783019564499	3.8702871190277	4.14550657403687	0.0417451628582502	0.0740463380534864
"hsa-miR-504-5p"	3.38192956622568	2.85572757130901	4.66564441108087	0.0307718737390814	0.0564324870943832
"hsa-miR-505-3p"	-0.0869322668181745	6.61419935320254	0.0229186599086724	0.879668786497635	0.909944194063519
"hsa-miR-511-3p"	-8.71546409536957	5.54705087039626	109.951425434186	1.00421592463309e-25	6.7910101903313e-24
"hsa-miR-511-5p"	-10.9051304862428	5.56199074145095	199.07393433463	3.3260015146984e-45	1.79936681945183e-42
"hsa-miR-532-3p"	-1.16366351087715	6.34920436372223	8.53922060447157	0.0034757443042989	0.00803580200267395
"hsa-miR-532-5p"	-0.712279116457856	9.72777614719232	2.24960970418596	0.133648107404901	0.197550891000141
"hsa-miR-539-3p"	9.85527888971277	6.47097035773815	45.2636055670414	1.72219945926626e-11	1.33101415351864e-10
"hsa-miR-539-5p"	7.4222024515061	4.15688444337383	41.5048421975635	1.17579332991835e-10	7.75736818885154e-10
"hsa-miR-541-5p"	6.29879363490022	3.18794177242034	19.3030312379346	1.11529149777495e-05	3.81881455883701e-05
"hsa-miR-542-3p"	2.3789332225639	4.66802637442302	8.17065867701502	0.00425734436997646	0.00963691759061616
"hsa-miR-542-5p"	2.01342039011597	3.14176990423485	4.40212426020676	0.0358941942223502	0.0645141497484766
"hsa-miR-543"	9.2358186054961	5.86629107777166	60.8976265261013	6.01212811151151e-15	7.29919217084314e-14
"hsa-miR-548au-5p"	-3.80567374801639	1.75830431197878	11.3129699981046	0.000769675615880779	0.00212446177648725
"hsa-miR-548e-3p"	-1.53497223535619	5.49422217633446	9.25637692107512	0.00234676826018406	0.00564267390559811
"hsa-miR-548e-5p"	-1.83788867820705	3.26933457971298	4.95596326458141	0.0260008357226945	0.0490120283135112
"hsa-miR-548h-5p"	1.74087554824916	2.31953400083068	1.99942590767598	0.157358797385634	0.224620341386882
"hsa-miR-548k"	-1.43641909410041	6.0696336092676	6.01382981260413	0.0141941877777949	0.0291979299915856
"hsa-miR-548o-3p"	-1.05851691647817	3.93074240182696	2.66218692832982	0.102759361831862	0.157041849579202
"hsa-miR-549a"	5.79050944410922	2.78989072439815	10.6521403496455	0.00109943600346573	0.00290143842865835
"hsa-miR-549a-5p"	5.86094064630415	4.81248724489268	17.0737574609268	3.59557280279018e-05	0.000119337723086472
"hsa-miR-550a-3p"	-0.511390756849108	3.44867759011612	0.529665474086135	0.466747535068033	0.566166853075798
"hsa-miR-550a-5p"	1.24628764989645	2.86332275746906	1.02879376818537	0.310442145281902	0.404509630747323
"hsa-miR-561-5p"	7.549349875231	4.27107619255225	21.807106466281	3.01481420663592e-06	1.1326489484653e-05
"hsa-miR-5690"	-4.28495358601657	1.66520642666866	21.46749159436	3.59878168419905e-06	1.3194817944736e-05
"hsa-miR-574-3p"	1.70136637274674	9.5367786699884	9.82705962736953	0.00171963030844144	0.00426752292140744
"hsa-miR-574-5p"	2.56855926725911	3.89476217507349	7.22784945630743	0.00717811443240356	0.015595822923415
"hsa-miR-576-5p"	-0.5961085726769	4.55711362907546	1.7643257422174	0.184085874962079	0.259349040003281
"hsa-miR-582-3p"	0.691754582895696	4.37439751085117	0.568163181584994	0.450989743636713	0.55285745521016
"hsa-miR-582-5p"	-0.281775013876749	3.82435201022572	0.062408926080959	0.802728264718691	0.849855168713917
"hsa-miR-584-5p"	6.02350698641589	6.7870042580038	35.7626030799553	2.22885434219292e-09	1.19387148428353e-08
"hsa-miR-585-3p"	5.83023418463694	2.82244001289048	14.4611447642125	0.000143080722376017	0.000442323833173857
"hsa-miR-589-3p"	-0.681979062704705	4.49510368976335	1.40330634684267	0.236170763973938	0.320221512054888
"hsa-miR-589-5p"	-0.150804837584286	7.46689718767829	0.0557899873986187	0.813278222933932	0.857667677596993
"hsa-miR-590-3p"	-0.15928326685311	5.31862981729531	0.0483160268346001	0.826019856288544	0.869410004381522
"hsa-miR-598-3p"	-0.364785715965032	3.36012013566515	0.0884571608974909	0.766147795563952	0.821013400831124
"hsa-miR-605-3p"	6.12052155015464	3.04275843148169	10.997590292935	0.00091230421942395	0.00246778291354178
"hsa-miR-605-5p"	4.24382443784975	1.82171024868543	6.09963825431719	0.0135209557360723	0.0280261956061882
"hsa-miR-615-3p"	8.06531252594109	4.7438895809806	12.2631170132647	0.000461999162202848	0.00135837797147685
"hsa-miR-616-5p"	-1.44766969360464	3.81258421336738	3.37397698072357	0.0662336879780378	0.110253615988057
"hsa-miR-618"	-4.59687952660182	2.33699688917365	32.7980212510376	1.022488729231e-08	5.12191113438863e-08
"hsa-miR-625-3p"	2.33234783857494	6.2761407002764	8.38404219939019	0.00378529631411314	0.00867731061836953
"hsa-miR-625-5p"	2.16700557315028	5.9389252820242	9.77191907822713	0.00177197399974162	0.00435744515391008
"hsa-miR-628-3p"	-1.86418159610069	2.96259239360255	9.82994927677215	0.00171693083585055	0.00426752292140744
"hsa-miR-628-5p"	-0.701120656496527	4.15048174570017	1.43730155641894	0.230576506863179	0.31342183470598
"hsa-miR-629-3p"	-1.09483795699695	2.49638459136646	1.46097746942772	0.226774659176251	0.309810834884726
"hsa-miR-629-5p"	-0.679964951804106	5.16864670888173	0.922095166355721	0.336925450707283	0.432961208628599
"hsa-miR-641"	1.02939346151165	4.08805062707643	2.89422869330434	0.0888973141133934	0.139806531788796
"hsa-miR-6503-3p"	-7.88200541501084	2.92688346791969	79.2514573579448	5.46870060602224e-19	1.18342681114321e-17
"hsa-miR-6503-5p"	-5.58103755107176	1.61808086395084	28.2971783419416	1.04047540930177e-07	4.65204294572116e-07
"hsa-miR-6511b-3p"	0.157073760992881	2.96950791277907	0.074882780892727	0.784355770472987	0.835308015405288
"hsa-miR-652-3p"	-2.6098182907903	6.75446932066005	16.1088170874564	5.98049518767377e-05	0.000190320464501853
"hsa-miR-652-5p"	-1.70273989709246	3.19912856113293	5.61263825944266	0.0178313964007518	0.0349521212058214
"hsa-miR-653-5p"	-3.89445647862223	1.66819484023109	16.2906870748425	5.43303157706488e-05	0.000173943357835238
"hsa-miR-654-3p"	14.1477819707257	10.7370478797899	120.364661397448	5.26381134764487e-28	4.06817419867982e-26
"hsa-miR-654-5p"	8.48030833670061	5.13980576050159	43.1636990598212	5.03461550112286e-11	3.62424572075448e-10
"hsa-miR-655-3p"	7.02112120528	3.79819409639791	26.537258855794	2.58503991639114e-07	1.1011862950926e-06
"hsa-miR-656-3p"	8.64333694933935	5.29427375723137	58.7040270916824	1.8326601714808e-14	1.98293830554222e-13
"hsa-miR-659-5p"	1.04455827823225	2.51099293909684	1.03918320226507	0.308011513552859	0.402498137275596
"hsa-miR-660-3p"	-1.77824529559131	2.58193018478345	5.61536548954481	0.0178036676309668	0.0349521212058214
"hsa-miR-660-5p"	-0.981114988734822	9.01967850260118	3.34065481234752	0.0675877067504738	0.11113966368391
"hsa-miR-664a-3p"	-1.28669624311626	5.10410210240737	3.38398763963725	0.0658325960463182	0.109924180435365
"hsa-miR-664a-5p"	-0.874304907308047	2.12500820827759	0.714230837195455	0.398042844351355	0.499631505322699
"hsa-miR-665"	9.19591770675014	5.82762184211338	57.6532993603718	3.12638113899439e-14	3.19126829470937e-13
"hsa-miR-668-3p"	6.5953630377161	3.43736019702412	37.8267278330286	7.73152094302233e-10	4.44973705337775e-09
"hsa-miR-671-3p"	1.62869497009876	7.48749060965387	10.1174245960295	0.00146874088665134	0.00374806047018101
"hsa-miR-671-5p"	0.762793187683122	4.7905657812005	1.38866924230465	0.2386299613212	0.321942167268751
"hsa-miR-6769b-3p"	-1.9687488069324	2.03099991860153	6.33915767514861	0.0118100952323979	0.0249331375598476
"hsa-miR-6810-3p"	-5.52716287299481	1.84675555313629	33.7534967741406	6.2556497660966e-09	3.25414088794064e-08
"hsa-miR-6842-3p"	-4.3141710695163	2.76281923561383	21.5824695472805	3.3893565225952e-06	1.25616918764112e-05
"hsa-miR-6852-5p"	-0.283877005509338	2.7945412610254	0.187433619628724	0.665061232413893	0.752715746309448
"hsa-miR-7-1-3p"	-0.172858967976279	3.88580272943335	0.15826359970418	0.690760235501448	0.772110097946867
"hsa-miR-7-5p"	1.38886190991776	4.92987813375305	2.23590282233846	0.134837845796553	0.198766415738243
"hsa-miR-708-3p"	5.63396065560601	6.02007887817314	37.244896836046	1.04187275572964e-09	5.87138709218474e-09
"hsa-miR-708-5p"	4.09893904112361	6.42580086799657	23.8580456151111	1.03707514860683e-06	4.12542393673745e-06
"hsa-miR-744-3p"	-0.0979500304566792	3.33126392789112	0.0189931381572173	0.890386159138473	0.914039681392626
"hsa-miR-744-5p"	-0.452321734267433	8.03045751917328	1.125444075814	0.288749216253888	0.381008112178911
"hsa-miR-758-3p"	10.1562262668351	6.76656702985607	58.9553018887141	1.61294652420534e-14	1.78082463182671e-13
"hsa-miR-758-5p"	5.70032158074715	2.72343975361212	19.7938860737993	8.6258150132216e-06	3.05004308637444e-05
"hsa-miR-766-3p"	-2.18767381514125	3.91017177125167	11.7027286965848	0.000624085120545413	0.00177700026428983
"hsa-miR-769-5p"	1.44621918905687	9.40223602364682	7.87691608788503	0.00500697914130698	0.0111932880803598
"hsa-miR-770-5p"	5.31813170086817	2.45556894224363	11.1404651119094	0.000844647102796818	0.0022962516714225
"hsa-miR-7705"	-2.53352559070484	2.42806146463548	8.81620383630444	0.00298567164540331	0.00702281895723126
"hsa-miR-7706"	-0.478721585873462	5.38965330420119	0.852015311943846	0.355982840316817	0.454213954272166
"hsa-miR-7974"	3.38455005508947	5.00757766154914	8.4823551848205	0.00358607541579072	0.00825560340401183
"hsa-miR-7976"	-0.937161204770512	3.3656397172441	1.61630045385312	0.203608409043423	0.283897291990959
"hsa-miR-7977"	-0.217838450168966	2.23284410249025	0.0239778433342916	0.876941301180315	0.908860620571936
"hsa-miR-873-3p"	3.48744639527848	1.50649652466418	2.02209956902484	0.155024661739331	0.222462445625936
"hsa-miR-874-3p"	-0.0503319602163613	4.43459129203159	0.00385837481645801	0.950470600568691	0.955835805771827
"hsa-miR-877-3p"	-0.639553537908523	1.9683979106758	0.345856182781063	0.556468270095601	0.65588090222597
"hsa-miR-877-5p"	0.128221288967115	5.87482356817317	0.0658677742498632	0.797451151296078	0.845923672257212
"hsa-miR-887-3p"	8.65186108747439	5.30235084636059	61.3652072835217	4.74115111412629e-15	6.10705417319601e-14
"hsa-miR-887-5p"	5.94002102787067	2.90547178585999	28.6257277578171	8.78077453543248e-08	3.991931952663e-07
"hsa-miR-889-3p"	10.9315474589026	7.53266062540047	49.652749617386	1.83512717757206e-12	1.52739046625613e-11
"hsa-miR-9-3p"	-0.329446350793037	2.241235238278	0.016543580039734	0.897656876913117	0.919630358535199
"hsa-miR-9-5p"	0.268079096139051	5.58926235862873	0.0221555540381111	0.881674032710498	0.910206679143574
"hsa-miR-92a-1-5p"	1.72566451305161	3.13652327165102	3.71521663855799	0.0539186273924958	0.0937941396120264
"hsa-miR-92a-3p"	0.378497059258029	14.5110574746168	0.449555248002241	0.502546235679023	0.602832624173728
"hsa-miR-92b-3p"	4.48528745191036	12.0213962214871	34.1401913793558	5.12810758357557e-09	2.69350116768387e-08
"hsa-miR-92b-5p"	5.54408662322481	2.61126269935464	11.5219521954967	0.000687791225719541	0.00192795364307913
"hsa-miR-93-3p"	-0.445335155305824	4.85297332655347	0.781102837393854	0.376804065014491	0.479649409818446
"hsa-miR-93-5p"	-0.042159286912352	9.17023879907656	0.00468235773260517	0.945445127855099	0.954264578674643
"hsa-miR-935"	9.88701805816823	6.50222554813917	68.2924189892016	1.40961870157674e-16	2.06109112852167e-15
"hsa-miR-939-3p"	3.51787344360082	1.50960453428108	2.5032911694652	0.113608656610615	0.171204131549701
"hsa-miR-940"	0.173738184950643	4.43823283356434	0.0706501939661521	0.790392440620956	0.840083124510682
"hsa-miR-941"	-2.51636375116604	8.59231540735001	18.4918602180538	1.70631484442278e-05	5.73364180641443e-05
"hsa-miR-941-3-5p"	-2.51738574939465	6.29645847413135	19.7478117503354	8.83628090810691e-06	3.10417400732847e-05
"hsa-miR-942-5p"	-0.454383277200686	3.30009362349691	0.570749767840464	0.449961132367697	0.55285745521016
"hsa-miR-944"	3.38577966943633	4.27282969447086	0.72022177307745	0.396071173202911	0.49831280163436
"hsa-miR-96-5p"	8.27214508363479	4.94711022493444	4.61991214993309	0.0316028567188556	0.0577606266381786
"hsa-miR-98-3p"	-0.197876208446232	4.54293031235898	0.102336972398724	0.749042997548709	0.810464523347703
"hsa-miR-98-5p"	-0.34888591202563	11.130994871053	0.56870626256315	0.450773471612513	0.55285745521016
"hsa-miR-99a-3p"	2.77345935315537	3.34846107420158	9.65789065340944	0.00188539981940089	0.00459460046079226
"hsa-miR-99a-5p"	3.11473523444652	8.02526341993811	8.93581830139089	0.00279632164542436	0.00660615724967066
"hsa-miR-99b-3p"	0.173574290282652	6.08977061632651	0.145439087238668	0.702932599301881	0.779275688980159
"hsa-miR-99b-5p"	-0.614541118736469	14.4410143793332	1.16371231018275	0.280696968375586	0.372198676203902
