"logFC"	"logCPM"	"LR"	"PValue"	"FDR2"
"hsa-let-7a-2-3p"	7.33635615797043	4.0862567914963	18.9119782646899	1.36890441587553e-05	3.83857733111488e-05
"hsa-let-7a-3p"	1.76263675972739	6.31842989592166	6.70967827885976	0.00958910233295738	0.0156181786500863
"hsa-let-7a-5p"	1.04529339972029	15.6435639063351	3.28147428880595	0.0700659633053001	0.0979842777328619
"hsa-let-7b-3p"	1.34516597471716	7.14715659961597	7.65596324804841	0.00565849712632672	0.00969479763394829
"hsa-let-7b-5p"	1.69448616133774	12.5456192827414	6.94918520817293	0.00838574181231735	0.0138657858538013
"hsa-let-7c-5p"	6.34773414412197	9.22386587409723	36.9686810861358	1.20042026360804e-09	7.25587359336418e-09
"hsa-let-7d-3p"	-1.56459804807827	7.55511026683588	17.8273673780504	2.41879131957096e-05	6.54384945934019e-05
"hsa-let-7d-5p"	-0.958404883536603	10.1719300101082	5.85523973519226	0.0155307423453846	0.0241392109596835
"hsa-let-7e-3p"	3.03352931901373	3.81873821781082	10.9275622733203	0.000947440775239653	0.00185398482636824
"hsa-let-7e-5p"	3.84679082379087	11.3107034730703	32.6587317090925	1.09844839894303e-08	5.59931677239855e-08
"hsa-let-7f-1-3p"	0.562594563014534	4.38463920467416	1.00616254578782	0.315823932744586	0.3792675925233
"hsa-let-7f-2-3p"	1.21476078490645	4.26663390489696	1.2366369373605	0.266120183765823	0.326042228347321
"hsa-let-7f-5p"	0.447918207961139	14.6175440368254	1.14340107044223	0.284934809628035	0.345221684716372
"hsa-let-7g-3p"	-0.393251777330184	3.04455778343988	0.290234357732905	0.5900703874793	0.647173973364393
"hsa-let-7g-5p"	-1.30871835140582	12.3700728296527	10.351077058857	0.0012939916257926	0.00248739026300769
"hsa-let-7i-3p"	0.255209819895349	5.87112244288064	0.308166887451847	0.578807240830847	0.63739096965988
"hsa-let-7i-5p"	2.38245110889557	13.9913711886233	26.1538516281775	3.15267626165266e-07	1.15104421901949e-06
"hsa-miR-100-3p"	11.5560009824176	8.15237768584611	57.3449993601381	3.65691912908721e-14	4.14450834629884e-13
"hsa-miR-100-5p"	8.01786063608981	17.6555740377961	57.507329251139	3.36722213875773e-14	3.8973805180515e-13
"hsa-miR-101-3p"	-4.20318742943198	12.2875525889883	124.4012624898	6.88197663383923e-29	2.87984252985272e-27
"hsa-miR-101-5p"	-5.3799092710784	4.1716657326074	85.1632310361505	2.74723290009233e-20	6.79315771659195e-19
"hsa-miR-103a-2-5p"	-2.44294620608121	2.34267058529684	14.1359571616437	0.000170061802559027	0.000379154182754551
"hsa-miR-103a-3p"	-2.1328386166283	12.3888800655621	34.2365099388887	4.88046833185478e-09	2.654974772529e-08
"hsa-miR-106b-3p"	-1.77863094771473	7.84681946020654	14.7436878697766	0.000123159149761983	0.000282694419706831
"hsa-miR-106b-5p"	-2.56819459814045	8.04515836331316	32.079900865519	1.47960176826075e-08	7.06055580643725e-08
"hsa-miR-107"	2.32466705264479	6.67740760748281	6.08274017645855	0.0136508868660751	0.021462666055332
"hsa-miR-10a-3p"	5.59103039292161	3.79265361088384	9.12098926309437	0.0025269327667369	0.00462845597678408
"hsa-miR-10a-5p"	4.06952018829864	14.3771504667181	8.18964297089946	0.00421302140765663	0.00732231196730097
"hsa-miR-10b-5p"	7.7570853509684	11.0708723492611	9.96031133487055	0.00159951003396359	0.00300046020164205
"hsa-miR-1180-3p"	5.35561548687402	4.52046101940555	32.0087324576362	1.53481094454298e-08	7.2603230767946e-08
"hsa-miR-1185-1-3p"	5.60358521943941	5.33561525340512	27.6219502359285	1.4749545811665e-07	5.77248411621996e-07
"hsa-miR-1185-2-3p"	5.7659352289752	2.79069897690171	16.8463191044155	4.05318633624037e-05	0.000104499211702121
"hsa-miR-1185-5p"	5.05940686051153	4.86596611034614	29.6758500367195	5.10670702564307e-08	2.18743985980301e-07
"hsa-miR-1197"	5.17654935700187	4.05269973601299	15.823146215917	6.95465239543574e-05	0.000173547289133809
"hsa-miR-122-5p"	3.88875084084593	2.09385376673744	4.72683214680375	0.0296955308277316	0.0438977412236032
"hsa-miR-1226-3p"	-0.973407201228069	3.45031330073482	2.28227975543097	0.13085939652753	0.172785222599457
"hsa-miR-1233-3p"	-0.561330809542591	2.12926572398057	0.30119097128852	0.583136750355511	0.640861398370501
"hsa-miR-1247-5p"	3.45355618030571	1.5133974411804	1.67984446271914	0.194945121039499	0.247203137168968
"hsa-miR-1248"	-3.60466452331385	1.87484771946908	9.15012751424035	0.00248700734425481	0.00457071620025208
"hsa-miR-1249-3p"	-1.30824472285868	4.73924834267366	3.30826494001494	0.0689322363079021	0.0974003546792175
"hsa-miR-1255a"	-2.02479964122407	2.55018902488135	8.73974656205262	0.00311347789961525	0.00557148676773256
"hsa-miR-1257"	4.92594669024783	2.16635863404876	3.90132645841672	0.0482479996699772	0.0689385915278656
"hsa-miR-125a-3p"	0.0688010335508157	4.83928893937155	0.0166059840738839	0.897465098445236	0.914271560962937
"hsa-miR-125a-5p"	0.983070867185601	12.8318581069459	3.12268519857605	0.077209455322639	0.106603918008923
"hsa-miR-125b-1-3p"	11.3668828141169	10.6592265295655	113.619067444425	1.5790858035359e-26	5.36889173202205e-25
"hsa-miR-125b-2-3p"	8.45080187454444	6.47376010663477	50.4736015886599	1.20778530784399e-12	1.19460946812205e-11
"hsa-miR-125b-5p"	7.83283807191031	14.4729485710548	58.0675174770002	2.53274028020546e-14	3.06180158318171e-13
"hsa-miR-126-3p"	-2.51782086846612	6.9642825535753	8.60068251633168	0.00336037045389876	0.00595453266098022
"hsa-miR-126-5p"	-2.4625171496628	8.59244612837742	8.99829396617924	0.00270231755243479	0.00493308976014942
"hsa-miR-1260a"	-3.45179810883427	5.7253823147022	54.8164734689148	1.323269493154e-13	1.43971720855155e-12
"hsa-miR-1260b"	-3.03898764709524	4.55039596045501	33.9386429290714	5.68777236381191e-09	3.00402734554726e-08
"hsa-miR-1262"	2.11259115046963	2.50356580675118	4.04663290340971	0.044259540677608	0.0638652258053548
"hsa-miR-1269b"	3.59703634040139	1.55549818300228	2.54973487880538	0.110312764929798	0.147415937967821
"hsa-miR-127-3p"	5.3463719728505	14.2032848779274	41.1684568359096	1.39658239576862e-10	1.01298776439751e-09
"hsa-miR-127-5p"	6.88527022858738	6.39399739408794	50.3748741099926	1.27009996492446e-12	1.23381139449804e-11
"hsa-miR-1271-5p"	3.05175093323064	7.27312318524887	8.34160605748623	0.00387473300774161	0.00679953147164979
"hsa-miR-1273h-3p"	-8.87792018348995	3.67504811009496	127.712843216278	1.29716377304657e-29	6.41506447761215e-28
"hsa-miR-1277-5p"	1.13031083586179	2.14107339819049	0.274069860498129	0.600614649397386	0.654778295134625
"hsa-miR-128-1-5p"	0.50186901518713	3.84894400034156	0.783330115397666	0.376124603200425	0.444630696122644
"hsa-miR-128-3p"	-1.06159861234185	9.68397399053285	5.79744333312382	0.0160494952548681	0.0248744313921603
"hsa-miR-1285-3p"	0.814319723290817	4.19112106651669	0.48223259236503	0.487412780647919	0.552401151400975
"hsa-miR-1293-3p"	6.01507275484831	2.97948289323443	11.1693955911301	0.000831577136441709	0.00165101446067259
"hsa-miR-1294"	-2.77055884460789	2.44637628523978	15.5097289230574	8.20817057348567e-05	0.000198455324087831
"hsa-miR-1296-5p"	3.16041389384131	5.3456403051281	18.7218473686725	1.51239723359774e-05	4.19767395447536e-05
"hsa-miR-1301-3p"	-1.38581432374746	5.81576496635214	5.62440610275456	0.0177120662436798	0.0273731932856869
"hsa-miR-1304-3p"	0.107007303299107	6.29223150080179	0.0238080893554571	0.877374220928302	0.900550143745276
"hsa-miR-1306-3p"	-0.467609379359993	2.06952594461687	0.201726827052722	0.653330596654995	0.702394949763473
"hsa-miR-1306-5p"	-1.06635389104174	3.27989971118808	2.04447811796534	0.152759362780448	0.197389770433643
"hsa-miR-1307-3p"	-0.239490445445527	7.52694821417661	0.264802613751056	0.60683972721186	0.657611178492533
"hsa-miR-1307-5p"	0.91917447641669	9.23273014507406	3.25079603122538	0.0713887794983148	0.0990701429772531
"hsa-miR-130a-3p"	2.55874375397149	10.358783289218	18.1596692398004	2.03135395224764e-05	5.55304799006391e-05
"hsa-miR-130b-3p"	0.79047007793659	8.93391339044573	2.43332510495202	0.118780704269705	0.157601714933462
"hsa-miR-130b-5p"	0.72133568661981	7.64767135264863	1.61901402174499	0.20322932298588	0.257108724893765
"hsa-miR-132-3p"	0.452854409312798	6.58561301626645	0.895100659903864	0.344098810164077	0.408711250500563
"hsa-miR-132-5p"	-0.149732328882741	4.37196971213563	0.0816721642065019	0.775044006266871	0.820280037761046
"hsa-miR-133a-3p"	-1.17180273331403	2.5006829894361	2.14438912955676	0.143091982254908	0.187043629957234
"hsa-miR-134-3p"	4.91023644500879	2.20956739745637	6.26180371806944	0.01233685362756	0.0194528938359208
"hsa-miR-134-5p"	3.6104308391029	7.1101848670632	22.2931705522525	2.34037481142096e-06	7.53351418587575e-06
"hsa-miR-1343-3p"	0.543147160131991	3.49302377572572	0.355407190735781	0.551068095192258	0.613049169293637
"hsa-miR-135b-5p"	4.93650652738259	2.23939599061644	5.27474512147789	0.0216369553897573	0.0327869184736155
"hsa-miR-136-3p"	6.53094902828248	9.46538829879877	38.9412597730048	4.36751335555554e-10	2.82848483978835e-09
"hsa-miR-136-5p"	5.62199839828595	7.67115947844464	29.9179550944518	4.5071962242591e-08	1.94596408412456e-07
"hsa-miR-137"	8.75177957450687	5.40245275220716	33.1026807859415	8.74181111528476e-09	4.52909071115706e-08
"hsa-miR-138-1-3p"	5.95991180051999	2.9324140507582	8.88848951600546	0.00286974043905738	0.00520379599615739
"hsa-miR-138-5p"	10.1479336040125	9.05775953430119	24.3400655488936	8.07420736292843e-07	2.8521875359955e-06
"hsa-miR-139-5p"	-2.71093056802035	2.60878989541074	6.92829299166468	0.00848426283700824	0.0139861787373712
"hsa-miR-140-3p"	-3.39030225586619	11.7185419487181	68.710721439626	1.14019355430691e-16	1.93832904232174e-15
"hsa-miR-140-5p"	-2.04594720729942	5.92051623310963	14.9742135570445	0.000108990411704122	0.000253379418662575
"hsa-miR-141-3p"	0.751522893460982	7.18077136643158	0.115140454788804	0.734366022243086	0.780263898633279
"hsa-miR-141-5p"	5.94711438437248	4.51135783350931	1.30926084499932	0.252528527000262	0.310804340923399
"hsa-miR-142-3p"	-4.33136978301737	10.6419854259706	3.27544711302061	0.0703237619011178	0.0980926319851489
"hsa-miR-142-5p"	-4.54902611564541	12.7488303145034	5.33265459725429	0.0209294838915037	0.0318925468822914
"hsa-miR-143-3p"	-1.74588695640154	15.4178306075677	5.93896868416823	0.0148096820169641	0.0230844327141217
"hsa-miR-143-5p"	-0.464594502099285	5.73904742183706	0.521259137499769	0.470305063480819	0.534125166040847
"hsa-miR-144-3p"	-8.37677679484266	3.95279513374626	125.869794052991	3.28334442051162e-29	1.48844947063194e-27
"hsa-miR-144-5p"	-8.79927138792774	6.06336786159461	143.562525000967	4.42832145635466e-33	4.01501145376156e-31
"hsa-miR-145-3p"	-1.73507328603453	7.77348771219565	5.48686919585631	0.019159823239278	0.0294433441869131
"hsa-miR-145-5p"	0.176999683242275	9.33786597294504	0.0269736723962026	0.869544861812138	0.894201143338002
"hsa-miR-1468-5p"	0.399209453325206	3.4681579371889	0.209200922693979	0.647394434714852	0.697391232643326
"hsa-miR-146a-3p"	3.72995795214053	2.72801288532443	2.80344362228238	0.0940620854839984	0.128245048880439
"hsa-miR-146a-5p"	0.253526618133011	10.2776175316975	0.0574027491087605	0.81064911938421	0.849697728217746
"hsa-miR-146b-3p"	-0.755080354393355	4.68937333052893	0.687672994385792	0.406957011118443	0.474056989397073
"hsa-miR-146b-5p"	-1.19554636182023	10.5172409660811	1.08049698323271	0.298586404068358	0.360957786251526
"hsa-miR-147b"	0.718404487030807	2.48714840429122	0.397673636938878	0.52829313972692	0.591340469159351
"hsa-miR-148a-3p"	-3.99609638330161	14.0653339337003	25.7579229853602	3.87034897215789e-07	1.38517752687756e-06
"hsa-miR-148a-5p"	-2.05614333703199	7.28206468350927	4.31640689665531	0.0377465459285999	0.0547576559604223
"hsa-miR-148b-3p"	-1.50866398865432	10.9273371548567	14.1028185383125	0.00017308423237823	0.00038431764250513
"hsa-miR-148b-5p"	-0.236444802236402	6.7896237331693	0.349926194739327	0.554154912407467	0.615225045611555
"hsa-miR-149-5p"	9.2425195295445	8.07345796724336	39.1187891658926	3.98787599171341e-10	2.64561529206353e-09
"hsa-miR-150-5p"	-8.84979337386856	8.72415258889874	60.4748023788591	7.45263907707256e-15	9.88837965348164e-14
"hsa-miR-151a-3p"	2.87666396130043	12.1205108180579	28.4540896938656	9.59468763733364e-08	3.89515677217127e-07
"hsa-miR-151a-5p"	2.5841732559593	12.617764774915	20.6496126959701	5.51483413416476e-06	1.65749710993681e-05
"hsa-miR-151b"	1.30092375883598	3.54149703102089	4.28583527978182	0.038431194871686	0.0556025798143542
"hsa-miR-152-3p"	4.37450899531636	8.28986970450155	38.9810237791128	4.27945157685365e-10	2.80484537085348e-09
"hsa-miR-152-5p"	6.28409150070852	5.94644292872495	34.7513965464228	3.74609881001561e-09	2.05846237641262e-08
"hsa-miR-154-3p"	2.75434800915232	2.35279665704533	7.10331719549488	0.00769414253070405	0.0128393053273098
"hsa-miR-154-5p"	3.53811027346555	4.23275615341816	15.1271210088331	0.000100508940617472	0.00023669637963595
"hsa-miR-155-5p"	3.43271289772811	9.69288234614304	12.7981441253506	0.000346963373198024	0.000728757046408206
"hsa-miR-15a-3p"	-0.00589101408908779	1.783627990231	2.01467896943086e-06	0.998867487922545	0.998867487922545
"hsa-miR-15a-5p"	-3.34230869022574	9.89214419779662	61.5722240693275	4.26797058742837e-15	5.80443999890258e-14
"hsa-miR-15b-3p"	-1.8278645628072	6.14385075745387	17.8151229432532	2.43440647567463e-05	6.54384945934019e-05
"hsa-miR-15b-5p"	-3.55417084375009	9.54155989625968	84.6693753496825	3.52670907311631e-20	8.34143363380553e-19
"hsa-miR-16-1-3p"	-0.177098252719633	2.17653765726459	0.0172905556595495	0.895384882708683	0.914271560962937
"hsa-miR-16-2-3p"	-1.25441611668639	6.54057701172998	7.22659556190324	0.00718312992852662	0.0120979030375185
"hsa-miR-16-5p"	-3.11038711860871	12.7404454791104	46.1261800454653	1.10876892522551e-11	9.00254172123397e-11
"hsa-miR-17-3p"	-0.849599559792986	7.14080916116231	1.61361146390597	0.203984883732169	0.257465839327842
"hsa-miR-17-5p"	-1.23727784297664	8.15398215824561	3.29339138980231	0.0695592101260636	0.0977783212107974
"hsa-miR-181a-2-3p"	1.53563422866688	8.27941649038698	3.2852828586518	0.0699035823709352	0.0979842777328619
"hsa-miR-181a-3p"	1.4952802383059	9.41120887164898	5.30948980728191	0.0212095666056828	0.0322290621047246
"hsa-miR-181a-5p"	-0.318681554159926	14.1502332173236	0.309705595559535	0.577860899859828	0.63739096965988
"hsa-miR-181b-3p"	3.57781151845844	4.25446118905812	16.1003396511566	6.00732610561643e-05	0.00015059840559702
"hsa-miR-181b-5p"	2.56408060335059	11.2511542960434	12.5330032241231	0.00039982665480304	0.000830174428293335
"hsa-miR-181c-3p"	-1.93923088805753	6.60960374580108	17.6146475496831	2.7049689599664e-05	7.17806397181328e-05
"hsa-miR-181c-5p"	-3.40924798154642	9.52017490231162	62.3370641630723	2.89426326421469e-15	4.03712619418664e-14
"hsa-miR-181d-5p"	-1.29131399227514	5.74473707133456	5.10618703671767	0.023840660353594	0.0359260920563855
"hsa-miR-182-5p"	0.326216971905998	9.37797116157778	0.0415431003987266	0.838493189285332	0.86718687256886
"hsa-miR-183-3p"	2.09817996736289	2.14238480086818	0.71774962257766	0.39688306723818	0.465311182279245
"hsa-miR-183-5p"	1.35634853258596	7.36854696346374	0.451175489916523	0.501777260932371	0.566321223956867
"hsa-miR-184"	6.16381590979395	3.87947881389157	2.07206323302828	0.150018451052595	0.194773358884515
"hsa-miR-185-3p"	-2.53567921582006	4.24433115396055	29.3007512946315	6.19716600900011e-08	2.61337853402795e-07
"hsa-miR-185-5p"	-1.81197099318269	6.98951987339395	7.54509735972804	0.00601735707949104	0.0102295070351348
"hsa-miR-186-5p"	-1.60665697039179	12.7115790432537	15.0564370859663	0.000104343789060915	0.000243618116949088
"hsa-miR-187-3p"	0.364648072814308	1.45365327164985	0.0577412798128343	0.810102227723501	0.849697728217746
"hsa-miR-188-3p"	0.751177330068457	2.05304359203075	0.371790084885495	0.542030131785073	0.604230310842376
"hsa-miR-188-5p"	3.85330622052422	3.95506226781325	18.0387485281931	2.16454092624446e-05	5.88755131938492e-05
"hsa-miR-18a-3p"	0.0799441812477055	4.43563967704343	0.0103922077109555	0.918802570912309	0.928820733426898
"hsa-miR-18a-5p"	-1.08272323403964	6.17023240903764	1.49364732913821	0.221651417356528	0.277830348022929
"hsa-miR-190a-5p"	2.57536454539863	5.57645233405949	6.37144436345893	0.0115971166301521	0.0185009719847588
"hsa-miR-190b"	-3.16559053834326	3.04957324886379	13.1578285154612	0.000286320500325948	0.000613221858965811
"hsa-miR-191-3p"	-0.75028992983173	4.04010011873611	1.88396123986207	0.169884609187472	0.216941848352077
"hsa-miR-191-5p"	-3.47752684831029	15.1933948835008	79.544438277103	4.71500206633176e-19	9.86523509263261e-18
"hsa-miR-1910-5p"	3.21859003864673	3.25783540414068	9.19955996411817	0.00242073311033886	0.00447917963273584
"hsa-miR-192-5p"	-3.43463291832272	10.4000408293154	60.2115164613871	8.51922855146195e-15	1.10344293618936e-13
"hsa-miR-193a-3p"	5.57478136217905	9.28855305672478	14.5594306145832	0.000135807205294323	0.000310416469244166
"hsa-miR-193a-5p"	0.401322379064939	8.06978330692743	0.269271214029731	0.60382106747363	0.655646029352604
"hsa-miR-193b-3p"	8.92693879372298	8.3000474494771	63.8930222949692	1.31362095011127e-15	1.88055209700139e-14
"hsa-miR-193b-5p"	6.28850480958283	3.20436821058182	23.7632382275395	1.08943468441764e-06	3.774856486135e-06
"hsa-miR-194-5p"	-3.33853497321356	5.2480560941027	30.6304488463929	3.12156267181055e-08	1.38883917510903e-07
"hsa-miR-195-5p"	2.98002451202318	5.20678375660995	12.8879804680423	0.000330699081652482	0.000697287986119962
"hsa-miR-196a-5p"	3.21787536275053	2.51711033850223	1.45393555198501	0.227897508241095	0.284349184594394
"hsa-miR-196b-5p"	-2.82485562904438	4.77421053927297	2.22359440401125	0.135916301513716	0.178595333390004
"hsa-miR-197-3p"	-4.0117054094511	10.6260055797841	81.4762001542659	1.77384930677554e-19	3.85989609154356e-18
"hsa-miR-1976"	-7.82590108072886	3.51674236814679	118.444120844237	1.38604377623341e-27	5.02671876180649e-26
"hsa-miR-199a-3p"	2.84618670350384	13.0899471470921	17.241411511176	3.29182218050895e-05	8.65097230046798e-05
"hsa-miR-199a-5p"	4.42429158006488	11.0871925791964	26.2929010304598	2.93365030441358e-07	1.07831470648715e-06
"hsa-miR-199b-3p"	2.82430645242751	11.9139455005821	15.3279284266169	9.03705527461078e-05	0.000216570840061157
"hsa-miR-199b-5p"	0.119958294333743	10.7702272340916	0.0156055122641732	0.900585281736738	0.915735314513618
"hsa-miR-19a-3p"	-1.62488065528289	7.54197387685804	6.72176520759044	0.00952433140269181	0.0155592681173103
"hsa-miR-19a-5p"	0.527686703851775	2.04020622325826	0.157624999491253	0.691352601639861	0.737442775082519
"hsa-miR-19b-3p"	-1.97783487631445	9.10833552370489	11.1185272036063	0.000854696286100679	0.00169074465323189
"hsa-miR-200a-3p"	2.33672588874338	4.27505077771314	0.696216425507709	0.404057958082285	0.472704363864007
"hsa-miR-200a-5p"	4.18653012665747	1.84458496964185	1.78462498152655	0.181582429384093	0.231336865538516
"hsa-miR-200b-3p"	2.79536495202262	7.67995634557561	0.992519828681296	0.319127285255425	0.382390403477866
"hsa-miR-200b-5p"	2.21108997678401	1.71205395302914	0.718104068524427	0.396766514050628	0.465311182279245
"hsa-miR-200c-3p"	1.6606444971264	6.36940051752947	0.3425866884788	0.55833992817625	0.618608800260448
"hsa-miR-200c-5p"	2.46495144941408	1.47553487500415	0.651414940290415	0.419607255327617	0.48670862878086
"hsa-miR-203a-3p"	4.4004982441938	3.85445934094436	1.42699640236032	0.232255253324248	0.289123244412794
"hsa-miR-204-5p"	9.3468918457443	9.01266006168038	30.3268955826738	3.65029131008546e-08	1.60141812313427e-07
"hsa-miR-205-3p"	4.80121678373963	2.18201065523093	1.37272466364888	0.241344299916625	0.298943851334579
"hsa-miR-205-5p"	12.3355814017481	10.798416555822	3.96219705515869	0.0465329316376914	0.0667913319548921
"hsa-miR-20a-3p"	-0.10027962496972	2.60439407732335	0.0100152589041826	0.92028377815643	0.928820733426898
"hsa-miR-20a-5p"	-1.37234187040624	8.16587149886039	4.32316390288939	0.0375969553804392	0.0546864805533661
"hsa-miR-20b-5p"	-2.68138636742957	2.1724808790225	2.14133370787868	0.143377194287071	0.187043629957234
"hsa-miR-21-3p"	3.73971153082618	11.8789870953331	24.049213844655	9.39045940965708e-07	3.29574833474416e-06
"hsa-miR-21-5p"	2.89791700707229	15.9373438801132	19.1191592229071	1.22805885833554e-05	3.4977173766206e-05
"hsa-miR-210-3p"	5.61202593397753	8.44140529430198	31.9275336464239	1.60032598137632e-08	7.48015535775238e-08
"hsa-miR-210-5p"	6.79572835368494	5.07370379839082	36.4574623161156	1.56034599327734e-09	9.12718516497715e-09
"hsa-miR-2110"	-2.55233700099604	2.89071361636646	13.65037923348	0.000220196842336273	0.000479148328923731
"hsa-miR-2110-3p"	-2.95272474931952	4.63131478785456	45.7700996800749	1.3297787322959e-11	1.06382298583672e-10
"hsa-miR-2114-5p"	2.39045573150786	1.74791263984252	0.925106157774016	0.336137824053852	0.400129050952507
"hsa-miR-2115-3p"	-8.00409418715033	3.79269013033095	119.942816110249	6.51108016734483e-28	2.53001972216828e-26
"hsa-miR-2115-5p"	-7.56845442573725	2.63479928319672	87.3144034122389	9.25713013184894e-21	2.51793939586291e-19
"hsa-miR-2116-3p"	4.85442972551606	2.80321326291731	11.8262389537965	0.000584018410243141	0.00117668894508248
"hsa-miR-212-3p"	2.2640248930595	4.00350860080191	9.17875623388006	0.00244840351710012	0.00451502207899141
"hsa-miR-212-5p"	0.386066086982883	4.43827417597742	0.270948496232137	0.602696221624523	0.655646029352604
"hsa-miR-214-3p"	11.09793844675	7.69814322314058	69.1289721825542	9.22304910203067e-17	1.6184963585499e-15
"hsa-miR-214-5p"	9.94488687804804	6.56093156847952	65.5369663023972	5.70340687100827e-16	8.61848149396805e-15
"hsa-miR-215-5p"	-0.467476705861398	3.64729662572889	0.477859328233855	0.489393556267468	0.553492920186076
"hsa-miR-218-1-3p"	9.19222692364008	5.82658480571351	36.7193309516237	1.36419960611842e-09	8.06657158400455e-09
"hsa-miR-218-5p"	5.3319959875942	6.87989141265334	29.1152049016451	6.81996359869798e-08	2.81065166491795e-07
"hsa-miR-22-3p"	2.82715579630362	16.1993566499026	23.1876593567531	1.46937238733266e-06	4.99586611693103e-06
"hsa-miR-22-5p"	1.96133182962576	6.87820208125867	11.6153311875203	0.000654103896006469	0.00131303512703882
"hsa-miR-221-3p"	1.99185368728377	13.234669710625	9.963259995692	0.00159695031630324	0.00300046020164205
"hsa-miR-221-5p"	0.97687186938582	10.0288777689818	1.92888873843929	0.164880073778067	0.211544245602049
"hsa-miR-222-3p"	4.4184333035631	13.5294639536737	32.6536285430863	1.10133620339457e-08	5.59931677239855e-08
"hsa-miR-222-5p"	5.81048846354575	5.91686280893881	42.9967822101517	5.48299720217305e-11	4.08595955887964e-10
"hsa-miR-223-3p"	-14.7248042117083	14.8107594664222	93.2498421097856	4.60926281513402e-22	1.39302165079606e-20
"hsa-miR-223-5p"	-10.2412556230508	4.91257203682269	194.537431538262	3.25062965193972e-44	8.84171265327605e-42
"hsa-miR-224-3p"	5.74714353342934	3.50733272463897	15.5933435065935	7.85305611505268e-05	0.000192883478871648
"hsa-miR-224-5p"	5.90951777968086	10.0329632527484	30.6188952631794	3.14020622313254e-08	1.38883917510903e-07
"hsa-miR-2277-5p"	-1.57101954524518	3.72356365876544	8.23845861583897	0.00410119462686402	0.00717349762956085
"hsa-miR-2355-3p"	-2.48579842526993	2.78769359394041	6.46090908949406	0.0110273214077443	0.0176957606071177
"hsa-miR-2355-5p"	-3.11485117977761	5.62385210257322	36.3963008369122	1.61008511454232e-09	9.31793938628747e-09
"hsa-miR-23a-3p"	-2.02878468712949	11.6317954025492	26.601458731563	2.50054883098942e-07	9.25373172828739e-07
"hsa-miR-23a-5p"	0.901820844006391	5.14381094710037	1.77830607592765	0.18235746819581	0.231781454903086
"hsa-miR-23b-3p"	1.78275286236678	10.1137724337561	8.7581578227512	0.00308220222501233	0.00553372280662279
"hsa-miR-23b-5p"	5.27916841619965	2.44213798707465	8.69371829027641	0.00319308570334025	0.00569520859874459
"hsa-miR-23c"	-4.97187487950995	1.40489516988546	14.7761038409615	0.000121059908962586	0.00027905334947308
"hsa-miR-24-1-5p"	2.56232716677572	2.44759001739329	3.97686246394049	0.0461294127005654	0.066387302934147
"hsa-miR-24-2-5p"	-0.367946972112989	7.61157083828886	0.415236628280487	0.519323494964411	0.582498930434308
"hsa-miR-24-3p"	-1.90499328559025	10.2972254834182	15.5709715127287	7.94652800713945e-05	0.000193852521788514
"hsa-miR-2467-5p"	-2.72581177891124	3.94162640084542	37.6137742996077	8.62333769537692e-10	5.34137272887588e-09
"hsa-miR-25-3p"	-3.09836066367516	11.8038680057049	49.3761475870865	2.11299228666564e-12	1.98184104128639e-11
"hsa-miR-25-5p"	-0.156252188615323	4.4561411918295	0.0674570937068246	0.795075880177689	0.839847143333326
"hsa-miR-2682-3p"	6.22766076416409	3.14913260079188	26.6996668540619	2.37662489702191e-07	8.8553694793145e-07
"hsa-miR-2682-5p"	7.54734815453037	4.2769815398797	31.9172950598207	1.60878341334013e-08	7.48015535775238e-08
"hsa-miR-26a-2-3p"	0.0990911962108188	4.88224013051068	0.0541000409167083	0.81607656652225	0.8521029792478
"hsa-miR-26a-5p"	-2.7689752684893	15.2411079649236	59.6377061206129	1.14029361302982e-14	1.44260401276331e-13
"hsa-miR-26b-3p"	-2.89178910977276	6.09205970676585	21.2114653161769	4.11296748114837e-06	1.26409848008176e-05
"hsa-miR-26b-5p"	-3.86356185092151	12.500080963487	68.1420662221143	1.52130341127404e-16	2.43408545803847e-15
"hsa-miR-27a-3p"	-1.07573131229787	12.3609187035489	5.19261483686537	0.0226830625210433	0.0342766278095766
"hsa-miR-27a-5p"	-0.102160627551727	6.40514312378518	0.0364558340168841	0.848577216544759	0.87548594174712
"hsa-miR-27b-3p"	2.44228739390887	14.2671841814053	16.8875023257002	3.96618655821016e-05	0.000102743118460301
"hsa-miR-27b-5p"	4.672609390989	6.70040569328748	34.0256668205884	5.43898501001561e-09	2.90079200534166e-08
"hsa-miR-28-3p"	-1.00264268504653	11.938006108585	4.54432004509804	0.0330281374646727	0.0482992117762956
"hsa-miR-28-5p"	-0.060018398831012	8.51393879343593	0.0110935167298294	0.916117319326901	0.92805925831254
"hsa-miR-296-3p"	6.63587589825648	4.92507406472439	15.3790587775937	8.79577046744845e-05	0.000211721200632387
"hsa-miR-296-5p"	4.43256717346753	4.78234747041922	13.1104293814557	0.000293656374263832	0.000626466931762842
"hsa-miR-299-3p"	7.0956525325685	5.66698957971388	41.8013623253665	1.01032998401347e-10	7.42729069328821e-10
"hsa-miR-299-5p"	5.16660802747765	4.77142793902948	22.1446351369583	2.52861602807992e-06	8.09157128985574e-06
"hsa-miR-29a-3p"	0.866744159853356	13.3924995290821	3.20586164744316	0.0733748501559705	0.101567222607756
"hsa-miR-29a-5p"	0.698405641467516	5.83681117734666	1.47349711560771	0.224794737197642	0.281122613874753
"hsa-miR-29b-1-5p"	1.17292983193447	4.31444191501564	1.91165315056443	0.166779739607974	0.213478066698207
"hsa-miR-29b-2-5p"	-2.6434377126107	2.07813838754835	7.21298014037976	0.00723782183293877	0.0121523922133293
"hsa-miR-29b-3p"	1.32823925133034	9.06271053274356	3.04899142369297	0.0807872980210089	0.110980530614719
"hsa-miR-29c-3p"	-2.94053323341691	8.79114116475306	47.2704288826166	6.18381200451863e-12	5.25624020384083e-11
"hsa-miR-29c-5p"	-3.69021316348538	5.05964573618463	30.1393782714291	4.02083349946288e-08	1.74986673896625e-07
"hsa-miR-301a-3p"	0.945076707344467	8.11056973055281	0.953699754516929	0.328779341217966	0.392227986014415
"hsa-miR-301a-5p"	0.350942632404697	2.87309664393853	0.162124086446443	0.687208403945128	0.734462419933496
"hsa-miR-301b-3p"	1.20909367910153	5.54103470537631	3.29943303678551	0.0693037999785481	0.0976716766537051
"hsa-miR-302a-5p"	5.40353916559222	2.52963658000233	7.65319719827764	0.00566717949925654	0.00969479763394829
"hsa-miR-302b-3p"	4.63858695641255	2.0492130136597	6.61854283599413	0.0100922372343293	0.0163885882252989
"hsa-miR-302d-3p"	4.29445468331165	2.34109544251326	6.78460933808327	0.0091947150571699	0.0151115558643517
"hsa-miR-3074-3p"	-1.27016350904758	1.64515497612708	0.689230447885921	0.406426257296209	0.474056989397073
"hsa-miR-3074-5p"	-1.25662902056687	2.29048132237077	0.754180091098343	0.385156007686443	0.453517030695725
"hsa-miR-30a-3p"	7.77096087806029	7.54885939310304	47.4576473153945	5.62052519948371e-12	4.85327890241133e-11
"hsa-miR-30a-5p"	8.84259442882063	12.8550782864612	66.7532043674838	3.07716814765656e-16	4.78279849235762e-15
"hsa-miR-30b-3p"	0.404884914402195	2.27633037078934	0.132218279588633	0.716143047705365	0.762391033173617
"hsa-miR-30b-5p"	-1.79381319104704	9.37489885623967	13.6130666548483	0.000224616679318026	0.000486818619717156
"hsa-miR-30c-1-3p"	-1.54945257893279	4.33433692083068	13.6864446841232	0.000216008026238953	0.00047192114969474
"hsa-miR-30c-2-3p"	8.22066685999104	4.90000795613009	40.361951104571	2.11010714879726e-10	1.4352826970578e-09
"hsa-miR-30c-5p"	-2.4858714266713	11.7905671299556	37.4012365526274	9.6161139839962e-10	5.877714614937e-09
"hsa-miR-30d-3p"	0.917963883126223	5.03076947807707	2.06536462300981	0.150678885262153	0.19516503233955
"hsa-miR-30d-5p"	-1.74088396867537	12.133553362975	17.2027989471943	3.3594103290565e-05	8.78615009137854e-05
"hsa-miR-30e-3p"	-3.45068298867194	8.10349239365929	43.2590469488359	4.79515450425632e-11	3.62300562543811e-10
"hsa-miR-30e-5p"	-2.12402625943833	12.1613097800106	18.6651879604031	1.55801216235621e-05	4.3023280016334e-05
"hsa-miR-31-3p"	11.7130430228439	8.30846806641135	51.9888772581469	5.58159139001965e-13	5.83920330032825e-12
"hsa-miR-31-5p"	11.2570360986379	13.6043388500373	131.5905350811	1.83893436770921e-30	1.00038029603381e-28
"hsa-miR-3117-3p"	6.54152259478732	3.40015375058519	15.5287448937834	8.12601523765892e-05	0.000197346084343145
"hsa-miR-3129-3p"	5.20643273402428	3.06800059612683	12.1078524884274	0.00050209928106047	0.00101918660036155
"hsa-miR-3150b-3p"	-7.23259030624613	2.40508506276808	71.0300305842232	3.51828685322155e-17	6.37982682717508e-16
"hsa-miR-3152-5p"	6.93827012698823	3.73677469603497	19.2201751923777	1.16475884142271e-05	3.33488847228397e-05
"hsa-miR-3158-3p"	0.919519102091344	3.43251748364941	1.31392494639969	0.251685250179041	0.310468880039452
"hsa-miR-3168"	3.46831409232201	3.59034884260743	7.58570443044351	0.00588329694649207	0.0100329578021683
"hsa-miR-3173-5p"	-3.37571804729701	2.10192156383612	16.2670737224242	5.5011625114331e-05	0.000139842635804655
"hsa-miR-3176"	2.59879328446754	3.29008604497359	4.79956197464362	0.0284669735969902	0.0425440484526447
"hsa-miR-32-3p"	-2.16795007433781	2.35769794275784	4.76050992506598	0.029119919783817	0.0432820665639248
"hsa-miR-32-5p"	-1.32153587284988	3.82787585558324	2.11017940170209	0.146322162777066	0.190428843422784
"hsa-miR-3200-3p"	3.83092399913406	3.74820531706623	8.6159464157775	0.0033323260569	0.00592413521226666
"hsa-miR-320a"	1.4417167674237	10.4102256312666	6.49615935368244	0.0108107774897765	0.0173995945397586
"hsa-miR-320b"	-0.920160864810092	2.80396384534498	2.62349064349028	0.105292586220856	0.141780116099371
"hsa-miR-320d"	-2.92944555248958	2.34107797377587	11.8293157808231	0.000583054154118597	0.00117668894508248
"hsa-miR-323a-3p"	5.54720982521158	6.29437260181667	30.9757617507527	2.612709706726e-08	1.17463973591648e-07
"hsa-miR-323b-3p"	1.9042140841415	5.31916455535522	4.79055463292283	0.0286162106437394	0.0426499139457377
"hsa-miR-324-3p"	0.0807397494913364	5.09413842447076	0.0358931321910205	0.849736355225146	0.87548594174712
"hsa-miR-324-5p"	-1.16699667270242	4.21114888222526	4.96989161338574	0.0257922636893794	0.0387596448812773
"hsa-miR-326"	-3.98715402696252	5.09278402383697	27.2698512259098	1.7694905164119e-07	6.77889324597236e-07
"hsa-miR-328-3p"	-1.24019541289685	6.53286482560142	8.23270699559022	0.00411421187577755	0.00717349762956085
"hsa-miR-329-3p"	4.89585605401535	5.94446185593123	31.6146666819453	1.88004295516147e-08	8.59448208073815e-08
"hsa-miR-330-3p"	-2.06319248682027	5.14432445395561	17.2658785242525	3.24970374527517e-05	8.58174192927035e-05
"hsa-miR-330-5p"	0.624525641925797	5.61273722402478	0.643601021163482	0.422409815522585	0.488916892860183
"hsa-miR-331-3p"	-0.404265932138148	8.64695454908711	0.437654247014777	0.508256828772451	0.572446614600856
"hsa-miR-331-5p"	2.44250185405797	3.59501840538844	9.47350254142376	0.0020846097816188	0.0038836565794542
"hsa-miR-335-3p"	3.15344724041533	7.757021164159	11.2459515112303	0.000797968754913055	0.00159009158488169
"hsa-miR-335-5p"	0.357912272387399	6.76116790167184	0.19815625163462	0.656213200556738	0.704102526830109
"hsa-miR-337-3p"	5.40166887775457	6.16010856144527	44.7161567220466	2.2777004039732e-11	1.77009859965918e-10
"hsa-miR-337-5p"	6.57583341107817	4.13722200622887	27.5794196394127	1.50774506581165e-07	5.85866654143955e-07
"hsa-miR-338-3p"	-13.1744130767421	9.88392639712767	265.519531355638	1.07507225436518e-59	5.8483930637466e-57
"hsa-miR-338-5p"	-9.33303792112314	6.2961921200086	133.070324955795	8.72651913495745e-31	5.27469601046317e-29
"hsa-miR-339-3p"	0.321202410381803	6.97125816288202	0.548256805621158	0.45903083842736	0.523506868143573
"hsa-miR-339-5p"	-0.354648635247627	7.01184024756297	0.548532706520405	0.458917849956279	0.523506868143573
"hsa-miR-33a-3p"	-0.653137280315262	2.86773794850062	0.621029185212851	0.430665091287486	0.496359766229645
"hsa-miR-33a-5p"	0.219222724946813	4.48187768948976	0.0644109756915547	0.799655346395557	0.843047496975161
"hsa-miR-33b-3p"	1.84416532423581	2.95065579301322	3.26703113498861	0.0706854369668123	0.0983449557799127
"hsa-miR-33b-5p"	0.37792602816018	4.4624531351329	0.283711861438709	0.594278588052457	0.650477971630858
"hsa-miR-340-3p"	-3.34522113082195	5.52046991720999	64.8947737374112	7.9006342123494e-16	1.16160675986975e-14
"hsa-miR-340-5p"	-3.86790734863209	9.69393319640841	78.7942495689318	6.89274116388869e-19	1.33916114041266e-17
"hsa-miR-342-3p"	-1.87836810402595	8.12775103943917	15.2276069293789	9.53000325956921e-05	0.000227382533912529
"hsa-miR-342-5p"	-0.905327419229888	3.22906982550553	3.90013042956437	0.0482823591399206	0.0689385915278656
"hsa-miR-345-3p"	3.61843322049685	2.60845298766165	1.9475856158375	0.162847261350343	0.209430047694058
"hsa-miR-345-5p"	-1.71603914157924	8.82610266915323	12.6438657214706	0.00037680001681448	0.000788381573642604
"hsa-miR-34a-3p"	6.61985340045392	3.46332076810417	12.1639016860229	0.000487233473786195	0.000996447405036429
"hsa-miR-34a-5p"	6.40974748783476	8.7293296440025	22.4365426158491	2.17201962424876e-06	7.11794382886342e-06
"hsa-miR-34b-5p"	0.995264855428537	3.96162809559	1.04047620113697	0.307710745991273	0.370342136768258
"hsa-miR-34c-5p"	2.10212241270299	7.05288953363528	8.78602918957249	0.00303546259642009	0.00546785315381632
"hsa-miR-3605-3p"	-1.91659085220037	4.49417921355768	12.5090519298689	0.000404985060949624	0.000837687730633444
"hsa-miR-3605-5p"	-2.02017129305018	3.91445433302742	14.517455772279	0.000138866818594198	0.000314977815113746
"hsa-miR-3607-3p"	-0.89126031884645	5.30941948748727	2.15323711628808	0.142269650090094	0.186493228069906
"hsa-miR-3609"	-4.4607614060329	1.69172429273284	19.2596327543043	1.14093264975963e-05	3.30142213547467e-05
"hsa-miR-361-3p"	-1.85257125254098	8.67443926718404	10.9421367355688	0.000940016997500674	0.00184609836332262
"hsa-miR-361-5p"	-1.20353108972656	7.73315815887688	10.3926244630655	0.00126519665861694	0.00244066305775751
"hsa-miR-3613-3p"	-2.61842334695186	3.1845612838398	11.0590818685287	0.000882538350278167	0.00173949587880914
"hsa-miR-3613-5p"	-3.05549086259811	4.86407307679921	29.5181453897702	5.53956440675298e-08	2.35431487287002e-07
"hsa-miR-3614-5p"	-4.73853288739499	4.47863552758715	15.75770494986	7.199411892915e-05	0.000178834706381085
"hsa-miR-3615"	-4.49572836365515	5.01346730749397	85.5921499745179	2.21151651642083e-20	5.72888088063302e-19
"hsa-miR-362-3p"	0.500289588612618	2.72616946691401	0.417678100301858	0.518097906683016	0.582324919908183
"hsa-miR-362-5p"	-0.444935253024799	4.32306819700561	0.281222290020224	0.595901201507759	0.650944284377954
"hsa-miR-363-3p"	-4.55818717734293	5.10597532772919	6.5653322588791	0.0103984321826149	0.0168355568670907
"hsa-miR-3651"	0.0987698763821449	2.93036646791235	0.012307180951094	0.91166572241351	0.925272673494309
"hsa-miR-365a-3p"	0.942318722814399	6.78033948146683	3.09970093469475	0.0783066782151942	0.107845146706495
"hsa-miR-365b-3p"	0.932620971219426	6.77190798790857	3.00352741541118	0.0830834436089454	0.113847338345759
"hsa-miR-365b-5p"	4.10115520466249	3.61298196164529	17.7910919555384	2.46534795320347e-05	6.57426120854258e-05
"hsa-miR-3661"	2.8943151872376	3.10922564135695	11.529898829797	0.00068485741016878	0.00136971482033756
"hsa-miR-3677-3p"	1.18800629779733	3.03769793907243	1.1469135890563	0.28419617672802	0.345095357455452
"hsa-miR-369-3p"	4.68297057041204	6.57422410768719	19.0004700358351	1.30686256850689e-05	3.68359190294171e-05
"hsa-miR-369-5p"	4.85127187238979	6.03417251079893	38.1531650396379	6.54035666426738e-10	4.13715584344355e-09
"hsa-miR-3690"	-8.35205491328595	4.62715476169088	84.5681638562378	3.71194347587352e-20	8.41373854531332e-19
"hsa-miR-370-3p"	4.47054449260708	6.74549286854253	33.1237227496212	8.64771808153577e-09	4.5234217657264e-08
"hsa-miR-370-5p"	5.90949656150185	2.9011198798281	15.0646217163788	0.000103892310678538	0.000243609556073814
"hsa-miR-371b-3p"	-7.86019097596977	2.84906378134634	88.2823125562891	5.67486229657996e-21	1.62480267859974e-19
"hsa-miR-371b-5p"	-10.4909329487002	5.14965709815875	169.143012858016	1.13852804497406e-38	1.54839814116472e-36
"hsa-miR-374a-3p"	-0.03710064497723	6.95326752332276	0.00344182976207641	0.953217256844082	0.958503119636193
"hsa-miR-374a-5p"	-2.93635902343405	6.48706710321724	47.8136730438561	4.68711773408013e-12	4.17998696285179e-11
"hsa-miR-374b-3p"	0.507025156174707	3.54095801946946	0.310646611516155	0.577283669513077	0.63739096965988
"hsa-miR-374b-5p"	-1.60590040939804	6.01421430546745	7.12806201337716	0.00758867053161397	0.0127022669821477
"hsa-miR-375"	9.58094555542879	7.97793344595085	2.76986548894061	0.0960542327115483	0.130633756487706
"hsa-miR-376a-2-5p"	4.24328996397864	2.55902737324726	6.94939468201115	0.00838475995020428	0.0138657858538013
"hsa-miR-376a-3p"	4.23789887179785	5.4655206575941	22.0341265844787	2.67845564802459e-06	8.47139460770568e-06
"hsa-miR-376a-5p"	7.37008767137671	6.47515329466161	29.1440087036074	6.71932076692536e-08	2.81065166491795e-07
"hsa-miR-376b-3p"	4.86071973482786	4.8576024854189	19.2455026588148	1.1494082385629e-05	3.30834963903819e-05
"hsa-miR-376c-3p"	5.05169014071125	7.35209900473486	22.582321141353	2.01328722899313e-06	6.63774698528644e-06
"hsa-miR-377-3p"	4.93242044626756	4.7260906915164	21.9660088280092	2.77522267957218e-06	8.72671177853912e-06
"hsa-miR-377-5p"	3.91011479214424	5.78530091067061	26.9688599044083	2.06759792878379e-07	7.81425716952311e-07
"hsa-miR-378a-3p"	-0.217500682797238	9.78933263738138	0.0449022232049572	0.832183921753858	0.863026666474882
"hsa-miR-378a-5p"	-1.51952863300385	3.05775806249215	1.04223992007871	0.307301097411294	0.370342136768258
"hsa-miR-379-3p"	4.04350121444957	4.76091525667804	20.7703787597574	5.17776471756025e-06	1.57357765718032e-05
"hsa-miR-379-5p"	4.71920219731065	4.81829253462364	22.3565892814324	2.26434797997684e-06	7.3760796473497e-06
"hsa-miR-380-3p"	4.2055593297349	4.38035477178044	19.6411536417304	9.34348898634935e-06	2.73271935944841e-05
"hsa-miR-381-3p"	6.71913905208303	9.83671427481537	32.2843575425255	1.33181185149408e-08	6.48276105422079e-08
"hsa-miR-382-3p"	3.85710064745427	4.54196805899368	19.8700805964596	8.28874556288765e-06	2.43733923578967e-05
"hsa-miR-382-5p"	4.20113250826489	6.56977976213186	22.6514238340564	1.94216244813324e-06	6.44229494990539e-06
"hsa-miR-3909"	-1.89059147634598	5.23189069588099	13.7193543686712	0.000212255822461243	0.000465593417011759
"hsa-miR-3928-3p"	-1.23379004870588	3.28514849418819	2.57231965537165	0.108748162778826	0.146071606300448
"hsa-miR-3929"	3.93448896465361	1.70555150453416	2.69180884203873	0.100865252444841	0.136494271965157
"hsa-miR-409-3p"	3.97527305176631	11.0518065661832	22.3084594253146	2.32181532790618e-06	7.51825915702954e-06
"hsa-miR-409-5p"	3.66472378034237	9.11043160848955	10.3421563512987	0.00130026023731818	0.00249063932782074
"hsa-miR-410-3p"	3.98381819891842	9.13699604856262	15.1740116836936	9.80435268083407e-05	0.000231894254711902
"hsa-miR-411-3p"	4.49865567647894	4.86459502589335	17.0040121226686	3.73009150302246e-05	9.7089463045178e-05
"hsa-miR-411-5p"	5.76358116210761	10.2062275467745	40.3613931468268	2.11070984861441e-10	1.4352826970578e-09
"hsa-miR-412-3p"	3.4627031262172	2.06799931210917	4.67181756390697	0.0306614618382786	0.0450943907731153
"hsa-miR-412-5p"	3.1404003436903	4.14314370409013	9.97681012238568	0.00158524075846739	0.00299434365488286
"hsa-miR-421"	-0.645447666223031	7.44142687016158	1.23360375024293	0.266707337526761	0.326042228347321
"hsa-miR-423-3p"	-0.531311985947099	12.0391199140821	1.15670615106251	0.282149704615616	0.343376821724597
"hsa-miR-423-5p"	-0.459240885877401	11.3409954782028	0.781142921602381	0.376791821530403	0.444630696122644
"hsa-miR-424-3p"	-0.811870328134704	5.82423278625173	1.54432531731069	0.213975136854688	0.269450172335533
"hsa-miR-424-5p"	-1.94761773163656	7.61863632475665	8.99001232813959	0.00271459169100631	0.00493892267527569
"hsa-miR-425-3p"	-3.98617012364828	5.97387676265167	79.2282656472272	5.53327438371396e-19	1.11485232027422e-17
"hsa-miR-425-5p"	-3.4528059933224	9.20705911046207	58.8379504586753	1.71207029988411e-14	2.1167414616749e-13
"hsa-miR-4286"	-6.06811735997392	2.17654003114201	46.2921044703407	1.01873653293608e-11	8.39685869571559e-11
"hsa-miR-429"	3.64291005795988	4.90528822599847	1.28898202561154	0.256235635138423	0.314655046309937
"hsa-miR-431-3p"	4.56572081051527	5.48788863116376	26.929583279436	2.11004322082887e-07	7.91630008366142e-07
"hsa-miR-431-5p"	3.72444499951874	7.03390771922777	21.5476444927432	3.45146343847865e-06	1.07291206316136e-05
"hsa-miR-432-5p"	4.42505184599737	7.03260783194873	28.6425422968942	8.70485894865054e-08	3.56048366019992e-07
"hsa-miR-4326"	1.69047006692074	4.45461991578092	3.46950847985899	0.0625098825020245	0.0885556668778681
"hsa-miR-433-3p"	3.1828780155565	3.75987474577871	10.8169476244732	0.00100575166519924	0.00195403180667281
"hsa-miR-433-5p"	4.8479663403103	2.17224845693056	7.85198270171708	0.00507650035485545	0.0087392917501309
"hsa-miR-4421"	3.83483944325414	2.06508895175885	3.82475300655522	0.0505007905292484	0.0717295823705251
"hsa-miR-4433b-5p"	-9.04828189760524	3.82279734860165	143.171216141954	5.39256603100087e-33	4.19079417266353e-31
"hsa-miR-449a"	2.46448561034613	2.46041783570102	2.63975464761877	0.104219638004858	0.140683580830379
"hsa-miR-449b-5p"	2.51252411716238	1.50848800723102	1.51124994840798	0.218948454372719	0.275076118195748
"hsa-miR-450a-5p"	-2.36780992671393	6.94629840010151	22.7399321763583	1.85473302772969e-06	6.19002924591995e-06
"hsa-miR-450b-5p"	-1.78067200901269	7.54304400321049	10.1378147670817	0.00145258261597829	0.00277264892313048
"hsa-miR-451a"	-12.4322374070413	10.9061475124323	139.030637453901	4.33706583274958e-32	2.94920476626972e-30
"hsa-miR-452-3p"	7.33528571290973	4.83287971958995	26.0429211195878	3.33910884875492e-07	1.21098347581512e-06
"hsa-miR-452-5p"	6.56519341597546	7.27360262080304	38.6146580096777	5.16297203840713e-10	3.30430210458056e-09
"hsa-miR-4521"	4.51988083430948	4.58534225290615	12.4913769364163	0.000408834745879366	0.00084244735514536
"hsa-miR-4524a-5p"	5.06558242396652	2.30548190295453	8.07970310695528	0.00447637788451933	0.00775525340502712
"hsa-miR-454-3p"	-2.0046573522658	7.04757136416189	13.7583678223739	0.000207892660699868	0.000457868855954366
"hsa-miR-454-5p"	-2.01911262638149	4.70887265217712	20.1177498100584	7.2817746157249e-06	2.16463682565811e-05
"hsa-miR-455-3p"	9.17144775410811	6.70287389106301	34.1611741238632	5.0731094134039e-09	2.73244705038784e-08
"hsa-miR-455-5p"	9.51262794056113	6.13730810629638	49.1445471022247	2.37778440881823e-12	2.19239782779172e-11
"hsa-miR-4636"	4.54450505687137	1.9980334323458	5.99385117843599	0.0143558268861995	0.0224412926037142
"hsa-miR-4645-3p"	-4.06106137352137	3.1661785360797	32.1871957777181	1.40010417817393e-08	6.74032453917362e-08
"hsa-miR-4662a-5p"	2.15354254097215	3.08899723046135	2.98633577998409	0.0839699775116788	0.114773034588827
"hsa-miR-4677-3p"	0.138451804868241	5.11465595878924	0.0503360149542509	0.82247961093581	0.85550460487396
"hsa-miR-4732-3p"	-5.75490833926692	1.62371757546494	28.2172827755183	1.08432033363404e-07	4.33728133453617e-07
"hsa-miR-4772-3p"	-8.04968732663781	2.99320659560409	95.7668230284821	1.29243560031035e-22	4.13579392099311e-21
"hsa-miR-4772-5p"	-9.56687442778862	4.28656139176696	155.418296984166	1.13444600625361e-35	1.23427725480392e-33
"hsa-miR-4775"	2.80203311434245	4.83858370220561	16.2552222927107	5.53568026357181e-05	0.000140065584343398
"hsa-miR-484"	-2.02967105568589	10.527219274149	23.7310367973533	1.10781526870303e-06	3.81425003907879e-06
"hsa-miR-485-3p"	2.73147481752941	6.06484933784761	12.1414601142654	0.000493131529371312	0.00100473240441196
"hsa-miR-485-5p"	4.56854638809335	6.40709660997969	20.8919906947216	4.8592211938739e-06	1.48506535363337e-05
"hsa-miR-486-3p"	-1.45589869882084	3.89091532076205	2.28871066963914	0.130318138809214	0.172489215358181
"hsa-miR-486-5p"	-5.36852806885125	11.9886576501176	51.45602677734	7.32188644132636e-13	7.37612263718803e-12
"hsa-miR-487a-3p"	2.96404242432357	4.48959771994116	9.8590477133533	0.00168998560160716	0.00315928579819345
"hsa-miR-487b-3p"	4.6481175353609	8.04582919047206	31.7572409251803	1.74696738449514e-08	8.05381573868947e-08
"hsa-miR-490-3p"	4.13863686901628	2.4819860627811	2.52980833044726	0.111713785337169	0.148587528663619
"hsa-miR-491-5p"	-2.88010420462726	2.75860689729059	25.8890899682881	3.61607142529529e-07	1.30274361282162e-06
"hsa-miR-493-3p"	6.06768843608184	6.91710843699713	44.9802202864367	1.99034746953681e-11	1.56920148322902e-10
"hsa-miR-493-5p"	4.56307358801825	6.43518542522437	41.0273571638412	1.50113231691191e-10	1.06054023428582e-09
"hsa-miR-494-3p"	4.75896030037836	6.4898932279003	32.5431116851726	1.16577587539643e-08	5.81818418546474e-08
"hsa-miR-495-3p"	3.93549264821062	6.26989832642416	26.9680356404659	2.06847983899141e-07	7.81425716952311e-07
"hsa-miR-496"	2.0089340447657	4.4221950146546	3.87318175605769	0.0490634263082687	0.0698704290882152
"hsa-miR-497-5p"	5.40173117488518	5.39067317361313	15.6747269514797	7.52226248323676e-05	0.000186005035949127
"hsa-miR-500a-3p"	0.085847343714947	9.47491423356795	0.0209833401624309	0.884824350380307	0.906486716773799
"hsa-miR-501-3p"	0.058947873548426	8.33931097501045	0.00862584728453442	0.926002517739323	0.932861795648503
"hsa-miR-501-5p"	2.03422938748241	3.54180102781339	6.27088495345135	0.0122737827305289	0.0194528938359208
"hsa-miR-502-3p"	0.580788276536566	5.39388502256858	0.632416218517445	0.426470411852524	0.492568798402915
"hsa-miR-502-5p"	0.418401793585011	2.48041751186527	0.210242855060342	0.646577123286193	0.697391232643326
"hsa-miR-503-5p"	0.665329009263092	3.87687300010871	0.588665488698961	0.442935630414955	0.508348065286362
"hsa-miR-504-5p"	-3.54020998250109	4.3923123946561	15.2181638961308	9.57777444192503e-05	0.000227524423423896
"hsa-miR-505-3p"	-0.42460015120581	6.53522632459632	0.599161912319371	0.438897973268915	0.504779064393847
"hsa-miR-532-3p"	0.245356353778833	5.895479327926	0.233491445844546	0.628946972315523	0.680213027713011
"hsa-miR-532-5p"	-0.00581251623349432	9.43936042713172	0.000117514672766106	0.991350766866504	0.993176458886516
"hsa-miR-539-3p"	5.75705610728548	6.3207716672143	27.3359816005741	1.70999628301026e-07	6.59743246778427e-07
"hsa-miR-539-5p"	4.96516652453626	4.07965547938004	22.7544419920059	1.84078154911767e-06	6.18138989333342e-06
"hsa-miR-541-5p"	6.08448355580701	3.03087919603411	15.5889444692422	7.87134785101211e-05	0.000192883478871648
"hsa-miR-542-3p"	0.170406978458745	4.76921571221863	0.0617296670017176	0.803782725968235	0.845759773552649
"hsa-miR-542-5p"	-3.07353579924838	4.44772967248319	18.5420749906922	1.66194775429145e-05	4.56615948653813e-05
"hsa-miR-543"	4.68785247193894	5.7328261409945	32.2801686383941	1.3346860993984e-08	6.48276105422079e-08
"hsa-miR-548au-5p"	-5.47209785132778	2.49188208729231	28.3576401363322	1.00848007318111e-07	4.06380118378166e-07
"hsa-miR-548e-3p"	-4.27015084239395	7.06086584140533	75.3073958911072	4.02847820636253e-18	7.55686946296972e-17
"hsa-miR-548e-5p"	-3.68555216631624	4.0545388991898	25.6879428951042	4.01326613345857e-07	1.42693906967416e-06
"hsa-miR-548h-5p"	1.16746089587028	2.24461553624674	0.983735853068826	0.321278221377045	0.384121653690358
"hsa-miR-548k"	-2.81342197120037	6.64773810423059	23.5738290418818	1.20211434198021e-06	4.11289435243543e-06
"hsa-miR-548o-3p"	-1.62909241061508	3.98392289170112	6.74464921797653	0.00940292626312719	0.0154072044793409
"hsa-miR-548w"	-2.06135443520851	2.92698458497611	10.1229194118614	0.0014643686667298	0.00278537256888466
"hsa-miR-549a"	5.68397338956852	2.72345178925225	8.36381176790244	0.00382766820636282	0.00673867800731837
"hsa-miR-549a-5p"	8.01296401434713	4.70294643420742	20.2049190999072	6.95737986074643e-06	2.07956848584948e-05
"hsa-miR-550a-3p"	-3.75339056573708	4.81186650999765	41.1111346894117	1.43814702543332e-10	1.02941050241543e-09
"hsa-miR-550a-5p"	-2.09741927768319	3.48512074103545	6.01424747199386	0.0141908287212763	0.0222472934420009
"hsa-miR-551a"	-4.95017884594234	3.12236170586532	12.5661344143399	0.00039280023151747	0.000818710061093885
"hsa-miR-561-5p"	5.27383224366278	4.13495540234932	13.82608707843	0.000200532539211455	0.000443454070451348
"hsa-miR-574-3p"	1.37951263128207	9.47462318102282	5.3519947645167	0.0206985771615765	0.0316292864491506
"hsa-miR-574-5p"	4.37215098249647	3.76174496850055	13.5430652910885	0.000233151292452196	0.000503310726563472
"hsa-miR-576-5p"	-2.07987479643193	4.92253607261403	29.1204078858534	6.80167282582464e-08	2.81065166491795e-07
"hsa-miR-582-3p"	-4.02497973502771	6.19021258075926	35.0982628253058	3.13480324185154e-09	1.77638850371587e-08
"hsa-miR-582-5p"	-5.63310749429109	6.73400692148747	37.6099060249414	8.64045588494627e-10	5.34137272887588e-09
"hsa-miR-584-5p"	-0.370242494708245	7.00647823033323	0.388332536880094	0.533177195834065	0.595581918960434
"hsa-miR-585-3p"	5.74589953562941	2.77572635334916	10.8189831045371	0.00100464653660335	0.00195403180667281
"hsa-miR-589-3p"	-1.19040041579896	4.47401192267624	4.67129360264604	0.0306708172537733	0.0450943907731153
"hsa-miR-589-5p"	-1.86447251673734	7.94651998232825	9.98234382969683	0.00158048376287972	0.00299434365488286
"hsa-miR-590-3p"	-1.38503449010305	5.48817989317225	4.72980311667602	0.0296442784608766	0.0438977412236032
"hsa-miR-598-3p"	-0.165148431616126	3.31830194486348	0.0169604519947981	0.896382640385399	0.914271560962937
"hsa-miR-605-3p"	2.23358707710305	2.98509063001056	2.71414699861611	0.0994621260177226	0.134931163475414
"hsa-miR-605-5p"	2.65074152316267	1.76712378611687	2.54617041306846	0.110561953475866	0.147415937967821
"hsa-miR-615-3p"	7.93510179969203	4.62433813297455	10.6874947776836	0.00107862175173549	0.00208815029517475
"hsa-miR-616-5p"	-1.95364827258897	3.85805052695605	6.26344589792844	0.0123254237676117	0.0194528938359208
"hsa-miR-618"	-9.19321452351588	5.94419500061108	179.830646762252	5.27712150024181e-41	9.56918032043848e-39
"hsa-miR-625-3p"	1.65440330743326	6.17206119243174	4.5474089695859	0.032968600423611	0.0482992117762956
"hsa-miR-625-5p"	1.08219794091777	5.9242924924311	2.5621234829162	0.109451480454062	0.146654200411353
"hsa-miR-627-3p"	-2.44886640710095	2.40627953806734	18.7304581550465	1.50558332085154e-05	4.19767395447536e-05
"hsa-miR-628-3p"	-3.94940776367081	3.94382342509483	48.8640478841576	2.74333499923022e-12	2.48729039930206e-11
"hsa-miR-628-5p"	-3.16940379166522	5.11564763613569	40.6088202216438	1.85965331373798e-10	1.29698897778649e-09
"hsa-miR-629-3p"	-2.45934803960548	2.88434979851272	12.920494045642	0.000325004068279342	0.000687946354645767
"hsa-miR-629-5p"	-2.42108721358764	5.75295334766554	13.4879547636938	0.000240099754656129	0.000516261923055077
"hsa-miR-641"	-0.448159509537077	4.20542569018535	0.67094950881833	0.412720760831798	0.479743790368586
"hsa-miR-651-5p"	-2.73018114195299	2.27231298790533	6.42981880973448	0.0112220026101372	0.0179552041762196
"hsa-miR-6511b-3p"	1.0104535015152	2.76463227514731	2.01373242829645	0.15588140672233	0.200946647528312
"hsa-miR-6516-3p"	-4.61156537410765	2.14251085668316	21.2141821739495	4.10714146591944e-06	1.26409848008176e-05
"hsa-miR-652-3p"	-3.55787575071604	7.19561883242527	32.5783783764978	1.14481267157214e-08	5.7664638271782e-08
"hsa-miR-652-5p"	-3.26203128600389	3.82438640994915	22.8986204807374	1.70774373127564e-06	5.77026453300588e-06
"hsa-miR-654-3p"	4.7426658898167	10.6439722272445	31.0119375175696	2.56446302635675e-08	1.16255657194839e-07
"hsa-miR-654-5p"	4.11775626777669	5.08773415586653	16.7747806026019	4.2088977972881e-05	0.000108001905741732
"hsa-miR-655-3p"	5.03397607779792	3.68561892875892	16.2446686080962	5.56660158000671e-05	0.000140195891644613
"hsa-miR-656-3p"	5.22553607762941	5.15714077296637	34.8049724691578	3.64441466886104e-09	2.02302202026572e-08
"hsa-miR-659-5p"	-1.67453611232092	2.88116632171046	5.40293802282796	0.020102883105775	0.0308055448156102
"hsa-miR-660-5p"	-0.132926717376288	8.65707069918784	0.0508603173191204	0.821572962848789	0.85550460487396
"hsa-miR-664a-3p"	-2.87299535522834	5.7452343091831	19.0704371507878	1.25981351994638e-05	3.56947163984809e-05
"hsa-miR-664a-5p"	-2.59758684353157	2.56123721198385	7.23261709280779	0.00715907684206233	0.0120948378946643
"hsa-miR-665"	9.0219092624505	5.66233326131549	50.0675648486077	1.48542151846827e-12	1.4176654492048e-11
"hsa-miR-668-3p"	3.06807981369851	3.35860933163522	14.211551574393	0.00016336456748787	0.000367232746749592
"hsa-miR-671-3p"	1.04537170053053	7.38194398363901	4.41001429591073	0.0357285417052498	0.0521081144441176
"hsa-miR-671-5p"	2.89339747733716	4.48276349030699	12.4400113290523	0.000420233234083989	0.000862667469213925
"hsa-miR-6803-3p"	-3.78975380579449	2.82628831669163	36.3437356622015	1.65410009546184e-09	9.47189949401304e-09
"hsa-miR-6819-3p"	-3.74018512724755	2.29809620039963	28.1608890855126	1.11637810366196e-07	4.43291743351901e-07
"hsa-miR-6842-3p"	-6.97053333357394	4.66764694322212	68.5565312595332	1.23292060809369e-16	2.03245094182718e-15
"hsa-miR-6852-5p"	-2.00330735430459	3.22065964351953	9.24560683650138	0.00236061056229889	0.0043828400883638
"hsa-miR-7-1-3p"	-2.48347597944943	4.53748662484478	47.0082605947869	7.06881411062811e-12	5.91605365566414e-11
"hsa-miR-7-5p"	-1.88782551225564	5.51142902783727	7.2476945673873	0.00709921001754309	0.012031059967425
"hsa-miR-708-3p"	9.24128507015732	5.87424968783091	44.4126747738419	2.65959612731929e-11	2.03777506093196e-10
"hsa-miR-708-5p"	7.78114427937611	6.28022598211913	39.3359848534075	3.56804702616952e-10	2.39631800276076e-09
"hsa-miR-7155-3p"	-3.22790819479	2.21375898294328	14.9387235964366	0.000111059846286121	0.000257091729275105
"hsa-miR-744-3p"	-0.607315810455341	3.27283092775923	0.782560803704662	0.376359097462676	0.444630696122644
"hsa-miR-744-5p"	-1.26848716189183	8.14432487971638	8.87825066531735	0.00288587933016386	0.00521567560003036
"hsa-miR-758-3p"	4.92904349161092	6.6520731949933	27.7777935898196	1.36079116921779e-07	5.36427823227881e-07
"hsa-miR-758-5p"	5.52275758745195	2.61384729668508	14.5161812181052	0.000138960800785476	0.000314977815113746
"hsa-miR-766-3p"	-4.58254857414747	5.43634537178338	47.6378458805892	5.12691093827202e-12	4.49845088777416e-11
"hsa-miR-769-5p"	-0.560044904632011	9.61903111642023	1.37011095549945	0.24179282093238	0.298943851334579
"hsa-miR-770-5p"	4.32858104420253	2.36357763698859	7.04261776139687	0.00795926154999617	0.0132410956672719
"hsa-miR-7706"	0.719121617331488	5.04499809657455	1.37985180668805	0.240126391654196	0.298239171369594
"hsa-miR-7974"	8.09421961295138	4.78153781492528	20.0147202222483	7.6848299520113e-06	2.27203668146421e-05
"hsa-miR-7976"	-2.59642184844325	3.87461415600041	14.2374431340234	0.000161132316813147	0.000363717760773244
"hsa-miR-7977"	-2.20645983357578	2.62968302781794	5.4949274185319	0.0190717194389409	0.0293909783988211
"hsa-miR-873-3p"	-4.38031290311834	2.93588009844244	8.43483291332315	0.00368100703013193	0.00650151891036289
"hsa-miR-873-5p"	-5.11561089981208	3.11742850253053	14.2017489621836	0.000164217808332412	0.000367631636760625
"hsa-miR-874-3p"	0.208803106991009	4.30988611371753	0.0558209778336334	0.813227327209316	0.850760896157438
"hsa-miR-877-3p"	-0.25265519044759	1.79084249549062	0.0445226658897013	0.832884190991385	0.863026666474882
"hsa-miR-877-5p"	2.62142527906765	5.48483524839859	17.8092637517303	2.44191441221702e-05	6.54384945934019e-05
"hsa-miR-887-3p"	8.48140839863116	5.14420075053688	51.5467595736079	6.99119864362824e-13	7.17587181534672e-12
"hsa-miR-887-5p"	5.78555567440637	2.81129481148328	19.4100035108773	1.05453246305428e-05	3.06773080161244e-05
"hsa-miR-889-3p"	5.32973031149649	7.41159418740088	23.7749952370343	1.08280026419777e-06	3.774856486135e-06
"hsa-miR-9-3p"	0.0864593267841041	2.01156621693313	0.00115097229158856	0.97293617403645	0.976526344420348
"hsa-miR-9-5p"	1.40498554729607	5.13091711026031	0.542281132493756	0.461488885748952	0.525209108467427
"hsa-miR-92a-1-5p"	2.7230928370738	2.95130345933189	6.50096892582844	0.0107815721222467	0.0173995945397586
"hsa-miR-92a-3p"	-2.05044066923213	15.042753650652	22.1053366431629	2.5809125117736e-06	8.21062225967741e-06
"hsa-miR-92b-3p"	4.72699425564008	11.878218735868	34.8361740297782	3.58647424300293e-09	2.01138349298309e-08
"hsa-miR-92b-5p"	3.90011457164181	2.52106573647604	6.28612622554636	0.0121686726329734	0.0193560172875366
"hsa-miR-93-3p"	-3.0764538677281	5.81879708314206	57.5577605602778	3.28198437639796e-14	3.8813032625228e-13
"hsa-miR-93-5p"	-2.85987927886486	10.0831936664494	36.8183151000961	1.29666378059617e-09	7.75148457850896e-09
"hsa-miR-935"	3.74335954291027	6.43718553244224	21.5948433642086	3.3675601350832e-06	1.0528463870605e-05
"hsa-miR-939-3p"	-0.538721395541138	1.60345465849343	0.108351102220015	0.742029248275245	0.78686922234256
"hsa-miR-940"	3.52052651445329	4.08786807763602	13.0695485316769	0.000300135467096261	0.000637787867579555
"hsa-miR-941"	-4.31354773236667	9.78045911463783	52.8558854880926	3.58941490878872e-13	3.8287092360413e-12
"hsa-miR-941-3-5p"	-4.32017203236624	7.46920290032464	56.1812148572512	6.60899698062448e-14	7.33733542338718e-13
"hsa-miR-942-5p"	-3.09414550943194	4.21877892344497	32.4489245679004	1.22366653982882e-08	6.05158725151705e-08
"hsa-miR-944"	7.12739886088984	3.92236186769283	2.23236648102734	0.135146714235884	0.178014073957194
"hsa-miR-96-5p"	1.04322122677897	4.71578727077426	0.193065279137564	0.660377563871985	0.707175973910157
"hsa-miR-98-3p"	0.633700009358113	4.23106945554091	1.17775224070699	0.277814070139758	0.338858417390198
"hsa-miR-98-5p"	0.380239777978211	10.8518195556575	0.555016537351548	0.4562751534114	0.522555123064846
"hsa-miR-99a-3p"	4.624799993798	3.15495428255496	16.3902891707626	5.15486496914531e-05	0.000131654767287091
"hsa-miR-99a-5p"	2.06106852984233	7.88632113153444	4.90511948843995	0.0267771990008598	0.0401289153070736
"hsa-miR-99b-3p"	2.81883987369377	5.73573157208667	20.6762858660812	5.43854025940122e-06	1.64364772284126e-05
"hsa-miR-99b-5p"	2.01455203146479	13.9026668196697	7.98760237156921	0.00470987462343813	0.008133878714763
