"logFC"	"logCPM"	"LR"	"PValue"	"FDR2"
"hsa-let-7a-3p"	1.2237596352038	4.8540421792842	3.78016886298239	0.0518634263488517	0.071457822374292
"hsa-let-7a-5p"	2.15047629608931	15.5584615682853	22.2397650648416	2.40638065314826e-06	7.29318444108011e-06
"hsa-let-7b-3p"	-0.594137488205204	4.96929429005391	2.76025088074152	0.0966330821930145	0.124422988183163
"hsa-let-7b-5p"	0.879388441875455	10.8619271664239	5.70086566968436	0.0169565477772409	0.0256956916316651
"hsa-let-7c-5p"	0.867222832874629	3.24743027945639	3.23840187121871	0.0719307707338797	0.094469078897162
"hsa-let-7d-3p"	-0.047385195529269	7.85694519665023	0.0206611262209906	0.885705952336801	0.915926890343044
"hsa-let-7d-5p"	0.938108017084159	10.7358311749952	3.38693723770773	0.0657149113065141	0.0874718751850221
"hsa-let-7e-5p"	0.649827016298873	7.38790129773155	0.219253652103092	0.639609187338426	0.696274215217505
"hsa-let-7f-1-3p"	0.288679707579352	3.42142277934368	0.412885823319988	0.520508397729609	0.582614513367801
"hsa-let-7f-2-3p"	1.33563049549753	3.43475710131125	6.40187533054113	0.0113999882416607	0.0178237911397394
"hsa-let-7f-5p"	2.27463808719561	15.1868289109932	21.5721872687645	3.40757633026635e-06	9.94507462314772e-06
"hsa-let-7g-3p"	2.95020981732002	4.58046076166645	31.3727781071716	2.12945691995922e-08	9.02157017703152e-08
"hsa-let-7g-5p"	2.46025416843672	14.3936702312414	40.4618072012639	2.00497162269818e-10	1.19690730203497e-09
"hsa-let-7i-3p"	3.77413122547803	7.86959951102911	67.2233696214275	2.42423377137108e-16	2.72899458834345e-15
"hsa-let-7i-5p"	2.84364842914225	13.2917380257729	33.6221226315616	6.69272033127848e-09	3.21577050063868e-08
"hsa-miR-100-5p"	-3.48166112067835	8.09543491349685	19.4162815214199	1.05107168261359e-05	2.85601546861899e-05
"hsa-miR-101-3p"	0.453419292112931	13.8408787455863	0.502802734141596	0.478271207058045	0.541490964312844
"hsa-miR-101-5p"	-0.5896090205066	5.23169420835923	1.16628446468644	0.280166000290407	0.335517945636537
"hsa-miR-103a-2-5p"	-1.81837692215049	2.41192519013576	5.11508708487523	0.0237186758382935	0.0352647482275005
"hsa-miR-103a-3p"	-0.505162651755378	12.7450585898912	1.29974540247201	0.254259734003197	0.305421753650181
"hsa-miR-106a-5p"	3.17698589373275	4.35124031491054	47.7528310625719	4.83485555333467e-12	3.80986617602772e-11
"hsa-miR-106b-3p"	1.78234837371683	9.5515020084838	11.764385849127	0.000603747993717288	0.00120139752285157
"hsa-miR-106b-5p"	-0.175336164159708	8.74999918619615	0.0729219251201414	0.787129019919448	0.832874516717358
"hsa-miR-107"	-0.511680856552232	3.79743680604646	0.933691109288205	0.333905625833128	0.392712885308216
"hsa-miR-10a-5p"	2.061358764249	11.3427815865435	22.0272674782078	2.6880443238293e-06	8.08465239380721e-06
"hsa-miR-10b-5p"	4.53768644689141	6.63960480399015	22.8478424127151	1.7534605632439e-06	5.52690769534479e-06
"hsa-miR-122-5p"	8.15097339126871	4.80536693108573	21.7511759360119	3.1039954957914e-06	9.13451913369196e-06
"hsa-miR-1226-3p"	-2.08898798063197	2.82385685764983	11.1859995913872	0.000824168437835877	0.00159177629660459
"hsa-miR-1248"	2.14792960631357	3.90454222072536	3.4315213045174	0.0639631557607969	0.0857193311896394
"hsa-miR-1249-3p"	-2.86558028874381	4.07471100227215	37.1222156777507	1.10952430039392e-09	5.98839142952337e-09
"hsa-miR-1255a"	-0.130014502805724	2.93949060295942	0.0281185370863888	0.866830445523167	0.903378024318908
"hsa-miR-125a-3p"	-3.76076536818514	3.26713586066298	25.6413391384034	4.11136591590303e-07	1.44631979541589e-06
"hsa-miR-125a-5p"	-2.62578248624166	10.2871311779048	13.3588046764913	0.000257212193714012	0.000544847335071616
"hsa-miR-125b-5p"	-2.18782226163741	5.42293488883993	26.8156362241924	2.2381902482043e-07	8.31931092257071e-07
"hsa-miR-126-3p"	-3.50977001883873	6.69224166000523	34.1242489740635	5.17029329946684e-09	2.54636944998742e-08
"hsa-miR-126-5p"	-1.20072689141971	8.77617320766518	1.52783521821149	0.21643763084996	0.262389004784259
"hsa-miR-1260a"	-3.29478855430845	5.80970241607199	55.2425056568956	1.06539740717465e-13	9.3281461872625e-13
"hsa-miR-1260b"	-2.67792442660706	4.61979364089358	35.8846878616623	2.09347503727934e-09	1.04408755023805e-08
"hsa-miR-127-3p"	-3.40812674304668	7.36503657023664	20.7233273466842	5.30655875946177e-06	1.52611981841455e-05
"hsa-miR-1271-5p"	3.31938580213028	6.34741457438152	12.9751580987529	0.00031565120454101	0.000661524332921052
"hsa-miR-1273h-3p"	1.30859551518486	5.96846769641686	9.13826958460109	0.00250317732205002	0.00442265410263546
"hsa-miR-128-1-5p"	3.55098822250302	5.31716471739717	9.16596427600793	0.00246557685598761	0.00439564380660234
"hsa-miR-128-3p"	-0.797174853666772	9.32037041468575	4.60783790251976	0.0318261357965156	0.0455981727411896
"hsa-miR-1285-3p"	-2.08502848848628	2.41814770983425	6.90011425878879	0.00861902409586701	0.0138044532267138
"hsa-miR-1294"	-0.329270784499215	2.99255820934085	0.35357366987668	0.552097100247395	0.614480953382694
"hsa-miR-1299"	5.73938166310919	3.049121788263	5.82324302231919	0.0158157579816656	0.0241527466851792
"hsa-miR-1301-3p"	-1.72928813031511	5.36730778640772	9.80593948338964	0.00173949150055901	0.00317802841930389
"hsa-miR-1304-3p"	-0.107920885056169	5.41653765509128	0.0272076127430694	0.868985459941285	0.903378024318908
"hsa-miR-1306-5p"	-3.17873861562909	2.61825904549561	17.4453660578956	2.95684193637539e-05	7.5649072917656e-05
"hsa-miR-1307-3p"	0.333099577038402	7.14373785295631	0.387519984223978	0.53360589234693	0.595582780693174
"hsa-miR-1307-5p"	-0.0583961555003436	7.68472959626235	0.0157673149148323	0.900073919015025	0.924614395823582
"hsa-miR-130a-3p"	-2.32018835462011	6.45507594028018	30.2279613988781	3.84131368326358e-08	1.57653915750609e-07
"hsa-miR-130b-3p"	-0.524216940611167	7.25782910548009	2.08750817920807	0.148508126411206	0.187388151611412
"hsa-miR-130b-5p"	-2.4730313783998	5.47134531586815	20.1038581469851	7.3348563324302e-06	2.04959815246631e-05
"hsa-miR-132-3p"	0.612837013735258	5.81205144609763	0.492922514789025	0.482626525918269	0.544856307197128
"hsa-miR-132-5p"	-1.66373462316022	3.25327512320353	10.0054303784733	0.00156079312360383	0.00288710089530474
"hsa-miR-133a-3p"	-0.614315172471802	2.40782663353047	0.338776624060371	0.560536230273984	0.620368749235813
"hsa-miR-134-5p"	-6.16702020554898	2.53372968042231	14.0825828972756	0.000174956383847086	0.000391663722930409
"hsa-miR-136-3p"	-1.7861723836725	2.41352281424912	3.29158899792473	0.0696356010756414	0.0923785414942852
"hsa-miR-138-5p"	7.10806032793499	4.95885237894532	67.4287247524059	2.18443043178468e-16	2.53136938271519e-15
"hsa-miR-139-5p"	-3.08681048950256	2.59200803136639	13.1583482960755	0.000286241087408405	0.00060309619486049
"hsa-miR-140-3p"	-0.0411667119154343	12.7858974452403	0.0129231400241281	0.909491475700225	0.928341039963442
"hsa-miR-140-5p"	0.0335029273121864	6.48268591356415	0.00546656508286114	0.941061132867268	0.955613624612638
"hsa-miR-141-3p"	4.81674215698767	9.86090997785296	29.2139958415777	6.48093682374255e-08	2.52820703817284e-07
"hsa-miR-142-3p"	-0.0118456002952926	11.9024227786306	0.000233473574589027	0.987808924281399	0.995388020887138
"hsa-miR-142-5p"	2.68554910206293	16.1155058780851	29.0770371352009	6.95565550061288e-08	2.68679241886419e-07
"hsa-miR-143-3p"	-8.10549628886492	14.6219813992049	248.650736801195	5.11204121877813e-56	2.01414424019858e-53
"hsa-miR-143-5p"	-7.45545632298933	4.28439676913645	92.1650835523406	7.97393274502081e-22	1.84807617737541e-20
"hsa-miR-144-3p"	-3.22068254379103	4.45125845736682	16.8884173215046	3.96427509167871e-05	0.000100123358084706
"hsa-miR-144-5p"	-4.63993541289989	6.47563725655297	24.0017513146705	9.62481144406116e-07	3.12409715239518e-06
"hsa-miR-145-3p"	-9.42988784175194	6.99401156223857	173.03970481475	1.60434650904151e-39	3.16056262281177e-37
"hsa-miR-145-5p"	-8.05528797995033	7.23585936688203	168.448265691518	1.61469177556792e-38	2.12062853191254e-36
"hsa-miR-1468-5p"	3.62692770739539	5.10459752767214	60.9633893925147	5.81461227132886e-15	5.45466008310374e-14
"hsa-miR-146a-5p"	4.62161587318132	13.1799395999922	67.9642948200459	1.6648307437776e-16	1.9877070092375e-15
"hsa-miR-146b-3p"	3.06802689488613	6.80711604434306	10.1868930552883	0.00141442435632154	0.00264115258952932
"hsa-miR-146b-5p"	4.40134693443354	14.280172671817	10.8652951622176	0.000979831335636373	0.0018560266646189
"hsa-miR-148a-3p"	-3.906636261011	14.2141179364964	74.8995011483828	4.95295167073626e-18	7.50562676257726e-17
"hsa-miR-148a-5p"	-1.69867993408884	7.19180283938024	4.67671183661769	0.0305742173367263	0.0439643855133947
"hsa-miR-148b-3p"	-0.457518191854882	10.968310169429	1.77551880044906	0.182700556111021	0.224249280709477
"hsa-miR-148b-5p"	-0.55866005831346	5.95458634930365	2.81899054462272	0.0931549721383416	0.120337898434448
"hsa-miR-150-3p"	5.15868371030739	6.961144764472	72.9664114694766	1.31875160366724e-17	1.67609074788674e-16
"hsa-miR-150-5p"	4.37245778910959	13.9066628192488	74.4651528274609	6.17181349036459e-18	8.788640292648e-17
"hsa-miR-151a-3p"	4.82422723859914	12.8083160991002	82.5679669053788	1.02098345609837e-19	1.74898905088155e-18
"hsa-miR-151a-5p"	3.27364936995558	12.1118772212977	49.4083666222602	2.07857269627154e-12	1.6713421272061e-11
"hsa-miR-151b"	7.25725263437297	7.88755214883516	88.3086431469271	5.59982360703978e-21	1.16122657956509e-19
"hsa-miR-152-3p"	1.46565572496813	4.5548873358698	8.64010591174403	0.00328842312830942	0.00565781097185114
"hsa-miR-155-5p"	8.76764665729944	13.7440518414515	30.0517007840054	4.20679409309069e-08	1.69130293130381e-07
"hsa-miR-15a-5p"	1.486312375825	11.9878181895332	10.1102647926874	0.00147445777661415	0.00274026586785838
"hsa-miR-15b-3p"	-0.939035567881678	6.13400547204188	6.26394379471908	0.0123219604681579	0.0190386369586439
"hsa-miR-15b-5p"	-1.92880014415246	9.87844301059281	32.0123096656389	1.53198728962885e-08	6.85158052981586e-08
"hsa-miR-16-2-3p"	0.668462342203216	7.09650476665178	3.1759068942523	0.0747317143083266	0.0978215795265139
"hsa-miR-16-5p"	1.85928259925074	15.0498883407059	16.8697131330905	4.00353362600362e-05	0.000100470843862766
"hsa-miR-17-3p"	0.754414388277545	7.47232660237184	5.436483014999	0.0197203385561821	0.0296557763020448
"hsa-miR-17-5p"	1.27136898231179	9.09415903970798	9.14645442062097	0.00249200476611876	0.00442265410263546
"hsa-miR-181a-2-3p"	2.73150368032185	8.26464986627823	22.6581914659803	1.93533375089717e-06	6.05175791947212e-06
"hsa-miR-181a-3p"	2.36529594970686	9.12184327149109	29.5650534893644	5.40710745616364e-08	2.15191953305907e-07
"hsa-miR-181a-5p"	3.72290374111695	16.6541022077027	44.8446729058905	2.13300375613616e-11	1.47439207003096e-10
"hsa-miR-181b-5p"	3.37647459002703	10.8637186646305	40.7594245928937	1.72171082085778e-10	1.04362163602764e-09
"hsa-miR-181c-3p"	-3.12757029282353	6.1629760818676	50.254079314553	1.35073628876195e-12	1.13231935696214e-11
"hsa-miR-181c-5p"	-1.93141973297884	9.82459944489266	29.2894865242128	6.23329710611052e-08	2.45591905980755e-07
"hsa-miR-181d-5p"	-1.96721142286257	5.15916575632562	14.1984699407173	0.000164504222137683	0.000372457678184616
"hsa-miR-182-5p"	0.30495067508014	8.55020327311954	0.0928250455887714	0.760615954584676	0.809953205692871
"hsa-miR-183-5p"	0.898738439550332	6.03318143841561	1.82846099594185	0.176309433166866	0.217080989586704
"hsa-miR-185-3p"	-2.13038488010092	4.28359046374086	10.872679287823	0.000975932415740094	0.0018560266646189
"hsa-miR-185-5p"	-1.49532791065466	6.79836454262923	20.6084250440555	5.63475969397723e-06	1.60876472422248e-05
"hsa-miR-186-5p"	1.05800011858313	13.7717113907704	4.67728751057427	0.0305639724914035	0.0439643855133947
"hsa-miR-188-5p"	3.13633614983538	2.29188614812661	4.84561960319364	0.0277164333898176	0.0402962168102884
"hsa-miR-18a-3p"	0.234365254723231	3.82568495663834	0.0978273495486839	0.754452643931129	0.805567321704241
"hsa-miR-18a-5p"	-0.684665061723591	5.81257999975686	1.86353170306432	0.172217743883188	0.213779953158894
"hsa-miR-190a-5p"	-0.740507154451164	2.57478743608427	0.942117884876976	0.331733770401841	0.39250181843341
"hsa-miR-190b"	-0.820973254746527	3.60599583062104	3.7629444877489	0.0524002262602816	0.0716864206477464
"hsa-miR-191-3p"	-1.35485962824139	3.4078993454654	3.62256614870976	0.0570008881135336	0.076912157249083
"hsa-miR-191-5p"	-0.858400763749891	15.8777674436092	3.28118933503492	0.0700781287293347	0.0926536332864359
"hsa-miR-192-5p"	1.33561817577084	12.4280784316655	11.5466730683983	0.000678705970112789	0.00134376960916803
"hsa-miR-193a-3p"	-2.36323147046822	2.81794983346109	6.62929624736945	0.0100314889991204	0.0158096266626137
"hsa-miR-193a-5p"	-0.370230619139838	6.79757315795845	0.429614967510686	0.512177938302106	0.57656602197437
"hsa-miR-193b-3p"	5.62651017809465	3.97083791552818	63.517390147805	1.58957338032321e-15	1.60587669704447e-14
"hsa-miR-194-5p"	0.500448749683476	6.59318067512312	1.7639871153157	0.184127974882751	0.225299447527341
"hsa-miR-195-5p"	5.31144316107121	6.22713607585407	46.874393697167	7.56851547727093e-12	5.52221314452731e-11
"hsa-miR-196b-5p"	-3.56341365947971	4.70116597759765	38.3210427839801	6.00120183704616e-10	3.42677322289302e-09
"hsa-miR-197-3p"	-2.04471859810265	11.0493136925761	36.3057639687348	1.68664300749512e-09	8.64744869201063e-09
"hsa-miR-1976"	-0.985428537293098	4.4962959976925	6.02387965446395	0.0141135877279422	0.0216371734039269
"hsa-miR-199a-3p"	-4.10786462102672	8.68584170357729	64.2010498696564	1.12348868278997e-15	1.16488037110328e-14
"hsa-miR-199a-5p"	-3.2103005519781	5.29197337164017	25.2611893161642	5.00682617011343e-07	1.7304293956357e-06
"hsa-miR-199b-3p"	-4.13406850697896	7.54002129665497	65.8335129189631	4.90667766746784e-16	5.3700861138398e-15
"hsa-miR-199b-5p"	-5.77749062896609	8.76621762292462	73.9084557331509	8.18250499173993e-18	1.07463565558184e-16
"hsa-miR-19a-3p"	-0.00205449327863014	7.88063816802183	6.97651081082995e-06	0.997892543144956	0.997892543144956
"hsa-miR-19b-3p"	1.21506170567413	10.4483272905328	3.87840047755347	0.0489111343858383	0.0680953602403543
"hsa-miR-200a-3p"	4.22448216877385	4.79626652436405	46.4489578955621	9.40363549295594e-12	6.73642251677207e-11
"hsa-miR-200b-3p"	1.41112829009992	5.38819649396875	8.46847930619152	0.00361353396938179	0.00616334365340444
"hsa-miR-200c-3p"	1.82612809383781	5.44004438883541	24.2223707417055	8.58295305975287e-07	2.86583347927341e-06
"hsa-miR-20a-5p"	2.55780639604021	10.2603468174796	33.9652671503556	5.61047144986825e-09	2.72904413734332e-08
"hsa-miR-20b-5p"	4.47309821064611	6.04526655598142	72.5703795338174	1.61180162435685e-17	1.98453074998937e-16
"hsa-miR-21-3p"	4.78370158163023	11.6883196829585	11.8314319820686	0.000582391884590916	0.00116478376918183
"hsa-miR-21-5p"	2.84995350809444	14.747783302836	12.7863735715644	0.000349153303860593	0.000724033693268809
"hsa-miR-210-3p"	3.94622004815239	5.60885961060284	40.8698188519046	1.62714719830703e-10	1.01761269227456e-09
"hsa-miR-210-5p"	6.37295549296178	3.60563047499132	14.4122165523665	0.000146846570905651	0.000334436699056799
"hsa-miR-2110"	0.433425046202158	3.77079910462345	0.589584600122536	0.442579796237782	0.506908254993274
"hsa-miR-2110-3p"	-1.6636165145536	4.92297330353354	12.4113325557141	0.000426736248374582	0.000880283151097304
"hsa-miR-2115-3p"	-8.27943984060756	4.15598444600728	89.932522131888	2.46422817139282e-21	5.39392166404872e-20
"hsa-miR-2115-5p"	-5.85690293321149	3.02342968496663	40.1293982843807	2.37684956903361e-10	1.37717460323418e-09
"hsa-miR-212-3p"	2.0273012373796	2.77322191315332	2.86411594612433	0.0905754639130198	0.117390568360953
"hsa-miR-212-5p"	-1.92016245235217	2.93931410038811	7.52376016397397	0.00608904476173805	0.00995470388433523
"hsa-miR-215-5p"	1.04584216285847	3.86398494267198	4.39915672142734	0.0359567059708609	0.0507775704391369
"hsa-miR-22-3p"	-0.542961780733334	12.6046583854442	1.57829454416333	0.209006521750473	0.254162251758291
"hsa-miR-22-5p"	-1.12261290405199	4.02443878373463	8.56418382063046	0.00342840636247209	0.00587300916006089
"hsa-miR-221-3p"	1.39854518034876	11.6806454671307	13.9835131040178	0.00018442069622962	0.000405931588348995
"hsa-miR-221-5p"	-1.51488489490251	7.77935372676734	12.0739265750977	0.000511318950707057	0.00103312649527477
"hsa-miR-222-3p"	1.71960832590433	9.87405018790985	19.13595140181	1.21730181440198e-05	3.26270010118625e-05
"hsa-miR-222-5p"	3.32805052211033	2.57716653302008	5.69297429263756	0.0170329617450772	0.0257125935921855
"hsa-miR-223-3p"	-5.87989671319657	15.177951734242	145.109864286342	2.0320853861325e-33	2.00160410534052e-31
"hsa-miR-223-5p"	-0.200618179973787	6.31566844379492	0.342477409093136	0.558402693217272	0.619748341204521
"hsa-miR-224-5p"	-2.58030922366601	3.16611171448838	16.3120899775312	5.37201171082287e-05	0.000130652630497791
"hsa-miR-2277-5p"	-1.66786891689716	3.44990759704397	11.526228839841	0.000686210758440961	0.00134681818387919
"hsa-miR-2355-3p"	-1.58117910773252	2.90076822023838	5.72004439838526	0.0167723063165314	0.0255146281417505
"hsa-miR-2355-5p"	-1.89129966544534	5.84377738706858	19.0561135094268	1.26930487316496e-05	3.3790954055878e-05
"hsa-miR-23a-3p"	-3.62784268089565	11.1256792186066	79.1578404677614	5.73407476145585e-19	9.4134394000567e-18
"hsa-miR-23a-5p"	1.52023390795289	4.65573210219251	3.69858422985792	0.054458658467968	0.0739886601254462
"hsa-miR-23b-3p"	-1.1987861767441	7.23272523180075	10.2193652772457	0.00138973669928281	0.00260741075960679
"hsa-miR-23c"	-4.4026070422894	1.62785634964041	4.98117456557599	0.0256245800856798	0.0375319128392485
"hsa-miR-24-2-5p"	-3.3846245400515	6.12966699526772	65.6706289415441	5.32942091148894e-16	5.67511307872065e-15
"hsa-miR-24-3p"	-2.04282270822459	9.96717757721355	30.0768521078387	4.15258477841298e-08	1.68672000277806e-07
"hsa-miR-2467-5p"	-2.05963622813499	4.06780995381235	12.2729976929085	0.000459559471888577	0.000938168041057509
"hsa-miR-25-3p"	0.799960870619806	13.3156246813479	4.01803493122713	0.0450161350272978	0.0631187088994851
"hsa-miR-25-5p"	0.590718467326647	4.23088319464364	1.06397368853234	0.302310625319564	0.35876622402382
"hsa-miR-26a-2-3p"	-0.0232856756173709	4.08051256505076	0.00195804811701628	0.96470525636666	0.977105066859805
"hsa-miR-26a-5p"	0.340990230685255	16.3491393215145	0.718357179623212	0.396683313251044	0.456997735148864
"hsa-miR-26b-3p"	-1.22637754473509	6.45808491581577	14.1878908743259	0.000165431709853573	0.000372457678184616
"hsa-miR-26b-5p"	0.328997829865259	13.8979671092517	0.766766583313029	0.381219198062553	0.44047027576729
"hsa-miR-27a-3p"	-2.2648188231651	11.5004043362716	27.8486471895059	1.31185762089898e-07	4.92258954889714e-07
"hsa-miR-27a-5p"	0.39459838706739	5.97260399010368	0.872818228815698	0.350176283553156	0.408193655976164
"hsa-miR-27b-3p"	1.75350081775268	12.5568783177534	16.6767303067742	4.43213347805975e-05	0.000109827710085254
"hsa-miR-27b-5p"	2.84719500570467	3.86599970381665	15.9485548859712	6.50874495010692e-05	0.000157327945419762
"hsa-miR-28-3p"	2.72015149262225	13.9909681644955	26.3394083758733	2.86385108171615e-07	1.03519020751942e-06
"hsa-miR-28-5p"	2.56740308613648	9.72426558010267	42.9911294772765	5.49886242178807e-11	3.67212168505847e-10
"hsa-miR-29a-3p"	1.94015582658568	13.2838689388621	17.8649093507108	2.37153907206679e-05	6.14727891048891e-05
"hsa-miR-29a-5p"	-0.619188024137985	4.25869775597446	1.88291433789995	0.170003283612092	0.211966119440393
"hsa-miR-29b-1-5p"	1.23217618667607	3.45127709660793	3.25738029618078	0.0711026340692837	0.0936937719842735
"hsa-miR-29b-2-5p"	0.858071908651007	2.99187441874217	2.0876760425167	0.148491806110575	0.187388151611412
"hsa-miR-29b-3p"	2.73332812141384	9.19926153207654	22.5569775212766	2.04002236565103e-06	6.32888828398822e-06
"hsa-miR-29c-3p"	2.50966405808894	11.6050360436881	14.7266836653468	0.000124274946647902	0.000286341105141949
"hsa-miR-29c-5p"	0.576412486031547	6.50070595008655	1.99589369580569	0.157726003485849	0.197282683725157
"hsa-miR-301a-3p"	-0.103795230663972	6.48873123504707	0.0325501925137992	0.856825429781325	0.895462120248918
"hsa-miR-301b-3p"	-0.200015707651491	3.76513140852959	0.246862646966433	0.61929289937019	0.677781673199597
"hsa-miR-30a-5p"	7.35359265069236	10.1208850738688	94.9961674383033	1.90754217243136e-22	5.36836868527112e-21
"hsa-miR-30b-3p"	3.47898640592179	3.40975400015265	13.4254914326861	0.000248227981612454	0.00053213490199346
"hsa-miR-30b-5p"	1.95705630117117	11.2192553650595	11.3101343580306	0.000770851942072061	0.0015030069217207
"hsa-miR-30c-1-3p"	0.205947742127497	4.75019811561433	0.102185410696144	0.74922265217825	0.804342574818067
"hsa-miR-30c-5p"	-0.88727875438495	12.1439976473397	5.36010518111729	0.0206025310285285	0.0308284874428539
"hsa-miR-30d-3p"	3.73330470292041	6.45383320923349	62.9794350505585	2.08876090967515e-15	2.05742949603003e-14
"hsa-miR-30d-5p"	1.76644541809972	13.8011599942916	23.9920161166434	9.6736003195993e-07	3.12409715239518e-06
"hsa-miR-30e-3p"	1.06502378882649	9.89080447760536	0.858675221639547	0.354109687085154	0.411561111243512
"hsa-miR-30e-5p"	1.38298393205367	13.7222703615582	4.59923637186944	0.0319862003329101	0.045661459895531
"hsa-miR-31-5p"	-0.361562267062636	2.37389991126415	0.182529150597028	0.669208677818275	0.72635873019394
"hsa-miR-3150b-3p"	2.99623314487878	5.75675368494208	37.7645546540066	7.9818962610996e-10	4.42939031953978e-09
"hsa-miR-3173-5p"	-1.41972728660864	2.4683309501879	3.77725812669417	0.0519537296861684	0.071457822374292
"hsa-miR-3176"	3.50784833307673	2.89525382212532	6.38476419143029	0.0115104052215771	0.0179252950881477
"hsa-miR-32-3p"	0.881596806356365	3.21092073737481	2.42965468792541	0.119059122751935	0.152302903780073
"hsa-miR-32-5p"	4.50280907827262	7.5536057346205	22.3461867062861	2.27664661690666e-06	7.0078028676658e-06
"hsa-miR-320a"	1.97807887364373	9.84106108638989	21.188008977372	4.16361327277966e-06	1.20622325696705e-05
"hsa-miR-320b"	1.66522070429681	3.65233344508237	14.036846728327	0.000179263278669945	0.000396796246044711
"hsa-miR-320d"	0.149933369566913	3.13072261284408	0.0656035438526414	0.797849000272416	0.838273349619552
"hsa-miR-323b-3p"	-5.96847696761026	2.40498507796833	13.8388785285978	0.000199172049812253	0.000431174657285867
"hsa-miR-324-3p"	0.449547734678173	4.57547863203026	0.705329451649244	0.400998694804773	0.460622407443383
"hsa-miR-324-5p"	0.546140154146817	4.56977240075589	1.72798257389875	0.188668746683386	0.230140824127721
"hsa-miR-326"	-5.15935168441854	5.18404157885428	94.0274619610625	3.11176484553618e-22	8.17356899427504e-21
"hsa-miR-328-3p"	-0.461537493623089	6.44083317920521	0.560235438431984	0.454165396406728	0.518670046910872
"hsa-miR-330-3p"	-1.34135106186745	5.1514529851745	10.7915922139694	0.00101962143066465	0.00192215714680322
"hsa-miR-330-5p"	0.908172729424293	4.9399212578345	5.00439169034366	0.0252830871075522	0.0371699116431925
"hsa-miR-331-3p"	-2.32990640262377	7.29087868094602	23.107836681235	1.53165170315182e-06	4.86669976646626e-06
"hsa-miR-335-3p"	2.97369283365923	6.43373558305714	33.4140206036858	7.44850521180674e-09	3.53579644994199e-08
"hsa-miR-335-5p"	0.00247715255295524	5.75555631775716	1.34210244056021e-05	0.997076979083435	0.997892543144956
"hsa-miR-338-3p"	-6.92576496304207	10.2499838626379	128.848680593938	7.31908900738562e-30	3.60465133613742e-28
"hsa-miR-338-5p"	-7.03512699204408	6.65007214413996	133.970987650842	5.54397185772005e-31	4.3686498238834e-29
"hsa-miR-339-3p"	2.89139291548558	8.19579656879729	31.6253342411027	1.86974386453802e-08	8.09537453437342e-08
"hsa-miR-339-5p"	0.00567641783471862	6.57024687154075	0.000143148982266972	0.990453947193132	0.995507283658403
"hsa-miR-33a-3p"	1.42955723086391	3.37095063402083	5.35553029225265	0.0206566514845519	0.0308284874428539
"hsa-miR-33a-5p"	0.248654695572693	3.76030665392618	0.147291800031481	0.701136962741048	0.758922976153772
"hsa-miR-33b-5p"	-0.349401930655488	3.34186509796986	0.550705585290358	0.458029535630203	0.521571205313005
"hsa-miR-340-3p"	-3.0608783347168	5.63481116724319	42.1752755764225	8.34483957351471e-11	5.47977798660799e-10
"hsa-miR-340-5p"	-1.61966208251771	10.1998821604839	11.0388606170533	0.000892216799676372	0.00171479716620727
"hsa-miR-342-3p"	3.92446135177992	11.7874298977011	82.7449535065297	9.33538460069351e-20	1.67188251485147e-18
"hsa-miR-342-5p"	4.11542296761398	6.25167637110007	84.8770366432481	3.17509335662526e-20	5.95707991671597e-19
"hsa-miR-345-5p"	-1.70382553999067	8.54484640126715	13.3735863462969	0.000255192905392723	0.000543491917430988
"hsa-miR-34a-5p"	2.53737866176366	3.85642001968109	14.573524336044	0.000134795185237556	0.000308775017346494
"hsa-miR-34c-5p"	-4.69491659963394	3.60340715917923	45.8770789925659	1.25910574844747e-11	8.85870830157684e-11
"hsa-miR-3605-3p"	-2.59420495691815	4.19322220706879	24.4727728188945	7.53673918163265e-07	2.53801302355835e-06
"hsa-miR-3605-5p"	-3.25426692436411	3.61149055244729	30.9188116685673	2.69051172698243e-08	1.12772512811817e-07
"hsa-miR-3607-3p"	3.25521057039094	7.74596020124961	7.64080269920895	0.00570625184392609	0.00940695910672335
"hsa-miR-3609"	4.31577379197622	5.58206016140438	19.8389863005617	8.42467347274103e-06	2.32120374004193e-05
"hsa-miR-361-3p"	2.58567361235568	11.1274840499432	32.536646629014	1.16966032616015e-08	5.42171962949527e-08
"hsa-miR-361-5p"	1.52417865900439	8.88523690448387	19.2763112458916	1.13100918633255e-05	3.05217547544539e-05
"hsa-miR-3613-3p"	-1.69504762360051	3.35958920318824	7.64850810322497	0.00568192918508432	0.00940621890303874
"hsa-miR-3613-5p"	-1.45223488412539	5.21340237696402	5.02010024328397	0.0250547185174353	0.0369721314452041
"hsa-miR-3614-5p"	-2.58808812699753	4.96717177433948	8.99930417881658	0.00270082418663626	0.00475055682827985
"hsa-miR-3615"	0.551403233028454	6.63889732601642	0.915698284132958	0.338607003186927	0.397057021594194
"hsa-miR-362-3p"	2.01666325386192	2.89236973358448	6.30681318723789	0.0120274839490866	0.0186568058107879
"hsa-miR-362-5p"	2.77191815937276	5.83518937625454	6.05720195909356	0.0138496949443073	0.0213155461252229
"hsa-miR-363-3p"	4.26523790980522	9.88181675632457	61.7687202077795	3.86261792047601e-15	3.71188161138426e-14
"hsa-miR-3651"	2.93398633297982	4.12687975708888	13.8625015015212	0.000196683921805998	0.000428140691666095
"hsa-miR-3653-3p"	4.47014765741526	3.65894999253819	30.8435797633695	2.79685890450027e-08	1.15996042986643e-07
"hsa-miR-3653-5p"	5.00402364389849	3.83918788340738	40.7844876462811	1.69977022198096e-10	1.04362163602764e-09
"hsa-miR-365a-3p"	-2.6820219998938	4.42763238763122	31.9924969413424	1.54769204861323e-08	6.85158052981586e-08
"hsa-miR-365b-3p"	-2.6820219998938	4.42763238763122	31.9924969413424	1.54769204861323e-08	6.85158052981586e-08
"hsa-miR-3681-5p"	6.55277373385868	2.85417913375976	32.0354488981697	1.51384769422049e-08	6.85158052981586e-08
"hsa-miR-3690"	-5.215617531167	5.0103071608882	41.4128446595287	1.2324491353128e-10	7.96040916906956e-10
"hsa-miR-371b-3p"	-7.19432012795354	3.26476125344614	36.3312470649442	1.6647332226491e-09	8.64744869201063e-09
"hsa-miR-371b-5p"	-6.80366509523748	5.57531725884229	60.6278724915653	6.89507816852205e-15	6.31781581022718e-14
"hsa-miR-374a-3p"	1.07044224759456	6.91706146742109	2.08385103110962	0.148864191508558	0.187388151611412
"hsa-miR-374a-5p"	0.187657062902789	7.52222944547872	0.0695215931210633	0.792034617226138	0.834389409591172
"hsa-miR-374b-3p"	1.02759215833564	3.08103938764249	3.85568685675833	0.0495776234761937	0.0687802241183814
"hsa-miR-374b-5p"	-0.0349531247263124	6.32936051711846	0.0117818275307771	0.9135640788888	0.930088493752422
"hsa-miR-378a-3p"	2.96673833978265	11.4967995834142	37.8779724531524	7.53107786891875e-10	4.23892097193427e-09
"hsa-miR-378a-5p"	1.46548055119843	4.09147791597731	7.92607691210613	0.00487273337231287	0.00813498707072572
"hsa-miR-378c"	2.69916553344604	4.5807010412875	35.95815635897	2.01600699267026e-09	1.01834199373344e-08
"hsa-miR-378d"	2.09148269858084	3.21779630722912	9.80300500700984	0.00174226938723259	0.00317802841930389
"hsa-miR-381-3p"	-0.784393465559016	2.75114608953575	0.810655386378358	0.367926556443436	0.4263619507021
"hsa-miR-382-5p"	-5.03231982146931	1.86952768955863	10.9177388668329	0.000952477929525322	0.00182172963219892
"hsa-miR-3909"	-3.95694598020742	4.74562699766109	47.2313700633938	6.30827174348281e-12	4.82244767219799e-11
"hsa-miR-3912-3p"	3.19434256943137	4.23416611142402	24.8568410593842	6.17495180480646e-07	2.0973543199084e-06
"hsa-miR-3928-3p"	-1.39300175936723	2.9630385356185	4.57638643146255	0.0324155048913069	0.0459511805192954
"hsa-miR-409-3p"	-3.86741885931979	5.61500335456278	13.95628298197	0.000187111252660401	0.000409565741934434
"hsa-miR-409-5p"	-5.07227623659109	4.06532758129897	15.4957713203935	8.2690034164398e-05	0.000196264297956463
"hsa-miR-410-3p"	-1.88138760992143	4.11290363831724	3.73322871376776	0.0533401932867337	0.0727198482871041
"hsa-miR-411-5p"	-1.26712749259879	3.64732347135238	1.85601182265048	0.1730857996388	0.213779953158894
"hsa-miR-421"	-0.904066060215463	6.7562377232232	4.57602167182853	0.0324224065592998	0.0459511805192954
"hsa-miR-423-3p"	-0.265894336183452	11.5557547025317	0.421180229532528	0.516348719441177	0.579605115270153
"hsa-miR-423-5p"	0.711777953545966	11.4171001522387	2.31676778259575	0.1279857235908	0.163192152410276
"hsa-miR-424-3p"	-5.44097346000944	4.6315496247647	74.4196772052239	6.3156347441469e-18	8.788640292648e-17
"hsa-miR-424-5p"	-6.74397668429671	6.94616904707294	132.446431374234	1.19487773492004e-30	6.72545467940711e-29
"hsa-miR-425-3p"	-1.49697020682968	6.52058574517998	16.4474304452759	5.00179319382123e-05	0.000123169157397848
"hsa-miR-425-5p"	-0.541185201678824	10.0197621321154	2.26890306288116	0.131993297851218	0.16775922372058
"hsa-miR-4286"	-5.98564643879392	2.47832941215989	21.7495274005505	3.10666386780387e-06	9.13451913369196e-06
"hsa-miR-429"	2.23336958470002	2.67948543595271	8.27473974205153	0.00402004245402566	0.00679784002955412
"hsa-miR-431-5p"	-3.01488769650832	2.49814725878313	7.52688533721097	0.00607849072546312	0.00995470388433523
"hsa-miR-4326"	0.270854501756342	2.65936210801676	0.0719749057522616	0.788482727755265	0.832874516717358
"hsa-miR-4424"	8.52841723650638	4.64087788325645	36.3019076670863	1.68998362762644e-09	8.64744869201063e-09
"hsa-miR-4433b-5p"	-3.30103015478518	4.35450628999096	32.684039799971	1.08423861476479e-08	5.08559540734914e-08
"hsa-miR-4443"	4.20015499411734	2.760128706704	18.3259231257055	1.8615674432231e-05	4.889717150866e-05
"hsa-miR-4464"	7.8155715356384	3.97917702726515	22.2768983493206	2.36029150903606e-06	7.20895236093185e-06
"hsa-miR-4482-3p"	3.36174184425406	3.31190147686729	3.40582716015152	0.0649665351822047	0.0867688639382666
"hsa-miR-4485-3p"	5.10710029363794	2.35454131002444	8.1047000562501	0.00441506268625445	0.00740227531227342
"hsa-miR-450a-5p"	-6.73621846114705	6.49970253687097	133.498897802652	7.03217236901183e-31	4.61779318898443e-29
"hsa-miR-450b-5p"	-6.60455406168934	6.82533925621821	122.835296353824	1.51518763864999e-28	6.63315477364553e-27
"hsa-miR-451a"	-5.32821616587831	11.2712083060062	18.9237452684457	1.36048699302504e-05	3.59752936410647e-05
"hsa-miR-454-3p"	-0.382624012048473	7.38264333610663	0.937780165299028	0.33284938093327	0.392642682897331
"hsa-miR-454-5p"	-1.53851799414615	4.65617816657977	8.83047956867483	0.00296240526770924	0.00516454723662585
"hsa-miR-4645-3p"	-0.782913859339891	3.9191366782462	3.91206919584567	0.0479405370285695	0.066980750316512
"hsa-miR-4661-5p"	4.11889209179344	3.09370202418975	15.7900367698067	7.07742197860509e-05	0.000170030747534781
"hsa-miR-4662a-5p"	4.80402740120401	4.26151595366184	26.4741603489718	2.67086953207996e-07	9.74372773740282e-07
"hsa-miR-4677-3p"	1.48097538686714	5.25103363886348	6.42258606060123	0.0112677961763052	0.0176872975835229
"hsa-miR-4732-3p"	-5.0837364415341	1.8961205776754	9.77959078707806	0.00176459582149884	0.00320392052382739
"hsa-miR-4772-3p"	-5.51076713031798	3.39363195740967	40.3077927650639	2.16941918882506e-10	1.27574800059265e-09
"hsa-miR-4772-5p"	-5.86797524633495	4.68033475652217	87.128258463741	1.01706941754586e-20	2.00362675256534e-19
"hsa-miR-484"	-1.37751164808771	10.4654736332852	16.4267893386751	5.0565526888186e-05	0.000123744208658045
"hsa-miR-485-3p"	-4.55970885808737	2.42667295019315	9.82017808367047	0.00172607628496921	0.00317791615083117
"hsa-miR-486-3p"	3.92084467789197	7.19200586936426	36.934046483672	1.22193440775446e-09	6.5059750899359e-09
"hsa-miR-486-5p"	2.678328357974	15.4108014200074	8.36842556393822	0.00381796250364586	0.00648395356222615
"hsa-miR-487b-3p"	-4.6526112391307	2.50161666076278	13.4233636315116	0.000248509700423342	0.00053213490199346
"hsa-miR-491-5p"	-3.41798291692729	2.77560282098104	22.0028993415255	2.72238908853568e-06	8.12591894608376e-06
"hsa-miR-496"	-3.34696818123028	1.85877164350477	4.78559261981794	0.0286987708478212	0.0415710136545645
"hsa-miR-497-5p"	5.17077724769781	4.05338970917202	20.2987790782202	6.62428410351963e-06	1.87767477466672e-05
"hsa-miR-5000-3p"	2.86975749632678	3.28842129896378	25.3914783822212	4.67980823717931e-07	1.63172074818464e-06
"hsa-miR-500a-3p"	1.08793572831383	9.34665795914955	1.41690020892046	0.233914288014961	0.282706225392315
"hsa-miR-501-3p"	0.754790037281789	7.99514205610474	5.0515732294185	0.0246035893228244	0.0364429105007248
"hsa-miR-502-3p"	-1.92239720458748	3.59885109915222	8.90270605721809	0.002847483620584	0.00498626020671154
"hsa-miR-503-5p"	-4.73814547573772	2.13550856430016	15.3860076266212	8.76348295271488e-05	0.000206688569791641
"hsa-miR-504-5p"	-7.63544307840283	4.43913517659073	47.2102329138632	6.37666687030871e-12	4.82244767219799e-11
"hsa-miR-505-3p"	-1.13322158970692	5.59587352305473	8.74243530395658	0.00310889043608293	0.00539067597356249
"hsa-miR-5196-3p"	8.01635385785945	4.13365914981803	98.5833455154208	3.11629058032477e-23	9.44475760498429e-22
"hsa-miR-532-3p"	0.376768200939912	5.16027590898553	0.27096865049964	0.602682732376831	0.663287699878412
"hsa-miR-532-5p"	1.90656593601894	10.0152864465378	7.27893419369011	0.00697679190519149	0.0113121646528619
"hsa-miR-542-3p"	-3.66103392322154	3.14343524713084	26.7373992007853	2.33066608456285e-07	8.58207885343705e-07
"hsa-miR-542-5p"	-7.69495207816462	4.32339782377868	92.7100922328091	6.05440477030697e-22	1.49089717468809e-20
"hsa-miR-548au-5p"	-2.85335412806709	2.92499710929676	20.1490830594749	7.16345796995104e-06	2.01600174297194e-05
"hsa-miR-548e-3p"	-2.52441909672276	7.44873308382875	16.9594713323234	3.81863336111847e-05	9.7067196405205e-05
"hsa-miR-548e-5p"	-0.48618193600743	4.91269881683458	1.1425691367672	0.285110109839021	0.339375780291766
"hsa-miR-548k"	-2.16866866946057	6.73759455932747	25.9631838683845	3.47990771466076e-07	1.23521048610481e-06
"hsa-miR-548o-3p"	-0.270130829583149	4.18514877886965	0.529866244049521	0.466663098683223	0.529871068821873
"hsa-miR-548w"	-0.265921653112678	3.25992335158495	0.219103279827626	0.639724025149078	0.696274215217505
"hsa-miR-550a-3p"	-3.02931959506597	5.02171679715894	52.6891074858791	3.90752227900272e-13	3.34687777810233e-12
"hsa-miR-550a-5p"	-2.92365207577232	3.27500441165666	24.027384437519	9.49752555066325e-07	3.11835422246777e-06
"hsa-miR-551a"	-6.34364405961635	3.39440502468515	56.7599673942482	4.9238879250536e-14	4.409117823798e-13
"hsa-miR-574-3p"	-3.6859693332136	6.48289220577844	74.3723734740834	6.46879615448711e-18	8.788640292648e-17
"hsa-miR-576-5p"	1.14291211861879	6.22410123938976	7.44478445932039	0.00636205376487103	0.0103580544766908
"hsa-miR-577"	6.87544103183061	7.76087478708311	115.971556078213	4.82162623657722e-27	1.89972073721143e-25
"hsa-miR-582-3p"	-0.0643830256548887	7.37169429844507	0.0152664395001025	0.901665696883319	0.924614395823582
"hsa-miR-582-5p"	-1.57375838953686	7.4581205895394	7.69417148008524	0.00553994349262091	0.00920986386536979
"hsa-miR-584-5p"	-3.1639242039666	5.56329450312402	25.9695133761159	3.46851692601158e-07	1.23521048610481e-06
"hsa-miR-589-3p"	-2.32873489940276	3.83231055731808	25.0325248755751	5.63713392964432e-07	1.93133110285205e-06
"hsa-miR-589-5p"	-0.581927280650669	8.13977260998049	3.05956258350441	0.0802632734298437	0.104714336858803
"hsa-miR-590-3p"	0.24641008461945	5.85737940478148	0.113136951104408	0.736600640581373	0.795125075038523
"hsa-miR-598-3p"	4.51022113194093	6.17525761494015	104.561744087319	1.52370487435424e-24	5.00283100412974e-23
"hsa-miR-616-5p"	-0.0550036957032247	4.3411428458424	0.0176768711396571	0.894229447754389	0.922320425170757
"hsa-miR-618"	-9.01177298373569	6.29200550328528	105.594797405561	9.04649095668039e-25	3.24028857902916e-23
"hsa-miR-625-3p"	2.16616514475756	5.57059160370914	27.8563961606069	1.30661408913078e-07	4.92258954889714e-07
"hsa-miR-625-5p"	0.294290659668982	4.50171900900243	0.320494604078271	0.571310557547623	0.630522015892895
"hsa-miR-627-3p"	0.0734706131483126	3.005013816938	0.0147013357910621	0.903493762416444	0.924614395823582
"hsa-miR-628-3p"	-1.74563787513546	4.42143299136301	17.4536762723008	2.94394414012352e-05	7.5649072917656e-05
"hsa-miR-628-5p"	-2.75152925047935	5.21454243946508	47.1765939065262	6.48704889914959e-12	4.82244767219799e-11
"hsa-miR-629-3p"	-0.657061172360835	3.24863577500819	2.02474299099552	0.154755103170222	0.194183154933336
"hsa-miR-629-5p"	0.0687537236236619	6.55190209630773	0.0217001288104299	0.882887627155351	0.915415066050548
"hsa-miR-641"	0.132603050452544	3.89446809139896	0.107166650050285	0.743393213469868	0.800264825429311
"hsa-miR-650-3p"	4.61598356474652	2.47196896388844	11.3016272962932	0.00077439189114036	0.0015030069217207
"hsa-miR-651-5p"	2.15193849765171	4.20324857839507	8.13360819658605	0.00434521889691868	0.00731630874096564
"hsa-miR-6516-3p"	2.38476325360328	4.70104168412297	4.24950244239505	0.0392618318471001	0.0552470062419909
"hsa-miR-652-3p"	-0.361584923593263	8.1264196122438	1.15837121530192	0.281803592315387	0.336456410218977
"hsa-miR-652-5p"	-1.68355736350779	4.16562042820036	15.6772401045789	7.51227364285964e-05	0.000179383988805254
"hsa-miR-654-3p"	-3.66049990566024	4.52801969283168	19.6250677934939	9.42248132108986e-06	2.57809558368709e-05
"hsa-miR-659-5p"	2.5082819468221	4.83853436778235	29.0565366308665	7.0296510436582e-08	2.68901214679741e-07
"hsa-miR-660-5p"	0.880087863739156	8.54078219715975	3.67257705280526	0.0553145959593496	0.0748933017456486
"hsa-miR-664a-3p"	1.36560713004233	7.54566819043662	12.3634709994689	0.000437815971042373	0.000898434857243203
"hsa-miR-664a-5p"	2.70789003467774	4.99503189532661	40.929578205858	1.57814492938302e-10	1.00288564867244e-09
"hsa-miR-664b-3p"	1.61391986149478	3.78963812434228	9.33068674478186	0.00225347885389163	0.00405420396544887
"hsa-miR-671-3p"	0.378269880630861	6.00446236985683	0.266846305495466	0.605455185953915	0.664482850322682
"hsa-miR-6803-3p"	-1.30868474048681	3.33779986051544	6.83660606653357	0.00893083589610168	0.0142459487573444
"hsa-miR-6819-3p"	-2.45991390111186	2.58955556314839	11.9185780357942	0.00055576887248328	0.00111720885591027
"hsa-miR-6842-3p"	0.898781234545863	6.69357713729886	3.5443833519357	0.0597473715531447	0.0803428818837509
"hsa-miR-6852-5p"	-1.97163135285592	3.10560988921804	9.28572730652004	0.00230946207426488	0.00413603662391074
"hsa-miR-7-1-3p"	1.21003377467515	6.04609346780991	7.02118818777845	0.00805507613564006	0.0129538775405803
"hsa-miR-7-5p"	-0.0184007043619309	5.98894447318417	0.00126211293600154	0.971660131978112	0.981625876921477
"hsa-miR-708-3p"	7.50366394269001	3.69406214710861	18.2479898436783	1.93930500190841e-05	5.06017331623783e-05
"hsa-miR-708-5p"	6.3733995758689	3.97579596301946	14.0501284120022	0.000178001677578789	0.000396229722971993
"hsa-miR-7155-3p"	-3.10993834682315	2.36697631881711	12.8740947874972	0.000333161835765254	0.000694527848103229
"hsa-miR-744-3p"	-1.09580879398316	2.67957303719522	2.86643217292561	0.0904451707107956	0.117390568360953
"hsa-miR-744-5p"	-2.1487342443857	7.46943482998655	15.348993645662	8.93685176060815e-05	0.000208350271815362
"hsa-miR-766-3p"	0.0999197477208584	6.7884702994571	0.0886996041246957	0.765836894788008	0.813314653764084
"hsa-miR-769-5p"	0.365265491208939	9.51978014480567	0.893158025342164	0.344622945455312	0.402912286378021
"hsa-miR-7706"	3.75271276018481	6.61387525588295	16.7141962445246	4.34546107692934e-05	0.000108361497741149
"hsa-miR-7974"	6.58093363962496	2.77653049131879	15.3753361536876	8.81311668147097e-05	0.000206688569791641
"hsa-miR-7976"	-3.99704487339687	3.71400811566166	37.2166137726577	1.05709342037787e-09	5.78465010595665e-09
"hsa-miR-7977"	-0.741195579414904	2.85560457181044	1.39690112553238	0.237243113020175	0.285852558195563
"hsa-miR-873-3p"	-1.87165985596449	3.42370090422849	3.77410425194997	0.0520517640137609	0.071457822374292
"hsa-miR-873-5p"	-2.02892136042837	3.67104647493859	9.42282665639912	0.00214300930128635	0.00387314525094873
"hsa-miR-874-3p"	2.46038150264341	5.11240585763946	31.6293617856247	1.86587014882162e-08	8.09537453437342e-08
"hsa-miR-877-5p"	2.87781262168815	4.54548136668811	8.73623624514736	0.00311947746693464	0.00539067597356249
"hsa-miR-9-5p"	2.33708687339091	4.86133548608382	12.1803945888077	0.000482944270564537	0.000980824961868184
"hsa-miR-92a-1-5p"	5.29145613104388	4.06039616015986	49.593616850899	1.89128045409873e-12	1.55242603940604e-11
"hsa-miR-92a-3p"	1.97400992562568	17.05152734382	24.0957729651927	9.16612833214699e-07	3.03483576711421e-06
"hsa-miR-92b-3p"	1.55648058712577	7.78877188208998	4.90181201128758	0.0268285301944287	0.0391497810985367
"hsa-miR-93-3p"	-3.55785444436	5.77966550012129	78.7513423042343	7.0440854431644e-19	1.11014786584271e-17
"hsa-miR-93-5p"	-0.0864943961408062	10.9423478787457	0.0632810872405116	0.801383248483152	0.839747340165856
"hsa-miR-935"	-5.34863794429736	2.03276123624978	15.1502843337739	9.92833599583023e-05	0.000230103787197477
"hsa-miR-941"	-2.386849171882	10.1750228581485	20.0470757358253	7.55589841251099e-06	2.0964957567108e-05
"hsa-miR-941-3-5p"	-2.4510410888606	7.85566898440623	23.3533104780124	1.34811293028042e-06	4.31834548398769e-06
"hsa-miR-942-5p"	-1.09757627942984	4.7016944935793	7.09444944771701	0.00773230407392862	0.012485769693147
"hsa-miR-944"	6.29938156259962	2.65124037729233	31.5438185711019	1.94990097821244e-08	8.35066288495328e-08
"hsa-miR-95-3p"	5.71930998603498	3.29842796809729	43.1128686647763	5.16712745204644e-11	3.51008313121775e-10
"hsa-miR-96-5p"	0.828806614311435	3.6564304444303	2.62445123841822	0.105228879859097	0.135049441903857
"hsa-miR-98-3p"	-0.832268725865728	2.84087293626528	1.85744297196137	0.172920208255354	0.213779953158894
"hsa-miR-98-5p"	1.96944549770643	11.1962602539106	6.77228139054409	0.00925844096336735	0.0147089747563175
"hsa-miR-99a-5p"	-1.56927361406706	4.72778035461775	6.74560450163053	0.00939789286052348	0.01487056139376
"hsa-miR-99b-3p"	-0.368998872108633	2.60915361229486	0.0992709617753054	0.752706268554075	0.805567321704241
"hsa-miR-99b-5p"	-2.50981488642393	10.4005286200109	11.5238690770454	0.000687082372994205	0.00134681818387919
