"logFC"	"logCPM"	"LR"	"PValue"	"FDR2"
"hsa-let-7a-3p"	1.52485515352693	5.41170006000607	8.6157516913348	0.00333268232229836	0.0065963106591763
"hsa-let-7a-5p"	0.547864866454806	14.7292399312935	2.42101241977957	0.119717535702558	0.163360383166033
"hsa-let-7b-3p"	-0.511717050185952	5.46082700705031	1.18273673594238	0.276799553975164	0.341190991002619
"hsa-let-7b-5p"	0.618162765873966	11.0800126715406	2.89657001328415	0.0887682550020759	0.125755027919607
"hsa-let-7c-5p"	3.08339627339218	5.20275617425534	15.0259204035922	0.000106044618683045	0.000300459752935295
"hsa-let-7d-3p"	0.658484302772888	8.68703953798276	3.27048502576578	0.0705367662007395	0.102782145035363
"hsa-let-7d-5p"	1.02725231378946	11.1716739641674	7.84714351747806	0.00509010692441696	0.00984248163583942
"hsa-let-7e-3p"	3.73616329169765	3.61466837292109	17.4484181158278	2.95209843130887e-05	9.95418314028116e-05
"hsa-let-7e-5p"	4.36442114238253	10.869066388845	97.7764398331173	4.68387530136098e-23	1.3650150878252e-21
"hsa-let-7f-1-3p"	1.63621385698783	4.5867445277175	6.88149116118766	0.00870928722900775	0.0157928408419341
"hsa-let-7f-2-3p"	1.91516236863841	4.15965559683778	6.4618632189755	0.0110214019440362	0.0196363842496366
"hsa-let-7f-5p"	1.47773093615619	14.8808467368228	14.7032388697262	0.00012583007620013	0.000349242660473831
"hsa-let-7g-3p"	1.38080647186553	3.72217951050909	4.15470689434229	0.0415189591150647	0.0629729937507301
"hsa-let-7g-5p"	0.498386463823814	13.2733236613767	1.91401939079765	0.166517460948581	0.219158464732325
"hsa-let-7i-3p"	1.12345471540085	5.96320082343092	3.25540597582387	0.0711883067827907	0.102995848111272
"hsa-let-7i-5p"	2.56763418420551	13.3549528369335	49.8881179006684	1.62767362315805e-12	1.61973375182558e-11
"hsa-miR-100-5p"	-2.19985020926914	8.865357838439	18.6552666992485	1.56614050680186e-05	5.60513444539615e-05
"hsa-miR-101-3p"	-2.3438324326844	13.2591478216375	35.3506160374119	2.75381451588054e-09	1.58247369363276e-08
"hsa-miR-101-5p"	-1.94879492933324	5.31058708137676	9.30897942202884	0.00228033470279549	0.00456066940559098
"hsa-miR-103a-2-5p"	0.0656845673163911	3.26196196015776	0.0107935686612919	0.917254975632218	0.921773473049125
"hsa-miR-103a-3p"	-0.0791623679064976	13.4123621401012	0.0600577819340202	0.806404637121075	0.835058608998474
"hsa-miR-106b-3p"	-1.69397210977176	8.14014969635118	14.3067424376488	0.000155307602559791	0.00041687830160786
"hsa-miR-106b-5p"	-1.54568031793566	8.70624141567125	11.0468500845574	0.000888380063073781	0.00200253627477405
"hsa-miR-107"	1.27848105145766	5.13860047732449	5.74438879179214	0.0165414102308215	0.0282060003387863
"hsa-miR-10a-5p"	0.154963616387389	10.357221148095	0.064545464186395	0.799450754948836	0.829964142542303
"hsa-miR-10b-5p"	1.15377477417559	4.11518011476784	3.68177851694701	0.0550101421896289	0.081319340628147
"hsa-miR-1226-3p"	1.45839685788135	4.60248966744308	6.90958216193674	0.00857350238091761	0.0156860491991676
"hsa-miR-1228-3p"	8.066231339025	4.13343754675447	53.4088601559213	2.70872412550372e-13	3.34896800971369e-12
"hsa-miR-1228-5p"	5.8944646437586	2.37765751495303	13.657508661503	0.000219362355081836	0.000573716928675571
"hsa-miR-1237-3p"	2.3514703077011	2.37132825859274	5.14761448470506	0.0232783318275741	0.0372453309241185
"hsa-miR-1248"	0.226232658486103	3.0792643661314	0.0718233732496936	0.788700218799609	0.822991532660461
"hsa-miR-1249-3p"	2.77270565769931	7.24123998261209	36.5273947219023	1.50535641745098e-09	8.77407740457144e-09
"hsa-miR-1255a"	-0.848961455837889	3.05752530720042	1.10790059895734	0.292538767409575	0.356867060920074
"hsa-miR-125a-3p"	-0.536754009614348	4.2866894091284	1.09680880128328	0.294967507180218	0.357111996823528
"hsa-miR-125a-5p"	1.96907378371774	12.9875422039367	23.4607198420289	1.27490344275333e-06	5.47537478571956e-06
"hsa-miR-125b-2-3p"	4.83745804815207	2.5095190509319	19.0619768166723	1.26541098701454e-05	4.65124038470211e-05
"hsa-miR-125b-5p"	-1.15361188116743	6.22869158608838	7.07116756462055	0.00783341926011311	0.0145937673887039
"hsa-miR-126-3p"	-3.68673566538345	7.31210317521034	52.3790664640426	4.57575599594439e-13	5.33402413241518e-12
"hsa-miR-126-5p"	-4.26814794793419	8.87641149511587	71.7797241727471	2.40611985573723e-17	4.09040375475328e-16
"hsa-miR-1260a"	-2.06099765073018	6.55122138414979	14.6296151159064	0.000130842178324063	0.000360700059163634
"hsa-miR-1260b"	-1.44106425694104	5.37872649962503	5.96087072165923	0.0146268158054579	0.02538165666602
"hsa-miR-127-3p"	-4.97507444578132	7.95869401833516	41.1985749237938	1.37522770847744e-10	9.84373517647009e-10
"hsa-miR-1271-5p"	2.39065128987409	5.85864830315197	23.6363617913133	1.16367706160898e-06	5.05085362911133e-06
"hsa-miR-1273h-3p"	-2.04799608733219	4.9112198746593	8.28661477611938	0.00399383730699094	0.00779658191986749
"hsa-miR-128-1-5p"	1.45733887638782	4.00105396652589	7.24243156575241	0.00712004903302231	0.0133870046335166
"hsa-miR-128-3p"	-0.498855650793292	9.93777799639818	1.67146500400054	0.1960624241216	0.253947520767025
"hsa-miR-1285-3p"	2.10272236558429	4.50516225371071	12.1174852091504	0.000499512218151209	0.00119181862576429
"hsa-miR-1294"	-3.24907142370438	2.8480141827647	13.7491313333053	0.00020891741111921	0.000549924540236372
"hsa-miR-1296-5p"	2.89805838281199	4.28962307580045	27.3895769727598	1.6632529987933e-07	7.89078166869379e-07
"hsa-miR-1301-3p"	2.1874674702107	7.95533248780145	21.4894228074828	3.55785695151552e-06	1.40932586040615e-05
"hsa-miR-1303"	7.29953997243419	4.0341165844801	18.2194457455484	1.96858637169266e-05	6.80663762415769e-05
"hsa-miR-1304-3p"	-0.389966270224727	5.73671664547159	0.7599505768982	0.383343989922629	0.443071807049384
"hsa-miR-1306-5p"	0.145884234974592	3.74270862120461	0.0760928760871471	0.782663760837374	0.818786703645253
"hsa-miR-1307-3p"	1.83616162833498	8.55294178961389	21.6325639116528	3.3019796810947e-06	1.32079187243788e-05
"hsa-miR-1307-5p"	1.36910678475914	8.96701155864435	9.69641309398465	0.00184628047503439	0.00386298684007194
"hsa-miR-130a-3p"	-1.64011502781046	7.17197843679009	16.0650273379954	6.1203975749228e-05	0.000187899476911582
"hsa-miR-130b-3p"	0.536914147508348	8.27486973383959	1.67801090923612	0.195188965664839	0.253621331182339
"hsa-miR-130b-5p"	-0.116859827644689	6.7412976482695	0.0507415115353043	0.821777975510057	0.845423006979879
"hsa-miR-132-3p"	2.32106470633436	7.44130985561228	32.1106525293191	1.456365739977e-08	7.71684703780021e-08
"hsa-miR-132-5p"	1.34906616595987	4.94355400357282	6.77513916821621	0.00924362831381936	0.0166876121771606
"hsa-miR-133a-3p"	2.9034004487937	4.70231070983011	5.41819707445804	0.0199279274718947	0.0325223776341321
"hsa-miR-134-5p"	-6.6091949436159	2.97331217434882	16.0473184810686	6.17790547920308e-05	0.000188103390710064
"hsa-miR-1343-3p"	1.0169202055137	3.36003401394628	2.58889506058199	0.10761538622161	0.147835278041807
"hsa-miR-136-3p"	-6.06285176735239	2.58389828025001	15.1398408211756	9.98340574990026e-05	0.00028888152808222
"hsa-miR-139-5p"	1.36927048553985	4.37922410680157	4.95687953691351	0.0259870611764807	0.0410958176744346
"hsa-miR-140-3p"	-1.28793773241326	12.7470218523477	14.5089922755021	0.000139492094607495	0.000379418497332385
"hsa-miR-140-5p"	-0.297332189193467	6.75238441603073	0.402949941727146	0.525569703169496	0.579256787722163
"hsa-miR-141-3p"	-0.697117738339155	5.9353269286372	1.3338265714977	0.248125605992857	0.310537568236459
"hsa-miR-142-3p"	-2.10981638224886	11.6359281717644	16.6771780352886	4.43108752578771e-05	0.000144630696841711
"hsa-miR-142-5p"	-0.725746842211508	14.2098877120044	3.89643737261872	0.0483886162132829	0.0720531219526257
"hsa-miR-143-3p"	-9.13697688916809	15.2720165373241	365.80531094679	1.53292828836094e-81	6.25434741651265e-79
"hsa-miR-143-5p"	-8.78073588417236	4.83807416521807	78.4949972273073	8.0201090568477e-19	1.63610224759693e-17
"hsa-miR-144-3p"	-8.82151610855268	4.87611170398636	67.5732751499781	2.0300060978165e-16	3.18554803041973e-15
"hsa-miR-144-5p"	-6.97279364722559	7.09210027828102	81.7119575742759	1.57438063202372e-19	3.38077525192461e-18
"hsa-miR-145-3p"	-8.98290557205782	7.64555583022038	152.463320387837	5.01839396304932e-35	5.1187618423103e-33
"hsa-miR-145-5p"	-7.30245187666585	7.88470662661838	135.874626266692	2.12535344045768e-31	1.23877743386676e-29
"hsa-miR-146a-3p"	7.12049952170961	4.82583261894758	33.6072632158578	6.74404314539433e-09	3.66875947109451e-08
"hsa-miR-146a-5p"	4.73440469183239	13.5694291279356	50.7717118091102	1.0375841363859e-12	1.11403770433012e-11
"hsa-miR-146b-3p"	5.77958482301834	9.66799084477901	137.425432316055	9.73303643411276e-32	6.61846477519668e-30
"hsa-miR-146b-5p"	5.57067252766534	15.677218851078	74.6351661000172	5.662551226943e-18	1.10015280980607e-16
"hsa-miR-147b"	6.30363762717014	6.40003234857484	91.9686675006902	8.80597561567521e-22	2.24552378199718e-20
"hsa-miR-148a-3p"	-4.55389968589974	14.8157020819267	124.933514384925	5.26287903536553e-29	2.38583849603237e-27
"hsa-miR-148a-5p"	-3.06906621846037	7.5185010377887	33.0655613113502	8.91030459823352e-09	4.78342667905168e-08
"hsa-miR-148b-3p"	-0.272913477650215	11.5284329767738	0.625535469755675	0.428997677728537	0.491660259868661
"hsa-miR-148b-5p"	1.26496087808313	7.43491130232448	9.60161566354988	0.00194406242511542	0.00400594681538934
"hsa-miR-150-5p"	-2.97223431346709	9.87834146013991	21.6651844232923	3.2463002011214e-06	1.31137671490845e-05
"hsa-miR-151a-3p"	0.664677950688858	9.59404591184686	2.76669299401657	0.096244814742382	0.134479056215383
"hsa-miR-151a-5p"	0.747517384299394	10.4396997865198	3.01270100848498	0.0826145228760136	0.117445036004925
"hsa-miR-152-3p"	2.61619140790533	5.80099722373577	26.0401843371691	3.34384543676061e-07	1.53290891932396e-06
"hsa-miR-152-5p"	3.72278339513191	2.86893827500489	16.4153793885122	5.08708083280648e-05	0.000163427478723232
"hsa-miR-155-5p"	5.22318904182215	10.4775123023716	156.570134075146	6.35451081472341e-36	8.64213470802383e-34
"hsa-miR-15a-5p"	-0.487061197172337	11.1816412797474	1.56442614105431	0.211018323122822	0.270740490044375
"hsa-miR-15b-3p"	-2.00831917575038	6.3508344381395	16.2188476430297	5.64298897225043e-05	0.00017847593028513
"hsa-miR-15b-5p"	-2.68847211448875	10.3195923562952	50.6305572800253	1.11495516286783e-12	1.16641463192327e-11
"hsa-miR-16-2-3p"	-0.960925175670151	6.75044134296647	4.71418033353518	0.0299148238301553	0.0465849164988678
"hsa-miR-16-5p"	-0.8707314563862	13.7953396594186	4.30761861298816	0.0379420397379066	0.0581968128310748
"hsa-miR-17-3p"	-1.20342716038003	6.97153967977922	5.54168143672877	0.0185687332669958	0.0306722395665356
"hsa-miR-17-5p"	-0.746548580815083	8.35445123379007	2.70896343242206	0.099785811346737	0.138950890885559
"hsa-miR-181a-2-3p"	-0.945520176670807	6.27431230192173	4.28130796210059	0.0385336850884628	0.0588829345172015
"hsa-miR-181a-3p"	1.45352387930293	8.73105688411187	11.4641269355237	0.000709525566873733	0.00162502218672367
"hsa-miR-181a-5p"	0.438412148551937	14.3420160632864	0.786711398076704	0.375096382555676	0.43477080705317
"hsa-miR-181b-3p"	3.13379730438172	3.13132732795436	10.4735425828297	0.00121096282299261	0.00265630554720959
"hsa-miR-181b-5p"	2.20299710936843	10.1263939435469	26.9142530493401	2.12684621339846e-07	9.97417534559276e-07
"hsa-miR-181c-3p"	0.266389014452809	7.71082089691675	0.372412875171291	0.541691973185358	0.592520978712134
"hsa-miR-181c-5p"	-0.729303747842677	10.7305886143171	3.99522326701511	0.0456294068064725	0.0684441102097088
"hsa-miR-181d-5p"	0.540550527137912	6.60409545032756	1.09175597700796	0.29608246842013	0.357401322826666
"hsa-miR-182-5p"	-4.24153035974038	7.92453420247281	42.6029133339356	6.7059431498181e-11	5.1550865949226e-10
"hsa-miR-183-5p"	-3.62644079498998	5.09604204119136	33.6477824478984	6.60501333863657e-09	3.64168302995097e-08
"hsa-miR-185-3p"	0.188891358179169	5.52264739769513	0.161608331165348	0.687680061728069	0.734485510955634
"hsa-miR-185-5p"	1.00059218141217	8.47122873855548	5.628218644097	0.0176735827409634	0.0294539224726973
"hsa-miR-186-5p"	-0.590782755865205	13.2533635332818	2.87163188498323	0.090153414892983	0.127275409260682
"hsa-miR-188-5p"	4.51199251220437	3.68599861277657	28.4467094646858	9.63133225720504e-08	4.7344380252285e-07
"hsa-miR-18a-3p"	-0.163024007205911	4.04884483667901	0.095954121510033	0.75673995614911	0.801947797685291
"hsa-miR-18a-5p"	-0.47340662031337	6.35444250274364	0.647693082060979	0.420938672326131	0.483783037490314
"hsa-miR-1908-5p"	3.37413816281168	3.4375764239866	19.6370976343701	9.36334380211607e-06	3.67331179929169e-05
"hsa-miR-190a-5p"	1.57548538478407	4.01606569596643	5.64316475110093	0.0175235482527268	0.0294539224726973
"hsa-miR-190b"	-1.32218106478377	3.89542940783815	5.42099563128964	0.0198960113303335	0.0325223776341321
"hsa-miR-191-3p"	1.16930245496686	4.93017050731422	3.5458952743993	0.0596929456392377	0.0879231834686245
"hsa-miR-191-5p"	-1.00880848015795	16.3336412641515	7.47675176014218	0.00625007255281452	0.0119160261754595
"hsa-miR-192-5p"	-3.71392917975026	11.0611622833676	61.9514567237644	3.52029288733531e-15	5.12956963583145e-14
"hsa-miR-193a-3p"	5.25647761857274	7.9124422647233	30.8316561379787	2.81409643345107e-08	1.47198890365133e-07
"hsa-miR-193a-5p"	1.65214124506124	8.44798859568028	8.9046627449618	0.00284443406726152	0.00566111755825707
"hsa-miR-194-5p"	-3.66364956056568	5.86967100536769	39.6793710619973	2.9926995478921e-10	1.96938937990319e-09
"hsa-miR-196b-5p"	-3.28999424448131	5.24799683288856	18.2536051459998	1.9335963689022e-05	6.80092515958706e-05
"hsa-miR-197-3p"	-1.17655856119406	11.8380519063387	12.4731437368467	0.000412844702866694	0.00100262284981911
"hsa-miR-1976"	0.11678596508956	5.39171029763913	0.0816985097232733	0.775008703642554	0.812862599193219
"hsa-miR-199a-3p"	-3.44845343127181	9.37560754105978	39.495574504489	3.28803724408097e-10	2.12939554854767e-09
"hsa-miR-199a-5p"	-5.99851766237865	5.79374996570369	47.8504399000127	4.60003855574717e-12	4.17070162387744e-11
"hsa-miR-199b-3p"	-3.46461477817038	8.22359769785083	40.8536544599944	1.6406616644229e-10	1.13455925268566e-09
"hsa-miR-199b-5p"	-3.83578188204611	9.51803779230473	43.3510578803843	4.57488839181530e-11	3.65991071345224e-10
"hsa-miR-19a-3p"	-0.532715615116366	8.06451180195505	1.22855361161563	0.267688510670918	0.331966298947521
"hsa-miR-19b-3p"	-0.498908600010207	9.83698592026603	1.22307804083904	0.268757430057757	0.332281913525954
"hsa-miR-200b-3p"	-0.459284445754664	4.7354059890475	0.833363679839188	0.361301685815651	0.423595079921798
"hsa-miR-200c-3p"	0.43448069312532	4.85499597575619	0.718030507702387	0.396790699142312	0.457318093926732
"hsa-miR-20a-5p"	-0.796621455763935	8.43181962434931	3.15943194474557	0.0754894468303424	0.108113364164555
"hsa-miR-20b-5p"	0.170719137330788	3.17241391341453	0.0502494728980132	0.822629739634834	0.845423006979879
"hsa-miR-21-3p"	4.80394290025803	11.9608650442787	87.4319751586626	8.72288454556318e-21	2.09349229093516e-19
"hsa-miR-21-5p"	4.93813028599982	16.9905280168417	92.9909901429596	5.25329464947953e-22	1.42889614465843e-20
"hsa-miR-210-3p"	6.79661559186262	8.65660063575466	48.8767871279106	2.72557450167575e-12	2.52735090155387e-11
"hsa-miR-210-5p"	8.08887663132866	5.45649403199699	43.0757351882488	5.26613391036223e-11	4.13188968351498e-10
"hsa-miR-2110"	0.0985013388255577	3.97920338032059	0.0217197236885429	0.882835145295307	0.893788434939169
"hsa-miR-2110-3p"	-1.35538129664272	5.5049549657944	5.5033984150822	0.0189795538722844	0.0312244273382743
"hsa-miR-2115-3p"	-8.63749738778412	4.70610276203643	74.3076612449118	6.68435949229505e-18	1.23964485129835e-16
"hsa-miR-2115-5p"	-7.2280611515684	3.47293036477947	39.2789331132271	3.6738385108509e-10	2.30604017296487e-09
"hsa-miR-2116-3p"	6.89416635114041	3.77728274712776	37.600029460314	8.68431691632721e-10	5.13507435052391e-09
"hsa-miR-212-3p"	3.71146308119403	4.42943738055617	34.666696371114	3.91268299351163e-09	2.1868146045928e-08
"hsa-miR-212-5p"	2.14251509411973	5.21451476161481	11.8270690579545	0.000583758102896144	0.00136099031989501
"hsa-miR-215-5p"	0.0912403633993372	3.71622076711338	0.0199350817070822	0.887718543233214	0.896507835740474
"hsa-miR-218-5p"	1.27803530820121	2.73136680127456	2.1254112499741	0.144873891195172	0.193798516746328
"hsa-miR-22-3p"	3.65597697532154	16.109977369708	62.5395208632851	2.61151154365623e-15	3.94628411041386e-14
"hsa-miR-22-5p"	2.62618797037761	6.66050296849884	38.8028282227403	4.68848057267269e-10	2.89833344492494e-09
"hsa-miR-221-3p"	0.26082281540321	11.3103210527997	0.327926751306364	0.56688244977113	0.615127764645269
"hsa-miR-221-5p"	-0.607390506174162	8.63023070326504	1.10571255449084	0.293015846588787	0.356867060920074
"hsa-miR-222-3p"	2.0277131651113	10.4537294154572	12.8979614230091	0.000328940214168785	0.000823359554483829
"hsa-miR-222-5p"	3.10437395647173	2.78197881057544	10.3117535516405	0.00132185621331702	0.00286870922890076
"hsa-miR-223-3p"	-5.54370185624091	15.8288427200008	122.180703236986	2.10742231377836e-28	8.59828304021571e-27
"hsa-miR-223-5p"	-1.23311926720225	6.38814870455678	7.17444848931358	0.00739491773229468	0.0138400295173222
"hsa-miR-224-5p"	-4.51369005756254	3.49734786322382	25.2908051191699	4.93053563319616e-07	2.21061377840004e-06
"hsa-miR-2277-5p"	0.469148993621628	4.63741608525603	1.05844510518258	0.303570088449912	0.365358690523788
"hsa-miR-2355-3p"	-2.06165452366239	3.21522479410766	7.32734495321376	0.00679133002633051	0.0128877332592691
"hsa-miR-2355-5p"	-2.23772317957329	6.3119095028808	13.9070478216639	0.000192076877566496	0.000508879000306041
"hsa-miR-23a-3p"	-0.521652444433347	12.3987443761725	1.79445903345018	0.180383816778061	0.235132898547761
"hsa-miR-23a-5p"	1.83360732806212	5.23177699406195	11.8991428294384	0.000561597817588732	0.00132446190506475
"hsa-miR-23b-3p"	-1.61639725964481	7.64575364722606	16.2039607528189	5.68750774446884e-05	0.000178500243057176
"hsa-miR-23c"	-4.67085162117062	1.85151006363569	6.52235093726762	0.0106527095995057	0.0190627434938524
"hsa-miR-24-2-5p"	0.919569652218443	8.09847016178786	5.62690907604951	0.0176867916809089	0.0294539224726973
"hsa-miR-24-3p"	-0.125571112930386	11.158327305562	0.121234399310367	0.72769952119887	0.773180741273799
"hsa-miR-2467-5p"	-0.0373567639897868	5.14937284551776	0.006235365820765	0.937060992917334	0.938116785067563
"hsa-miR-25-3p"	-2.38212060035448	12.4984803984828	49.1491422906522	2.37222070577151e-12	2.25085127431343e-11
"hsa-miR-25-5p"	-0.331162191373785	4.18886899074392	0.304606906895236	0.581008614624485	0.62546573817095
"hsa-miR-26a-2-3p"	-0.628025662251333	4.26906838929222	1.09849843562893	0.294595871201701	0.357111996823528
"hsa-miR-26a-5p"	-1.53017307348074	16.0158581642958	16.6556580339704	4.48164285005623e-05	0.000145119863716107
"hsa-miR-26b-3p"	-0.467664936084596	7.23829124728975	1.05310902061451	0.30479213655398	0.365750563864776
"hsa-miR-26b-5p"	-1.34959337265873	13.6143432867699	16.0635561600482	6.12515451697069e-05	0.000187899476911582
"hsa-miR-27a-3p"	0.455161777487201	13.0449047613578	1.40088065079807	0.236576176654447	0.297910740972266
"hsa-miR-27a-5p"	-0.0686866116345358	6.13900116536307	0.0276029889422409	0.868045617197569	0.881001521931861
"hsa-miR-27b-3p"	-1.08459542614275	11.3370378774447	5.06115433314043	0.0244679356253949	0.0389957724029731
"hsa-miR-28-3p"	0.449377395683852	12.6080851380824	1.50830016329166	0.21939864969521	0.280610185190112
"hsa-miR-28-5p"	1.97783568986558	9.53973112007681	19.1627427852719	1.20033485791048e-05	4.45215110934069e-05
"hsa-miR-29a-3p"	0.328013047819464	12.5056663956299	0.848635189821209	0.356938722847992	0.419685875855853
"hsa-miR-29a-5p"	-0.118006096707959	4.88880161115853	0.0424625628748574	0.836740557507413	0.855614404669235
"hsa-miR-29b-1-5p"	-0.120959664201362	3.14479282964385	0.0308686149158302	0.860533827701687	0.87774450425572
"hsa-miR-29b-2-5p"	0.782539602400183	3.28132481900238	0.921921759644491	0.33697088637563	0.397352952720396
"hsa-miR-29b-3p"	0.192810577369769	7.65528001275522	0.200110023290039	0.65463205304781	0.701023300901592
"hsa-miR-29c-3p"	-0.231052819096395	10.0537754690315	0.41789578866095	0.517988876544979	0.572735668374937
"hsa-miR-29c-5p"	-0.761148462631505	6.2625882791129	2.62753730675541	0.105024498444422	0.145748283555524
"hsa-miR-301a-3p"	0.349040122347799	7.16319099881666	0.323607620256171	0.569447620774048	0.616188740535784
"hsa-miR-301b-3p"	2.10272580367047	5.58260937332625	10.4145841006873	0.00125024008826315	0.0027277965562105
"hsa-miR-30a-3p"	3.40532487627507	2.74466029613286	15.4100694397173	8.65259940243076e-05	0.000252161468299411
"hsa-miR-30a-5p"	5.12240619721514	8.20069977185676	58.4532758249436	2.08176683220454e-14	2.83120289179818e-13
"hsa-miR-30b-5p"	0.725371775118003	10.6674666241412	2.61660968351048	0.105750167345872	0.146257858566494
"hsa-miR-30c-1-3p"	-0.160739737946918	5.00550546929337	0.0888427765512185	0.765653512643097	0.805120188552536
"hsa-miR-30c-5p"	-0.677031856412466	12.7262399759426	4.09086932633172	0.043115461096733	0.0651522523239521
"hsa-miR-30d-3p"	0.841862026779747	4.47453290873276	1.44759831606934	0.228913714277923	0.290052159706188
"hsa-miR-30d-5p"	0.420828468520661	13.2322945567803	1.12701839152135	0.288412216050307	0.353369922367944
"hsa-miR-30e-3p"	-1.34172638335439	9.11421182133589	10.1457109213303	0.00144637373278103	0.00307881126006423
"hsa-miR-30e-5p"	0.380687607722684	13.4399310005179	0.582167474726134	0.445463991957935	0.503460688971849
"hsa-miR-31-5p"	-0.584751072405975	2.62634069879313	0.363493875174491	0.546572200646799	0.59626058252378
"hsa-miR-3150b-3p"	-6.90412859787204	3.21136066933388	30.5936140625657	3.18139150102335e-08	1.64304776255383e-07
"hsa-miR-3158-3p"	1.3304870013285	3.22026440019635	3.97479329176114	0.0461861218179079	0.0690254128267634
"hsa-miR-3168"	4.01661758074264	3.27322502192313	22.1588805054326	2.50992265949712e-06	1.02404844507482e-05
"hsa-miR-3173-5p"	-0.634315734561249	3.02731999014999	0.535713418915971	0.464214674208275	0.520328535925758
"hsa-miR-3174"	3.06479665200954	2.85341589846629	6.88984855939776	0.00866866120891745	0.0157893472019568
"hsa-miR-3176"	4.23398706435763	3.84902542258856	30.2687073830779	3.76145726612704e-08	1.91834320572479e-07
"hsa-miR-32-3p"	0.415317463521912	3.32340910507216	0.488354618288809	0.484662190985266	0.541759380608188
"hsa-miR-32-5p"	0.568943718601721	4.63556609162142	0.329764580295906	0.565797744612656	0.615127764645269
"hsa-miR-3200-3p"	2.9502125687501	2.39756889324337	6.39975960176461	0.011413581779895	0.0202467015921616
"hsa-miR-320a"	1.64981120149213	9.9157715949285	16.694102576156	4.39173104727129e-05	0.000144502118329571
"hsa-miR-320d"	-0.621647527731337	3.22690497040481	0.606191980982765	0.436225209847495	0.498238494875164
"hsa-miR-323b-3p"	-6.40200069532833	2.82156557475092	15.7336467801251	7.29155543620492e-05	0.000215576421592146
"hsa-miR-324-3p"	1.98032700165163	5.98386427429355	19.5780385127578	9.65729374918517e-06	3.75254842825481e-05
"hsa-miR-324-5p"	1.37254723955874	5.45431092267215	5.14796178522341	0.0232736762113245	0.0372453309241185
"hsa-miR-326"	3.1012531869489	8.95155834933529	50.4444946264939	1.22583202999768e-12	1.25034867059763e-11
"hsa-miR-328-3p"	0.3097703855059	7.27106767064908	0.597362138990732	0.439586263169456	0.498238494875164
"hsa-miR-330-3p"	-1.15573249324421	5.7179122302856	5.63199780885358	0.0176355213070203	0.0294539224726973
"hsa-miR-330-5p"	1.17710375140353	5.46782693257039	4.59325796799677	0.0320979462057188	0.0496059168633836
"hsa-miR-331-3p"	0.667850284745692	8.95429269866754	2.41339469801089	0.120301236236469	0.163609681281598
"hsa-miR-331-5p"	2.22710659596224	2.77394811455466	6.93393455565409	0.00845754286294422	0.0155435922886542
"hsa-miR-335-3p"	-2.66789314040755	3.993526156023	15.5613915720998	7.98689523604784e-05	0.000234435486065289
"hsa-miR-335-5p"	-1.57748128757101	5.61541892710577	11.3718666469998	0.000745649044468291	0.00169013783412813
"hsa-miR-338-3p"	-3.10242050191484	11.0439352840553	51.3611915391367	7.68426838755295e-13	8.47346351924758e-12
"hsa-miR-338-5p"	-1.09213152762707	7.81644617486667	2.60006038453854	0.106859643467127	0.14729302207631
"hsa-miR-339-3p"	1.51915585276303	7.36231353227652	9.65861345406002	0.00188465813943157	0.00392316592289836
"hsa-miR-339-5p"	0.785994297379056	7.44137674100999	2.48233483497874	0.115131227812093	0.157629332038033
"hsa-miR-33a-3p"	1.71587110221298	3.87611556320306	5.74538978272738	0.0165319867244861	0.0282060003387863
"hsa-miR-33a-5p"	-1.32186082717697	3.59231959823309	4.67044316665621	0.0306860082656866	0.0476041497049435
"hsa-miR-33b-3p"	2.57345434567775	2.8229935796877	10.512039195643	0.00118599304681849	0.00261559547622672
"hsa-miR-33b-5p"	-1.82248995046844	3.37022717981225	8.60812984531598	0.0033466576138468	0.0065963106591763
"hsa-miR-340-3p"	0.35369486081551	7.20954112843583	0.792068547921615	0.373475374077164	0.43477080705317
"hsa-miR-340-5p"	0.343319350314405	11.5075845788869	0.597718861793439	0.439449709617752	0.498238494875164
"hsa-miR-342-3p"	3.04134251631313	11.2377800903944	43.7660841901612	3.70062700792545e-11	3.08133840659915e-10
"hsa-miR-342-5p"	3.17444785926701	5.68164684355139	26.6829854581445	2.39723171363244e-07	1.11144379450231e-06
"hsa-miR-345-5p"	0.0373970720712507	9.70882585057401	0.00602750852812051	0.938116785067563	0.938116785067563
"hsa-miR-34a-3p"	7.77864126146875	3.8751131331981	52.5058297455729	4.28973053833324e-13	5.14767664599988e-12
"hsa-miR-34a-5p"	7.90018230019476	9.17236844357862	114.091463502512	1.24434393790478e-26	4.23076938887626e-25
"hsa-miR-34c-5p"	-1.44149942738743	4.46025722986024	5.35232977413722	0.0206946007123682	0.0336390322336503
"hsa-miR-3605-3p"	-1.0315467251556	5.03028373407286	4.0167706219577	0.0450498966089094	0.0678241985846311
"hsa-miR-3605-5p"	-0.991024249431978	4.48857180032844	3.3971601739884	0.0653087659081323	0.0955052920807096
"hsa-miR-3607-3p"	1.12880011699886	6.31086032057566	3.15876349308373	0.07552036467377	0.108113364164555
"hsa-miR-3609"	-1.75355124974688	2.40156236916626	2.14133857812815	0.143376739159008	0.192426676239722
"hsa-miR-361-3p"	0.122471143174694	9.69182672526453	0.0523746334793316	0.818981579016584	0.845423006979879
"hsa-miR-361-5p"	0.632490430597112	8.63949835983614	2.77602515976139	0.0956853741637045	0.134156813260452
"hsa-miR-3613-3p"	0.152630283195185	4.40937192775903	0.0699888218001044	0.79135305623116	0.823653180975289
"hsa-miR-3613-5p"	-2.40681677291961	5.50597591757602	11.5810706257861	0.000666265706971713	0.00154452504797988
"hsa-miR-3614-5p"	-2.88618670343602	5.45055445597836	17.6804819928697	2.61294035074147e-05	8.883997192521e-05
"hsa-miR-3615"	-1.63556761508903	6.16325755584951	9.31796016620059	0.00226918475530529	0.00456066940559098
"hsa-miR-362-3p"	1.88530251178666	3.11313727823142	7.58345121003647	0.0058906552537521	0.0112835086550744
"hsa-miR-362-5p"	1.66752666726577	5.28018603868727	10.5449573842857	0.00116505508560209	0.00258338301590029
"hsa-miR-3620-3p"	0.988430542807343	2.96780676124137	1.83211585865718	0.175877835124699	0.229994092086145
"hsa-miR-363-3p"	0.231548115637154	6.98724540156398	0.21549603949448	0.642493350237617	0.689834965518283
"hsa-miR-3653-3p"	2.74110718750478	2.61263350939607	5.6451498296601	0.0175037204288274	0.0294539224726973
"hsa-miR-365a-3p"	1.79291181178286	6.79997111697851	12.7755014910642	0.000351188455038633	0.000868393270640982
"hsa-miR-365b-3p"	1.79291181178286	6.79997111697851	12.7755014910642	0.000351188455038633	0.000868393270640982
"hsa-miR-365b-5p"	4.72201400523123	3.33206516957189	16.8995058114569	3.94118422641204e-05	0.000130731964583424
"hsa-miR-3677-3p"	1.75124397742915	2.838787510621	5.26810611131374	0.0217196303750088	0.0351651158452523
"hsa-miR-3690"	1.06890491508753	7.1009731143038	2.35353308994869	0.12499941917295	0.169434428646391
"hsa-miR-371b-3p"	-3.92243175785496	3.7994734336933	22.9715765393872	1.64414417613677e-06	6.9732585738817e-06
"hsa-miR-371b-5p"	-2.12692195323379	6.46315638018228	13.0070664766067	0.000310317698018131	0.000786395160195016
"hsa-miR-374a-3p"	0.578017070665032	6.96154117949931	0.826711362160003	0.363225199945299	0.424630033173874
"hsa-miR-374a-5p"	-0.884493679480861	7.47881295296301	4.74313459073339	0.0294154284157389	0.0461294047121133
"hsa-miR-374b-3p"	1.93641500050422	3.99415159042683	11.9121319613144	0.000557695357575348	0.00132290526680664
"hsa-miR-374b-5p"	0.858555967067458	7.26433035142771	3.03656844653014	0.0814078391855665	0.116134260096892
"hsa-miR-378a-3p"	5.57690860200196	14.2517550325582	171.920639279673	2.81639236723287e-39	5.74544042915506e-37
"hsa-miR-378a-5p"	4.2245454553954	6.72657746690241	57.7030988725394	3.04822211537755e-14	4.01185362281948e-13
"hsa-miR-381-3p"	-3.55355190703767	2.77291945851914	9.54872490138929	0.00200088364355671	0.00406149515707033
"hsa-miR-382-5p"	-5.43294398203479	2.18741706018638	12.4890819121802	0.000409337312110678	0.00100005762479734
"hsa-miR-3909"	1.02171069497766	6.75799110861378	5.58287822764331	0.0181368916432245	0.030080698335104
"hsa-miR-3922-3p"	1.53324036304429	3.63672987385203	6.94232474703681	0.00841796380558727	0.0155408562564688
"hsa-miR-3928-3p"	-0.466539400020451	3.62350402498812	0.373142844271207	0.5412961129571	0.592520978712134
"hsa-miR-409-3p"	-10.2266331566155	6.20879679178159	42.5690905893944	6.82290872857403e-11	5.1550865949226e-10
"hsa-miR-409-5p"	-5.90981591326295	4.66771313320046	18.2259561085019	1.96186899228202e-05	6.80663762415769e-05
"hsa-miR-410-3p"	-3.98116230387235	4.44280167191985	15.0694415175915	0.00010362736239023	0.000295664082903593
"hsa-miR-411-5p"	-4.85680092417942	3.76073860969182	16.145045841311	5.86718325115464e-05	0.000182733646295503
"hsa-miR-421"	1.466654928515	8.5240707553175	14.5337262574697	0.000137672684684222	0.000376982921819882
"hsa-miR-423-3p"	0.351216214722062	12.320947086501	0.970991487033729	0.32443302933815	0.384792662703388
"hsa-miR-423-5p"	0.310324780817128	11.5847957886807	0.477217993255849	0.489685160991604	0.545878540121788
"hsa-miR-424-3p"	-1.84064819370008	5.51093848563256	13.0520122197091	0.000302958740720414	0.000772544788837056
"hsa-miR-424-5p"	0.552918480171228	8.86040930944684	0.439591644933964	0.507319616821959	0.563995650308881
"hsa-miR-425-3p"	-0.306345579897602	7.45824081501715	0.542714958105759	0.461309732691622	0.518496889636864
"hsa-miR-425-5p"	-0.860872912195931	10.3766819639798	5.78013225794255	0.0162083217457672	0.0279029336382828
"hsa-miR-4286"	-1.88416369568027	3.09534932524165	4.87197772066902	0.0272962004264233	0.0429994199767596
"hsa-miR-431-5p"	-6.39073448178138	2.81583820289207	17.155511874442	3.44408563778972e-05	0.000115179257394935
"hsa-miR-4326"	2.77669999538941	4.63766079876561	14.1657097106522	0.000167393510103362	0.000446382693608966
"hsa-miR-4433b-5p"	-8.71302395044879	4.77501801691809	73.2346439974712	1.15117326977653e-17	2.04208127856011e-16
"hsa-miR-450a-5p"	-3.21120060882709	7.27648186593976	28.4475800944499	9.62700208431832e-08	4.7344380252285e-07
"hsa-miR-450b-5p"	-2.94378353320406	7.63025926899918	15.8412524294858	6.88842306458464e-05	0.000205144278127776
"hsa-miR-451a"	-9.74893211144323	11.9227495396882	144.441294839538	2.84517738048019e-33	2.32166474247183e-31
"hsa-miR-4521"	4.0074805079983	3.31725241276447	19.3951580192741	1.06276169165489e-05	4.09062990750183e-05
"hsa-miR-454-3p"	-1.24184895881971	7.53630570692953	5.95428615432579	0.0146815465028939	0.02538165666602
"hsa-miR-454-5p"	-1.61249687039165	5.13789515166993	10.8404728769667	0.000993053690169444	0.00222618629444579
"hsa-miR-4645-3p"	-1.68001279388852	4.11382639508422	10.2843713233581	0.00134161723494616	0.00289618958655044
"hsa-miR-4662a-5p"	3.31892941750715	3.26611808594162	19.2783633337166	1.12979422654982e-05	4.22895453607637e-05
"hsa-miR-4677-3p"	1.78565675046736	5.83378322849318	12.5914249535845	0.000387520583068246	0.000952460228264123
"hsa-miR-4707-3p"	1.21247279321573	2.84379901290376	1.93221376797836	0.164516450925357	0.217225605105326
"hsa-miR-4732-3p"	-5.50494405613507	2.22392322807503	11.455209122227	0.000712938655449846	0.00162502218672367
"hsa-miR-4772-3p"	-7.70846742786248	3.87688704455426	43.4152071265927	4.42734045302642e-11	3.61270980966956e-10
"hsa-miR-4772-5p"	-9.22138208465795	5.24933781585952	84.9630112426391	3.03999175056182e-20	6.89064796794013e-19
"hsa-miR-4775"	1.98929466797579	3.43533585554404	8.07443269120523	0.0044894160121356	0.00872229396643488
"hsa-miR-4787-3p"	5.13296269042598	3.37628689335715	19.2915614283024	1.12201141692201e-05	4.22895453607637e-05
"hsa-miR-4802-3p"	5.143842150247	2.35563709718543	11.8478518091527	0.000577279008803882	0.00135361974478152
"hsa-miR-484"	-0.813499144424625	11.1839539770479	5.24501852372316	0.02200969401978	0.035493893913321
"hsa-miR-485-3p"	-6.41077275232269	2.82419550405711	14.4458935095076	0.000144244013058024	0.000389745412766051
"hsa-miR-486-3p"	-2.7694615292048	3.86715430567213	15.9119657301002	6.63578651498508e-05	0.000199073595449553
"hsa-miR-486-5p"	-6.68581373769393	12.8642467820579	119.271557181278	9.1330149368345e-28	3.38751826748043e-26
"hsa-miR-487b-3p"	-6.50736100589748	2.90103050153719	18.4503295554218	1.74390672313965e-05	6.18707776557373e-05
"hsa-miR-491-5p"	-1.28927369191802	3.47838557572111	4.50753538701699	0.0337458325779613	0.0519558478936159
"hsa-miR-496"	-5.35132573384483	2.13450424803782	9.63681657002944	0.00190715491180627	0.00394984367521298
"hsa-miR-500a-3p"	2.33586250249127	10.6835500010721	37.9028729746173	7.43556629740197e-10	4.46133977844118e-09
"hsa-miR-500a-5p"	2.03104297518474	3.32399052308284	9.5712104886158	0.00197652414636328	0.00403210925858108
"hsa-miR-500b-3p"	2.18728165321707	3.14129280607577	9.429432850376	0.0021353031619404	0.00431288955481032
"hsa-miR-500b-5p"	2.03104297518474	3.32399052308284	9.5712104886158	0.00197652414636328	0.00403210925858108
"hsa-miR-501-3p"	2.97131640591413	10.1017885013196	59.5643622223181	1.18359204826874e-14	1.6651915713574e-13
"hsa-miR-501-5p"	3.93323229209368	4.30672238993815	39.8511511729382	2.74072612277917e-10	1.83314140671132e-09
"hsa-miR-5010-3p"	2.8662501993473	4.59654031658127	28.7879577341111	8.0751648387368e-08	4.06749043728965e-07
"hsa-miR-502-3p"	1.78590580493284	5.78114384023784	10.1425546190303	0.00144885235767728	0.00307881126006423
"hsa-miR-502-5p"	2.23687186970842	3.06508347647129	8.5993211015494	0.0033628834082647	0.00659642514698076
"hsa-miR-503-5p"	-0.221104851117911	3.0378849983883	0.0896950738033873	0.764565164565591	0.805120188552536
"hsa-miR-504-5p"	-5.90793480552305	5.02384422851983	39.3041077505204	3.62677529118347e-10	2.30604017296487e-09
"hsa-miR-505-3p"	0.716033989350798	6.91345379681677	2.2485097480111	0.133743147716796	0.180686106849181
"hsa-miR-511-3p"	11.5130779472202	7.46422389270913	105.856396121737	7.92769870945783e-25	2.48807774881446e-23
"hsa-miR-511-5p"	11.5073208618151	7.4585069489145	135.145893442418	3.0677827946744e-31	1.56456922528394e-29
"hsa-miR-532-3p"	2.43794512836198	7.00924789824838	35.0269259967954	3.25177488573995e-09	1.84267243525264e-08
"hsa-miR-532-5p"	1.80055988737739	10.2584189416301	18.7818695929578	1.46553706613753e-05	5.30840061509923e-05
"hsa-miR-542-3p"	-1.25191621267192	3.93703074682168	3.87839988871025	0.0489111515411867	0.0725663630138333
"hsa-miR-542-5p"	-4.16831436839854	4.95774166612094	47.5870108706352	5.26159541798679e-12	4.56751261816726e-11
"hsa-miR-548au-5p"	-0.726259779740139	3.75670626136668	1.65581369889946	0.198169499040531	0.25586441648271
"hsa-miR-548e-3p"	-1.67074483304391	8.20566792408439	13.4406402629181	0.000246231572165537	0.000639888416837829
"hsa-miR-548e-5p"	-0.776735649653633	5.26562920885424	2.82486919177848	0.0928144538883965	0.130580335125744
"hsa-miR-548k"	-0.334615808278526	7.85143385039153	0.597268284883313	0.439622201360439	0.498238494875164
"hsa-miR-548o-3p"	0.439341625829893	4.95564415464686	0.78859226013109	0.374526134805883	0.43477080705317
"hsa-miR-548w"	-1.66485800671876	3.27115219001247	6.323285846945	0.0119162617335085	0.0209561844278943
"hsa-miR-550a-3p"	-2.11222224851018	5.71116240279979	15.0711236716234	0.000103535053217792	0.000295664082903593
"hsa-miR-550a-5p"	-2.21127769518602	3.8129018233978	7.29527250183672	0.0069136283007794	0.01305907567925
"hsa-miR-551a"	-2.9626296923423	4.01822588141476	22.9556085845496	1.65785804330031e-06	6.9732585738817e-06
"hsa-miR-5690"	0.70917993815437	3.09380997237668	1.0246705088701	0.311413707305909	0.372600564753111
"hsa-miR-574-3p"	0.716815785889294	8.35450478662889	3.24939716475984	0.0714497316018323	0.103008800330557
"hsa-miR-576-5p"	-0.417884726502545	5.75179167796053	0.939207554155336	0.332481721800965	0.393195775347229
"hsa-miR-582-3p"	-3.62224057561713	6.97206255408078	47.5954540405361	5.23898296724432e-12	4.56751261816726e-11
"hsa-miR-582-5p"	-4.13720553262116	7.65425435940853	51.7936952428294	6.16494537566932e-13	6.98693809242523e-12
"hsa-miR-584-5p"	-5.32502403473404	6.06428309874323	55.2800053397869	1.04526458199779e-13	1.33271234204719e-12
"hsa-miR-589-3p"	0.585050522088723	5.27581835715857	2.00530226789168	0.156750046587118	0.208319280154868
"hsa-miR-589-5p"	-0.634578542787399	8.60298244815467	1.37116340541853	0.241612095118644	0.30331610710279
"hsa-miR-590-3p"	-0.148214142342461	6.05830801374529	0.0903065264066631	0.763787831898226	0.805120188552536
"hsa-miR-598-3p"	1.04224551143522	3.66594754877332	1.88543765701991	0.16971740742882	0.222651775662247
"hsa-miR-616-5p"	0.538950912053605	5.05682866663753	1.2348630399416	0.266463372975622	0.331454439555041
"hsa-miR-618"	-3.54226523394828	7.01134259841911	38.3409055534368	5.94042871646147e-10	3.61745509897952e-09
"hsa-miR-625-3p"	0.326442096111934	4.67402136118097	0.432059564728599	0.510980077884738	0.566521390698296
"hsa-miR-625-5p"	-0.109207009923622	4.70759966632322	0.0439501050605551	0.833946469548876	0.854899898432014
"hsa-miR-627-3p"	-1.80070214976062	2.8724274385432	4.96462242033864	0.0258709628128037	0.0410714117806378
"hsa-miR-628-3p"	-1.05537305659171	5.10519826140431	5.73904992557892	0.0165917649051684	0.0282060003387863
"hsa-miR-628-5p"	-1.43947529759197	6.00879782156491	9.92205645597486	0.00163309812658314	0.00345235251630011
"hsa-miR-629-3p"	-0.48431531473909	3.70598645214121	0.321211067926823	0.570880744908153	0.616188740535784
"hsa-miR-629-5p"	-0.691919299257954	6.65815528675488	2.03400807829633	0.153814500673479	0.205086000897972
"hsa-miR-641"	-0.42455590041598	4.05820173333868	0.56065458392226	0.453996620953408	0.511686799306604
"hsa-miR-6503-3p"	6.98845923835084	4.47290333619834	49.7293937225421	1.76482023607043e-12	1.71439680075413e-11
"hsa-miR-6503-5p"	4.00283511525337	2.61216021264616	12.4468054165422	0.000418707355512492	0.00101084379318992
"hsa-miR-651-5p"	-1.33184597042827	2.86197269022792	3.26112044942644	0.0709406383663058	0.102995848111272
"hsa-miR-6511b-3p"	1.91810449964177	2.81090963903345	6.34159254073883	0.011793894574254	0.0208307748324486
"hsa-miR-6516-3p"	-0.138148529248042	3.48108704983547	0.0291557677035188	0.864419873282686	0.879509497005825
"hsa-miR-652-3p"	0.143446963205114	8.84396816916645	0.122976669023025	0.725828210498979	0.773180741273799
"hsa-miR-652-5p"	-0.527982521185938	4.98859133843569	1.41753503283814	0.233809551001519	0.295338380212445
"hsa-miR-653-5p"	5.98497015440374	2.4599698430205	19.357249148758	1.0840692968938e-05	4.13364741245485e-05
"hsa-miR-654-3p"	-8.99951181238187	5.0387126096143	45.148296042634	1.8266457087244e-11	1.55264885241574e-10
"hsa-miR-659-5p"	-1.61989832209165	3.10862108938263	4.73765597719048	0.0295092515437783	0.0461294047121133
"hsa-miR-660-3p"	2.54807236426334	3.38273774371575	10.6845946349091	0.00108031404596185	0.00240856902050511
"hsa-miR-660-5p"	1.93639060739534	9.68194630318987	25.0994094265952	5.4449531330416e-07	2.41471834595758e-06
"hsa-miR-664a-3p"	-0.519490712999474	6.82983002362306	1.4607237774294	0.226814995308187	0.28828821833564
"hsa-miR-664a-5p"	-0.742542006983805	3.30962658411762	1.48512460631757	0.222974448178827	0.284292421428005
"hsa-miR-671-3p"	0.483686229175521	6.481836070789	1.01689654593619	0.313256289943196	0.373709258177848
"hsa-miR-671-5p"	3.21742825657385	3.93902605064624	28.2642624274765	1.05831954921277e-07	5.14040923903343e-07
"hsa-miR-6769b-3p"	1.78102636439179	2.88021829776111	4.26715582804057	0.0388559156847306	0.0591537820872018
"hsa-miR-6803-3p"	-1.87418048952746	3.6395562784435	9.72253647038072	0.00182022135981548	0.00382809440620988
"hsa-miR-6810-3p"	3.55311683810787	2.98121442654898	14.8595485766707	0.000115820251887464	0.000323662073767707
"hsa-miR-6819-3p"	-1.27487556042913	3.15139286986349	3.45144413708568	0.063196530420173	0.0927488647893187
"hsa-miR-6842-3p"	-1.56932901794851	5.99811139913414	12.2290137463977	0.000470520635328613	0.00112924952478867
"hsa-miR-6852-5p"	-0.762028033840304	3.82854495909395	1.63949058641742	0.200395376026226	0.257922124349212
"hsa-miR-7-1-3p"	-1.19611235982826	5.24555384692808	6.08369626241075	0.0136435012579875	0.0238907661513258
"hsa-miR-7-5p"	-2.07988009006802	5.75686796154753	13.1378300811593	0.000289392819224191	0.00074259289461302
"hsa-miR-708-5p"	4.66205104639024	2.70163137976281	18.7757868250651	1.47021879780935e-05	5.30840061509923e-05
"hsa-miR-7155-3p"	-6.1273833090169	2.63578949767561	22.4652033315382	2.13985048604206e-06	8.90876528882818e-06
"hsa-miR-744-3p"	0.584726505698869	3.64420349889486	1.15194014946881	0.283143376429928	0.347959330070514
"hsa-miR-744-5p"	0.238322046814492	8.86559082328755	0.400703531090401	0.526726147659124	0.579256787722163
"hsa-miR-766-3p"	-1.41436275467922	6.63642146944482	12.9859906339706	0.000313830254909495	0.000790387308660952
"hsa-miR-769-5p"	-1.0214027499033	9.32549917042876	5.97960275989391	0.0144722614879513	0.0252336866969407
"hsa-miR-7705"	1.72340373042133	3.55186720615777	7.05823669520369	0.00789016213093628	0.0146326643155545
"hsa-miR-7706"	2.25934571382211	5.62488713870123	22.4378925043941	2.17049366266793e-06	8.94506479160115e-06
"hsa-miR-7976"	-0.59748560514395	4.81533155894259	1.32322142277684	0.250014723384989	0.311944975966591
"hsa-miR-7977"	-1.07580223819659	3.15088007051279	0.98018605567221	0.322152876332918	0.383202255229827
"hsa-miR-873-3p"	-7.36195395050236	3.58516243843881	41.8236727589173	9.98867085197485e-11	7.40977765019225e-10
"hsa-miR-873-5p"	-7.67296447546437	3.84963380944891	40.9903716123088	1.52981026263287e-10	1.07614239164519e-09
"hsa-miR-874-3p"	1.29178637218147	4.54981190835207	6.67939790140476	0.00975335643750654	0.0175302617907607
"hsa-miR-877-5p"	3.58826853665962	5.50552699837423	40.7123776785634	1.76366493254888e-10	1.19929215413324e-09
"hsa-miR-9-5p"	2.33865144209254	5.18170469058426	17.6935551273738	2.59504352264767e-05	8.883997192521e-05
"hsa-miR-92a-3p"	-1.26724995607116	15.5810869414112	13.4067802025365	0.000250716401437861	0.000647419568269919
"hsa-miR-92b-3p"	1.29659042557182	7.95386425002169	10.2430274331489	0.00137202222745679	0.002946237204223
"hsa-miR-93-3p"	-1.5342191462596	6.66731286886516	14.9555479727408	0.000110073925046435	0.000309725251165143
"hsa-miR-93-5p"	-1.68629799790405	10.8228631907903	16.0251490376203	6.25066541007206e-05	0.000188908999059956
"hsa-miR-935"	-5.73076218161549	2.37143979050761	16.3445092008716	5.28089408873071e-05	0.000168328499078291
"hsa-miR-940"	4.34036809419301	3.94351954555224	27.9794286444494	1.22611992753139e-07	5.88537565215069e-07
"hsa-miR-941"	-0.732627914884696	11.2126627704748	2.15832679299814	0.141799023950599	0.190937299577044
"hsa-miR-941-3-5p"	-0.736079876524153	8.89453390071083	1.99674403065657	0.15763751434768	0.208818525499524
"hsa-miR-942-5p"	-1.55574710569141	5.03423330370902	11.4921829959085	0.000698895027705069	0.00161101226725236
"hsa-miR-96-5p"	-6.47780293566108	2.88617508046929	25.7215150476139	3.9440547896189e-07	1.78797150462723e-06
"hsa-miR-98-3p"	1.84454072579573	4.56282502661954	7.79723844393491	0.00523261453831199	0.0100703147718457
"hsa-miR-98-5p"	1.80327255348875	11.3824218430916	23.769656693541	1.08580774011864e-06	4.76354363406887e-06
"hsa-miR-99a-5p"	-0.0613073594796767	5.78583051399259	0.0113564504423955	0.915132778997103	0.921773473049125
"hsa-miR-99b-3p"	3.6641234199202	5.61448333557849	41.3149054574286	1.29577049640646e-10	9.44061361667567e-10
"hsa-miR-99b-5p"	3.74881794938158	14.6194049197263	71.3811479008616	2.94472323775383e-17	4.80578832401426e-16
