"logFC"	"logCPM"	"LR"	"PValue"	"FDR2"
"hsa-let-7a-2-3p"	-7.44065948745719	4.17237648630405	24.0359593706091	9.45532307526804e-07	3.84611261933836e-06
"hsa-let-7a-3p"	-1.30724598581096	6.52448787337962	3.69368970203739	0.0546186662427487	0.094404787339703
"hsa-let-7a-5p"	-1.55760856949781	15.7072991137233	7.8079863756399	0.00520158324529537	0.0115330185889541
"hsa-let-7b-3p"	-2.9092371705845	7.19330488237298	30.0257966377855	4.26336723168385e-08	2.0232295371412e-07
"hsa-let-7b-5p"	-2.08119727042307	12.5991438642469	12.2060400793158	0.000476350376898133	0.00139300299406427
"hsa-let-7c-5p"	-4.31250074361212	9.48195804421124	16.6301998534768	4.54219921006342e-05	0.000148929077129958
"hsa-let-7d-3p"	1.13378690130791	7.57768780119096	7.68868938956454	0.00555679660009325	0.0121709593548601
"hsa-let-7d-5p"	0.902154570947621	10.3104241791514	5.2681102009292	0.0217195793468326	0.0415204679386446
"hsa-let-7e-3p"	-0.232820502319125	4.13972284813524	0.110436233313937	0.739648035983431	0.805456409946409
"hsa-let-7e-5p"	-0.541762896060156	11.6356677911784	1.22820937885392	0.267755554063728	0.355910945327953
"hsa-let-7f-1-3p"	-0.000932657879849792	4.64238587322948	2.83937615996877e-06	0.998655529362982	0.998655529362982
"hsa-let-7f-2-3p"	-0.36207369602895	4.5728178781272	0.11032199686564	0.739777844384138	0.805456409946409
"hsa-let-7f-5p"	-0.0355009977304245	14.8607028567306	0.00755974758340017	0.930713792226677	0.944505632572565
"hsa-let-7g-3p"	0.757024015843556	3.2603181907506	1.06562966864201	0.301934690856875	0.396472494547498
"hsa-let-7g-5p"	0.74612329357015	12.3234937372732	3.43409478890806	0.0638635734720984	0.107969353901266
"hsa-let-7i-3p"	-0.205617551995224	6.02677608987106	0.169693581003846	0.680384275593157	0.762086735188194
"hsa-let-7i-5p"	-0.866222927275921	14.2783868181197	4.10041055320767	0.0428728016641969	0.0757979924847402
"hsa-miR-100-3p"	-11.6980685621114	8.29371037055301	65.0868785410354	7.16676972489828e-16	9.94159595171788e-15
"hsa-miR-100-5p"	-11.308234922885	17.7964613575864	94.9573031784328	1.94536228359366e-22	9.56764541294698e-21
"hsa-miR-101-3p"	0.744446865154782	10.4929586166297	2.68177561142516	0.101502495752885	0.15556048215952
"hsa-miR-101-5p"	2.35197230457946	2.47805383144984	8.6460834197633	0.00327765174095652	0.00764314479248913
"hsa-miR-103a-3p"	0.992162484454839	12.0453503993719	7.35061124361155	0.00670399593186042	0.0146244427384536
"hsa-miR-106b-3p"	-1.02177022739495	7.35294771074651	2.72975204007876	0.0984945758590808	0.152244472970751
"hsa-miR-106b-5p"	-0.112678675578705	7.29160630383034	0.0343420458807788	0.852981134122828	0.888142396082784
"hsa-miR-107"	-2.06397152308934	6.79414939579953	5.43780074684924	0.0197054658009895	0.0380737749940546
"hsa-miR-10a-3p"	-7.16589136839681	3.92467684056958	13.5003438600388	0.00023851974239508	0.000720889277294626
"hsa-miR-10a-5p"	-4.82532698752185	14.3940826868781	10.5582851040046	0.00115668457681201	0.00303770075755
"hsa-miR-10b-5p"	-8.0387992473666	11.5093464910297	9.76271186287899	0.00178087022205971	0.00435950583771178
"hsa-miR-1180-3p"	-3.83690603036526	4.66306845978699	29.0353917392936	7.10679889147743e-08	3.31107751292169e-07
"hsa-miR-1185-1-3p"	-8.85270457464684	5.49577586899525	42.8791295907348	5.82285556818197e-11	4.09112319790448e-10
"hsa-miR-1185-2-3p"	-5.97518262335358	2.93024464325294	21.8496772643482	2.94866191093528e-06	1.11554272294824e-05
"hsa-miR-1185-5p"	-8.31865896625565	4.98565336004939	51.6205304926881	6.73337742848703e-13	5.78215426795473e-12
"hsa-miR-1197"	-7.43484020119983	4.1668181234179	25.6571066241966	4.07790955928171e-07	1.69703774736262e-06
"hsa-miR-122-5p"	-0.379060628025122	2.33450179123597	0.0899856891081523	0.764195349743073	0.821013400831121
"hsa-miR-1226-3p"	1.37277627399277	3.70402660312035	5.027271130852	0.0249511822233818	0.0473634722205248
"hsa-miR-1228-3p"	2.37778396012888	3.26914395943242	14.7202342191098	0.000124700809048193	0.000389960333497527
"hsa-miR-1228-5p"	2.80169477245631	1.76009151139831	2.92701380140379	0.0871084786727514	0.13739267335848
"hsa-miR-1233-3p"	-4.5377737171221	1.973951328724	7.73340299695067	0.00542084868122061	0.0119701189246545
"hsa-miR-1237-3p"	1.58635621126239	1.8075508836595	3.42246895385944	0.0643147589742854	0.108393409984699
"hsa-miR-1247-5p"	-3.72330724130455	1.5930489684172	2.03133504053895	0.15408520339408	0.221702380415418
"hsa-miR-1249-3p"	2.80481448823771	5.78454444805865	14.703858581409	0.000125788718761797	0.000391101706035243
"hsa-miR-1257"	-4.90354638840243	2.15694001885157	4.78550096384834	0.0287002981914447	0.0535409011088676
"hsa-miR-125a-3p"	-1.61413481809837	4.77856458181802	7.84280770639848	0.00510232970228512	0.0113595076910957
"hsa-miR-125a-5p"	-0.0768677739430371	13.1017141129009	0.0243070769703309	0.876106114424018	0.908860620571954
"hsa-miR-125b-1-3p"	-14.2131773183831	10.8023905097847	140.822437713978	1.75941891054946e-32	1.58640938434543e-30
"hsa-miR-125b-2-3p"	-4.51812062269359	6.65767699588416	30.1653549708937	3.96733601288625e-08	1.89940600262961e-07
"hsa-miR-125b-5p"	-9.98443108652734	14.5950133642474	83.6353703139084	5.9498938338319e-20	1.76351893898228e-18
"hsa-miR-126-3p"	-2.30021449571447	6.00925711542232	3.70498963551339	0.0542500084131206	0.0940681235624943
"hsa-miR-126-5p"	-2.95885231499635	7.64291063920837	6.1553693869865	0.0131013751826888	0.0272609383609025
"hsa-miR-1260a"	0.23033783102075	4.44495983530916	0.153431094291076	0.69527781078396	0.775557310585819
"hsa-miR-1260b"	0.443084010092105	3.64070471939067	0.490904673826249	0.483524027514085	0.583898435011428
"hsa-miR-1262"	-2.2177632019986	2.57226776536893	4.45740245368802	0.0347503024627759	0.0626663787745392
"hsa-miR-1269b"	-3.8454531503297	1.63317502244129	3.23468974985742	0.072093957328106	0.116079853912218
"hsa-miR-127-3p"	-11.309674066675	14.2979609652858	148.927168573794	2.97481928055177e-34	3.21875446155702e-32
"hsa-miR-127-5p"	-9.88783578344143	6.50219232415118	79.143294414562	5.77644899572489e-19	1.20194573334122e-17
"hsa-miR-1271-5p"	-1.6628720459231	7.46055980484007	3.22040218666251	0.0727257594375384	0.116749661292903
"hsa-miR-1273h-3p"	5.92718612623565	1.76130940917572	31.2640853152843	2.2520756434916e-08	1.10761174829905e-07
"hsa-miR-1277-5p"	-4.72929155670124	2.09989652497823	3.65672432118288	0.0558433224942719	0.0962141320681563
"hsa-miR-128-1-5p"	-0.183548479109993	4.08967439899862	0.103003292434924	0.748254905484766	0.81046452334771
"hsa-miR-128-3p"	-0.49885731116929	9.47627784672829	1.06173111086944	0.302820690572306	0.396673107989388
"hsa-miR-1285-3p"	0.212682772602253	4.50113353040325	0.0393439265087601	0.842768859934091	0.881891592310141
"hsa-miR-1293-3p"	-6.20447165309813	3.1135413101513	13.8887311518073	0.000193957906861156	0.000592831794417432
"hsa-miR-1296-5p"	-1.29732237127364	5.58811602536714	4.75718164921533	0.0291762846407429	0.0540560616117874
"hsa-miR-1301-3p"	2.59121595804996	6.52710155488806	23.8611968743108	1.03537881391003e-06	4.12542393673767e-06
"hsa-miR-1303"	3.18832946130867	2.98221700279633	10.5331241178201	0.00117253835392217	0.00304972716092257
"hsa-miR-1304-3p"	-1.58614278999298	6.26757405179426	4.1957560636343	0.0405252786552328	0.0721189991857925
"hsa-miR-1306-3p"	-1.95826602320178	1.95671637912719	2.01730587812169	0.15551485098274	0.222575487782176
"hsa-miR-1306-5p"	0.0937838386523785	3.26408125056755	0.0124393105512688	0.911194763401669	0.928354740113565
"hsa-miR-1307-3p"	0.996358924686557	7.88534764274005	5.30221139080526	0.0212983678388865	0.0408596347547432
"hsa-miR-1307-5p"	-0.626126519829721	9.43297964071726	1.55459986824035	0.212457658409648	0.29471690564005
"hsa-miR-130a-3p"	-5.25896830706352	10.4560526242323	56.0289340853021	7.14122860981684e-14	6.5481435218829e-13
"hsa-miR-130b-3p"	-1.34767794591351	9.07117332111329	5.82128998118052	0.0158333285712545	0.0319620550636145
"hsa-miR-130b-5p"	-1.86159957983466	7.72838503877875	9.00379640875643	0.00269419360399933	0.0063928014901914
"hsa-miR-132-3p"	0.739211204706661	7.02735807756128	2.64189290869044	0.104079468502215	0.158165709156456
"hsa-miR-132-5p"	0.428912226955147	4.55824185573068	0.748457772068049	0.386964948940691	0.489275012145205
"hsa-miR-133a-3p"	2.92272489696012	3.35890852865164	10.8808436379757	0.000971639785223324	0.00258944395963457
"hsa-miR-134-3p"	-4.99846492843364	2.2487751359605	8.23184287883809	0.00411617120209655	0.00935650680812703
"hsa-miR-134-5p"	-10.5863188357337	7.19053949958181	105.4971915	9.50325059470015e-25	5.71250952414754e-23
"hsa-miR-1343-3p"	-0.639443702695128	3.69512985357544	0.462479398572047	0.496467497014654	0.598193576581131
"hsa-miR-135b-5p"	-5.22775540140915	2.40010481538679	6.47374579289937	0.010947954425594	0.0235033466041522
"hsa-miR-136-3p"	-13.0019851411114	9.59297451231889	83.8012252922828	5.47108907348515e-20	1.74109364044439e-18
"hsa-miR-136-5p"	-11.1891791956887	7.78810877390341	57.6923984226136	3.06484958946097e-14	3.18862236134305e-13
"hsa-miR-137"	-4.80330262817204	5.5174082692899	21.4616972250071	3.60967293127715e-06	1.31948179447361e-05
"hsa-miR-138-1-3p"	-6.12221368500932	3.04565806428048	10.9675208547536	0.000927227247991889	0.0024956713490727
"hsa-miR-138-5p"	-8.28125038530432	9.34560084486401	19.6559194703911	9.27156423347027e-06	3.21533092968424e-05
"hsa-miR-139-5p"	2.95041997119908	2.91933141078185	8.31449743222427	0.00393298847100937	0.0089778344422619
"hsa-miR-140-3p"	1.02900544349581	10.6018509382348	5.6841841626967	0.0171184969058477	0.0339414071733635
"hsa-miR-140-5p"	0.67207138419937	5.57139409823319	1.294926318801	0.255142073809635	0.340819412175339
"hsa-miR-141-3p"	-2.74338770192433	7.41483557048346	1.10946544697831	0.292198178007056	0.384620959371819
"hsa-miR-141-5p"	-4.97524642843585	4.86005112346385	0.974919971258533	0.323456209835437	0.419381767813128
"hsa-miR-142-3p"	0.789612521641037	9.10004011185413	0.0846285613306001	0.77112024080333	0.822832446300989
"hsa-miR-142-5p"	2.39681760959892	11.7136794201351	1.35509592296613	0.244389212503356	0.328891950159989
"hsa-miR-143-3p"	-8.4161467377334	14.6291134213659	42.3484634051662	7.63763175444479e-11	5.23032756855017e-10
"hsa-miR-143-5p"	-8.79891161178423	5.4444320403514	41.0252759477362	1.50273167074117e-10	9.56444510436442e-10
"hsa-miR-145-3p"	-8.215722008875	7.09064830782208	27.8040463874606	1.34245046739765e-07	5.9045992102612e-07
"hsa-miR-145-5p"	-8.33179225887186	9.01147709122102	20.8798889088147	4.8900182389232e-06	1.74046043898517e-05
"hsa-miR-1468-5p"	-1.79775617623249	3.40639214920776	3.9212202707198	0.047680259224834	0.0832097427117264
"hsa-miR-146a-3p"	2.37573521278535	3.75612473883023	3.2577268644038	0.0710876066553144	0.11480117970306
"hsa-miR-146a-5p"	3.55982587185653	11.933582134966	17.3670428032051	3.08122770654919e-05	0.000102897789459451
"hsa-miR-146b-3p"	5.55603126249961	7.83849333036631	50.1213661475692	1.44524737586284e-12	1.22168567240906e-11
"hsa-miR-146b-5p"	5.7557493380371	13.7494096739558	29.0207434192997	7.16074064716891e-08	3.31107751292169e-07
"hsa-miR-147b"	4.60833250223338	4.75785201916421	36.7975233152917	1.31056635311163e-09	7.30944739209683e-09
"hsa-miR-148a-3p"	-1.82202165055235	12.2387174543355	2.53921284951534	0.111050136216945	0.1678159879703
"hsa-miR-148a-5p"	-2.2805390273386	6.76288096388712	2.65649019044425	0.103128069166033	0.157161367376969
"hsa-miR-148b-3p"	0.174570559818059	10.6417457998811	0.18830523700769	0.664330912918506	0.752715746309457
"hsa-miR-148b-5p"	0.426578645435386	7.02158000833183	1.02622812274517	0.311046222533989	0.404509630747327
"hsa-miR-149-5p"	-6.64693454589428	8.31592549233487	27.1104942309513	1.92152006906331e-07	8.31633885890599e-07
"hsa-miR-150-5p"	4.66508473121108	5.18095631857013	16.3611609497046	5.23469836317641e-05	0.000170600711715568
"hsa-miR-151a-3p"	-3.22581834906579	12.2488904264949	38.8110775145582	4.66870862099398e-10	2.74540365647581e-09
"hsa-miR-151a-5p"	-2.86962609363674	12.7737236988927	25.569230301638	4.26791202854602e-07	1.7625499293461e-06
"hsa-miR-151b"	-2.05448875595525	3.66748335785288	9.60356368272495	0.00194200116274345	0.00469027959394736
"hsa-miR-152-3p"	-2.74439456459856	8.45164918354001	22.178730144065	2.48410608788114e-06	9.53121555704749e-06
"hsa-miR-152-5p"	-3.52319874962738	6.06104648291451	21.9392350421715	2.8142104971716e-06	1.07217456265481e-05
"hsa-miR-154-3p"	-5.27013632434623	2.41259053783772	19.0148216098523	1.29707018022233e-05	4.4133016823917e-05
"hsa-miR-154-5p"	-7.55809050359434	4.27741314574868	44.1303444586443	3.0722126611704e-11	2.34093950661012e-10
"hsa-miR-155-5p"	0.708072210295853	10.3243710025621	0.972600433794387	0.324032493430476	0.419381767813128
"hsa-miR-15a-3p"	-4.15508762880883	1.77964932830812	4.99719428643326	0.0253884429099391	0.0480249916583114
"hsa-miR-15a-5p"	1.720714571576	9.16873443797118	11.6786814776805	0.00063220320073044	0.00179069074133596
"hsa-miR-15b-3p"	-1.30404421470937	5.60264517371697	4.71532605918517	0.029894895744515	0.0550106755026619
"hsa-miR-15b-5p"	-0.238775021737392	8.04425771023331	0.255848494535192	0.612986749236081	0.707589882162167
"hsa-miR-16-1-3p"	-1.67645682340273	2.23452590575001	0.961529864877361	0.326801730203352	0.42195641059669
"hsa-miR-16-2-3p"	-0.784539596064022	6.24876295831011	2.10519467960778	0.14679965887101	0.21364584647062
"hsa-miR-16-5p"	1.08594212537052	11.9447426821172	3.64152928715674	0.0563551472645205	0.0967877291114462
"hsa-miR-17-3p"	-1.54344687858485	6.92664715774397	3.47569824260682	0.0622764342880935	0.10561614717824
"hsa-miR-17-5p"	-0.738938981643339	8.00686099126366	0.745253018525414	0.387983327560616	0.489275012145205
"hsa-miR-181a-2-3p"	-3.40447598424797	8.25534312652325	13.477899454456	0.000241389884777037	0.000725510709246538
"hsa-miR-181a-3p"	-1.03285783806603	9.59097326554454	2.82465374021542	0.0928269099190013	0.144724375406858
"hsa-miR-181a-5p"	-0.264337284707628	14.1962440503589	0.173729372221572	0.676818443812444	0.759665514735544
"hsa-miR-181b-3p"	-1.41289015640803	4.5111015122275	3.36180833384191	0.066724760778874	0.110278518162493
"hsa-miR-181b-5p"	-1.41509176538886	11.5088915235242	4.05715630790247	0.0439845104899795	0.0772585070619445
"hsa-miR-181c-3p"	1.15471907290619	6.3988484443839	6.65544914675901	0.00988530507333127	0.0213918001786889
"hsa-miR-181c-5p"	1.56488568571276	8.62054711157136	12.0301404161191	0.00052347132733322	0.0015144277437822
"hsa-miR-181d-5p"	0.746802297789659	5.6534542183592	1.79932591204967	0.179794010192256	0.253964907347285
"hsa-miR-182-5p"	-5.94443922333734	9.56887811118403	5.99947949358467	0.0143100997043054	0.0292142035472801
"hsa-miR-183-3p"	-5.0905241387493	2.31994388287621	2.69069997509722	0.10093546482042	0.155130927465475
"hsa-miR-183-5p"	-6.34920148604924	7.6748047789028	4.80874617515575	0.0283156402119406	0.0530060946528024
"hsa-miR-184"	-5.01438744391858	4.16762634022973	1.39504115099609	0.237555611296214	0.32129396427813
"hsa-miR-185-3p"	1.64780140446355	3.98479841135624	12.1462236917156	0.000491873578726453	0.0014306645488764
"hsa-miR-185-5p"	1.87791585032247	7.04370987216186	9.85141313299933	0.00169701350972261	0.00425039031833303
"hsa-miR-186-5p"	-0.0592911039043322	12.3847800050233	0.0154963585378312	0.900931774530346	0.919630358530033
"hsa-miR-187-3p"	0.33722463322299	1.62622110047165	0.043443510859813	0.834892398810699	0.877042306323473
"hsa-miR-188-3p"	0.369376850710744	2.23176603323827	0.140198813828883	0.708083444411762	0.781781925360742
"hsa-miR-188-5p"	-0.363548937793836	4.33465968132271	0.324080427141434	0.569165714906917	0.666490588235156
"hsa-miR-18a-3p"	-1.44574837219731	4.57896089140194	2.29670362221992	0.129648888338933	0.192164516688664
"hsa-miR-18a-5p"	-0.60479931485786	6.07069001788843	0.335153334582714	0.562640259075984	0.661713869913277
"hsa-miR-1908-5p"	2.45394243466906	2.52835826649925	15.9392987364743	6.54065029942456e-05	0.000206929345730333
"hsa-miR-190a-5p"	-2.01339458747916	5.6809211677816	4.51733177866492	0.0335531204788868	0.0611186470676019
"hsa-miR-190b"	0.726721816389081	2.38237250888757	0.451298428094018	0.501718995678206	0.602832624185944
"hsa-miR-191-3p"	0.863264986928662	4.24219982915754	2.04968370181993	0.152237814681235	0.22021566241323
"hsa-miR-191-5p"	1.3765122909563	14.1418454322682	11.2666352195225	0.000789126357177336	0.00215614827895424
"hsa-miR-1910-5p"	-6.55056811429502	3.39536810927838	21.4208760497175	3.68734452276759e-06	1.33882777638743e-05
"hsa-miR-192-5p"	-1.4485567888151	8.86166224752941	5.45472892306835	0.0195154317701531	0.0378417512102253
"hsa-miR-193a-3p"	-1.40821530218638	9.6002480908241	1.55978558120687	0.211696618062275	0.294416119207431
"hsa-miR-193a-5p"	0.174015842089744	8.24929770770271	0.0590022846451106	0.808079876155295	0.853850025390654
"hsa-miR-193b-3p"	-6.73222886250047	8.38947344772433	62.9563108195732	2.1134281448551e-15	2.78869421065027e-14
"hsa-miR-193b-5p"	-6.41323435646816	3.28392764352401	36.4728342379607	1.54808871538441e-09	8.546081581867e-09
"hsa-miR-194-5p"	-1.47974729642443	3.9301054913585	2.47350918871448	0.11577917505548	0.173029098632637
"hsa-miR-195-5p"	-6.39443271585046	5.31467816626495	32.1180553421729	1.45082695949097e-08	7.20089344114328e-08
"hsa-miR-196a-5p"	-5.60503874827758	2.68544565933257	3.51537602581202	0.0608018581312933	0.103765947157822
"hsa-miR-196b-5p"	-1.84670082395052	3.86055582486142	0.425601696469862	0.514155058702643	0.615393554774624
"hsa-miR-197-3p"	1.80267872189373	9.32428535790814	17.0448637699759	3.6506985356772e-05	0.000120428530963498
"hsa-miR-1976"	6.9358732095754	2.95031889496252	86.9739373618841	1.09960719502716e-20	3.96591661673128e-19
"hsa-miR-199a-3p"	-7.29546989206718	13.1669082282519	74.2533028359844	6.87097659750009e-18	1.19042021344672e-16
"hsa-miR-199a-5p"	-11.3689273757023	11.2011042634041	87.2189266662099	9.71496634906912e-21	3.75414056774742e-19
"hsa-miR-199b-3p"	-7.27631736165992	11.9821465742792	67.6220356991335	1.9804177603099e-16	2.8194894955991e-15
"hsa-miR-199b-5p"	-4.90228903306761	10.6154492561404	13.6844890151605	0.000216233094498876	0.000657202832156697
"hsa-miR-19a-3p"	-0.0588798592953479	7.26773418076129	0.00624430218480043	0.937016001521729	0.947524592193001
"hsa-miR-19a-5p"	-4.69539798412576	2.06747033197951	5.62980880263204	0.0176575573160376	0.0348640091531983
"hsa-miR-19b-3p"	0.313267360158435	8.76400227790588	0.195856404923619	0.658086432709945	0.74952581072859
"hsa-miR-200a-3p"	-3.18094638411229	4.60610312352943	0.951480383060133	0.329342764611299	0.424224846796935
"hsa-miR-200a-5p"	-4.55873929128597	2.00010142810986	2.08186471510277	0.149057986164578	0.216194022828517
"hsa-miR-200b-3p"	-4.54163938700779	8.04236331419941	1.98016844765931	0.15937266228946	0.226896342891046
"hsa-miR-200b-5p"	-1.96872589091017	1.8784135637667	0.419411052453187	0.517231063996835	0.616348030005039
"hsa-miR-200c-3p"	-2.55609428732472	6.69516033903694	0.682344295543192	0.408780641434896	0.511922053278423
"hsa-miR-200c-5p"	-3.63674545404907	1.56175031792568	1.44227682467117	0.229771255826852	0.313113978343393
"hsa-miR-203a-3p"	-5.01362988940154	4.17023203912772	1.46223335690095	0.226575104381503	0.309810834884723
"hsa-miR-204-5p"	-10.3738180616501	9.23686300990529	30.5592574851907	3.23823012673156e-08	1.57827252122683e-07
"hsa-miR-205-3p"	-5.17293949603601	2.37303532786793	1.54625478315682	0.213689189063591	0.295667138832232
"hsa-miR-205-5p"	-11.3239092232434	11.185665130037	3.33091176600367	0.0679891744272432	0.111244004542699
"hsa-miR-20a-3p"	-0.355127147603498	2.72011202436395	0.088276051706103	0.766380346432008	0.821013400831121
"hsa-miR-20a-5p"	-0.632060373795826	7.96042449612743	0.59079149911282	0.442113214041488	0.54733008877905
"hsa-miR-20b-5p"	1.55188714083155	2.11686828235414	0.563859084299539	0.45270952432181	0.552857455210157
"hsa-miR-21-3p"	0.0362371728827445	12.3104832891151	0.00384826914064718	0.95053542237568	0.955835805771827
"hsa-miR-21-5p"	1.02878591148944	16.6271528200468	3.94464008135128	0.0470209113440727	0.082324637660658
"hsa-miR-210-3p"	0.252390440858385	8.90230122176616	0.13082245834671	0.717580805550579	0.789047186591185
"hsa-miR-210-5p"	0.349537733143631	5.64069741608257	0.283396756144516	0.594483456286958	0.690162124144301
"hsa-miR-2110"	1.53033107703385	2.62018970572527	4.08733141586793	0.043205806539169	0.0761379196667441
"hsa-miR-2110-3p"	0.471703786210265	3.80990920813063	0.74762280372428	0.387229910411371	0.489275012145205
"hsa-miR-2114-5p"	-4.27094828004995	1.8032621071331	2.60322421940847	0.106646554613144	0.161612846066417
"hsa-miR-2116-3p"	1.12401023071134	3.40511246309912	2.98349660981847	0.0841173679038449	0.133062853906375
"hsa-miR-212-3p"	0.324630833909429	4.46533019203937	0.317142459716056	0.573330003833379	0.66991691592626
"hsa-miR-212-5p"	0.652983780184624	4.82735370572731	0.868039601774418	0.351498602009435	0.44955258554871
"hsa-miR-214-3p"	-11.2236779113722	7.82254378725531	83.5560423680649	6.19350459161982e-20	1.76351893898228e-18
"hsa-miR-214-5p"	-10.0957322910612	6.70765769097195	78.8150680392719	6.82048569671514e-19	1.36662324515663e-17
"hsa-miR-215-5p"	-0.555008212169426	3.58323412290447	0.629769734583096	0.427439789332895	0.530378270708937
"hsa-miR-218-1-3p"	-9.36453826211247	5.991555121574	41.9392121167562	9.41554116600385e-11	6.36725971351011e-10
"hsa-miR-218-5p"	-5.04163792951796	7.02501856319097	30.3314193944125	3.64178792893936e-08	1.75911363353232e-07
"hsa-miR-22-3p"	-0.192864225405467	16.6067188806953	0.137495995151767	0.710783131413096	0.783164305691415
"hsa-miR-22-5p"	-0.381131224332135	7.15586372628887	0.678644479320471	0.41005388388828	0.512330603195287
"hsa-miR-221-3p"	-2.76355955585181	13.2997997407218	18.7579921977705	1.48400123849658e-05	5.01777918766655e-05
"hsa-miR-221-5p"	-2.63790135308776	10.0308002297663	10.5399067031963	0.0011682431693179	0.00304972716092257
"hsa-miR-222-3p"	-3.45934458261913	13.6744348897528	20.9720979245291	4.66021238964777e-06	1.66965225350956e-05
"hsa-miR-222-5p"	-3.71413694170587	6.11288687716532	24.447701863322	7.63545361531772e-07	3.12937909536885e-06
"hsa-miR-223-3p"	8.10222008632103	8.31771025450985	41.2284694621414	1.3543547666278e-10	8.72268962792427e-10
"hsa-miR-223-5p"	8.11467073252302	3.10292735032986	92.7113981575024	6.05041102241813e-22	2.72772696927351e-20
"hsa-miR-224-3p"	-6.78124369466083	3.59143194073703	23.2980780429062	1.387385731142e-06	5.39982503991237e-06
"hsa-miR-224-5p"	-11.3112694321839	10.1657830777285	58.4308106240381	2.10567419095681e-14	2.2336661515836e-13
"hsa-miR-2277-5p"	0.973077777021483	3.65233444021051	3.56266374371104	0.0590928395987664	0.101168437414344
"hsa-miR-2355-3p"	-0.559694686716091	2.18282292104811	0.175045086777693	0.675666456832284	0.759665514735544
"hsa-miR-2355-5p"	-0.258273183567463	4.46200124631693	0.147429174421539	0.701004337432156	0.778733771151533
"hsa-miR-23a-3p"	0.395352992779461	11.1734034961109	0.878592273970749	0.3485875342584	0.446885914772025
"hsa-miR-23a-5p"	-0.214186227284857	5.40395736134352	0.110172405113623	0.739947940375906	0.805456409946409
"hsa-miR-23b-3p"	-4.42034359051202	10.1362204682355	43.7283846384464	3.77260279646217e-11	2.83469182345283e-10
"hsa-miR-23b-5p"	-3.03354463667327	2.51648024026246	5.25908482396207	0.021832496247919	0.0415893678525499
"hsa-miR-24-1-5p"	-5.2603998120293	2.41888319446849	12.9578103591646	0.000318589579149889	0.000947016276484012
"hsa-miR-24-2-5p"	0.261869226553838	7.68019385985316	0.243937870860792	0.621376332070782	0.713725256157735
"hsa-miR-24-3p"	0.721895211282313	9.94180882953717	2.47364329310673	0.115769299531183	0.173029098632637
"hsa-miR-2467-5p"	1.61735228860662	3.58879991133753	11.9867772324998	0.000535793690017361	0.00153367400158409
"hsa-miR-25-3p"	-0.431732906246622	10.6368188139684	0.540300222258622	0.462308331251644	0.56204226338683
"hsa-miR-25-5p"	-1.24367369488547	4.47610578762973	3.10322465966161	0.0781373790557135	0.123965753868449
"hsa-miR-2682-3p"	-4.13319467455614	3.26836857408879	28.1330068556138	1.13257730493886e-07	5.0223305079666e-07
"hsa-miR-2682-5p"	-4.55017935615013	4.40719134399594	26.8403535967372	2.20974588811427e-07	9.48787718626841e-07
"hsa-miR-26a-2-3p"	-1.74584860845804	4.82864184218124	11.3965641165637	0.000735800697964712	0.00204137526973799
"hsa-miR-26a-5p"	0.206077597134597	14.3219697363106	0.24696653408256	0.6192191800095	0.712760800819446
"hsa-miR-26b-3p"	1.3039305376085	5.54628372492236	3.18014051739209	0.0745383195172036	0.118953483359313
"hsa-miR-26b-5p"	1.46078496465324	11.1896236055656	8.69464699971629	0.00319145918944685	0.00747436979000324
"hsa-miR-27a-3p"	0.400998288308547	12.3699576512002	0.564753781579611	0.45235118773892	0.552857455210157
"hsa-miR-27a-5p"	-1.07725263135598	6.39444746961351	3.36667400434022	0.0665279387465084	0.110278518162493
"hsa-miR-27b-3p"	-4.57148068511605	14.4006130399523	36.0155202618953	1.95752124985535e-09	1.05901899617174e-08
"hsa-miR-27b-5p"	-6.13388850385555	6.84357195972338	43.1417696593449	5.09136182583104e-11	3.62424572075605e-10
"hsa-miR-28-3p"	0.396479388415889	11.8849796741821	0.745777964194303	0.387816253331536	0.489275012145205
"hsa-miR-28-5p"	0.974663639180955	8.93831964033901	2.84383912514706	0.0917248214772518	0.143419446298246
"hsa-miR-296-3p"	-6.19266141860252	5.20219872140391	13.3627938531213	0.000256665660576769	0.00076716089708305
"hsa-miR-296-5p"	-6.06485563625188	5.06946632873042	16.3121250080829	5.37191240542192e-05	0.000173943357835248
"hsa-miR-299-3p"	-9.1748782483936	5.80680141065924	56.8641061693706	4.66992159456041e-14	4.59350469574033e-13
"hsa-miR-299-5p"	-8.20328337711562	4.87781631696362	38.3299039197556	5.9740133355992e-10	3.47520560705287e-09
"hsa-miR-29a-3p"	-1.62659391264762	13.4606524718694	10.9164906434677	0.000953119917800035	0.00255266275014762
"hsa-miR-29a-5p"	-1.86045721087503	5.89227807128212	7.71429048235994	0.00547853877253941	0.0120483312030237
"hsa-miR-29b-1-5p"	-2.38624653936975	4.37422984128228	6.33401428626829	0.0118443925191885	0.0249331375598481
"hsa-miR-29b-2-5p"	2.33486916111176	2.08833008210356	5.57855771870043	0.0181816900479351	0.0355100877831512
"hsa-miR-29b-3p"	-2.214581780696	9.1049905241512	8.59303610828818	0.00337450929072258	0.00783523401837304
"hsa-miR-29c-3p"	1.58481698281942	8.25133089766677	11.6127465914229	0.000655013504793398	0.00184563701090223
"hsa-miR-29c-5p"	1.84301329551271	4.16398958764591	6.37304480699016	0.0115866624762691	0.0246786787388251
"hsa-miR-301a-3p"	-1.74298341154588	8.33906535948707	2.38092197362336	0.122825038665706	0.18305329454035
"hsa-miR-301a-5p"	-1.80813346229847	2.96890770422954	3.26807295364514	0.0706405571539243	0.114420782695428
"hsa-miR-301b-3p"	-0.0994856922676171	5.85812062151827	0.0213197628415109	0.883911215993887	0.910206679146126
"hsa-miR-302a-5p"	-5.49096753920784	2.5768709888235	9.89300472239406	0.00165908243612804	0.00417471440904777
"hsa-miR-302b-3p"	-4.71714719384889	2.07541249419789	9.19808944686226	0.00242267853594091	0.00577387263411468
"hsa-miR-302d-3p"	-5.20788548894649	2.38100747888964	11.2745796895439	0.00078575643117416	0.00215614827895424
"hsa-miR-3074-3p"	-0.284898512068984	1.63198267191222	0.0157102793295483	0.900253869384826	0.919630358530033
"hsa-miR-3074-5p"	-0.982846776728828	2.19177987143232	0.255226198606541	0.61341895514613	0.707589882162167
"hsa-miR-30a-3p"	-5.28814496966875	7.63741480714761	39.8625930031909	2.72471783894228e-10	1.67508221689519e-09
"hsa-miR-30a-5p"	-4.64708663601156	12.9818580474792	28.3840845785068	9.94797835772534e-08	4.48488024294117e-07
"hsa-miR-30b-3p"	-0.306683714287224	2.42434192863578	0.0854409942478274	0.770055030076339	0.822832446300989
"hsa-miR-30b-5p"	1.39266507130846	9.44659537354547	5.86770293122964	0.0154211614498571	0.0313640915201981
"hsa-miR-30c-1-3p"	0.287964134451713	4.12540638655734	0.383808262953842	0.5355721324221	0.635404657106044
"hsa-miR-30c-2-3p"	-6.03333196809018	5.01690631510599	41.5657010113907	1.13975430913532e-10	7.61243310175563e-10
"hsa-miR-30c-5p"	0.702828679182845	11.2311544886764	2.10408494786024	0.146906201270001	0.21364584647062
"hsa-miR-30d-3p"	-1.14664974202295	5.24453542189735	2.1726551476044	0.140483495667465	0.206526008576355
"hsa-miR-30d-5p"	1.09422140817676	12.0543354362181	5.47568552088678	0.0192827963861851	0.0375251541184394
"hsa-miR-30e-3p"	0.997836798098666	7.01200983575055	2.72249108694484	0.0989434884889276	0.152502641802022
"hsa-miR-30e-5p"	1.41552610866409	12.0654488611563	5.75307917008722	0.0164597818071194	0.03298052576908
"hsa-miR-31-3p"	-11.889253892743	8.48393854640531	56.1575128431752	6.68915109374943e-14	6.23936334779042e-13
"hsa-miR-31-5p"	-12.7996552279614	13.7540640658837	153.339936874201	3.22835082722636e-35	5.82179265843153e-33
"hsa-miR-3117-3p"	-6.69485245196418	3.51674837379829	19.6669053095013	9.21841278600767e-06	3.21533092968424e-05
"hsa-miR-3129-3p"	-6.19395494202706	3.10607436085594	19.5385731856468	9.85886835767489e-06	3.39722788630708e-05
"hsa-miR-3152-5p"	-7.10661433600992	3.87374695650868	23.7656198379036	1.08808746939815e-06	4.29675416747737e-06
"hsa-miR-3158-3p"	-0.586006821908652	3.59627284441644	0.656807922704996	0.417689133602788	0.519470853515191
"hsa-miR-3168"	-0.56797769618344	3.94646218239221	0.370372045689278	0.542801541192263	0.641169506080817
"hsa-miR-3174"	1.27495565548195	2.48554706824398	1.76048146003784	0.184564473939488	0.259349040003281
"hsa-miR-3176"	0.642343757018048	3.7839626323563	0.558777404991794	0.454753264478078	0.55410251369964
"hsa-miR-32-3p"	1.43915807003946	2.31372809733276	1.90150201696368	0.167910291877362	0.238423800277304
"hsa-miR-32-5p"	0.744008558448191	3.88827120899674	0.410521895190179	0.521704730788042	0.620312657926001
"hsa-miR-3200-3p"	-1.94843487693872	3.90135335787704	3.19944311223586	0.073663349162315	0.117904946440273
"hsa-miR-320a"	-0.806558945876253	10.5796184960012	2.75977126684122	0.0966620568049148	0.149840036479825
"hsa-miR-320b"	-0.472369239552109	2.69865811717554	0.579823375015796	0.446381560611614	0.551352566874162
"hsa-miR-320d"	1.20047399241342	1.94643235421322	1.54256905374487	0.21423581139888	0.295667280527536
"hsa-miR-323a-3p"	-9.79605201427032	6.41272801382286	59.3292722399006	1.33377690945479e-14	1.56863762611965e-13
"hsa-miR-323b-3p"	-8.7106769021967	5.35942336581095	39.3661946359638	3.51326941823544e-10	2.13559410703975e-09
"hsa-miR-324-3p"	0.830854815946644	5.45740633119913	4.72425634988616	0.0297400407585384	0.0549124984654241
"hsa-miR-324-5p"	1.41989471126865	4.49494122217868	6.19115288485814	0.0128390517815034	0.0268182510185071
"hsa-miR-326"	6.03899691751248	7.01273048509462	60.8783077468855	6.07141677796546e-15	7.29919217084292e-14
"hsa-miR-328-3p"	0.507901068001643	6.46124093234059	1.31730779907022	0.251075788688312	0.336217825941527
"hsa-miR-329-3p"	-9.40658566585282	6.03209142741937	69.5604866651068	7.4106706441623e-17	1.12281167621671e-15
"hsa-miR-330-3p"	-0.176533749635116	4.61177291489743	0.0889972425684267	0.765455845460162	0.821013400831121
"hsa-miR-330-5p"	-0.544081302197945	5.85696084292772	0.420912361624417	0.516482144312469	0.616348030005039
"hsa-miR-331-3p"	-0.0252443916579017	8.66911316439897	0.00191315664312697	0.965111936404975	0.968693056762693
"hsa-miR-331-5p"	-1.18736078743507	3.76216419961883	3.39790938274822	0.065279106282952	0.109563306789001
"hsa-miR-335-3p"	-6.76621134122355	7.81771639182639	32.9763919345997	9.32847676215921e-09	4.76104332861145e-08
"hsa-miR-335-5p"	-2.90218441252529	6.63005640597376	9.89430922492547	0.00165790673682054	0.00417471440904777
"hsa-miR-337-3p"	-9.68080946285702	6.30020811470865	77.8005731900785	1.13987082256227e-18	2.05556705002063e-17
"hsa-miR-337-5p"	-7.50833839282074	4.2339392948371	40.3188424252932	2.15718403000587e-10	1.34142133360135e-09
"hsa-miR-338-3p"	8.98907796470447	5.89212051787666	167.261075349662	2.93361280602891e-38	7.9354226403082e-36
"hsa-miR-338-5p"	7.29904209217069	4.46467499907209	45.9785601924511	1.19554234822544e-11	9.51159427044061e-11
"hsa-miR-339-3p"	0.127275135299085	7.22946826824632	0.0933511203261235	0.759959360280822	0.820634758307235
"hsa-miR-339-5p"	0.0931514894134719	7.08477090447256	0.0419516928127148	0.837711882364894	0.878298698370945
"hsa-miR-33a-3p"	1.22080152277211	3.22924898016421	2.1632408043938	0.141346300899314	0.207231297524469
"hsa-miR-33a-5p"	-2.63069206838869	4.47954414397817	5.68325653698722	0.0171275492760226	0.0339414071733635
"hsa-miR-33b-3p"	-0.287162410312209	3.20884757664497	0.123230747316327	0.72555656000816	0.796198983700638
"hsa-miR-33b-5p"	-3.28596660201746	4.45301232139071	11.9879786791609	0.000535448366290192	0.00153367400158409
"hsa-miR-340-3p"	2.58120168541474	5.27962527946362	27.2334742155558	1.80309704435291e-07	7.86673791124939e-07
"hsa-miR-340-5p"	3.11482150297198	9.33907304356661	41.2980498258759	1.30699222370031e-10	8.51906979544418e-10
"hsa-miR-342-3p"	3.77905749262723	9.52067577098385	57.3713344197433	3.6082803904875e-14	3.61496239121062e-13
"hsa-miR-342-5p"	2.98511804440941	4.27485077437231	47.9418544323818	4.39048345301982e-12	3.59886598194504e-11
"hsa-miR-345-3p"	-3.56947547234315	2.86962482261627	1.63564907571684	0.200923479046194	0.280877524971552
"hsa-miR-345-5p"	0.678999306503535	8.57892431336277	1.89404347196677	0.168746562206953	0.238984005638643
"hsa-miR-34a-3p"	0.419188339635509	3.9636051841111	0.202779774279442	0.652486386565589	0.747871049008439
"hsa-miR-34a-5p"	0.327013313207292	9.32930104015474	0.143751010478702	0.704580113517536	0.779504788165617
"hsa-miR-34b-5p"	-4.83245445543143	3.93833577365816	11.4424738765423	0.000717841556822539	0.00200181588784017
"hsa-miR-34c-5p"	-4.6125677016211	7.18250400495411	23.9732768109409	9.76821340998714e-07	3.94373392149481e-06
"hsa-miR-3605-3p"	-0.116562121678594	4.02410852780649	0.0383205848683108	0.844800804053031	0.882311264464653
"hsa-miR-3605-5p"	-0.0184824949864363	3.44044926743977	0.000998408406129414	0.974792956344013	0.97659812848539
"hsa-miR-3607-3p"	0.914978247528832	5.5552207995037	1.72021774905374	0.1896650182926	0.265825841700251
"hsa-miR-361-3p"	0.872238445008064	8.43854168391007	2.13328015486048	0.144132033752291	0.210744406108079
"hsa-miR-361-5p"	0.777006198942162	7.74725642065086	4.27101060726561	0.0387678670283758	0.0694483975574547
"hsa-miR-3613-3p"	1.86731417741848	2.94749756301704	6.08206409098928	0.0136561119980488	0.0281983075990244
"hsa-miR-3613-5p"	-0.432559198566003	3.78709517987259	0.308296308627948	0.578727524887315	0.674591418038521
"hsa-miR-3614-5p"	0.758400735231466	2.6402141642898	0.275416249042502	0.599721430690941	0.694752235554174
"hsa-miR-3615"	1.75856506851825	3.55853110852674	7.992263714439	0.00469776424382459	0.0105456035514901
"hsa-miR-362-3p"	0.282706722398169	3.02164953496391	0.151375474157859	0.697224356248819	0.776128347182327
"hsa-miR-362-5p"	1.10388677355656	4.54078937029264	2.48149050884574	0.115193041772193	0.173029098632637
"hsa-miR-3620-3p"	1.44242246962731	2.16012536310667	2.34971724240699	0.12530573417822	0.186237368654991
"hsa-miR-363-3p"	3.43955252586008	4.75134615409025	3.35846966459896	0.0668601736733784	0.110278518162493
"hsa-miR-3651"	-0.706035351504126	2.92642500706993	0.657555192689422	0.417424381275696	0.519470853515191
"hsa-miR-3653-3p"	2.34802587047769	1.91594242371595	4.23308246402961	0.0396433810762889	0.0707824064761463
"hsa-miR-365a-3p"	-0.199642796458636	6.97371357587381	0.197108194670947	0.657065223364802	0.74952581072859
"hsa-miR-365b-3p"	-0.189009411885057	6.96511083091965	0.174834930699836	0.675850119010345	0.759665514735544
"hsa-miR-365b-5p"	-0.439956504479107	3.88896089526302	0.505612560936147	0.477044338036886	0.577362386751577
"hsa-miR-3661"	-3.02941081079427	3.23224101364937	14.9257746518407	0.000111824713414819	0.000351727732310564
"hsa-miR-3677-3p"	-0.555341178639501	3.21470160975418	0.324514937477876	0.568906882924214	0.666490588235156
"hsa-miR-369-3p"	-6.43369766854648	6.76135997430194	26.1105081423119	3.22424518879438e-07	1.36274738057637e-06
"hsa-miR-369-5p"	-9.55220508535879	6.17419038518459	74.2049637314367	7.04130255643162e-18	1.19042021344672e-16
"hsa-miR-3690"	8.23677542026613	4.6548628316732	73.4520204206156	1.03112396594104e-17	1.69041838052758e-16
"hsa-miR-370-3p"	-10.2250490489513	6.83493885307077	86.4919443290796	1.4030767228661e-20	4.744153169191e-19
"hsa-miR-370-5p"	-6.03605654785342	2.98102744642218	21.0231613135785	4.53764632920897e-06	1.63657777606803e-05
"hsa-miR-371b-5p"	7.46799367221821	2.63697994797815	81.2029822203751	2.03684374936589e-19	4.79101073220412e-18
"hsa-miR-374a-3p"	-0.45740509782294	7.05999937888249	0.37820471789748	0.538565610364352	0.637557976383183
"hsa-miR-374a-5p"	1.01857438611163	5.69625985795889	5.40479504296865	0.0200815064537536	0.0386622597561591
"hsa-miR-374b-3p"	0.302312831637323	3.89998196719153	0.114895973297546	0.734637539176744	0.80453220383526
"hsa-miR-374b-5p"	1.38326457572906	6.12122460258976	4.50420661863873	0.0338115782076615	0.0613827644642445
"hsa-miR-375"	-11.9015242374298	8.49670286085732	3.5024133695963	0.0612794682042966	0.104252177039385
"hsa-miR-376a-2-5p"	-5.48041146187644	2.56791723382984	12.458829574412	0.000416020546883744	0.00122987495007708
"hsa-miR-376a-3p"	-8.8765906774743	5.51829698789247	53.9969915112124	2.00796823657033e-13	1.81051802664091e-12
"hsa-miR-376a-5p"	-10.0400010501096	6.65241459426513	39.3198439307942	3.59766402862956e-10	2.16259582165399e-09
"hsa-miR-376b-3p"	-8.28906473775337	4.95781415485865	37.4014995558788	9.61481733162421e-10	5.47538544885126e-09
"hsa-miR-376c-3p"	-10.7771958167539	7.37961006921508	59.0615289647077	1.52817957842901e-14	1.7223857331877e-13
"hsa-miR-377-3p"	-8.16424578847593	4.83996175297188	38.8562512699898	4.56190678407794e-10	2.71207864855622e-09
"hsa-miR-377-5p"	-9.2260482626498	5.85642250507352	82.1582810828205	1.25613469025709e-19	3.08894939740494e-18
"hsa-miR-378a-3p"	4.51266362547102	12.5465411692118	22.5298422565779	2.06904245275543e-06	7.99537119243348e-06
"hsa-miR-378a-5p"	4.46459861049769	5.08881675980631	10.2966073902051	0.00133275009936277	0.00343341811312028
"hsa-miR-379-3p"	-8.19061626035659	4.86491455876286	46.3529179119002	9.87603202776681e-12	7.97452735376394e-11
"hsa-miR-379-5p"	-8.23516703553632	4.90712503347385	43.3811415248162	4.50509075492347e-11	3.33870424440219e-10
"hsa-miR-380-3p"	-4.53228421614625	4.51884189321646	23.7220702759516	1.11298849509676e-06	4.3632375061402e-06
"hsa-miR-381-3p"	-11.115938712153	9.97085682714398	56.7945093790257	4.83815351768892e-14	4.67400188048161e-13
"hsa-miR-382-3p"	-7.96515137739124	4.65345411836501	45.6704643655715	1.39916647387172e-11	1.09702762661536e-10
"hsa-miR-382-5p"	-9.99720642941078	6.60945627258398	71.7802172603015	2.40551866833295e-17	3.82760470461213e-16
"hsa-miR-3909"	1.90765224154381	5.35881822660633	16.2904468432397	5.43372042036171e-05	0.000173943357835248
"hsa-miR-3922-3p"	4.23460869977248	2.16466105419315	25.761375909662	3.86343081534403e-07	1.62024501635746e-06
"hsa-miR-3928-3p"	-0.159272537932612	3.05983313798912	0.0340185484971265	0.853667367769035	0.888142396082784
"hsa-miR-3929"	-4.19713664620061	1.80401023493826	3.32177008612385	0.0683681817916929	0.111407187799114
"hsa-miR-409-3p"	-14.5474262274942	11.1363431125977	150.742747911314	1.19293093643127e-34	1.6134390915233e-32
"hsa-miR-409-5p"	-10.3848163007458	9.24361170429446	43.297563833421	4.70168530588272e-11	3.43731317632777e-10
"hsa-miR-410-3p"	-8.89420480949783	9.24011504030934	53.3081867983254	2.85115829221111e-13	2.52865022309215e-12
"hsa-miR-411-3p"	-8.27064675441169	4.94042700252638	35.7321659955412	2.26394968510999e-09	1.20078115651422e-08
"hsa-miR-411-5p"	-11.5148108288787	10.3632867302272	99.8017727574713	1.68439420130464e-23	9.11257262905809e-22
"hsa-miR-412-3p"	-4.75819587257484	2.09956234968978	9.21538929505632	0.00239989174977404	0.00574487361339714
"hsa-miR-412-5p"	-7.46040968976378	4.18861077765814	36.1338275129731	1.8422101025811e-09	1.00670269242058e-08
"hsa-miR-421"	0.9266803016599	7.81644382800561	2.04191410216517	0.153016995737674	0.220752519184218
"hsa-miR-423-3p"	-0.240745616445577	12.0710809044981	0.192710167018546	0.660670476625901	0.750888083728178
"hsa-miR-423-5p"	-0.301693345807117	11.3554730109312	0.306518590067085	0.579824416613517	0.674591418038521
"hsa-miR-424-3p"	-2.0287203870901	5.55386921495233	5.99995672221657	0.0143062293662294	0.0292142035472801
"hsa-miR-424-5p"	1.40660775959072	7.57794036038665	3.15393708889719	0.0757440042208353	0.120522077304329
"hsa-miR-425-3p"	2.61269328994808	5.14907125400588	40.5215410822059	1.9446032347994e-10	1.22329110468195e-09
"hsa-miR-425-5p"	1.52736755428549	8.25606905322485	10.4047410428983	0.00125692187796115	0.0032535633300334
"hsa-miR-429"	-4.25624626800841	5.2829551141053	1.13077381098324	0.287610343798749	0.380433242041866
"hsa-miR-431-3p"	-8.96582022452917	5.60455507257632	56.2416371513562	6.40898499222404e-14	6.082913825953e-13
"hsa-miR-431-5p"	-10.5786866480129	7.18334527727738	69.5443427968101	7.4715749249171e-17	1.12281167621671e-15
"hsa-miR-432-5p"	-10.4697566952902	7.07545811347751	82.8540892030621	8.83393121370662e-20	2.36406585226865e-18
"hsa-miR-4326"	0.055544884224409	4.79983127052244	0.00722002242570596	0.932284672446857	0.944505632572565
"hsa-miR-433-3p"	-7.0351056293092	3.81159573943512	29.5967399941431	5.31943291797672e-08	2.50244626836992e-07
"hsa-miR-433-5p"	-4.98138235086257	2.23489940694388	10.6927820473362	0.00107554341621542	0.0028522989616301
"hsa-miR-4421"	-4.78241478323712	2.11604904062185	6.47411790189342	0.0109456625041207	0.0235033466041522
"hsa-miR-449a"	-0.536804609928691	2.70448911382191	0.196097296458595	0.657889610815045	0.74952581072859
"hsa-miR-449b-5p"	-3.68176214664584	1.57674623447299	3.32914100302682	0.068062413130561	0.111244004542699
"hsa-miR-450a-5p"	-1.88973250305382	6.07340243657298	6.26718155247249	0.0122994634583732	0.025790735391395
"hsa-miR-450b-5p"	-2.19059410036917	6.9411492778161	6.34953186450096	0.0117412276935353	0.0249098203223631
"hsa-miR-451a"	1.4483165588901	2.1967268252801	1.49439524307089	0.221535763343698	0.304963989742851
"hsa-miR-452-3p"	-8.31647502494403	4.98429026972098	32.9095429968616	9.65481669742531e-09	4.88154750776364e-08
"hsa-miR-452-5p"	-10.8013015429943	7.40382466879896	60.9713350354936	5.79119176863474e-15	7.28612731821255e-14
"hsa-miR-4521"	-1.58337616888156	4.79334479845512	2.79166078537617	0.0947559767288775	0.147307423592881
"hsa-miR-4524a-5p"	-2.87003145569698	2.3634186744812	4.9424621014588	0.0262046837774823	0.0492247705681177
"hsa-miR-454-3p"	-0.273211624964643	6.48068043493389	0.181246340219145	0.670304336168637	0.757066066528669
"hsa-miR-454-5p"	-0.622374963616189	4.11143300671397	1.47686994734666	0.22426489093837	0.307937324867153
"hsa-miR-455-3p"	-10.20627284063	6.8159987161474	42.5182794052781	7.00247313760106e-11	4.85684354800278e-10
"hsa-miR-455-5p"	-9.65764399194162	6.27678793315767	59.1018492677063	1.49718475055445e-14	1.7223857331877e-13
"hsa-miR-4636"	-4.66965657201359	2.04991335543579	8.06709060015122	0.0045076436026302	0.0101609799542623
"hsa-miR-4662a-5p"	0.101420102908139	3.47334289028943	0.0103786773216932	0.918855263885823	0.934399807823741
"hsa-miR-4677-3p"	0.628864320379333	5.39660588440563	1.34893937815203	0.245463621742351	0.329518162190104
"hsa-miR-4707-3p"	3.43724923165809	1.7137986901387	9.80255974644156	0.00174269128038422	0.00430500448715919
"hsa-miR-4775"	-1.8110349368635	5.0010149072801	9.62798962263975	0.00191634255160996	0.00464906421713448
"hsa-miR-4787-3p"	3.09068125233955	2.40012858575247	10.0971975208384	0.00148494976267988	0.00377163296530429
"hsa-miR-4802-3p"	3.74167025586843	1.62412986303623	6.4305530248863	0.0112173646766495	0.0239865386959186
"hsa-miR-484"	0.0723435665462237	10.0532064740553	0.0209299700814993	0.884969895066289	0.910206679146126
"hsa-miR-485-3p"	-9.4801537059134	6.10313911931122	78.4075900946172	8.38294506257728e-19	1.61970474244797e-17
"hsa-miR-485-5p"	-9.88136663013887	6.49668398918275	52.7839735661195	3.7232698459442e-13	3.24885320428357e-12
"hsa-miR-486-3p"	-2.37667771167718	3.43600696692614	3.39450607190744	0.0654139521124719	0.109563306789001
"hsa-miR-486-5p"	-2.39206286628704	8.67212881026202	5.76250220867741	0.0163717407366567	0.0329260659424955
"hsa-miR-487a-3p"	-7.9019783772065	4.59511708163623	33.1882106156294	8.365619736977e-09	4.31028597876625e-08
"hsa-miR-487b-3p"	-11.6103184318426	8.20643889409552	82.7788644682849	9.17659572969346e-20	2.36406585226865e-18
"hsa-miR-490-3p"	-5.44767703238269	2.55181256207988	4.4698306353296	0.0344984110755154	0.0624202019794443
"hsa-miR-493-3p"	-10.4516116978742	7.05769307618352	78.0343144818257	1.01266007452036e-18	1.88913482867419e-17
"hsa-miR-493-5p"	-9.9620280989844	6.57579772857631	88.5567931401963	4.93961370113715e-21	2.05563924024246e-19
"hsa-miR-494-3p"	-10.0215703352979	6.6341817604174	64.6191659101678	9.08671824527774e-16	1.22897864267381e-14
"hsa-miR-495-3p"	-9.72058744264119	6.33844738225484	79.8919220148313	3.95460042432098e-19	8.9143284564902e-18
"hsa-miR-496"	-7.71003035144763	4.41800103277718	28.811830381005	7.97624112151754e-08	3.65690376842457e-07
"hsa-miR-497-5p"	-5.26866704218967	5.60417562222955	14.3327959278514	0.000153173019083156	0.000470832973431747
"hsa-miR-500a-3p"	1.22018243952407	9.94307942748403	5.70591022073306	0.0169078856219699	0.0337533805220875
"hsa-miR-500a-5p"	1.22253569840445	2.72959598248495	4.76757120267144	0.0290007111496906	0.0539154114501122
"hsa-miR-500b-3p"	1.1285558683869	2.66858406498777	3.3083436862471	0.0689289330082665	0.111983641914331
"hsa-miR-500b-5p"	1.24718790874914	2.71968430020496	5.83158926243736	0.0157408969102497	0.0318944765110303
"hsa-miR-501-3p"	1.82029695375146	9.09964730025218	10.1356360197002	0.00145430054880397	0.00372879903745474
"hsa-miR-501-5p"	0.878945163177954	4.03412611119118	2.88837516278163	0.0892208655344596	0.139908661606211
"hsa-miR-5010-3p"	3.77181512254265	3.14676990059949	21.5820876669332	3.390031449087e-06	1.25616918764114e-05
"hsa-miR-502-3p"	0.206770111269492	5.65262747620959	0.104662769574158	0.746304296425603	0.81046452334771
"hsa-miR-502-5p"	0.797566908814906	2.75232977099128	1.25700108629817	0.262219508287412	0.349410724097265
"hsa-miR-503-5p"	-1.90783019564499	3.87028711902769	4.14550657403688	0.0417451628582499	0.0740463380534859
"hsa-miR-504-5p"	-3.38192956622568	2.85572757130901	4.6656444110809	0.0307718737390807	0.0564324870943819
"hsa-miR-505-3p"	0.0869322668181745	6.61419935320254	0.0229186599087967	0.879668786497311	0.909944194063184
"hsa-miR-511-3p"	8.71546409536957	5.54705087039626	109.951425434186	1.00421592463306e-25	6.79101019033105e-24
"hsa-miR-511-5p"	10.9051304862428	5.56199074145096	199.073934334628	3.32600151470274e-45	1.79936681945418e-42
"hsa-miR-532-3p"	1.16366351087715	6.34920436372223	8.53922060447129	0.00347574430429943	0.00803580200267519
"hsa-miR-532-5p"	0.712279116457856	9.72777614719232	2.24960970418616	0.133648107404886	0.197550891000118
"hsa-miR-539-3p"	-9.85527888971277	6.47097035773815	45.2636055670413	1.72219945926631e-11	1.33101415351868e-10
"hsa-miR-539-5p"	-7.4222024515061	4.15688444337383	41.504842197563	1.17579332991867e-10	7.75736818885365e-10
"hsa-miR-541-5p"	-6.29879363490022	3.18794177242034	19.3030312379346	1.115291497775e-05	3.81881455883717e-05
"hsa-miR-542-3p"	-2.3789332225639	4.66802637442302	8.17065867701495	0.00425734436997663	0.00963691759061655
"hsa-miR-542-5p"	-2.01342039011597	3.14176990423485	4.40212426020676	0.0358941942223502	0.0645141497484766
"hsa-miR-543"	-9.2358186054961	5.86629107777166	60.8976265261006	6.01212811151356e-15	7.29919217084292e-14
"hsa-miR-548au-5p"	3.80567374801639	1.75830431197878	11.3129699981047	0.000769675615880722	0.00212446177648709
"hsa-miR-548e-3p"	1.53497223535619	5.49422217633446	9.25637692107496	0.00234676826018426	0.0056426739055986
"hsa-miR-548e-5p"	1.83788867820705	3.26933457971298	4.9559632645815	0.0260008357226931	0.0490120283135086
"hsa-miR-548h-5p"	-1.74087554824916	2.31953400083068	1.999425907676	0.157358797385632	0.224620341386879
"hsa-miR-548k"	1.43641909410041	6.0696336092676	6.0138298126038	0.0141941877777976	0.0291979299915912
"hsa-miR-548o-3p"	1.05851691647817	3.93074240182696	2.66218692832982	0.102759361831862	0.157041849579202
"hsa-miR-549a"	-5.79050944410922	2.78989072439815	10.6521403496455	0.00109943600346571	0.0029014384286583
"hsa-miR-549a-5p"	-5.86094064630415	4.81248724489267	17.0737574609269	3.59557280279002e-05	0.000119337723086466
"hsa-miR-550a-3p"	0.511390756849108	3.44867759011612	0.529665474086162	0.466747535068022	0.566166853075784
"hsa-miR-550a-5p"	-1.24628764989645	2.86332275746906	1.02879376818537	0.310442145281902	0.404509630747327
"hsa-miR-561-5p"	-7.549349875231	4.27107619255225	21.8071064662811	3.01481420663583e-06	1.13264894846527e-05
"hsa-miR-5690"	4.28495358601657	1.66520642666866	21.4674915943597	3.59878168419955e-06	1.31948179447361e-05
"hsa-miR-574-3p"	-1.70136637274674	9.5367786699884	9.82705962736986	0.00171963030844114	0.00426752292140668
"hsa-miR-574-5p"	-2.56855926725911	3.89476217507349	7.22784945630749	0.00717811443240333	0.0155958229234145
"hsa-miR-576-5p"	0.5961085726769	4.55711362907546	1.76432574221738	0.184085874962082	0.259349040003281
"hsa-miR-582-3p"	-0.691754582895696	4.37439751085117	0.568163181584996	0.450989743636712	0.552857455210157
"hsa-miR-582-5p"	0.281775013876749	3.82435201022572	0.0624089260809733	0.802728264718668	0.849855168713894
"hsa-miR-584-5p"	-6.02350698641589	6.7870042580038	35.7626030799552	2.22885434219306e-09	1.19387148428361e-08
"hsa-miR-585-3p"	-5.83023418463694	2.82244001289048	14.4611447642125	0.000143080722376016	0.000442323833173856
"hsa-miR-589-3p"	0.681979062704705	4.49510368976335	1.40330634684269	0.236170763973934	0.320221512054883
"hsa-miR-589-5p"	0.150804837584286	7.46689718767829	0.055789987398505	0.813278222934119	0.85766767759719
"hsa-miR-590-3p"	0.15928326685311	5.31862981729531	0.0483160268345681	0.8260198562886	0.869410004381581
"hsa-miR-598-3p"	0.364785715965032	3.36012013566515	0.0884571608975229	0.766147795563911	0.821013400831121
"hsa-miR-605-3p"	-6.12052155015464	3.04275843148169	10.9975902929351	0.000912304219423915	0.00246778291354169
"hsa-miR-605-5p"	-4.24382443784975	1.82171024868543	6.09963825431722	0.013520955736072	0.0280261956061877
"hsa-miR-615-3p"	-8.06531252594109	4.7438895809806	12.2631170132648	0.000461999162202839	0.00135837797147682
"hsa-miR-616-5p"	1.44766969360464	3.81258421336738	3.37397698072354	0.066233687978039	0.110253615988059
"hsa-miR-618"	4.59687952660182	2.33699688917365	32.7980212510373	1.02248872923119e-08	5.12191113438959e-08
"hsa-miR-625-3p"	-2.33234783857494	6.2761407002764	8.38404219939019	0.00378529631411314	0.00867731061836953
"hsa-miR-625-5p"	-2.16700557315028	5.9389252820242	9.77191907822704	0.00177197399974171	0.0043574451539103
"hsa-miR-628-3p"	1.86418159610069	2.96259239360255	9.82994927677199	0.00171693083585071	0.00426752292140668
"hsa-miR-628-5p"	0.701120656496527	4.15048174570017	1.43730155641886	0.230576506863192	0.313421834705997
"hsa-miR-629-3p"	1.09483795699695	2.49638459136646	1.46097746942773	0.226774659176249	0.309810834884723
"hsa-miR-629-5p"	0.679964951804106	5.16864670888173	0.922095166355616	0.336925450707311	0.432961208628634
"hsa-miR-641"	-1.02939346151165	4.08805062707643	2.89422869330429	0.0888973141133967	0.139806531788801
"hsa-miR-6503-3p"	7.88200541501084	2.9268834679197	79.2514573579443	5.4687006060236e-19	1.18342681114351e-17
"hsa-miR-6503-5p"	5.58103755107176	1.61808086395085	28.2971783419415	1.04047540930183e-07	4.65204294572142e-07
"hsa-miR-6511b-3p"	-0.157073760992881	2.96950791277907	0.0748827808927182	0.784355770473	0.835308015405301
"hsa-miR-652-3p"	2.6098182907903	6.75446932066006	16.1088170874564	5.98049518767377e-05	0.000190320464501853
"hsa-miR-652-5p"	1.70273989709246	3.19912856113294	5.61263825944268	0.0178313964007515	0.0349521212058209
"hsa-miR-653-5p"	3.89445647862223	1.6681948402311	16.2906870748424	5.43303157706517e-05	0.000173943357835248
"hsa-miR-654-3p"	-14.1477819707257	10.7370478797899	120.364661397447	5.26381134764784e-28	4.06817419868212e-26
"hsa-miR-654-5p"	-8.48030833670061	5.13980576050159	43.1636990598211	5.0346155011232e-11	3.62424572075605e-10
"hsa-miR-655-3p"	-7.02112120528	3.79819409639791	26.5372588557939	2.58503991639132e-07	1.10118629509268e-06
"hsa-miR-656-3p"	-8.64333694933935	5.29427375723137	58.7040270916818	1.83266017148132e-14	1.98293830554278e-13
"hsa-miR-659-5p"	-1.04455827823225	2.51099293909684	1.03918320226508	0.308011513552858	0.402498137275594
"hsa-miR-660-3p"	1.77824529559131	2.58193018478346	5.61536548954476	0.0178036676309674	0.0349521212058209
"hsa-miR-660-5p"	0.981114988734822	9.01967850260118	3.34065481234834	0.0675877067504397	0.111139663683854
"hsa-miR-664a-3p"	1.28669624311626	5.10410210240737	3.38398763963707	0.0658325960463256	0.109924180435377
"hsa-miR-664a-5p"	0.874304907308047	2.12500820827759	0.714230837195457	0.398042844351355	0.499631505322698
"hsa-miR-665"	-9.19591770675014	5.82762184211338	57.6532993603715	3.12638113899475e-14	3.19126829470973e-13
"hsa-miR-668-3p"	-6.5953630377161	3.43736019702412	37.826727833028	7.73152094302459e-10	4.44973705337904e-09
"hsa-miR-671-3p"	-1.62869497009876	7.48749060965387	10.1174245960295	0.00146874088665136	0.00374806047018105
"hsa-miR-671-5p"	-0.762793187683122	4.7905657812005	1.38866924230464	0.238629961321202	0.321942167268754
"hsa-miR-6769b-3p"	1.9687488069324	2.03099991860153	6.33915767514856	0.0118100952323982	0.0249331375598481
"hsa-miR-6810-3p"	5.52716287299481	1.84675555313629	33.7534967741403	6.25564976609750e-09	3.2541408879411e-08
"hsa-miR-6842-3p"	4.3141710695163	2.76281923561383	21.5824695472806	3.38935652259497e-06	1.25616918764114e-05
"hsa-miR-6852-5p"	0.283877005509338	2.7945412610254	0.187433619628715	0.665061232413901	0.752715746309457
"hsa-miR-7-1-3p"	0.172858967976279	3.88580272943335	0.158263599704186	0.690760235501443	0.772110097946861
"hsa-miR-7-5p"	-1.38886190991776	4.92987813375305	2.23590282233846	0.134837845796553	0.198766415738243
"hsa-miR-708-3p"	-5.63396065560601	6.02007887817314	37.2448968360458	1.04187275572974e-09	5.87138709218528e-09
"hsa-miR-708-5p"	-4.09893904112361	6.42580086799657	23.858045615111	1.03707514860688e-06	4.12542393673767e-06
"hsa-miR-744-3p"	0.0979500304566792	3.33126392789112	0.0189931381572155	0.890386159138479	0.914039681392632
"hsa-miR-744-5p"	0.452321734267433	8.03045751917328	1.12544407581401	0.288749216253884	0.381008112178906
"hsa-miR-758-3p"	-10.1562262668351	6.76656702985607	58.9553018887139	1.61294652420548e-14	1.78082463182687e-13
"hsa-miR-758-5p"	-5.70032158074715	2.72343975361211	19.7938860737991	8.62581501322233e-06	3.05004308637469e-05
"hsa-miR-766-3p"	2.18767381514125	3.91017177125168	11.7027286965847	0.000624085120545448	0.00177700026428993
"hsa-miR-769-5p"	-1.44621918905687	9.40223602364682	7.87691608788484	0.0050069791413075	0.011193288080361
"hsa-miR-770-5p"	-5.31813170086817	2.45556894224363	11.1404651119094	0.000844647102796805	0.00229625167142247
"hsa-miR-7705"	2.53352559070484	2.42806146463548	8.81620383630438	0.00298567164540341	0.0070228189572315
"hsa-miR-7706"	0.478721585873462	5.38965330420119	0.852015311943809	0.355982840316828	0.454213954272179
"hsa-miR-7974"	-3.38455005508947	5.00757766154914	8.48235518482056	0.00358607541579061	0.00825560340401157
"hsa-miR-7976"	0.937161204770512	3.3656397172441	1.61630045385308	0.203608409043429	0.283897291990967
"hsa-miR-7977"	0.217838450168966	2.23284410249025	0.0239778433342845	0.876941301180333	0.908860620571954
"hsa-miR-873-3p"	-3.48744639527848	1.50649652466418	2.0220995690249	0.155024661739326	0.222462445625929
"hsa-miR-874-3p"	0.0503319602163613	4.43459129203159	0.0038583748164438	0.950470600568783	0.955835805771827
"hsa-miR-877-3p"	0.639553537908523	1.9683979106758	0.345856182781057	0.556468270095604	0.655880902225973
"hsa-miR-877-5p"	-0.128221288967117	5.87482356817317	0.0658677742498046	0.797451151296166	0.845923672257306
"hsa-miR-887-3p"	-8.65186108747439	5.30235084636059	61.365207283521	4.74115111412819e-15	6.10705417319845e-14
"hsa-miR-887-5p"	-5.94002102787067	2.90547178585998	28.6257277578168	8.78077453543424e-08	3.9919319526638e-07
"hsa-miR-889-3p"	-10.9315474589026	7.53266062540047	49.652749617386	1.83512717757205e-12	1.52739046625612e-11
"hsa-miR-9-3p"	0.329446350793037	2.241235238278	0.0165435800397589	0.897656876913041	0.919630358530033
"hsa-miR-9-5p"	-0.268079096139051	5.58926235862873	0.0221555540381395	0.881674032710423	0.910206679146126
"hsa-miR-92a-1-5p"	-1.72566451305161	3.13652327165102	3.71521663855798	0.0539186273924958	0.0937941396120264
"hsa-miR-92a-3p"	-0.378497059258029	14.5110574746168	0.449555247980811	0.502546235689207	0.602832624185944
"hsa-miR-92b-3p"	-4.48528745191036	12.0213962214871	34.1401913793583	5.12810758356898e-09	2.69350116768041e-08
"hsa-miR-92b-5p"	-5.54408662322481	2.61126269935464	11.5219521954967	0.000687791225719551	0.00192795364307916
"hsa-miR-93-3p"	0.445335155305824	4.85297332655347	0.781102837393759	0.37680406501452	0.479649409818484
"hsa-miR-93-5p"	0.042159286912352	9.17023879907656	0.0046823577327757	0.945445127854108	0.954264578673642
"hsa-miR-935"	-9.88701805816823	6.50222554813917	68.2924189892009	1.40961870157722e-16	2.06109112852237e-15
"hsa-miR-939-3p"	-3.51787344360082	1.50960453428107	2.50329116946525	0.113608656610611	0.171204131549696
"hsa-miR-940"	-0.173738184950643	4.43823283356434	0.0706501939661734	0.790392440620925	0.840083124510649
"hsa-miR-941"	2.51636375116604	8.59231540735001	18.491860218054	1.70631484442253e-05	5.7336418064136e-05
"hsa-miR-941-3-5p"	2.51738574939465	6.29645847413135	19.7478117503356	8.83628090810559e-06	3.104174007328e-05
"hsa-miR-942-5p"	0.454383277200686	3.30009362349691	0.570749767840462	0.449961132367697	0.552857455210157
"hsa-miR-944"	-3.38577966943634	4.27282969447086	0.720221773077231	0.396071173202983	0.49831280163445
"hsa-miR-96-5p"	-8.27214508363479	4.94711022493445	4.61991214993317	0.0316028567188541	0.057760626638176
"hsa-miR-98-3p"	0.197876208446232	4.54293031235898	0.102336972398719	0.749042997548715	0.81046452334771
"hsa-miR-98-5p"	0.34888591202563	11.130994871053	0.56870626256315	0.450773471612513	0.552857455210157
"hsa-miR-99a-3p"	-2.77345935315537	3.34846107420158	9.65789065340933	0.00188539981940099	0.00459460046079251
"hsa-miR-99a-5p"	-3.11473523444652	8.02526341993811	8.93581830139129	0.00279632164542375	0.00660615724966922
"hsa-miR-99b-3p"	-0.173574290282652	6.08977061632651	0.145439087238765	0.702932599301787	0.779275688980054
"hsa-miR-99b-5p"	0.614541118736469	14.4410143793332	1.16371231016547	0.280696968379157	0.372198676208637
