"logFC"	"logCPM"	"LR"	"PValue"	"FDR2"
"hsa-let-7a-2-3p"	-7.25955507770122	3.80692443615674	39.9134844834731	2.65464195676056e-10	8.26558972900448e-10
"hsa-let-7a-3p"	-1.33202819039402	6.23003449276356	6.90846130546677	0.0085788785979199	0.0127404484326832
"hsa-let-7a-5p"	-1.18340448521568	15.4374634328243	10.134641270666	0.00145508558802876	0.0024686900998135
"hsa-let-7b-3p"	-2.25736070328903	6.86940086395536	36.5112765365835	1.51785592909783e-09	4.33221379763338e-09
"hsa-let-7b-5p"	-1.56697560463625	12.3037842683578	14.3565706954757	0.000151250921592652	0.00028385446929032
"hsa-let-7c-5p"	-5.11913370102297	9.12350205867742	41.7682329333751	1.02759496372225e-10	3.31248258893997e-10
"hsa-let-7d-3p"	-0.124403298966968	7.08228462505929	0.149865254011809	0.698664159645985	0.736284537473077
"hsa-let-7d-5p"	0.177296490401677	9.98425859173808	0.354284427541476	0.551697782266263	0.599861874368874
"hsa-let-7e-3p"	-4.24767567393692	3.56594757321623	33.8720869997138	5.88570956465166e-09	1.63724306671528e-08
"hsa-let-7e-5p"	-4.48610485827354	11.0059253548726	87.0224431656993	1.07296668275548e-20	8.3997963164286e-20
"hsa-let-7f-1-3p"	-1.14537191934776	4.23169944418678	7.05500770269369	0.00790439697429814	0.0118674234025079
"hsa-let-7f-2-3p"	-0.592645602320317	4.3616703881452	0.527412705413255	0.467696647493566	0.517773258235301
"hsa-let-7f-5p"	0.411585430277714	14.8666928352882	1.94564019679092	0.163057436737723	0.198567722960605
"hsa-let-7g-3p"	3.04420674413995	4.52497388263237	38.7483998347985	4.82105284878904e-10	1.46774275618689e-09
"hsa-let-7g-5p"	3.42432000860776	14.0582635392226	129.216360032569	6.08144703098195e-30	1.04144780405566e-28
"hsa-let-7i-3p"	1.71119840557137	6.70081449434911	34.1169515946036	5.1897189113966e-09	1.45844408381812e-08
"hsa-let-7i-5p"	-1.09944245734518	13.9703298430412	13.6918886446092	0.000215382750024627	0.000400100837333884
"hsa-miR-100-3p"	-10.4329772334543	7.85104007904211	118.743792346649	1.19169273000462e-27	1.67448106677572e-26
"hsa-miR-100-5p"	-10.434172139672	17.3544530981516	106.27621476864	6.41417316570096e-25	7.98856112455483e-24
"hsa-miR-101-3p"	4.20345716525269	12.9204252664327	98.8994241506489	2.65656626425569e-23	2.69592280150393e-22
"hsa-miR-101-5p"	5.11144959597175	4.62180630047812	84.3879433647248	4.0661988826117e-20	2.89386621775482e-19
"hsa-miR-103a-3p"	0.61219468163769	11.8544548374943	5.56395883354242	0.0183339098497255	0.026232330542166
"hsa-miR-106a-5p"	6.12991749194727	2.9093708033491	66.0947279250392	4.29763775446622e-16	2.26452450908412e-15
"hsa-miR-106b-3p"	1.55171270266777	8.07716524090352	15.2592697303903	9.37156774403183e-05	0.000178320108462828
"hsa-miR-106b-5p"	1.51167397959098	7.86114311952544	13.3620012946328	0.000256774151006786	0.00047060948077498
"hsa-miR-107"	-2.96547702918917	6.37235887418751	20.1690056369671	7.08923441570822e-06	1.53553377858028e-05
"hsa-miR-10a-3p"	-3.50968741334689	3.59988435272724	10.7145432375774	0.00106296695971538	0.00182603728502831
"hsa-miR-10a-5p"	-2.89179964422449	14.048245971518	9.77581816601538	0.00176822019817647	0.00294524215380154
"hsa-miR-10b-5p"	-7.11406555741848	11.2223117164067	17.061878912279	3.61813365673128e-05	7.45389941311557e-05
"hsa-miR-1180-3p"	-5.20899761059351	4.26582837109426	70.149956785389	5.49632447153475e-17	3.13748521916775e-16
"hsa-miR-1185-1-3p"	-8.68625315335917	5.10737992921984	72.1653274424154	1.97902580849985e-17	1.16613563769669e-16
"hsa-miR-1185-2-3p"	-5.80474204650159	2.64842500442479	32.5377168100252	1.16901642663182e-08	3.20310500897119e-08
"hsa-miR-1185-5p"	-8.14257721600569	4.59866052790513	85.7384192747298	2.05383539533346e-20	1.54178328307224e-19
"hsa-miR-1197"	-7.2557455946734	3.80395668425439	42.3003205658771	7.82797280202496e-11	2.56943530299803e-10
"hsa-miR-122-5p"	-3.60815927708365	1.9644445767859	8.49566740261107	0.00355993168472393	0.00563827330412923
"hsa-miR-1226-3p"	-1.23312354768544	2.97983654944791	3.7234520916318	0.05365333652853	0.0722408560629839
"hsa-miR-1233-3p"	-1.54723401379468	1.8775461607471	2.24532363832184	0.134018866058171	0.167294620956442
"hsa-miR-1247-5p"	-3.64526060284723	1.49560377992301	3.26110133547955	0.0709414652347621	0.0927826323356793
"hsa-miR-1248"	4.37586105710457	2.59204217227693	32.0774232697757	1.48148993114726e-08	4.01909149637969e-08
"hsa-miR-1249-3p"	-1.50228207571165	4.29543221756085	4.31172668097099	0.0378505247671023	0.0521157979205329
"hsa-miR-1257"	-4.70017795480965	1.93637454137709	7.67779222907545	0.00559045220117385	0.00858142242645174
"hsa-miR-125a-3p"	-2.57059961789402	4.39548620327898	24.9919341829941	5.75706501877156e-07	1.35985846133052e-06
"hsa-miR-125a-5p"	0.0933635164528654	12.982008596535	0.0585476793861019	0.80880629363887	0.836275186630379
"hsa-miR-125b-1-3p"	-12.0093883594338	10.3649654745807	270.028751778957	1.11851787537406e-60	2.04315931901661e-58
"hsa-miR-125b-2-3p"	-4.22232838990857	6.29041506751889	38.549649396813	5.3378357341685e-10	1.59843387012259e-09
"hsa-miR-125b-5p"	-7.08215451610015	14.1570883321807	76.3922530482407	2.32561812288263e-18	1.55419357480449e-17
"hsa-miR-126-3p"	-2.57578399947386	5.65552988658646	8.42243669521611	0.00370618766948215	0.00583618058297764
"hsa-miR-126-5p"	-2.15306513354135	7.33121009052579	6.23469649022892	0.0125271061143398	0.0181609898165561
"hsa-miR-1260a"	0.984531839248327	4.62774011692341	6.57595598575383	0.0103365470324753	0.0151582411724716
"hsa-miR-1260b"	0.00657578243483248	3.40581406020832	0.000225353956102126	0.98802277127141	0.991641902301709
"hsa-miR-1262"	-5.23078334791074	2.26709144207295	23.8083858809735	1.06417820336126e-06	2.45029266992424e-06
"hsa-miR-1269b"	-3.60851022435621	1.48643582959328	4.98929313337627	0.0255046253500181	0.036021996628376
"hsa-miR-127-3p"	-11.3166086380386	13.8695304357017	311.400772923607	1.08162800407397e-69	5.92732146232536e-67
"hsa-miR-127-5p"	-9.70706873782572	6.08727660793634	141.05089395884	1.56824331997916e-32	3.30537438210992e-31
"hsa-miR-1271-5p"	-0.408192571263995	7.36286712397677	0.482323897222372	0.487371568075557	0.534159238610811
"hsa-miR-1273h-3p"	7.37023779903497	3.06035665101378	105.359464329386	1.01872692835364e-24	1.24058301497287e-23
"hsa-miR-1277-5p"	-0.584844499074702	2.10001674621816	0.154396187750939	0.694369112825348	0.734583540209055
"hsa-miR-128-1-5p"	-0.730101298821489	3.80445586304767	2.73692177354525	0.0980534825983509	0.12525246728181
"hsa-miR-128-3p"	0.0554768559570781	9.42012068613056	0.0299051777890273	0.862705557377636	0.883668496155037
"hsa-miR-1285-3p"	-1.21296059855306	4.03737310800696	2.11295810137548	0.146056746333425	0.181494550999358
"hsa-miR-1287-5p"	0.342648978474311	2.76181256186442	0.394346953589736	0.53002326284639	0.57859113155343
"hsa-miR-1293-3p"	-6.01787436465981	2.80563705209154	22.1178827334044	2.56409994442561e-06	5.78241468948657e-06
"hsa-miR-1296-5p"	-4.32919692910368	5.07482951226933	52.7522147300832	3.78396410650261e-13	1.49180743191614e-12
"hsa-miR-1301-3p"	-0.495068970177369	5.23024808216476	1.28094735293588	0.257722965344475	0.303073358387924
"hsa-miR-1304-3p"	-2.9821420041978	5.79785288375722	26.3663111671566	2.82423730230633e-07	6.75843686316101e-07
"hsa-miR-1306-3p"	-1.91029387308956	1.82110957287136	3.19028979045234	0.0740768788887594	0.0964231107625657
"hsa-miR-1306-5p"	-0.162925135463851	3.11317749079571	0.0651265707038604	0.798569341194115	0.827251415830576
"hsa-miR-1307-3p"	-0.33861812594522	7.36416465902699	1.09376714405115	0.295638036294218	0.343240770951762
"hsa-miR-1307-5p"	-0.84535150013855	9.1393935371014	2.87691170667265	0.089858208693026	0.116137496140986
"hsa-miR-130a-3p"	-6.6817388596353	10.0197609770953	169.006562482687	1.21940167724923e-38	4.77308656523271e-37
"hsa-miR-130b-3p"	-2.28918700190216	8.66812032488841	29.9998108173719	4.32088459384622e-08	1.13838690260948e-07
"hsa-miR-130b-5p"	-3.23161192744561	7.30032559332707	47.2431226158927	6.27056118896003e-12	2.26070232338822e-11
"hsa-miR-132-3p"	-0.827540215086052	6.46713134682864	5.39100998896421	0.0202407521293049	0.028864333393837
"hsa-miR-132-5p"	-0.67278256265797	4.14109692930111	2.62591260693657	0.105132043351034	0.133671368344238
"hsa-miR-134-3p"	-4.81025618598768	2.02651227855508	12.7163962672612	0.00036246356507195	0.000655544665542669
"hsa-miR-134-5p"	-8.85300340795219	6.77730148266484	182.666588372351	1.26829123510885e-41	6.9502359683965e-40
"hsa-miR-1343-3p"	-4.0356532898332	3.24136221819099	16.3494660525536	5.26709996910148e-05	0.000102717821461481
"hsa-miR-135b-5p"	-1.48078450479426	2.28562311675722	1.44454603827038	0.22940510699545	0.273886707262542
"hsa-miR-136-3p"	-10.0430083313263	9.16874156189425	140.845449823989	1.7391508149013e-32	3.5298320243182e-31
"hsa-miR-136-5p"	-10.0439661119399	7.36174153508895	101.150961368208	8.52335589024977e-24	9.15842946638602e-23
"hsa-miR-137"	-8.69042052497699	5.1113511822581	69.7559584460021	6.71148095736043e-17	3.75295057615665e-16
"hsa-miR-138-1-3p"	-5.9241962057558	2.73459504571616	17.7332065750476	2.54151138480322e-05	5.25565373159308e-05
"hsa-miR-138-5p"	-9.18292012205294	8.90048885876206	44.9207565470312	2.05171480506511e-11	7.11607413402328e-11
"hsa-miR-139-5p"	-1.06437469847284	1.8675609898493	0.938846889775313	0.332574568626705	0.379689299182155
"hsa-miR-140-3p"	2.59349053182382	11.5885697057001	67.4967939833673	2.11029968214756e-16	1.12276138428821e-15
"hsa-miR-140-5p"	1.80009759170739	6.11169941672382	18.3223882339626	1.86502472209325e-05	3.93089826041192e-05
"hsa-miR-141-3p"	1.37835794772405	8.11197871256741	0.879963398040704	0.348211704588565	0.395892145465837
"hsa-miR-141-5p"	-3.41927887601743	4.50550010660318	1.3246083627403	0.249766665369632	0.294983044445168
"hsa-miR-142-3p"	4.09254669304627	11.5611368181431	4.3256992372809	0.037540987035824	0.0518198007446638
"hsa-miR-142-5p"	5.42972576370907	14.7269954682581	9.54868795122225	0.0020009239225814	0.00328295302267846
"hsa-miR-143-3p"	-10.418400549529	14.1831808009261	110.597564648049	7.24885647747503e-26	9.45803178489599e-25
"hsa-miR-143-5p"	-8.60194418416915	5.02776857965094	71.6863146364708	2.52276188660678e-17	1.47071650410693e-16
"hsa-miR-145-3p"	-10.2743943524615	6.64171634352351	65.0246015828801	7.39688120271325e-16	3.78830925148305e-15
"hsa-miR-145-5p"	-12.2219201372179	8.56984702793774	59.5530649415024	1.19040604002578e-14	5.3470697535584e-14
"hsa-miR-1468-5p"	1.7431805036779	4.19667478421864	11.8861861936951	0.000565517982602016	0.000999689853115822
"hsa-miR-146a-3p"	0.306502660044979	2.96995472371728	0.0831801291725007	0.773033177864102	0.806899393275291
"hsa-miR-146a-5p"	1.38031667449442	10.7283028177006	3.76531144683364	0.0523261125307388	0.0708017522638144
"hsa-miR-146b-3p"	5.17371221516795	7.96265521432582	59.5544474079153	1.18957009783935e-14	5.3470697535584e-14
"hsa-miR-146b-5p"	3.55509632304609	12.212937818911	15.1451906180425	9.95515740676563e-05	0.000188769074702684
"hsa-miR-147b"	-1.1938555349279	2.33364120336524	2.03006409624378	0.154214103405246	0.189908603743989
"hsa-miR-148a-3p"	-0.55301487678597	12.2253541686523	0.518177901796605	0.471619973799883	0.518971376791839
"hsa-miR-148a-5p"	-2.00904461233877	6.54365816648758	4.21805234258457	0.039996045306879	0.0549319118500494
"hsa-miR-148b-3p"	-0.949727905834088	10.1912082874848	10.238909278414	0.00137508873675018	0.00234021312962453
"hsa-miR-148b-5p"	-0.919803719559166	6.53264303957494	8.10098204369084	0.00442412820711179	0.00688756323152631
"hsa-miR-149-5p"	-6.99957333168759	7.91262635961655	54.6492232735865	1.44081254152498e-13	5.84863165004215e-13
"hsa-miR-150-3p"	11.3718688100371	6.73590135520885	309.997723527025	2.18635462805939e-69	5.99061168088272e-67
"hsa-miR-150-5p"	15.9940872764592	16.8646238720106	141.962490902453	9.91021115966012e-33	2.1723182861975e-31
"hsa-miR-151a-3p"	-2.94495620489941	11.8763004966873	31.9271587194397	1.60063489724623e-08	4.32092573246765e-08
"hsa-miR-151a-5p"	-2.91042295023761	12.3927341747774	27.3630200585569	1.68625237508104e-07	4.1812954821014e-07
"hsa-miR-151b"	0.868691270208442	4.05421262976599	2.43501780289215	0.118652547850621	0.149132101426927
"hsa-miR-152-3p"	-2.61652913846561	8.07899251356243	34.3310248191352	4.64911095013085e-09	1.3132540209648e-08
"hsa-miR-152-5p"	-6.84640431151622	5.61570518997826	87.4872448651944	8.48250661715791e-21	6.73683134232252e-20
"hsa-miR-153-3p"	3.16654420050187	3.25300753641582	17.7444483209605	2.52653715203072e-05	5.24447863376073e-05
"hsa-miR-154-3p"	-5.1093719527626	2.18898197690598	26.3356740347512	2.86939366338175e-07	6.8366422936226e-07
"hsa-miR-154-5p"	-7.37255239576133	3.90320954102468	73.0338479234384	1.27445327193637e-17	7.59130861979491e-17
"hsa-miR-155-5p"	0.57516885416884	10.2542698652186	1.09083840854213	0.296285519298453	0.343265252802436
"hsa-miR-15a-3p"	-0.386498271342097	1.84602966250634	0.150637766713569	0.697926629174706	0.736284537473077
"hsa-miR-15a-5p"	2.77124685978546	10.0224940514351	50.2425647336235	1.35868530812614e-12	5.13489344036637e-12
"hsa-miR-15b-3p"	0.233657988388874	5.72331798305652	0.357516430449639	0.54988879217174	0.599083614533028
"hsa-miR-15b-5p"	1.00661938876778	8.3515037445992	9.19589864240963	0.00242557981079211	0.00395600516760141
"hsa-miR-16-1-3p"	-1.45745687213543	2.1285690744702	1.37784348708161	0.240468821700125	0.28585013946132
"hsa-miR-16-2-3p"	1.78283107647587	7.04846650143651	24.7523101077713	6.51906202816086e-07	1.52668632112485e-06
"hsa-miR-16-5p"	2.18249305994808	12.6308815673035	25.7562819133349	3.87364131828602e-07	9.18941749965688e-07
"hsa-miR-17-3p"	0.528820514605073	7.16336376322421	0.978358671113895	0.322604360025957	0.37023036564076
"hsa-miR-17-5p"	0.489668225637947	8.19777392636225	0.700755660394684	0.402529897854556	0.451096899845187
"hsa-miR-181a-2-3p"	-0.636780517596049	8.20741077875737	1.2556832538541	0.262469776154199	0.307994512489296
"hsa-miR-181a-3p"	-1.55622147077535	9.23366743253219	11.56072845036	0.000673594580496761	0.00117557270736377
"hsa-miR-181a-5p"	0.435990485553107	14.2786781941095	0.97700975710768	0.322938165650152	0.37023036564076
"hsa-miR-181b-3p"	-3.43545919295699	4.103938151615	28.8624450182398	7.77050162847788e-08	1.9714050427805e-07
"hsa-miR-181b-5p"	-1.56365326955332	11.22323940974	9.86414540776151	0.00168530941420204	0.00282431057792881
"hsa-miR-181c-3p"	0.465522321969032	6.09955308050284	1.50690550979496	0.219611886000314	0.262767060105179
"hsa-miR-181c-5p"	3.02524814967212	9.73669776432728	62.5025909649298	2.66094336411081e-15	1.29043979073692e-14
"hsa-miR-181d-5p"	1.15239729952553	5.7878812893729	7.82659868749482	0.00514828894747105	0.00792489422251162
"hsa-miR-182-5p"	-5.749716256732	9.2213700036789	12.6157667694955	0.000382506599641243	0.000689518475669083
"hsa-miR-183-3p"	-4.9839975551144	2.12801929154867	4.51141522429303	0.0336693714750573	0.0469486401229807
"hsa-miR-183-5p"	-7.13860389862707	7.31338353038159	10.8777918409059	0.000973242112063403	0.00167715936292687
"hsa-miR-184"	-7.3648575341885	3.8953670393668	5.3877351940917	0.0202787743734074	0.028864333393837
"hsa-miR-185-3p"	-0.811113512237709	3.20370740842826	3.39376338116563	0.0654434184765593	0.0862091185700829
"hsa-miR-185-5p"	0.09559375122127	6.30945708719039	0.0406957022993488	0.840126433470445	0.865393393875571
"hsa-miR-186-5p"	1.71028750682245	13.0671815663606	26.4257038176194	2.73871671247666e-07	6.58252964226846e-07
"hsa-miR-187-3p"	-3.33486074502032	1.39506066996911	4.65820867574472	0.0309054186004447	0.0432045137577645
"hsa-miR-188-3p"	-3.3903267407832	1.81303506184008	8.16837932801238	0.00426269782512495	0.00665515216002414
"hsa-miR-188-5p"	-3.34537499887269	3.79409219100044	26.7456104896596	2.32078317529288e-07	5.65239635582444e-07
"hsa-miR-18a-3p"	-0.981909552717397	4.43564077142901	2.09338033352116	0.147938415627906	0.183416859194779
"hsa-miR-18a-5p"	-1.18195961840347	5.77575115499975	2.33379586263298	0.126592847172024	0.158385571347646
"hsa-miR-190a-5p"	-4.09084611995665	5.22354890195594	28.1707487859851	1.11070549011696e-07	2.79204866322979e-07
"hsa-miR-190b"	1.37505136154319	2.60164749199244	3.27207703044563	0.0704683520641384	0.092384346725234
"hsa-miR-191-3p"	-1.20814328299766	3.66806775001826	5.65172281273971	0.0174382317269613	0.0250817611190939
"hsa-miR-191-5p"	-0.425500858342336	13.4528606739281	1.79418165460373	0.18041749907513	0.217772664081875
"hsa-miR-1910-5p"	-6.35539518221545	3.05950165745992	34.0993765121849	5.23680428593394e-09	1.46416772892439e-08
"hsa-miR-192-5p"	3.90671587205128	11.426966248119	85.0646927884366	2.88761039156129e-20	2.10988065943412e-19
"hsa-miR-193a-3p"	-7.20377485933195	9.04162369269125	41.4352741356987	1.21838914403045e-10	3.88184448214352e-10
"hsa-miR-193a-5p"	-5.63559237732187	7.46717184772215	60.8513191084998	6.15522468439415e-15	2.88295993764786e-14
"hsa-miR-193b-3p"	-3.68481084177412	8.00989235962615	50.5838875199514	1.14178579600932e-12	4.34512927925771e-12
"hsa-miR-193b-5p"	-4.40916482714685	2.98293887719189	42.8086940148428	6.03632901663709e-11	2.02939159577738e-10
"hsa-miR-194-5p"	3.74275178191324	6.2357246814945	46.5913809239233	8.74440234836353e-12	3.07175159416873e-11
"hsa-miR-195-5p"	-1.72649551457062	5.0907379347458	11.195031274983	0.000820166552619184	0.00141782735279279
"hsa-miR-196a-5p"	1.38008660182045	3.39096344113626	0.874148123650798	0.349809486625839	0.396065286510248
"hsa-miR-196b-5p"	-2.21190940889161	3.6504473189423	1.35537416932032	0.244340790061454	0.289824140592374
"hsa-miR-197-3p"	1.68466812634267	9.36585993470472	27.7496188219131	1.38075405654538e-07	3.45503754788524e-07
"hsa-miR-1976"	5.91860456635539	2.63942058343514	96.7968993683243	7.68163066672066e-23	7.65369746429622e-22
"hsa-miR-199a-3p"	-7.23198459425751	12.7265909061948	170.10258910167	7.02683965075815e-39	2.96208317585805e-37
"hsa-miR-199a-5p"	-8.42092228750409	10.7577020368366	158.821613806631	2.04699744720355e-36	7.01096625667216e-35
"hsa-miR-199b-3p"	-7.31569324453439	11.5411505946749	151.183076447164	9.55815183828643e-35	2.61893360369048e-33
"hsa-miR-199b-5p"	-5.14139955919551	10.1674242404232	31.7994060347142	1.70945012430194e-08	4.59205229469343e-08
"hsa-miR-19a-3p"	1.44798062271808	7.79946612638737	6.9802571971785	0.00824137640149013	0.0122724844239581
"hsa-miR-19a-5p"	0.445255664890628	2.28886641808235	0.218244657402693	0.640380668488541	0.690804343172678
"hsa-miR-19b-3p"	2.61889141822331	10.0124841547887	22.6655506854254	1.92793545961576e-06	4.38385324427151e-06
"hsa-miR-200a-3p"	-2.13749224850599	4.34393282864522	1.37897854122656	0.240275215548549	0.28585013946132
"hsa-miR-200a-5p"	-2.90581474823807	1.84567131915	1.34496030654474	0.246161098858408	0.291352661283818
"hsa-miR-200b-3p"	-3.86003847240687	7.65701489363081	3.61986851515003	0.0570933852807849	0.0761245137077131
"hsa-miR-200b-5p"	-2.57136122348024	1.72936864984902	1.53418580623371	0.215485315323405	0.258393769796993
"hsa-miR-200c-3p"	-1.90326971616641	6.37847940313475	0.964573028703928	0.326037389558171	0.373003109557156
"hsa-miR-200c-5p"	-2.44555289109229	1.46364170529199	1.01891650554	0.31277615499865	0.360086833906009
"hsa-miR-203a-3p"	-3.06857752091108	3.85555046403793	2.00855719236458	0.156414010610727	0.191755878780041
"hsa-miR-204-5p"	-10.1720720685856	8.87337308916585	59.3167871476601	1.34226595114333e-14	5.98017675793937e-14
"hsa-miR-205-3p"	-4.9800937208486	2.13545808201786	2.6316532310719	0.104752589307071	0.133498648698314
"hsa-miR-205-5p"	-9.70197151916152	10.740671181239	8.02766846225354	0.00460681029731541	0.00715164884682393
"hsa-miR-20a-3p"	0.984113343248106	2.96301847726441	1.95075590343475	0.162505418218206	0.198336234261864
"hsa-miR-20a-5p"	1.62083202259287	8.68466331596102	8.62327016661705	0.00331895468365554	0.00530258649167124
"hsa-miR-20b-5p"	3.74468310160188	3.43274514171104	7.60271414489777	0.0058280502981474	0.0088962996194562
"hsa-miR-21-3p"	-2.16853711625144	11.699034176945	20.571980283297	5.74305653651109e-06	1.25887799280323e-05
"hsa-miR-21-5p"	-1.14896362690037	15.9052206907225	6.42752242846291	0.0112365212328563	0.016333192667388
"hsa-miR-210-3p"	-3.66625016799456	8.16864194539249	44.8149616095133	2.16561604127844e-11	7.46388421773953e-11
"hsa-miR-210-5p"	-4.83601929588565	4.90280568532024	48.3940340028693	3.48627217316782e-12	1.29964432033739e-11
"hsa-miR-2110"	1.84767061731297	2.80315401186787	14.654122377476	0.000129151860688043	0.000243213813254459
"hsa-miR-2110-3p"	1.69153536355052	4.2811860459985	19.3813834743008	1.07045493099104e-05	2.2914425866527e-05
"hsa-miR-2114-5p"	-1.75294538672183	1.70050805062307	1.07325700806935	0.300210922020183	0.346348600562232
"hsa-miR-2116-3p"	-5.71771809146852	2.58978882421039	28.9977756979776	7.24614530128621e-08	1.84692447679295e-07
"hsa-miR-212-3p"	-1.31109760219893	3.9551203488047	7.61938354174561	0.00577442236088207	0.00883905992671333
"hsa-miR-212-5p"	-1.65068081443654	4.17790877343151	7.96017114262067	0.00478178924650227	0.00740231781661934
"hsa-miR-214-3p"	-9.71792248377224	7.39053846365195	149.790694784954	1.92623414419157e-34	5.02655386198561e-33
"hsa-miR-214-5p"	-9.90004807009799	6.27614456783695	147.798087083625	5.25132038844842e-34	1.30805616948624e-32
"hsa-miR-215-5p"	1.31296478308066	4.04153788757051	8.64463134521717	0.00328026505746821	0.00525609722658649
"hsa-miR-218-1-3p"	-9.18013872236321	5.57823468983921	73.6492998442365	9.33049356460175e-18	5.68123385933529e-17
"hsa-miR-218-5p"	-9.13517058439544	6.59004683681392	103.464116727683	2.65153313321455e-24	3.02716699375328e-23
"hsa-miR-22-3p"	-2.34714236723223	16.0313580371609	31.1887691088368	2.341166313447e-08	6.19787024042974e-08
"hsa-miR-22-5p"	-1.43580796269126	6.7305942936841	16.8508292377666	4.04356585980159e-05	8.11675491271527e-05
"hsa-miR-221-3p"	-2.23250052650612	12.9586139372682	29.7448665060875	4.92809544830582e-08	1.2799034624036e-07
"hsa-miR-221-5p"	-3.32120213885881	9.60964581619656	40.0728410538068	2.44667082806041e-10	7.66157493586917e-10
"hsa-miR-222-3p"	-3.91049268745121	13.2514411291356	61.9233023857431	3.57098630773888e-15	1.71657938301834e-14
"hsa-miR-222-5p"	-3.67706032389726	5.71036081318539	52.5822788390597	4.12595400562565e-13	1.61501628220204e-12
"hsa-miR-223-3p"	4.13377606847636	5.07440636641962	20.1831246717821	7.03710042677336e-06	1.53029009280627e-05
"hsa-miR-224-3p"	-6.58117112771158	3.23837194013772	38.0019731578661	7.06731212672341e-10	2.08219733626044e-09
"hsa-miR-224-5p"	-12.3116593403895	9.71701816565736	126.301734546836	2.64112658442525e-29	4.38587081292435e-28
"hsa-miR-2277-5p"	0.294128334178245	3.3686000440526	0.502765402419321	0.478287542059035	0.525253653403509
"hsa-miR-2355-3p"	-0.87320928273607	2.00890294842147	0.8012344982393	0.370724530978639	0.418018606947107
"hsa-miR-2355-5p"	-1.01661941113882	4.11817715857005	4.46362895893362	0.0346238656646447	0.0480351351499374
"hsa-miR-23a-3p"	0.115439174312103	10.9612748547088	0.159531776533846	0.689587964938582	0.730936566317878
"hsa-miR-23a-5p"	-0.786008330057571	5.06983808865476	2.86330444723738	0.0906211608088266	0.116847990878205
"hsa-miR-23b-3p"	-2.68941201183906	9.81435796093647	46.0162634696734	1.17275372338076e-11	4.09343337842456e-11
"hsa-miR-23b-5p"	-5.18315360641327	2.23720517359753	17.9573237420775	2.25913498211918e-05	4.72521362672256e-05
"hsa-miR-24-1-5p"	-2.5826315440178	2.23868075802144	8.58417237270152	0.00339097476711743	0.00538624397791407
"hsa-miR-24-2-5p"	-2.02356275328759	7.04801299387558	21.7371055469574	3.12684442549429e-06	6.9939214088607e-06
"hsa-miR-24-3p"	-0.300618818093029	9.50307918897444	0.807881059530976	0.368747458540704	0.416646612949084
"hsa-miR-2467-5p"	-1.23558895234324	2.80162016627967	6.6757365510436	0.00977341163781774	0.0143973913374304
"hsa-miR-25-3p"	1.63616845007341	11.3525418151391	16.8941654412428	3.95228818030355e-05	7.99208089596438e-05
"hsa-miR-25-5p"	0.218305438409713	4.57507366987962	0.236207415953528	0.626958838910625	0.677659652313654
"hsa-miR-2682-3p"	-6.21539555593895	2.94786916639094	57.076950744268	4.19088712368349e-14	1.78031484013841e-13
"hsa-miR-2682-5p"	-7.50434380105379	4.01987760903507	69.2568405453711	8.64406075566266e-17	4.69004484564667e-16
"hsa-miR-26a-2-3p"	-0.160849937407805	4.83551513098732	0.170694370833072	0.679495434281337	0.723035918419753
"hsa-miR-26a-5p"	2.27988358759903	15.3048800772521	62.8053848251813	2.28174154874183e-15	1.12648141325272e-14
"hsa-miR-26b-3p"	2.47480020830204	6.35129497918355	19.9608296413403	7.90449708301756e-06	1.69869192215436e-05
"hsa-miR-26b-5p"	2.87887689953886	12.2396788418802	60.4578009056116	7.5172864228685e-15	3.49107877943385e-14
"hsa-miR-27a-3p"	0.548443211751203	12.3229179335916	2.07361866440522	0.149865565563202	0.18538674927457
"hsa-miR-27a-5p"	-0.430196228676755	6.26254084481575	1.21223111254186	0.270890705501068	0.317196809005524
"hsa-miR-27b-3p"	-2.84222394346843	14.0719404274289	38.3915982562696	5.78810506760341e-10	1.72384868317754e-09
"hsa-miR-27b-5p"	-3.82580545945077	6.47507259053101	54.2140591515284	1.79795820986623e-13	7.24471396328453e-13
"hsa-miR-28-3p"	1.24436153103607	12.1707262352958	15.470235337583	8.38147607296055e-05	0.000160596114964419
"hsa-miR-28-5p"	1.78459890071405	9.39223646351333	18.6349966029596	1.58288015510892e-05	3.3491055019293e-05
"hsa-miR-296-3p"	-4.24724315741059	4.91812030828319	16.6084961149561	4.59447426201198e-05	9.08942922592983e-05
"hsa-miR-296-5p"	-1.56897445112947	4.95128627249668	4.45149699342158	0.0348706661745113	0.0482553663223036
"hsa-miR-299-3p"	-9.00895735634762	5.414214763371	96.0590121784176	1.11509649855927e-22	1.07205768633418e-21
"hsa-miR-299-5p"	-8.00751871688278	4.47490473631262	65.4419113806118	5.9852388275973e-16	3.09425554483332e-15
"hsa-miR-29a-3p"	1.20140801478284	14.0230047920821	16.5438093007298	4.75389306850464e-05	9.37098345877894e-05
"hsa-miR-29a-5p"	0.00304938065990264	5.95318573299216	5.97910243840261e-05	0.993830446554888	0.993830446554888
"hsa-miR-29b-1-5p"	-0.704526096097149	4.27452320123738	1.54195682048686	0.214326771228271	0.257568137353273
"hsa-miR-29b-2-5p"	2.75270260430445	2.40093097465493	15.8585896282881	6.8256012653543e-05	0.000131705263852611
"hsa-miR-29b-3p"	1.27478298919352	9.73504637003983	7.40805964659636	0.00649323172090891	0.00985676172592267
"hsa-miR-29c-3p"	5.22461533967166	11.3052761601027	172.139612175462	2.52272854263551e-39	1.15204603447022e-37
"hsa-miR-29c-5p"	3.62057718255278	5.54752330567446	50.9936208618336	9.26666320032648e-13	3.55114086278246e-12
"hsa-miR-301a-3p"	-2.17500287789469	8.03412074186438	7.19606771553529	0.00730635053969958	0.0109996705927345
"hsa-miR-301a-5p"	-3.07598088405849	2.68406575466986	11.5029437986648	0.00069486054100856	0.00120883675070696
"hsa-miR-301b-3p"	-3.29697341172528	5.22030448380055	28.5016994491809	9.36162811374661e-08	2.36413465729638e-07
"hsa-miR-302a-5p"	-5.30130940094671	2.31611287856771	15.5492881437834	8.03819086273815e-05	0.000154558897992298
"hsa-miR-302b-3p"	-4.52866104649346	1.87414511705589	13.675058513092	0.000217321725658391	0.000402338870475669
"hsa-miR-302d-3p"	-5.04677778470612	2.15788762995862	16.9209904839654	3.89682821959092e-05	7.92257187734126e-05
"hsa-miR-3074-3p"	-0.13981031997266	1.62683155404251	0.011558008792278	0.91438583614023	0.933116272262283
"hsa-miR-3074-5p"	0.469441007221662	2.36313091536501	0.175622334715779	0.675162646954311	0.719823211149732
"hsa-miR-30a-3p"	-8.8911058452909	7.21765873291713	121.811905172869	2.53793884582794e-28	3.86330690976031e-27
"hsa-miR-30a-5p"	-10.8107446573139	12.5528685983563	197.06555947476	9.12463801915609e-45	7.1432880492822e-43
"hsa-miR-30b-3p"	0.639536166590693	2.54409903070216	0.875439912192718	0.349453700065651	0.396065286510248
"hsa-miR-30b-5p"	2.95176298731442	10.6062203986356	47.9082997179315	4.46626950033055e-12	1.63167712412076e-11
"hsa-miR-30c-1-3p"	-0.361057673709913	3.84903002354178	0.926921328537038	0.335664195794119	0.382419915374588
"hsa-miR-30c-2-3p"	-8.16957977812583	4.62355906466379	88.0981811304483	6.2284874687066e-21	5.01942813654591e-20
"hsa-miR-30c-5p"	0.823117898181607	11.254336857287	5.10484242654351	0.0238591461543063	0.0337850441668214
"hsa-miR-30d-3p"	0.398179678283635	5.42406013602954	0.662835952137005	0.415560527334205	0.462860099551107
"hsa-miR-30d-5p"	1.39671126194127	12.2487745661152	16.4602404603708	4.96810932234619e-05	9.74193357776144e-05
"hsa-miR-30e-3p"	2.01114643158971	7.61406654397186	20.1040360828967	7.33417396803378e-06	1.58233359625296e-05
"hsa-miR-30e-5p"	1.80543261027319	12.3939127508922	16.8706012376182	4.00166076088021e-05	8.06216947412631e-05
"hsa-miR-31-3p"	-4.16548453395258	8.09356071434479	39.8746693368862	2.70792334417818e-10	8.3838530655912e-10
"hsa-miR-31-5p"	-4.56420978023571	13.3466414587037	103.326646098409	2.84205059345952e-24	3.1784565820731e-23
"hsa-miR-3117-3p"	-6.51636737388958	3.18567766192519	31.4201558881123	2.07812363706234e-08	5.52821239373865e-08
"hsa-miR-3129-3p"	-6.02901000750681	2.81194843490824	29.8344049348219	4.70566790843518e-08	1.23227004159351e-07
"hsa-miR-3152-5p"	-6.9136651035102	3.51090613637636	39.0681461098788	4.09267362034124e-10	1.2529525943838e-09
"hsa-miR-3158-3p"	-1.01279446611707	3.30674580006425	3.33087618111498	0.0679906453871544	0.0893498169596178
"hsa-miR-3168"	-1.81036630242513	3.54457889448285	5.89577966452894	0.0151772091726606	0.0218871332279421
"hsa-miR-3176"	-1.28766512773581	3.25459429675113	2.76554929043824	0.0963136217048466	0.12331744087443
"hsa-miR-3194-5p"	4.17764105187157	2.39008244184405	52.2649270720329	4.84959006429284e-13	1.88480521647693e-12
"hsa-miR-32-3p"	2.14215121071696	2.65689421643385	8.43686187719586	0.00367690216342346	0.00580675039065146
"hsa-miR-32-5p"	4.69691387691203	6.63305995888494	38.7186900213047	4.89499433273815e-10	1.48202038361354e-09
"hsa-miR-3200-3p"	-3.15311002473757	3.5044435150127	13.0291561287446	0.000306678710329524	0.000558338648706242
"hsa-miR-3202"	5.92386918549277	2.07263477025673	51.8173356743367	6.09116253929817e-13	2.35067399403901e-12
"hsa-miR-320a"	-0.142880080455065	10.4945013791235	0.191052045299376	0.662042448062757	0.707211036137214
"hsa-miR-320b"	2.6700844712095	3.83634476792633	47.2171333171869	6.35425749231473e-12	2.27590399071142e-11
"hsa-miR-320d"	3.55943810309767	3.07444119594776	38.0680572402428	6.83194957786672e-10	2.02373425333566e-09
"hsa-miR-323a-3p"	-8.73725266805736	6.00495125109369	98.9451848167224	2.59588432227092e-23	2.68404643132918e-22
"hsa-miR-323b-3p"	-6.86365440114189	4.96939568367404	58.6868870196677	1.84869503556849e-14	8.10467903593227e-14
"hsa-miR-324-3p"	-0.0781576496955202	5.08063170320419	0.072361063424796	0.787929591946386	0.819327165819012
"hsa-miR-324-5p"	0.825148990753379	4.28762958544464	4.11412611190888	0.0425264905248501	0.0579714348448205
"hsa-miR-326"	1.59010856469663	3.92472475326784	6.98492216274981	0.00821992279568015	0.0122724844239581
"hsa-miR-328-3p"	0.479150254839154	6.38359517183693	1.92147570930998	0.165694070303049	0.201331154159802
"hsa-miR-329-3p"	-9.21448824744141	5.61087341320844	126.06939372128	2.96917032567212e-29	4.78560393667153e-28
"hsa-miR-330-3p"	1.68022386685738	5.22566691763823	20.5547001011213	5.79513287685601e-06	1.26523219781558e-05
"hsa-miR-330-5p"	-0.156328740668051	5.76150796089767	0.0734907348096314	0.786320469619799	0.819208398006939
"hsa-miR-331-3p"	-0.437214384019804	8.39709149527841	1.08335051809035	0.297949229603971	0.344464510175055
"hsa-miR-331-5p"	-0.0176178383205065	3.76967830085233	0.00195434099726732	0.964738661708808	0.977221417035909
"hsa-miR-335-3p"	-1.97958431215857	7.55949985024285	11.4869435308141	0.000700867988444156	0.00121542929641582
"hsa-miR-335-5p"	0.406669586536412	6.88722464764659	0.521496985988069	0.470203808060409	0.518454098223549
"hsa-miR-337-3p"	-9.50244519317044	5.88942346064146	136.836804848919	1.30914017114105e-31	2.47382349581137e-30
"hsa-miR-337-5p"	-5.8753951538394	3.87090753703712	57.4505244923363	3.46588761033665e-14	1.48383313317538e-13
"hsa-miR-338-3p"	6.15295530548156	3.81722543650179	73.8623853733343	8.375722707044e-18	5.15718656568552e-17
"hsa-miR-339-3p"	2.768899047465	8.57963061065987	81.4962614195415	1.755934259976e-19	1.21804047400867e-18
"hsa-miR-339-5p"	0.295790927731792	7.01065174267392	0.761696572713834	0.382798105545545	0.430746122872605
"hsa-miR-33a-3p"	1.95722996590146	3.64108987915519	9.81632795834277	0.00172969339192612	0.00288985359382779
"hsa-miR-33a-5p"	-0.272012549511566	4.51601422257484	0.163225064695453	0.686204469574217	0.728759785516804
"hsa-miR-33b-3p"	-0.122737509396247	3.07320152745955	0.0383443632019329	0.844753272251917	0.868526816499157
"hsa-miR-33b-5p"	0.423608459286749	4.70802259437836	0.533512082635024	0.465134038117779	0.515978649571949
"hsa-miR-340-3p"	-1.22901137278341	3.95009843570894	6.06456854035753	0.0137920443410705	0.0199420588361652
"hsa-miR-340-5p"	0.425507062284023	8.01492044947254	1.14362725231105	0.284887173534836	0.33216632148317
"hsa-miR-342-3p"	6.28615947076786	12.2867476729045	192.204641763671	1.04983147373858e-43	7.19134559510927e-42
"hsa-miR-342-5p"	6.10287387096426	7.2895797835671	268.644235403203	2.24075793261171e-60	3.06983836767804e-58
"hsa-miR-345-3p"	-4.43744829395972	2.66370834310791	4.17723841795243	0.0409704084491704	0.0561294595753634
"hsa-miR-345-5p"	-1.86777964915034	7.8437925849107	18.234035384466	1.95356482142363e-05	4.10173763272088e-05
"hsa-miR-34a-3p"	-4.75233205925514	3.26528932121572	16.9938443293367	3.75012036022265e-05	7.69687624495136e-05
"hsa-miR-34a-5p"	-4.39430457213178	8.5092645053467	27.4853546227257	1.58288615058087e-07	3.94282550235599e-07
"hsa-miR-34b-5p"	-6.08028574212893	3.57346339238936	27.1410691870375	1.89136914146225e-07	4.64784883193414e-07
"hsa-miR-34c-5p"	-6.73980856431801	6.74516397235017	70.1155331627377	5.59308086344159e-17	3.15980238470721e-16
"hsa-miR-3605-3p"	-0.655381741372004	3.72522308067662	2.00926787624915	0.156340749042442	0.191755878780041
"hsa-miR-3605-5p"	-2.59889465103604	2.93707443057215	16.6239843161252	4.55710838538876e-05	9.04817172171392e-05
"hsa-miR-3607-3p"	4.64159960401935	8.30869862929307	75.2143912886498	4.22277901930393e-18	2.69079407276576e-17
"hsa-miR-3607-5p"	5.56909223709899	2.36129428761912	55.0381415567853	1.18213395405275e-13	4.83439855836499e-13
"hsa-miR-3609"	5.56744048263403	2.69098996412199	84.8597487407513	3.20297661025168e-20	2.30951471370779e-19
"hsa-miR-361-3p"	3.62473989335219	10.301275354111	69.3229919241495	8.35894567297736e-17	4.58070222879159e-16
"hsa-miR-361-5p"	0.854562923101353	7.74558547560005	9.60829356876165	0.00193700553242502	0.00318762472002677
"hsa-miR-3613-3p"	0.894815395666538	2.6300043610687	1.97753538959617	0.159650289293479	0.195286514582202
"hsa-miR-3613-5p"	0.74051280359381	3.9468305285862	2.45210208658578	0.11736759821365	0.14819687516378
"hsa-miR-3614-5p"	-2.72580027300316	2.13417939843324	3.44010193341164	0.0636317667433281	0.0840245980128766
"hsa-miR-3615"	2.58020407602375	4.14605462540029	37.2879061544095	1.01914657444054e-09	2.97070384464583e-09
"hsa-miR-362-3p"	1.19282362078914	3.27536237039347	4.02500910348589	0.0448303779067935	0.0609604146226372
"hsa-miR-362-5p"	-1.31379656211234	3.82877499618161	4.81346603585697	0.028238194296326	0.0395768042823188
"hsa-miR-363-3p"	6.42729967215989	7.94200041291642	16.0019495608413	6.3277289890836e-05	0.000122529875831018
"hsa-miR-3651"	0.891575511825875	3.19617694712139	2.33523619155022	0.126475805740684	0.158385571347646
"hsa-miR-3653-3p"	4.15226826331806	3.03515279266647	41.7275999184807	1.04917413106549e-10	3.362265636397e-10
"hsa-miR-3653-5p"	4.44458828496286	2.63522811547159	55.590058619712	8.92739623317481e-14	3.73451384410671e-13
"hsa-miR-365a-3p"	-4.61044245133599	6.30125199743636	96.4189834377424	9.29714349387464e-23	9.09791899043447e-22
"hsa-miR-365b-3p"	-4.55489942971991	6.29247620646273	95.2623182476121	1.66757299095013e-22	1.49808196564045e-21
"hsa-miR-365b-5p"	-6.70204064052901	3.33682105909267	58.7729549788027	1.76956957741846e-14	7.82035587439771e-14
"hsa-miR-3661"	-1.26495041953608	3.07992819711927	7.26839848359178	0.00701783511162904	0.0105944177442775
"hsa-miR-3677-3p"	-2.41164743161557	2.79711219915677	7.84913608968534	0.00508449981685509	0.00784874901306082
"hsa-miR-369-3p"	-9.08502277504672	6.3534981297453	68.0181167310257	1.62000231023157e-16	8.70354182359704e-16
"hsa-miR-369-5p"	-7.6969182230215	5.76472054071493	119.070442499909	1.01075574850284e-27	1.45761618468304e-26
"hsa-miR-370-3p"	-10.0442316855504	6.41715294621667	157.345736295065	4.3013270962818e-36	1.30951513820135e-34
"hsa-miR-370-5p"	-5.85145333657172	2.68338956723181	32.2207276178351	1.37614804114085e-08	3.75188620171734e-08
"hsa-miR-374a-3p"	0.560701781328213	7.17500501070824	1.19471362341227	0.274380820421434	0.320598485268541
"hsa-miR-374a-5p"	2.19301254942673	6.37137450585938	42.2997608521911	7.8302134233699e-11	2.56943530299803e-10
"hsa-miR-374b-3p"	-0.369483828005431	3.64915723228309	0.254125757225673	0.614184871078564	0.665164642986271
"hsa-miR-374b-5p"	1.51249467288694	6.28443406699158	9.63038464083554	0.0019138452403025	0.00315899756531858
"hsa-miR-375"	-11.8746009989677	8.22426096173451	6.56069840797527	0.0104255440776197	0.0152351950787616
"hsa-miR-376a-2-5p"	-5.30698852388686	2.3186572170001	19.0292586756578	1.28729380254929e-05	2.74489106535802e-05
"hsa-miR-376a-3p"	-6.27995035305545	5.12492972387945	76.6755869642761	2.0147867367512e-18	1.36309028609834e-17
"hsa-miR-376a-5p"	-8.21251591200351	6.25432395248127	61.8508472735306	3.70482944463588e-15	1.76543177013953e-14
"hsa-miR-376b-3p"	-8.08473067033399	4.55392532521485	64.0917880398826	1.1875550594484e-15	5.91618338707022e-15
"hsa-miR-376c-3p"	-8.31107674825197	6.96325246510565	92.6366325482823	6.28335530348224e-22	5.29735185585887e-21
"hsa-miR-377-3p"	-7.99276432375736	4.46111658430351	64.1655213690549	1.14393233469721e-15	5.75114604967039e-15
"hsa-miR-377-5p"	-9.04360943189913	5.44688789195343	145.206835385861	1.93527112444191e-33	4.61099380953985e-32
"hsa-miR-378a-3p"	-0.0223729563711474	10.0565790528348	0.000743553272737785	0.978245841486831	0.986143824929211
"hsa-miR-378a-5p"	0.297425088061293	3.01307696646942	0.0670427080248892	0.795692285516211	0.825832144816067
"hsa-miR-378c"	3.23671682069488	2.72067073233557	21.9059522428296	2.86344377164702e-06	6.43101306091215e-06
"hsa-miR-378d"	3.63750458156005	2.19286216728173	26.7302167322808	2.3393453105347e-07	5.6723948237744e-07
"hsa-miR-379-3p"	-8.01756447401047	4.48381735488252	76.0767186396075	2.72855326501875e-18	1.78005617765509e-17
"hsa-miR-379-5p"	-8.03702215161245	4.50131570908833	74.7586595674696	5.31919488837162e-18	3.31240772594051e-17
"hsa-miR-380-3p"	-7.63072217744157	4.13343103426949	62.6672472730814	2.44752207606746e-15	1.19753758721872e-14
"hsa-miR-381-3p"	-9.30858271434147	9.54298442548944	95.3694024297924	1.57976587912174e-22	1.46730796908257e-21
"hsa-miR-382-3p"	-6.69318741707324	4.27067294811544	70.2580535248121	5.20324183460563e-17	3.00144897406725e-16
"hsa-miR-382-5p"	-8.28667764127789	6.19507651361351	117.167765829734	2.6378387949449e-27	3.61383914907452e-26
"hsa-miR-3909"	-1.8604330215562	4.23331489567445	14.8628110047003	0.000115620099752084	0.000218482119531524
"hsa-miR-3912-3p"	2.80512460297392	3.75307359979695	49.1602816686088	2.35878752291873e-12	8.85353125040728e-12
"hsa-miR-3928-3p"	-2.48684912666985	2.60989959189126	9.69678050939199	0.00184591135423305	0.00305607076169096
"hsa-miR-3929"	-4.01121493218852	1.6448660284445	5.25807629332472	0.0218451517285401	0.0310133242156475
"hsa-miR-409-3p"	-10.1095582499984	10.7075965841475	248.288194343816	6.1324466817992e-56	6.72116156325192e-54
"hsa-miR-409-5p"	-10.4732992712374	8.81762136797037	86.6903233469847	1.26916287554216e-20	9.79579233517047e-20
"hsa-miR-410-3p"	-8.46186284609302	8.81082149559197	99.136753431508	2.35653995664592e-23	2.48343056969609e-22
"hsa-miR-411-3p"	-8.09880352160511	4.5587443219221	59.5775973372472	1.17565886785585e-14	5.3470697535584e-14
"hsa-miR-411-5p"	-10.263237745158	9.94064648235753	188.655164764615	6.2500699022027e-43	3.80559811823009e-41
"hsa-miR-412-3p"	-4.6073274596268	1.91428563949371	13.551027236385	0.000232164323336687	0.00042837053598823
"hsa-miR-412-5p"	-7.28613502011256	3.82873993051291	58.494435731581	2.03866705118873e-14	8.86658368294781e-14
"hsa-miR-421"	-1.47318889303	7.12813308359695	6.81548750128978	0.00903706300413277	0.0133485458928969
"hsa-miR-423-3p"	-0.0708167060651576	11.9526603837735	0.0318956587408366	0.858256853616615	0.880757969629036
"hsa-miR-423-5p"	0.666055408297653	11.5188708418107	3.02994392466036	0.0817408414911508	0.105895936494446
"hsa-miR-424-3p"	-3.4791146830699	5.11779009983453	26.5478820486216	2.57086409440751e-07	6.20631508253443e-07
"hsa-miR-424-5p"	-3.21129960134403	6.50014843661834	20.9944071250513	4.60626073621753e-06	1.02195582325798e-05
"hsa-miR-425-3p"	1.19737890675782	4.51567261216089	13.8647812030254	0.000196445471462565	0.00036616366789621
"hsa-miR-425-5p"	1.28266410771501	8.20844512296412	12.0110516846887	0.000528860062270991	0.000937913637943376
"hsa-miR-429"	-4.40585337709421	4.92734140810168	3.63559000229452	0.0565565551953477	0.0755926640171964
"hsa-miR-431-3p"	-8.79148584971436	5.20690296213057	95.2854163992861	1.64822902858912e-22	1.49808196564045e-21
"hsa-miR-431-5p"	-7.47485253070549	6.77546676629382	103.645100703173	2.42005019978784e-24	2.82167555209305e-23
"hsa-miR-432-5p"	-10.2871243276608	6.65440448236668	152.134153206946	5.92251068857615e-35	1.70817676702091e-33
"hsa-miR-4326"	-3.23924099978058	4.16375972985643	16.9177641574014	3.90345694686522e-05	7.92257187734126e-05
"hsa-miR-433-3p"	-5.78098966999725	3.46140385424011	42.4664739844765	7.19042218641528e-11	2.3880917322155e-10
"hsa-miR-433-5p"	-3.70916299398936	2.02280633848892	11.7744616014253	0.000600488781748709	0.00105809598841895
"hsa-miR-4421"	-3.58183431080942	1.91834416188795	6.87872632441716	0.00872277019152335	0.0129191299052832
"hsa-miR-4433b-5p"	4.61759556017327	1.49515722970813	18.8337653724153	1.426198292936e-05	3.02928939739894e-05
"hsa-miR-4443"	4.29045921363076	2.94053553186787	54.1060891984262	1.89951697554911e-13	7.59806790219642e-13
"hsa-miR-449a"	-3.69022698569673	2.34490705389026	8.32498192744038	0.00391035272332357	0.00612249512108947
"hsa-miR-449b-5p"	-0.8402908834631	1.58445702927327	0.329999661391685	0.565659287458942	0.613824335698021
"hsa-miR-450a-5p"	-3.37627558686607	5.63898965307329	32.5913714691424	1.13718486453042e-08	3.14736013011449e-08
"hsa-miR-450b-5p"	-5.5892523568359	6.46758700014396	60.8872518481574	6.04389526806489e-15	2.85521948870652e-14
"hsa-miR-451a"	4.21951259611458	3.89616557126207	29.3416227470325	6.06782608581663e-08	1.56847579954128e-07
"hsa-miR-452-3p"	-8.11291218892194	4.57132103874484	56.8948456907875	4.59749258634554e-14	1.93801995178258e-13
"hsa-miR-452-5p"	-10.6019421803292	6.96436055098838	114.533932938073	9.95481075936906e-27	1.33054543808152e-25
"hsa-miR-4521"	-4.05681222244843	4.31924729466765	22.8806074451535	1.72382287157379e-06	3.93606222342681e-06
"hsa-miR-4524a-5p"	-4.9492701555678	2.1004873787152	16.7825802556483	4.19163295570063e-05	8.35278130808708e-05
"hsa-miR-454-3p"	0.893857325829928	6.72518182794711	4.47734643400959	0.0343470095724975	0.0477719828571792
"hsa-miR-454-5p"	-0.493645025652294	3.92721181807838	1.85328935923994	0.173401306571479	0.210229902657457
"hsa-miR-455-3p"	-5.18812457436342	6.41747842837119	36.8879968367197	1.2511383820546e-09	3.60854649139958e-09
"hsa-miR-455-5p"	-3.99984771974019	5.89890296159412	46.7713487165338	7.97711771757423e-12	2.82029710272947e-11
"hsa-miR-4636"	-1.27719490933558	1.99066578172022	1.83164172314588	0.175933756360496	0.212829356480247
"hsa-miR-4645-3p"	1.74725309890667	2.28949618108408	9.18388510036127	0.00244155209728753	0.00397023901873461
"hsa-miR-4662a-5p"	-0.88287251032224	3.10354683762856	1.13275037494514	0.287189438453437	0.334139728816313
"hsa-miR-4677-3p"	-1.3645553680272	4.76888581660516	9.36541139705655	0.00221118364007557	0.00361710040227287
"hsa-miR-4772-3p"	5.8562691905746	2.05567989085465	38.6281940201492	5.1272898593988e-10	1.54382134228052e-09
"hsa-miR-4772-5p"	8.29357885262074	3.84044915431101	75.1146217470738	4.44164722689033e-18	2.7977272187769e-17
"hsa-miR-4775"	-6.08719934835107	4.52473887524732	83.81226412597	5.44062479139807e-20	3.82238767395659e-19
"hsa-miR-484"	0.288224116625783	10.0027874881781	0.621681244789805	0.430423210250227	0.478442026809583
"hsa-miR-485-3p"	-7.61947821443839	5.70234300579204	124.521697799802	6.4767051145611e-29	1.01406697222271e-27
"hsa-miR-485-5p"	-9.69554099642065	6.07674806524933	94.0519194100779	3.07355203166998e-22	2.67350240215103e-21
"hsa-miR-486-3p"	0.0702184565294941	3.50240215685483	0.00845339365592679	0.926743852440434	0.943969574604754
"hsa-miR-486-5p"	0.205694586503144	8.79548274119258	0.116337281187796	0.733041464778145	0.769553108617669
"hsa-miR-487a-3p"	-7.72769031941086	4.22057916253414	55.0680069082839	1.16430737872371e-13	4.7972965679744e-13
"hsa-miR-487b-3p"	-9.13139293234176	7.78400471593842	140.521295558448	2.04748116037554e-32	4.00721312816356e-31
"hsa-miR-490-3p"	-5.24132997398448	2.28578342931757	7.39748156385394	0.00653152559791337	0.00988750283883018
"hsa-miR-493-3p"	-8.70305717188436	6.62991984303075	136.663601015287	1.42845983551172e-31	2.60931996620141e-30
"hsa-miR-493-5p"	-9.78206052402617	6.16085943365861	158.396732532061	2.53485823969975e-36	8.17119009032624e-35
"hsa-miR-494-3p"	-8.89385795881983	6.22731417797619	107.701044840935	3.12537790887628e-25	3.98303975363768e-24
"hsa-miR-495-3p"	-7.92709718863496	5.92980532717249	130.44485504002	3.27505350804645e-30	5.78944942712727e-29
"hsa-miR-496"	-7.5221024622513	4.0367028970356	48.3360345474706	3.59092485136542e-12	1.32961271523531e-11
"hsa-miR-497-5p"	-3.24343640881032	5.26254314993105	15.3835129803698	8.77506047027219e-05	0.000167551677272096
"hsa-miR-500a-3p"	-2.11616426903049	9.00442406416596	24.4466275820594	7.6397123389179e-07	1.78151589860724e-06
"hsa-miR-501-3p"	-1.73573914470493	7.96350963803111	12.6012213471205	0.000385494775985846	0.000692626679476209
"hsa-miR-501-5p"	-1.98188779971418	3.34637253764853	13.280630832433	0.000268162249372271	0.000489843042186682
"hsa-miR-502-3p"	-1.29856089921808	5.13332042913257	6.48339616883448	0.0108886739806559	0.0158696631420197
"hsa-miR-502-5p"	-1.19018594482186	2.28553100877447	3.1321761147527	0.0767612136667989	0.0996804386004877
"hsa-miR-503-5p"	-6.83016981450813	3.44193773463693	36.0913413777833	1.88281594906012e-09	5.34602663256448e-09
"hsa-miR-504-5p"	-5.64620903514146	2.54179664632438	16.4566107911094	4.97763029520657e-05	9.74193357776144e-05
"hsa-miR-505-3p"	-0.181617225639076	6.37341600211282	0.202295124501031	0.652874630837575	0.70289842377012
"hsa-miR-514a-3p"	4.25816777945647	1.80495066516235	16.8243987656523	4.10027288385554e-05	8.20054576771108e-05
"hsa-miR-532-3p"	-1.06898732602375	5.60941370922723	9.93944720275893	0.00161774122652092	0.00271939322740327
"hsa-miR-532-5p"	-0.723096596150523	9.19075582608451	3.75081561959299	0.0527817501166873	0.0712423622264646
"hsa-miR-539-3p"	-8.58376378388259	6.04934565634106	75.5210198715943	3.61537522956454e-18	2.33085367741338e-17
"hsa-miR-539-5p"	-7.22684524673501	3.77813544977785	69.6201857789406	7.18973256606484e-17	3.97977115778135e-16
"hsa-miR-541-5p"	-6.13182991550821	2.88854043197912	29.8276043994409	4.72220271413573e-08	1.23227004159351e-07
"hsa-miR-542-3p"	-4.82933973802039	4.23481386976331	39.7672783452359	2.86098354176896e-10	8.8079718027494e-10
"hsa-miR-542-5p"	-2.99699073073762	2.8394001624019	12.1123305209377	0.000500894936528114	0.000891202679277294
"hsa-miR-543"	-7.36383964146047	5.46521357862273	93.7079280012328	3.65693218083424e-22	3.13124817983932e-21
"hsa-miR-548au-5p"	4.28627833934033	2.20659800340431	29.2626314945902	6.32028672972119e-08	1.62606437928977e-07
"hsa-miR-548e-3p"	1.1839585040968	5.36426331829097	8.37358127435192	0.00380714642890355	0.00597798350441016
"hsa-miR-548e-5p"	1.30530963716496	3.08686447315565	4.94712044954757	0.0261341624646616	0.0368162494360786
"hsa-miR-548h-5p"	-2.62723988799	2.07592633552853	6.57446267328127	0.0103452229899715	0.0151582411724716
"hsa-miR-548j-3p"	2.38443358037693	1.95218659250625	7.03163687988229	0.00800821209354877	0.0119904377794118
"hsa-miR-548j-5p"	3.04746178454084	2.16694995341268	9.98671353940684	0.00157673760463976	0.00265862217643873
"hsa-miR-548k"	-0.0350888534705444	5.46793060583749	0.00610739422067574	0.9377088784509	0.951600861835358
"hsa-miR-548o-3p"	0.743854479209444	3.7871057969962	2.55986772310737	0.109607753985425	0.139039465703734
"hsa-miR-548w"	2.02426150850397	3.15347129917028	20.7744348032439	5.16681006720192e-06	1.1371132196091e-05
"hsa-miR-549a"	-5.59570589544956	2.50322426848729	16.9417160295378	3.85451503137834e-05	7.88162028804227e-05
"hsa-miR-549a-5p"	-7.04542103251688	4.42008471835458	37.2887412598855	1.01871025118819e-09	2.97070384464583e-09
"hsa-miR-550a-3p"	-0.362373639518915	3.1089113017628	0.446717764950325	0.503897770741768	0.551169617497982
"hsa-miR-550a-5p"	-1.69807764612802	2.60308386048795	3.71507362224895	0.0539232466718234	0.072249240039509
"hsa-miR-561-5p"	-7.34726630661812	3.88397802184193	37.0445481349313	1.15460957493071e-09	3.34775686276205e-09
"hsa-miR-5690"	6.00185679341078	2.91923730329953	95.8108374752718	1.26401870513614e-22	1.19427974209415e-21
"hsa-miR-5696-3p"	3.04909516525649	2.40464234811344	32.548309853116	1.16266199215652e-08	3.20170237036067e-08
"hsa-miR-574-3p"	-8.37710544164594	9.00004039997478	178.240649148122	1.17372998312686e-40	5.84730937048653e-39
"hsa-miR-574-5p"	-6.87943310399109	3.48266320273732	42.6857371320842	6.42792729903436e-11	2.14786839016514e-10
"hsa-miR-576-5p"	2.30425108218297	5.39624783182239	65.9701378931008	4.57806905749622e-16	2.38931604143612e-15
"hsa-miR-577"	2.77481414434026	1.92237464423046	11.589683179732	0.000663187096738428	0.00116110712144619
"hsa-miR-582-3p"	-1.75268614878354	3.98080604806438	3.46841328318304	0.0625512850631577	0.0827973531753875
"hsa-miR-582-5p"	-0.348804513956085	3.55101115495737	0.104960614898758	0.745956010011096	0.781613563070899
"hsa-miR-584-5p"	-4.97001442809754	6.38076149935438	43.8849179237711	3.48262192354913e-11	1.18538932553101e-10
"hsa-miR-585-3p"	-5.64115090535832	2.53789303302619	22.4529561532809	2.15353797144166e-06	4.87660664607451e-06
"hsa-miR-589-3p"	0.658900197350199	4.41571479697983	2.44776294960016	0.117692491304772	0.148265483298885
"hsa-miR-589-5p"	0.343295843541464	7.37486465733196	0.524956988395983	0.468734797368247	0.517876348705241
"hsa-miR-590-3p"	1.68447374079494	5.87819415774291	10.0023623291852	0.00156339549553875	0.00264426151714579
"hsa-miR-590-5p"	1.50996961508126	2.29039095941729	3.60793322119158	0.0575045422106556	0.0764866241054351
"hsa-miR-598-3p"	2.63614722189633	4.40323539530643	11.6802344823603	0.00063167571657014	0.00110948170730909
"hsa-miR-605-3p"	-5.92016006637855	2.72993708030963	17.7892912546664	2.46768232657928e-05	5.14178674891804e-05
"hsa-miR-605-5p"	-4.0820245169452	1.66811956348088	9.05267107192535	0.00262311318215374	0.00425285805863979
"hsa-miR-615-3p"	-3.94547984742672	4.43977218698825	8.92745865164715	0.00280914944972864	0.00452768793662145
"hsa-miR-616-5p"	1.0395779428612	3.6441633947801	3.22617354972328	0.0724698353669394	0.0945558804311496
"hsa-miR-625-3p"	0.109205444646035	6.39247191105279	0.0511136776699885	0.821136600109373	0.847425342485756
"hsa-miR-625-5p"	-0.949628255456936	5.77331393280026	4.90290175385961	0.0268116063798547	0.0376737443491292
"hsa-miR-627-5p"	2.06293363507403	2.22902959043297	9.76489654874517	0.00177875524132331	0.00295381173407628
"hsa-miR-628-3p"	1.30188711265236	2.78715530797653	8.58484094365548	0.00338972997174112	0.00538624397791407
"hsa-miR-628-5p"	0.0714709438250315	3.86306863400563	0.0275742943684758	0.86811359293102	0.887548971877237
"hsa-miR-629-3p"	2.2625323247482	3.01846672850929	24.3747790717546	7.93001177643214e-07	1.84137561588339e-06
"hsa-miR-629-5p"	-0.163229466883229	4.78405762939494	0.0852248925696095	0.770337830542702	0.805620479269849
"hsa-miR-641"	-0.596147146854929	3.91905576943435	2.1205379045536	0.145335492547257	0.181008749808856
"hsa-miR-642a-3p"	5.04573972888776	2.23251987656364	64.4507174045811	9.89773097185428e-16	5.02218201164458e-15
"hsa-miR-642a-5p"	5.27985570605667	3.03810466469544	76.1636100584021	2.61109367054081e-18	1.72395100175466e-17
"hsa-miR-651-5p"	2.619605027715	2.47712539167912	13.4451873629218	0.000245635489724938	0.00045170553144049
"hsa-miR-6511b-3p"	0.0114758533063138	2.87631565078074	0.000582479957863313	0.980745227347481	0.986143824929211
"hsa-miR-6516-3p"	4.45280168957427	2.43931950082116	44.1568915895868	3.03082868901409e-11	1.03805882598732e-10
"hsa-miR-652-3p"	1.8783466773177	6.53743377808503	12.5857274104649	0.00038870371988192	0.000696109929723176
"hsa-miR-652-5p"	1.53835833125311	3.19364552943521	7.49886751983859	0.0061737803334767	0.00939786561873675
"hsa-miR-654-3p"	-9.51937977215318	10.3058246740182	198.89916266909	3.63130292547503e-45	3.3165900052672e-43
"hsa-miR-654-5p"	-8.29520939041576	4.74052469847735	73.4995917576938	1.0065697993832e-17	6.06154120947247e-17
"hsa-miR-655-3p"	-6.834188852435	3.44496988000674	43.3258244886196	4.63426688064923e-11	1.56764089542949e-10
"hsa-miR-656-3p"	-6.53638035101247	4.90743614270718	85.6750652845152	2.12070249970056e-20	1.57046617545393e-19
"hsa-miR-659-5p"	1.89290340271376	3.20239636260746	14.1684551465237	0.000167149426651256	0.000312620770665148
"hsa-miR-660-5p"	-0.765805281004616	8.40237834173818	2.83267003504382	0.0923646803663178	0.118816537184841
"hsa-miR-664a-3p"	2.80163177721534	6.12402263239437	31.6648870748113	1.8320480235616e-08	4.8973771556671e-08
"hsa-miR-664a-5p"	3.23767560892335	3.21784725252322	27.1035844336381	1.92840050194342e-07	4.71769408511158e-07
"hsa-miR-664b-3p"	3.56963294471391	3.0613691360832	40.2204308573446	2.26863219962084e-10	7.14488761719666e-10
"hsa-miR-665"	-9.007769508738	5.41308855923801	101.914295977114	5.79766011985429e-24	6.3542354913603e-23
"hsa-miR-668-3p"	-6.42741759837162	3.12099186792237	55.4152097920795	9.7578501227698e-14	4.05098626308928e-13
"hsa-miR-671-3p"	-2.3300025326477	7.09456869271243	42.0180947634653	9.04327115420474e-11	2.94982892410964e-10
"hsa-miR-671-5p"	-0.360422576744249	4.64945955917526	0.667498583797887	0.413925076234735	0.461977478160152
"hsa-miR-6731-3p"	6.49184712291497	2.42344027649165	91.5735155496098	1.07522484251821e-21	8.92762444999966e-21
"hsa-miR-6769b-3p"	3.5049122384304	2.88431369111556	47.0320865176662	6.98340200909764e-12	2.48500279284773e-11
"hsa-miR-6803-3p"	3.61648390827316	3.21073028280826	47.4752521616627	5.57027453690843e-12	2.02153009683829e-11
"hsa-miR-6842-3p"	4.35572012299617	3.10947262579022	60.4231552257685	7.65076690563537e-15	3.52321030612452e-14
"hsa-miR-6852-5p"	-2.08923913044152	2.34925435128736	8.98894811948395	0.00271617304369131	0.00439074580514111
"hsa-miR-7-1-3p"	3.48932750423622	5.70077949056453	142.901255387763	6.17761728799622e-33	1.4105559474258e-31
"hsa-miR-7-5p"	0.738934241762504	5.22437024069262	1.29227317098382	0.255629456470613	0.301257940098701
"hsa-miR-708-3p"	-6.87836204186743	5.59587845815994	81.0405159360766	2.21137092819979e-19	1.51478908581685e-18
"hsa-miR-708-5p"	-5.77120447339664	5.98460235450601	57.5470577980689	3.29989158371267e-14	1.42389022667287e-13
"hsa-miR-744-3p"	-2.22880230737817	2.86776039668723	10.3948505475707	0.00126367227439418	0.00215729721609973
"hsa-miR-744-5p"	-1.65561210704449	7.39041078052447	24.773819516317	6.44671721355274e-07	1.51622361932485e-06
"hsa-miR-758-3p"	-8.3142841600229	6.35289194798029	94.8782085300531	2.02466417403407e-22	1.78954188285592e-21
"hsa-miR-758-5p"	-5.52740581238428	2.4579848909542	29.0876940053658	6.91749887306369e-08	1.77139690768173e-07
"hsa-miR-766-3p"	4.47110934815026	5.84509533470348	90.783510190561	1.60283589042245e-21	1.31097622082314e-20
"hsa-miR-769-5p"	0.135243926829888	9.47964368046511	0.191998680841199	0.661258312955229	0.707211036137214
"hsa-miR-770-5p"	-4.20047968496276	2.24782749243523	12.9561699741277	0.000318868852277594	0.000578609705457356
"hsa-miR-7706"	-0.87247261816501	4.8907029366537	4.16846317136388	0.0411831393138024	0.0562802003590118
"hsa-miR-7974"	-4.69670636802967	4.58502160015633	21.3108802117412	3.90508775988573e-06	8.69913858706252e-06
"hsa-miR-7976"	-0.21435931193448	2.96607276904123	0.136256889622899	0.712030896659211	0.748930770382433
"hsa-miR-7977"	0.00747150573029005	2.11530866146667	7.94089318887359e-05	0.992890009983129	0.993830446554888
"hsa-miR-873-3p"	-0.0555529589930549	1.56622920799765	0.00126220455794446	0.971659103775985	0.982415477618524
"hsa-miR-873-5p"	2.96297785441386	2.25477401104617	3.50388256868695	0.0612251353429061	0.0812381941111683
"hsa-miR-874-3p"	3.88018407304514	6.64135224933405	41.385774920933	1.2496343578418e-10	3.95837935316361e-10
"hsa-miR-874-5p"	4.7397710158371	3.42696452403447	54.0778183716621	1.92704451996176e-13	7.6523217169496e-13
"hsa-miR-877-3p"	-0.909096323828439	1.71727429760621	0.735218992117677	0.391196723025265	0.439294680774273
"hsa-miR-877-5p"	-1.15921118777658	5.4627730211897	8.88063540119264	0.00288211219706364	0.00463166417592632
"hsa-miR-887-3p"	-8.47102804157561	4.90376117848716	103.903734001464	2.12388813821487e-24	2.53019717335163e-23
"hsa-miR-887-5p"	-5.75896516520332	2.61579931486557	41.9441431276318	9.3918272287611e-11	3.0453972315746e-10
"hsa-miR-889-3p"	-9.7832809971049	7.10694251738476	85.9638002870721	1.8325982566148e-20	1.39481089531238e-19
"hsa-miR-9-3p"	0.0406818440351007	2.18137924811543	0.000617633715902954	0.980172824292331	0.986143824929211
"hsa-miR-9-5p"	-1.12413345175606	5.31650920110593	0.672401111231974	0.412215720901753	0.461008602151348
"hsa-miR-92a-1-5p"	1.17390059132741	3.60044986065461	5.58784254445242	0.0180855584217973	0.0259447277883376
"hsa-miR-92a-3p"	1.98699533467578	15.4403130244907	23.8867728534592	1.02171370312589e-06	2.36244349921092e-06
"hsa-miR-92b-3p"	-2.86366860106742	11.6529735642362	36.6240279699284	1.43254992720304e-09	4.11014324663491e-09
"hsa-miR-92b-5p"	-1.58019580183667	2.4776740320452	2.77199813134276	0.0959263490588273	0.123109225490017
"hsa-miR-93-3p"	-0.810398894626869	4.41108411794485	3.991243013012	0.0457373111886598	0.0620397191370929
"hsa-miR-93-5p"	0.68493997424982	9.29820585471983	2.47299384591469	0.115817133848611	0.146576880713716
"hsa-miR-935"	-9.71165020094115	6.09247432590068	119.674178663479	7.45531517026654e-28	1.10419262521785e-26
"hsa-miR-939-3p"	0.111107949663744	1.58747986346222	0.00706604951683687	0.933008888600821	0.948587886740723
"hsa-miR-940"	-2.64041698551831	3.8815315942532	20.8832749637313	4.88138160487688e-06	1.07862787075505e-05
"hsa-miR-941"	0.203106369570502	7.52008342228809	0.191299363786264	0.661837361575725	0.707211036137214
"hsa-miR-941-3-5p"	0.203683838609171	5.25086303747482	0.19645683474373	0.65759611665839	0.706593474370192
"hsa-miR-942-5p"	1.45518195878087	3.63099130157818	12.1945777392043	0.000479286236131043	0.00085553373745867
"hsa-miR-944"	-3.48446925862545	3.913001127617	2.04260897332991	0.152947126303798	0.188772579311894
"hsa-miR-95-3p"	7.5729127463144	3.21968232618949	167.090006194042	3.19719857334433e-38	1.16804321212846e-36
"hsa-miR-96-5p"	-4.24893416818816	4.6257433281412	3.7170856183929	0.0538582997907318	0.072249240039509
"hsa-miR-98-3p"	-2.94622991864321	3.9367156626037	23.5942856089294	1.18940208558061e-06	2.72716461463672e-06
"hsa-miR-98-5p"	-1.46718073562858	10.540566422799	16.321677629053	5.34490118951901e-05	0.000103865455739589
"hsa-miR-99a-3p"	-2.26800827687204	3.11636371810662	10.6550422250868	0.00109771237797176	0.00187983244727665
"hsa-miR-99a-5p"	-1.03211996499807	7.90448431955146	1.75644262035393	0.185068850889071	0.222896110521343
"hsa-miR-99b-3p"	-2.91219238994328	5.49815065719464	48.1151395293147	4.01911257733609e-12	1.4781702633424e-11
"hsa-miR-99b-5p"	-2.66154397976176	13.6489922820187	27.3243640955444	1.72030087438935e-07	4.24650846470884e-07
