"logFC"	"logCPM"	"LR"	"PValue"	"FDR2"
"hsa-let-7a-2-3p"	-6.20605528516931	3.858745800336	23.0537757303091	1.57532835250824e-06	4.0562802506613e-06
"hsa-let-7a-3p"	-1.10581925399357	6.23658418759212	3.06420752245242	0.0800341782584104	0.108269586324195
"hsa-let-7a-5p"	0.326719443513167	15.7753334177508	0.545249010162962	0.460265470430494	0.51538129357028
"hsa-let-7b-3p"	-2.57569637611287	6.89325865840227	32.7866996891475	1.02846128326663e-08	3.26291585703042e-08
"hsa-let-7b-5p"	-1.49213073557477	12.3545606612619	8.87933138454565	0.00288417151423538	0.00505678755620874
"hsa-let-7c-5p"	-6.26530890315487	9.18292287563665	40.4084974526585	2.06043022363225e-10	8.31976749390901e-10
"hsa-let-7d-3p"	0.777759452255284	7.27112496336968	4.52095490711331	0.0334821387906533	0.0494348475773357
"hsa-let-7d-5p"	1.03327308192981	10.1891232200337	8.06531568740039	0.00451206132844857	0.00768347823662328
"hsa-let-7e-3p"	-6.86755508628127	3.6055245164028	30.9721601555867	2.61756255248004e-08	8.01816574983828e-08
"hsa-let-7e-5p"	-4.51601948047767	11.1004868978562	20.2780818288238	6.69633243375548e-06	1.63722256293196e-05
"hsa-let-7f-1-3p"	-0.977861500878824	4.23288932086977	3.66731324399925	0.055489565375901	0.0778314166983032
"hsa-let-7f-2-3p"	-0.545208708421696	4.30025047489661	0.33191526058333	0.564533483698588	0.620404838786283
"hsa-let-7f-5p"	1.02556354118436	14.973295490856	8.26560932292821	0.00404030986832056	0.00699183493446382
"hsa-let-7g-3p"	2.70304012750596	3.95311166567467	21.068035069466	4.43261029762529e-06	1.10400994795994e-05
"hsa-let-7g-5p"	3.08405907932439	13.4365142298018	74.1065838778072	7.40110744436141e-18	8.21831305800965e-17
"hsa-let-7i-3p"	2.85578751329272	7.14180457342939	68.8804864850382	1.04614835087518e-16	9.78240475467489e-16
"hsa-let-7i-5p"	-0.345004389182692	14.0963017900452	0.890871512205933	0.345241245622721	0.406211002024084
"hsa-miR-100-3p"	-10.4971713867721	7.95929387198231	72.9194962600193	1.35047510463664e-17	1.46898618524761e-16
"hsa-miR-100-5p"	-12.0302604731375	17.4690567549542	95.79562770728	1.27376716506588e-22	3.23294237609578e-21
"hsa-miR-101-3p"	4.07299826238642	12.3964627637646	69.1413450294084	9.16536953516183e-17	8.72346778971653e-16
"hsa-miR-101-5p"	4.12664451041035	3.42026034415443	34.0484908656414	5.3755584318829e-09	1.77961033800844e-08
"hsa-miR-103a-3p"	0.824609023793635	11.7989241603414	6.16393810210435	0.0130380616902097	0.0208062481463527
"hsa-miR-106a-5p"	7.0764987441273	3.26567822393399	115.983303192513	4.7931504127233e-27	1.96519166921655e-25
"hsa-miR-106b-3p"	2.65769063206472	8.48377752673885	33.099911801304	8.75426924894561e-09	2.81085874077591e-08
"hsa-miR-106b-5p"	1.75319928263701	7.74264656184767	9.72343337495642	0.00181933331035647	0.00333231840006872
"hsa-miR-107"	-3.54503563100132	6.48232883537351	15.8835021370128	6.73633772114068e-05	0.000147150328088852
"hsa-miR-10a-3p"	-4.70094955232289	3.60927831800596	10.140622772776	0.00145037154611332	0.00268419456277222
"hsa-miR-10a-5p"	-2.61614292227347	14.1573349918105	5.82678226553071	0.0157839682622777	0.0246711292779883
"hsa-miR-10b-5p"	-4.08975246839804	11.2774876873025	4.99488383904829	0.0254223598898857	0.0382771689867488
"hsa-miR-1180-3p"	-4.17038015170626	4.35771550266147	34.7101843683619	3.82624652050378e-09	1.29897413721562e-08
"hsa-miR-1185-1-3p"	-7.63546338663037	5.14351421151597	45.2184044200036	1.76241034620266e-11	8.77910948155156e-11
"hsa-miR-1185-2-3p"	-5.70069550375598	2.6860778232672	20.0334928238576	7.60975756283976e-06	1.85205515113863e-05
"hsa-miR-1185-5p"	-7.3229958872918	4.67046733573824	51.8959122380852	5.85221244759689e-13	3.5047519489541e-12
"hsa-miR-1197"	-7.12806733863389	3.82970374661342	27.5374334596831	1.54083237976695e-07	4.4842624743462e-07
"hsa-miR-122-5p"	4.21753708418857	4.08230566382932	18.5126607741342	1.68779403411318e-05	3.98050539903682e-05
"hsa-miR-1226-3p"	-1.7862298230175	2.95817769091554	5.12257763942228	0.0236165116612492	0.0358621103004154
"hsa-miR-1233-3p"	-2.23694533922065	1.84043479123372	2.9740919100198	0.0846075964515385	0.113306153036859
"hsa-miR-1247-5p"	-2.74370910977555	1.50891802726561	1.26281543889857	0.261118838487107	0.31775420299915
"hsa-miR-1248"	5.42843084484238	2.92439469317034	27.7453925299741	1.38377375356925e-07	4.05248027830995e-07
"hsa-miR-1249-3p"	-2.48224182378198	4.22957576839487	6.67844687331577	0.00975856167618552	0.0159549489981806
"hsa-miR-1257"	-4.71969248844809	2.02713945410762	4.77575384696958	0.0288632069394842	0.0430926871113308
"hsa-miR-125a-3p"	-4.57978988496079	4.39950282856105	34.1362787705073	5.13842883796486e-09	1.71173910664704e-08
"hsa-miR-125a-5p"	-4.61719806337955	12.4922975633255	50.4413257401004	1.22781300020419e-12	7.11330792509602e-12
"hsa-miR-125b-1-3p"	-13.2450267959688	10.4827626272725	154.773015816174	1.56962900216116e-35	1.19516036878842e-33
"hsa-miR-125b-2-3p"	-5.57132513853715	6.34965210983284	44.2799219173125	2.84620503103293e-11	1.34250201906243e-10
"hsa-miR-125b-5p"	-10.6638261978452	14.2762878424172	107.048681764207	4.34367351471018e-25	1.36186940196501e-23
"hsa-miR-126-3p"	-1.5533312747843	5.69608759786709	2.38370223584916	0.122606673138528	0.158614943647658
"hsa-miR-126-5p"	0.783434257728259	7.82528708219003	0.749679706950804	0.386577656390741	0.445023522367743
"hsa-miR-1260a"	-0.612407248806981	4.07033304032248	1.23105142691428	0.267202657989401	0.324416894552052
"hsa-miR-1260b"	-0.30996143039742	3.31043478696291	0.234120156134534	0.628485481753448	0.680859271899569
"hsa-miR-1262"	-5.18813381075168	2.3420417567016	13.7070309931379	0.000213653121314533	0.000437988898694793
"hsa-miR-1269b"	-3.48391364967762	1.4964487032034	3.01902072109469	0.0822931448060453	0.110484247308872
"hsa-miR-127-3p"	-9.27357542370092	13.974170003507	114.08749451659	1.24683710455982e-26	4.74688697664561e-25
"hsa-miR-127-5p"	-8.27470334892528	6.17556949455618	82.3500298495001	1.13999751929012e-19	1.51904669445409e-18
"hsa-miR-1271-5p"	-0.256067092969717	7.39061644483442	0.0945428730799591	0.758479377115197	0.795806118114961
"hsa-miR-1273h-3p"	9.47112113748132	4.48432397721523	164.720605802262	1.05279383320096e-37	1.14964686908251e-35
"hsa-miR-1277-5p"	0.221356161572787	2.17494952183189	0.0193206956902614	0.889451014050474	0.911687289401736
"hsa-miR-128-1-5p"	1.79782741812112	4.54560196190007	9.34478877173663	0.00223620425778045	0.00399965392415094
"hsa-miR-128-3p"	-0.369258728159852	9.23325400421956	0.724087887827665	0.394806272713489	0.453516688267866
"hsa-miR-1285-3p"	-3.56387380588991	3.865526059983	7.84621084819894	0.00509273362487042	0.00858995893055675
"hsa-miR-1293-3p"	-5.95725707612266	2.87848171688847	13.560830422986	0.000230954893559014	0.000471643518264193
"hsa-miR-1296-5p"	-5.12465010829579	5.13367481507916	43.5679002679598	4.09501260746803e-11	1.84969637269531e-10
"hsa-miR-1299"	4.52119728777654	2.07637177172296	8.97154826054094	0.002742161305407	0.00487190658593977
"hsa-miR-1301-3p"	-1.1393252569952	5.12406802840587	3.65424358719852	0.0559265447753548	0.0782384471529241
"hsa-miR-1304-3p"	-1.17568632705463	6.03082150639365	3.02620080850027	0.0819296505432049	0.110273999342243
"hsa-miR-1306-3p"	-1.73559992177358	1.83206530144308	1.91574126438826	0.166326901902266	0.211076758842638
"hsa-miR-1306-5p"	-2.8774843380662	2.79837547598897	6.67003367748657	0.00980473357353659	0.0159814158859174
"hsa-miR-1307-3p"	-0.29307717619181	7.30703651501919	0.56311124270528	0.453009384798051	0.509396628897386
"hsa-miR-1307-5p"	-1.5792554584726	9.02392971604331	10.5630098758083	0.00115373180226705	0.00221999657259328
"hsa-miR-130a-3p"	-5.48307461319095	10.1352239095926	62.8035607657041	2.28385569876647e-15	1.68530332297e-14
"hsa-miR-130b-3p"	-2.08574650942708	8.733437326755	15.7947376960094	7.05985907145878e-05	0.000153587954493369
"hsa-miR-130b-5p"	-3.95643382567377	7.3611212942841	36.5482530431686	1.48933383507855e-09	5.36361441957341e-09
"hsa-miR-132-3p"	-0.971580934469641	6.41048346792817	3.43985602256223	0.0636412384429771	0.0876505945480796
"hsa-miR-132-5p"	-2.24614398427099	3.97454808878385	14.6825924693769	0.000127215799552354	0.000265905965338842
"hsa-miR-134-3p"	-4.73345470494653	2.06943960627352	7.71759094551312	0.00546853196975915	0.00919472410057296
"hsa-miR-134-5p"	-10.3344374116176	6.85527303537726	123.485980979199	1.09154771358173e-28	5.81794931339062e-27
"hsa-miR-1343-3p"	-3.81265594633597	3.28231142659606	10.3364961758486	0.00130425359162951	0.00247390449942536
"hsa-miR-135b-5p"	-4.97609928756658	2.21622894463935	6.38846290096614	0.0114864450706635	0.0185523491595868
"hsa-miR-136-3p"	-8.89338222595913	9.22658115678956	86.4046968462521	1.46636243003592e-20	2.23306050059756e-19
"hsa-miR-136-5p"	-9.75415763588889	7.49468645965295	59.8245074743132	1.03703934070548e-14	7.27292063942134e-14
"hsa-miR-137"	-8.5952490959225	5.17064900384598	44.7743708982543	2.2109781448409e-11	1.071319410182e-10
"hsa-miR-138-1-3p"	-2.36949810728744	2.8894502669528	3.58175509229707	0.0584174011822142	0.0810845698701046
"hsa-miR-138-5p"	-3.61932950917864	9.02539504988925	8.80077400642453	0.00301102776516888	0.00526189442240988
"hsa-miR-139-5p"	-1.08003435134209	1.82458173348935	0.667612141032443	0.413885364082513	0.470364390311257
"hsa-miR-140-3p"	2.70011815127499	11.3597546237616	43.7128463256861	3.80267469935896e-11	1.73232958526353e-10
"hsa-miR-140-5p"	1.44034550306548	5.65616094643886	8.00337008432282	0.00466903704232694	0.00790030712241351
"hsa-miR-141-3p"	3.33998077130537	9.14407346747775	3.85714095887325	0.0495346694845698	0.0707700379743656
"hsa-miR-141-5p"	-2.45633661295318	4.62401485140052	0.478884298567785	0.488928118588876	0.54518553809178
"hsa-miR-142-3p"	3.26940408285774	10.4362768070368	2.08403753092123	0.148846010303658	0.189343492820644
"hsa-miR-142-5p"	6.1589024792325	14.9166428734527	9.75377948299102	0.00178954414778383	0.0032890587267889
"hsa-miR-143-3p"	-6.95455059478341	14.3138243862112	42.4389813638073	7.29220730962291e-11	3.13447298066856e-10
"hsa-miR-143-5p"	-7.62841627937048	5.14128997296164	40.3187325634396	2.15730533810388e-10	8.6454416933035e-10
"hsa-miR-144-5p"	3.60265415694163	2.07245304174643	11.7882844972859	0.000596046362670729	0.00116610951267949
"hsa-miR-145-3p"	-8.43237871932061	6.77052585546472	35.6774690711457	2.32841428206682e-09	8.05873254767281e-09
"hsa-miR-145-5p"	-8.70436084160247	8.64922724765823	30.2345645362327	3.82825807475423e-08	1.15935315559318e-07
"hsa-miR-1468-5p"	2.68168329541816	4.47120377934855	20.6840073826323	5.4166525970006e-06	1.33660918250061e-05
"hsa-miR-146a-3p"	-3.2186224112279	2.55620188717404	2.90660206296449	0.0882175594834124	0.117549898011647
"hsa-miR-146a-5p"	3.81509784882761	12.0915925048899	24.7279510147962	6.60197490946942e-07	1.81384156017897e-06
"hsa-miR-146b-3p"	2.80760777190735	5.6387830154986	13.5230185034094	0.000235655074666823	0.000479405170982507
"hsa-miR-146b-5p"	4.42662404132912	12.6503305403126	17.7750938476809	2.48616536712066e-05	5.81195675734787e-05
"hsa-miR-147b"	-1.67233460130835	2.28020199245813	2.34114950384496	0.125996548180832	0.162212947295613
"hsa-miR-148a-3p"	-0.939047758487653	12.1139879972232	0.966717728896128	0.325500134238477	0.38468197682729
"hsa-miR-148a-5p"	-0.957390747484838	6.67191044480269	0.706529376438908	0.400598388074319	0.458195152024919
"hsa-miR-148b-3p"	0.340443252192685	10.4651549476078	0.886658589135216	0.346384407670778	0.406658346450495
"hsa-miR-148b-5p"	-1.04682707129957	6.50413111898408	6.38001132828479	0.0115412694931137	0.0185845819934429
"hsa-miR-149-5p"	-8.12520000191157	7.93818233007485	43.3808056465603	4.50586411826936e-11	1.98481452482444e-10
"hsa-miR-150-3p"	10.9136426366413	5.86312025392743	185.541132474072	2.98995739539483e-42	7.96823645872722e-40
"hsa-miR-150-5p"	12.3307484652391	12.6708453606677	90.5514754723053	1.80226581352337e-21	3.5578062170665e-20
"hsa-miR-151a-3p"	1.20730521282789	12.6915071636436	13.0454741038018	0.000304018189562746	0.000611427580776506
"hsa-miR-151a-5p"	0.0333464101605223	12.8075544989612	0.00637393622156424	0.936366948029921	0.947027672295917
"hsa-miR-151b"	5.07761643266121	6.67249271612473	147.904048068212	4.97858348294141e-34	3.31698124550972e-32
"hsa-miR-152-3p"	-3.51968447952577	8.0870835536819	44.6884910536806	2.3101122306856e-11	1.10927010716705e-10
"hsa-miR-152-5p"	-5.83598149688293	5.73703079415758	45.9795083206275	1.19496388364761e-11	6.1836480580988e-11
"hsa-miR-154-3p"	-5.04189188796618	2.24330194250739	15.0554439329867	0.000104398707265951	0.000219938778548427
"hsa-miR-154-5p"	-7.31447824774892	3.99299414933789	43.1053195396903	5.18710313631271e-11	2.26616882922514e-10
"hsa-miR-155-5p"	4.09219717962223	12.2217512299385	33.6950690337705	6.4463886377632e-09	2.10792953615202e-08
"hsa-miR-15a-3p"	-0.629477461760316	1.78780916784351	0.224482172979553	0.635645746001887	0.685828304896772
"hsa-miR-15a-5p"	4.18213137911533	10.7755212638958	76.5072893706945	2.19401641291733e-18	2.59869055129985e-17
"hsa-miR-15b-3p"	0.0871037729875965	5.57581123835309	0.0354944804746982	0.850563265131787	0.878585698285354
"hsa-miR-15b-5p"	0.839061780655349	8.13165266956586	4.28925284917414	0.0383540166386887	0.0563159528055677
"hsa-miR-16-1-3p"	0.759197585001134	2.42309382332858	0.34099136000296	0.559257548360495	0.616612488247752
"hsa-miR-16-2-3p"	1.22917231382849	6.56026817008622	7.69384965500339	0.00554093140948486	0.0092871586203001
"hsa-miR-16-5p"	4.26371587834075	13.8787356073043	72.2933154252385	1.8547459285261e-17	1.9383913331459e-16
"hsa-miR-17-3p"	0.823949786191838	7.194524925301	1.67398758087231	0.195725281058281	0.243173834042106
"hsa-miR-17-5p"	1.57209963749835	8.48571000447556	5.60220771949515	0.0179378595922985	0.0278742832731636
"hsa-miR-181a-2-3p"	0.408027092297201	8.4405560247732	0.428560393264775	0.512696188060903	0.569306392159295
"hsa-miR-181a-3p"	0.187968108007302	9.58173584346114	0.133137150182012	0.715201254528019	0.757857392969054
"hsa-miR-181a-5p"	3.23208501475378	15.6549450689498	44.9199895269549	2.05251862737457e-11	1.00366277834004e-10
"hsa-miR-181b-3p"	-1.40140997266402	4.26405102297493	4.96003267327177	0.0259397172157405	0.0389461106365906
"hsa-miR-181b-5p"	-0.0433257032980843	11.4752099389883	0.00593501133943164	0.938592499914099	0.947480686466316
"hsa-miR-181c-3p"	-1.92382035080169	5.57260080162415	15.677770482719	7.5101672945637e-05	0.000162061504777427
"hsa-miR-181c-5p"	0.803922308502233	8.1453198692501	3.63901535095589	0.0564403046543675	0.0787504774365913
"hsa-miR-181d-5p"	-1.41738996975544	4.98843126304823	6.44407946242547	0.0111322711039633	0.0180349559222263
"hsa-miR-182-5p"	-0.859537126349762	9.52949192058336	0.300164184828688	0.583779509946067	0.637611636887815
"hsa-miR-183-3p"	-3.30682832562166	2.19481434807512	1.3689640895972	0.241989947186177	0.298566300579242
"hsa-miR-183-5p"	-1.73797582926156	7.5265705084478	0.881814615576637	0.347705152139386	0.407311749648995
"hsa-miR-184"	-4.26564579457562	3.89236702396524	1.82155712420089	0.177128039748332	0.222310204719337
"hsa-miR-185-3p"	-0.471993101061907	3.26521229036746	0.686130041122984	0.407483824672608	0.465072545076017
"hsa-miR-185-5p"	-0.257297060388938	6.13126949353011	0.196901709558764	0.657233406007925	0.705161264037218
"hsa-miR-186-5p"	2.08370008901167	13.0036075202183	23.22487930787	1.44120719742707e-06	3.76550704033641e-06
"hsa-miR-187-3p"	-1.83866027936217	1.4330889675043	1.09448559786685	0.295479478108284	0.351541432660079
"hsa-miR-188-3p"	-2.5960495728798	1.88308647282873	3.58845256574356	0.0581823972355943	0.0809692368839994
"hsa-miR-188-5p"	-1.80744314676583	3.91736710224127	5.89720498705212	0.0151649314076141	0.0239139302966223
"hsa-miR-18a-3p"	-0.972913433477349	4.40795114659073	1.32288845470711	0.250074320603035	0.306412903175673
"hsa-miR-18a-5p"	-0.422190082481984	5.87353533270213	0.216353763630288	0.64183232341335	0.691104299756192
"hsa-miR-190a-5p"	-3.98756997719083	5.35435190365172	14.1073694485684	0.000172665980202149	0.000358097149602123
"hsa-miR-190b"	1.50960639198125	2.47281287798589	2.76643538738297	0.0962603080788375	0.127602315410128
"hsa-miR-191-3p"	-1.47727289785249	3.6125954052827	5.14990444219641	0.0232476523960125	0.0354028535059276
"hsa-miR-191-5p"	1.74730022556508	14.1901431878631	21.1796103528567	4.18189893647272e-06	1.05139251563206e-05
"hsa-miR-1910-5p"	-0.358262349257509	3.38518033422323	0.288207075822381	0.591371775621439	0.643267666135157
"hsa-miR-192-5p"	4.01272552398837	11.1078392053015	72.1644703289872	1.97988556739568e-17	1.99109246683377e-16
"hsa-miR-193a-3p"	-8.61875476926998	9.10986272630443	32.4069960109073	1.25035518484976e-08	3.94342789068e-08
"hsa-miR-193a-5p"	-1.56502307653978	7.72606728770333	5.09455757307086	0.0240010358303042	0.0362510837907985
"hsa-miR-193b-3p"	-3.81571970323197	8.08662228782247	43.085666470146	5.23947028861856e-11	2.27043712506804e-10
"hsa-miR-193b-5p"	-3.31328665767572	3.07515867359075	19.4049343327072	1.05733521698953e-05	2.55004375862181e-05
"hsa-miR-194-5p"	3.09714704682572	5.31238452841827	24.0820763834632	9.23155743198033e-07	2.47257292022388e-06
"hsa-miR-195-5p"	1.82275068649863	6.06033289356606	10.5230206913282	0.00117896616357076	0.0022603919610907
"hsa-miR-196a-5p"	-2.54053527885641	2.52371919025282	1.29304996045148	0.25548664171025	0.31232655970542
"hsa-miR-196b-5p"	-1.6589063560359	3.63567009827753	0.585881543443008	0.44401613393103	0.502464117590741
"hsa-miR-197-3p"	1.31774757229745	8.96301697012769	10.4024191369089	0.0012585033248362	0.00240423753454371
"hsa-miR-1976"	6.03127251722931	2.37173003312731	70.3640469608628	4.93104756663358e-17	4.77863336911945e-16
"hsa-miR-199a-3p"	-7.53829660273616	12.8399339442693	96.6391195081442	8.31882812833609e-23	2.21696769620157e-21
"hsa-miR-199a-5p"	-8.20833950149622	10.8821542800866	76.4392751426867	2.2708965607977e-18	2.63127797153299e-17
"hsa-miR-199b-3p"	-7.55562278121604	11.659382510723	89.0076039690966	3.9329786581205e-21	7.22854353371803e-20
"hsa-miR-199b-5p"	-6.46216149976985	10.2836734047321	25.480383058232	4.4690389098061e-07	1.26031626398235e-06
"hsa-miR-19a-3p"	0.969734208296834	7.36908106476473	1.8651874403796	0.172027287223473	0.217276170829648
"hsa-miR-19a-5p"	0.127170160403342	2.17629717203289	0.0100605973925205	0.920104149496185	0.932348881523701
"hsa-miR-19b-3p"	2.50619832736332	9.59768161765836	15.6395359906416	7.66354505048583e-05	0.00016470441580278
"hsa-miR-200a-3p"	1.03506413409843	4.97697938994828	0.27937062520331	0.597114028215407	0.648190991932407
"hsa-miR-200a-5p"	-1.89349683624274	1.91262261149279	0.632885913786531	0.426298713666191	0.483440881668254
"hsa-miR-200b-3p"	-2.24003702285073	7.80722737460282	0.898796749577517	0.343104551795082	0.404590102006148
"hsa-miR-200b-5p"	-2.21693067872798	1.76333422458786	0.679176405485572	0.409870470236005	0.466796924435451
"hsa-miR-200c-3p"	-0.766004865486731	6.56091794473612	0.109414411931265	0.740811806795627	0.781886520835781
"hsa-miR-200c-5p"	-2.40354016880729	1.48659545619443	0.712795957947106	0.398517181325773	0.456794962680939
"hsa-miR-203a-3p"	-4.12711364174704	3.90087293734061	1.82041207193872	0.177264234532304	0.222310204719337
"hsa-miR-204-5p"	-8.87845710232851	8.93529548955308	34.570058307802	4.11182578860565e-09	1.38709059830811e-08
"hsa-miR-205-3p"	-4.93442582065824	2.19774234825938	1.71753173520375	0.190011075098178	0.236625941652638
"hsa-miR-205-5p"	-13.7774219356412	10.8496187985197	6.0483812843305	0.0139190514987661	0.0220144048927072
"hsa-miR-20a-3p"	0.485219748934309	2.68339263655951	0.306956532533412	0.579553811209973	0.635601196244682
"hsa-miR-20a-5p"	3.08135436547578	9.35442154049459	23.4284985629406	1.29643642900129e-06	3.43781401322232e-06
"hsa-miR-20b-5p"	6.0602064313024	4.92427720040755	13.8062226038364	0.000202663893856578	0.000418681610176574
"hsa-miR-21-3p"	-0.195545815684519	12.0203438739244	0.0813063959250826	0.775534768330138	0.810509865725418
"hsa-miR-21-5p"	-1.03534187582859	15.8997174245501	3.82013362610788	0.0506401994026779	0.0719766034176729
"hsa-miR-210-3p"	-2.42095846513335	8.28088463537599	15.0322767033451	0.000105688068311006	0.00022177850555026
"hsa-miR-210-5p"	-1.38631200765266	5.11806322043055	3.86116453688733	0.0494160182497761	0.0707700379743656
"hsa-miR-2110"	2.16691872034086	2.74130224150465	13.0385747901567	0.000305140218548876	0.000611427580776506
"hsa-miR-2110-3p"	0.546932824713408	3.62404866659622	1.43407434342762	0.231100652737214	0.285792686563655
"hsa-miR-2114-5p"	-3.99685931295866	1.67398824828496	2.64836760656192	0.10365628988139	0.136080794351676
"hsa-miR-2116-3p"	0.0884237342377869	2.97528431680195	0.0185315383650035	0.891718042883584	0.912256654235989
"hsa-miR-212-3p"	-1.33128356697058	3.95346400519802	3.69802939275185	0.0544767717428202	0.0766124520815914
"hsa-miR-212-5p"	-3.10517077491782	4.12762526151363	12.7732052943037	0.000351619809343272	0.000699303576044642
"hsa-miR-214-3p"	-8.33054142901023	7.52012990345117	80.6609962504749	2.67959261977821e-19	3.40053063414711e-18
"hsa-miR-214-5p"	-8.33626924983328	6.3918773106704	79.7557372973341	4.23678536164226e-19	5.25164325059378e-18
"hsa-miR-215-5p"	0.927937686668033	3.70797888753814	2.54537799746069	0.110617434607105	0.144507580013694
"hsa-miR-218-1-3p"	-9.11201851764448	5.66475310591636	45.9454639790309	1.21591135829603e-11	6.23154571126715e-11
"hsa-miR-218-5p"	-7.84000037944679	6.6476399478819	64.1780228451437	1.13669669698469e-15	8.78057013757736e-15
"hsa-miR-22-3p"	-4.15744245277711	15.9869036314516	59.2941198679919	1.35781661577151e-14	9.39891241826256e-14
"hsa-miR-22-5p"	-3.74751422870273	6.61422447925336	49.826097254681	1.67994543808136e-12	9.52564806912088e-12
"hsa-miR-221-3p"	-1.17646818132907	13.1145626466015	5.60517148699466	0.0179075422251755	0.0278742832731636
"hsa-miR-221-5p"	-3.06640981752709	9.71846554333813	17.3282447932175	3.14477747070905e-05	7.25613156661439e-05
"hsa-miR-222-3p"	-3.40343331850527	13.3537455142323	31.8337632442795	1.67947760205737e-08	5.23486293506771e-08
"hsa-miR-222-5p"	-3.48182683943205	5.79762118100993	24.9006975767683	6.03605793185213e-07	1.67563483212353e-06
"hsa-miR-223-3p"	8.21696310716669	8.56147686613195	45.1736652782679	1.80313550124476e-11	8.89880761262461e-11
"hsa-miR-223-5p"	9.30032951612502	4.32631478964411	160.571081149482	8.4893674516078e-37	7.54138808617827e-35
"hsa-miR-224-3p"	-6.52431083871685	3.32264034052187	22.9083779797146	1.69909671123969e-06	4.3539353225517e-06
"hsa-miR-224-5p"	-9.08225648434593	9.80948479747145	64.9447804218213	7.70265900357078e-16	6.41487070141129e-15
"hsa-miR-2277-5p"	-0.797501306973196	3.11789408929494	1.77269149955218	0.183049335242113	0.22902651569025
"hsa-miR-2355-3p"	0.174782899322063	2.11764148797154	0.0282081841235673	0.866620315401152	0.889997356664381
"hsa-miR-2355-5p"	0.552517135297981	4.44198158958541	0.968412061243114	0.325076525753527	0.38468197682729
"hsa-miR-23a-3p"	-2.35090510711687	10.5162384137791	29.9032904808899	4.54141463134331e-08	1.36755593135931e-07
"hsa-miR-23a-5p"	-0.346006893015214	5.15568663128332	0.30469930911849	0.580951264402969	0.63582551114329
"hsa-miR-23b-3p"	-3.58504525923674	9.83035999209777	37.6377832598037	8.5178481623728e-10	3.15278685454493e-09
"hsa-miR-23b-5p"	-4.42359700868017	2.33071060444268	8.94405783698948	0.00278373636066557	0.00492934046589617
"hsa-miR-24-1-5p"	-2.42849834700234	2.27623349227884	5.09400444645694	0.0240086915162324	0.0362510837907985
"hsa-miR-24-2-5p"	-3.6862749023776	7.0020374546209	36.6654964412659	1.40239756432121e-09	5.08488368560003e-09
"hsa-miR-24-3p"	-0.825156093356194	9.36819586598345	3.25912816014902	0.0710268802869213	0.0965748142676761
"hsa-miR-2467-5p"	-0.157098782793955	2.94537900024707	0.0866224176423867	0.768515785861899	0.804752286570516
"hsa-miR-25-3p"	3.01697913159835	11.9735809164255	41.7163191046954	1.05524513279674e-10	4.39410668578641e-10
"hsa-miR-25-5p"	-0.117661616571054	4.42692703046273	0.0408498734946807	0.839827981395582	0.870872206388804
"hsa-miR-2682-3p"	-6.13799675847908	3.00715225876705	33.8058340828989	6.08959712371888e-09	2.00355263391491e-08
"hsa-miR-2682-5p"	-7.43436120670127	4.0985745960182	42.2905038637372	7.86736384124045e-11	3.30181490344973e-10
"hsa-miR-26a-2-3p"	-0.708313944246311	4.67619742903868	2.37073625126824	0.123628732574906	0.159549913952603
"hsa-miR-26a-5p"	2.51427696738879	15.1582972645463	47.343467881689	5.95763196335867e-12	3.17541783647017e-11
"hsa-miR-26b-3p"	0.899125883925469	5.23103749422287	1.85472046542965	0.1732353729233	0.218284760681132
"hsa-miR-26b-5p"	3.58151494459839	12.4007784139166	66.7117652626418	3.14253910271889e-16	2.79162223624862e-15
"hsa-miR-27a-3p"	-1.8706146969631	11.7224006549903	11.7844492439849	0.00059727560405535	0.00116610951267949
"hsa-miR-27a-5p"	-0.285800927097825	6.25424586554502	0.339832734395266	0.559925786701523	0.616612488247752
"hsa-miR-27b-3p"	-1.35863520397698	14.2145068674042	6.99664461844065	0.00816626445294833	0.013475600474989
"hsa-miR-27b-5p"	-2.63999688059989	6.57717269989953	22.2940348865901	2.33932161982238e-06	5.93742106364443e-06
"hsa-miR-28-3p"	2.92658003284032	12.9759897114569	55.8355201114093	7.87949567926345e-14	5.12167219152124e-13
"hsa-miR-28-5p"	1.99593772752947	9.21201417914101	17.3285046228744	3.14434752748107e-05	7.25613156661439e-05
"hsa-miR-296-3p"	-5.29785611228048	4.95955270532662	13.7651472382722	0.000207143736342331	0.000426284214171669
"hsa-miR-296-5p"	-2.64297983097952	4.89508657996008	7.03833251295403	0.00797832780721468	0.0132063624883398
"hsa-miR-299-3p"	-8.89831320001221	5.4584337437898	64.4485344433655	9.90870301375712e-16	7.79581255212774e-15
"hsa-miR-299-5p"	-7.98743775565206	4.60290233714247	38.2206039055665	6.31817495616321e-10	2.38835975293262e-09
"hsa-miR-29a-3p"	0.480057081117717	13.5764190739884	1.20805802298094	0.27171706678126	0.32765881582446
"hsa-miR-29a-5p"	-1.99943577560859	5.57661405957846	12.7902258783931	0.000348435045631765	0.000695565091092625
"hsa-miR-29b-1-5p"	-0.788875333575829	4.23960408638995	1.22657884903254	0.268073403616031	0.324734373016692
"hsa-miR-29b-3p"	0.820665327469174	9.38633305645694	1.90192950470312	0.167862505005965	0.212519513463608
"hsa-miR-29c-3p"	4.84543953314681	10.5010614439342	91.0745289055193	1.38361312775875e-21	2.98140965276347e-20
"hsa-miR-29c-5p"	3.59290787671305	5.11752202564224	34.957955344612	3.36902091342459e-09	1.15108214542007e-08
"hsa-miR-301a-3p"	-1.82091141394652	8.06576749952979	3.32819285644949	0.0681016631200321	0.0935520269148894
"hsa-miR-301a-5p"	-4.04744457823664	2.71647116195651	9.88315686033049	0.00166798524599421	0.00307624960593396
"hsa-miR-301b-3p"	-2.065937770106	5.31138844955103	10.959609164398	0.000931194555813663	0.00179828513858218
"hsa-miR-302a-5p"	-4.66478620698556	2.39039103945637	8.20456134500961	0.00417852097305775	0.00720761061048474
"hsa-miR-302b-3p"	-4.43735941851633	1.90378283746777	8.1644863143256	0.00427185710927455	0.00734483819110754
"hsa-miR-302d-3p"	-3.93036359368937	2.19544203039357	8.04043559786209	0.00457445354381268	0.00776491636577121
"hsa-miR-3074-3p"	0.0344224831557575	1.60071659482642	0.000414672053619114	0.983753402129329	0.985602562659647
"hsa-miR-3074-5p"	0.01532842663078	2.1927869524017	0.00011557758294245	0.991422346478977	0.991422346478977
"hsa-miR-30a-3p"	-4.76457306700611	7.30933263677342	38.1695733882579	6.48558849616509e-10	2.43437934398309e-09
"hsa-miR-30a-5p"	-1.99406915130563	12.7473298287324	9.36832948388763	0.00220766624626168	0.00396190609177601
"hsa-miR-30b-3p"	2.07911747811994	2.90592253232733	6.87877142029225	0.00872255010633354	0.014304982174387
"hsa-miR-30b-5p"	3.08792496200366	10.3265057206826	32.8249332564651	1.00843068311286e-08	3.21852427604283e-08
"hsa-miR-30c-1-3p"	0.849383115790941	4.09207366258016	3.91980884184605	0.0477203060991189	0.0687430355427848
"hsa-miR-30c-2-3p"	-7.18604849530637	4.72338145497168	49.2785904844075	2.22072999850369e-12	1.24163638827121e-11
"hsa-miR-30c-5p"	0.904080067107032	11.1297293934702	3.74127845886684	0.0530838144819985	0.0750495308193771
"hsa-miR-30d-3p"	2.11409547401316	6.02706989722056	15.5479117860613	8.04404496320333e-05	0.000172187789774593
"hsa-miR-30d-5p"	2.81587276767762	12.854875509696	48.3253312856323	3.61057839383435e-12	1.96371253460583e-11
"hsa-miR-30e-3p"	3.949933143114	8.69622811882231	28.7078811050463	8.416053366226e-08	2.50600918670305e-07
"hsa-miR-30e-5p"	2.87609809081269	12.7962313604859	25.9396757360772	3.52254297021574e-07	1.0040189321524e-06
"hsa-miR-31-3p"	-10.6632645242626	8.12308618419362	64.8561284578116	8.05711033721676e-16	6.60683047651774e-15
"hsa-miR-31-5p"	-12.2168889473406	13.4061850909975	215.137518208749	1.04008236843879e-48	5.54363902377875e-46
"hsa-miR-3117-3p"	-6.45614946055028	3.26624633688445	19.2009011337825	1.17657836537275e-05	2.8121805773259e-05
"hsa-miR-3129-3p"	-3.0728976498075	2.92864311806737	9.31221133576774	0.00227631576706863	0.00405778028042669
"hsa-miR-3150b-3p"	9.47025671922125	4.48411888401138	176.393937636325	2.97038840110136e-40	5.27739005929008e-38
"hsa-miR-3152-5p"	-6.82979056987763	3.57551766811068	24.3525293402277	8.02213428841907e-07	2.15949372511483e-06
"hsa-miR-3158-3p"	-0.158257233851174	3.43669566229598	0.0670821315137538	0.795633555097529	0.828266962630826
"hsa-miR-3168"	-5.82263069798792	3.52452266971287	15.2645588830985	9.3453612316473e-05	0.000198449304241753
"hsa-miR-3176"	-0.117452120478519	3.42563415271285	0.0156442736401665	0.900462535578515	0.919437799738216
"hsa-miR-32-3p"	2.30049240338327	2.48488739073331	6.49104252097616	0.0108419377533107	0.0176181488491298
"hsa-miR-32-5p"	5.21956395885891	6.60073554435212	35.8858448010983	2.09223230941672e-09	7.28862628051706e-09
"hsa-miR-3200-3p"	-3.41458340919554	3.54990299003825	10.3010799456113	0.00132952378868552	0.00250401476808969
"hsa-miR-320a"	-0.154821264832473	10.4312763968509	0.146059673130205	0.7023296791477	0.748683437971448
"hsa-miR-320b"	1.89026577463852	3.15770343107073	15.362876853576	8.87142373992066e-05	0.000189138754135109
"hsa-miR-323a-3p"	-7.60095229237418	6.04605589186007	63.4520073670714	1.64321868378513e-15	1.24131530172947e-14
"hsa-miR-323b-3p"	-8.41721822305317	5.00222673207805	44.0255593348064	3.24115766526868e-11	1.51538336455106e-10
"hsa-miR-324-3p"	-0.463744770287096	4.94027439981491	1.34781935250476	0.245659702577989	0.301697284502461
"hsa-miR-324-5p"	0.945901498468164	4.16578959849273	3.81437140005134	0.0508146688243836	0.07203249596648
"hsa-miR-326"	-1.80559445967974	3.00154001174693	3.05283341746912	0.0805964205070986	0.108754157291857
"hsa-miR-328-3p"	-0.134198903343586	6.08780768199033	0.0959869684948718	0.756699638346161	0.795504748004939
"hsa-miR-329-3p"	-9.14205650407182	5.69295341213406	78.1298223387659	9.64862029866654e-19	1.16879877708847e-17
"hsa-miR-330-3p"	0.0191185676054741	4.4224433064405	0.00132769586792669	0.970933464528464	0.976429314327682
"hsa-miR-330-5p"	-0.523474312484827	5.57211497769336	0.578003934180815	0.447095780278434	0.504877226458486
"hsa-miR-331-3p"	-2.5178656276632	8.08791718979612	16.3648176673683	5.22460833779697e-05	0.000116029843501908
"hsa-miR-331-5p"	-0.460624175136684	3.60675521200445	0.877450570010419	0.348900899721809	0.407816183227465
"hsa-miR-335-3p"	-0.719842382687382	7.73803229862432	1.14517294348745	0.284561906102713	0.340834822365721
"hsa-miR-335-5p"	-0.808771865223901	6.50360086424976	1.11307714654123	0.291414022049244	0.348259358188895
"hsa-miR-337-3p"	-9.41933711274389	5.96137617741462	88.0408207608833	6.41175069369451e-21	1.10240745798038e-19
"hsa-miR-337-5p"	-7.25171929930785	3.93845447769803	40.6578570976159	1.8135655475278e-10	7.43561874486396e-10
"hsa-miR-338-3p"	5.5907346691751	2.97040749997147	51.3354123568206	7.78584113315666e-13	4.56027837799176e-12
"hsa-miR-339-3p"	1.87603372020765	7.68238943884338	32.0235464578865	1.52315137168692e-08	4.77552753593604e-08
"hsa-miR-339-5p"	-0.21634649384644	6.8011361402917	0.226899216530033	0.633832605662688	0.685259186243839
"hsa-miR-33a-3p"	1.33246407684751	3.11423753653894	3.31607855728785	0.0686052893219482	0.0937605620733293
"hsa-miR-33a-5p"	-0.683306660438372	4.42210801254024	0.560257962326347	0.454156324305892	0.509611201800085
"hsa-miR-33b-3p"	0.192454064135018	3.10420727298402	0.074529465010917	0.78485256089845	0.818642690721866
"hsa-miR-33b-5p"	-1.42916356499377	4.28701289530905	3.56856907061925	0.0588830310311442	0.0815185858171425
"hsa-miR-340-3p"	-0.613241948079781	4.02650079847262	1.16952526630589	0.279498806964495	0.335524468720892
"hsa-miR-340-5p"	1.63012526849903	8.36033168884056	12.0976471236284	0.000504854895184018	0.000996620959752153
"hsa-miR-342-3p"	5.05942475024001	10.6283372745845	121.209192268721	3.43889286867886e-28	1.66629990818712e-26
"hsa-miR-342-5p"	4.32196179449636	5.22211137227369	139.728340531212	3.05224779386542e-32	1.80760897125585e-30
"hsa-miR-345-3p"	-5.09578283397249	2.68021585460401	3.70173908433922	0.05435578598246	0.0766124520815914
"hsa-miR-345-5p"	-0.728002379431726	8.04020409992197	2.5046951347407	0.113507448648578	0.147920464864773
"hsa-miR-34a-3p"	-4.3952570666602	3.3414015132719	10.3139506385959	0.00132028346016346	0.00249542937683376
"hsa-miR-34a-5p"	-4.56455051530045	8.60311919845718	18.8199217979427	1.4365872840792e-05	3.41830813577774e-05
"hsa-miR-34b-5p"	-6.95438527514025	3.67975656819904	18.7737946174209	1.47175540595503e-05	3.48642502832902e-05
"hsa-miR-34c-5p"	-7.53180291008929	6.85959593463682	52.9222077989102	3.47023666988674e-13	2.15073970354608e-12
"hsa-miR-3605-3p"	-1.32434922924335	3.61915627690235	4.93074203084068	0.0263829863730538	0.0395003700472969
"hsa-miR-3605-5p"	-1.92383994765986	3.03102639300266	7.32301336283288	0.00680771727296495	0.0113391040827822
"hsa-miR-3607-3p"	3.60991974721354	6.95389547655591	24.832795047411	6.25246120236287e-07	1.72671596935721e-06
"hsa-miR-3609"	8.30379892457637	4.55402516438475	94.2591546365464	2.76803594080658e-22	6.41462241934742e-21
"hsa-miR-361-3p"	3.82305974301388	10.0926899658952	53.7093825509037	2.32450504585e-13	1.47495379695006e-12
"hsa-miR-361-5p"	2.05504829825341	8.15717006512228	36.0448458415354	1.92828156339565e-09	6.85182715526587e-09
"hsa-miR-3613-3p"	0.354173059316774	2.38727516449797	0.196534069603379	0.657533111119132	0.705161264037218
"hsa-miR-3613-5p"	1.02286237896953	3.90289154210503	2.62443162410477	0.105230180251784	0.137807582491894
"hsa-miR-3614-5p"	1.13321740062917	2.60990365969811	0.808696920975443	0.368505787037004	0.427916306080007
"hsa-miR-3615"	4.14308540621507	4.9256118852984	72.2172358956878	1.92764739649458e-17	1.97583858140694e-16
"hsa-miR-362-3p"	0.83554397029286	3.01316861018083	1.2042257023533	0.272478729402401	0.32783558187693
"hsa-miR-362-5p"	2.11757816876315	4.84176496570258	9.39798578370945	0.00217223954671239	0.00391149891350576
"hsa-miR-363-3p"	7.7667477596627	8.7324551417103	17.295699730098	3.19910003859206e-05	7.31811296381788e-05
"hsa-miR-3651"	2.39644005246243	3.66093364782642	12.7589994419924	0.000354300368312481	0.000702015227920269
"hsa-miR-3653-3p"	4.53029424426929	2.90290092021912	33.5317611331951	7.01097286294473e-09	2.27856618045704e-08
"hsa-miR-3653-5p"	5.51986023551633	3.00155274603654	43.445120693767	4.36017491301545e-11	1.93664435719769e-10
"hsa-miR-365a-3p"	-4.28416173590981	6.39478140505769	65.5562695964285	5.64781633716431e-16	4.93489525853865e-15
"hsa-miR-365b-3p"	-4.2727608148643	6.38383127678347	64.6515658083148	8.93852372672988e-16	7.21853507022277e-15
"hsa-miR-365b-5p"	-4.26590647349381	3.42454120401861	26.5463210817423	2.57294218918136e-07	7.37300100448206e-07
"hsa-miR-3661"	-1.4549640591103	3.10181931929911	5.17280879607195	0.022943090625906	0.0350391613283894
"hsa-miR-3677-3p"	-2.57431598556573	2.8352948593313	5.42835468685425	0.0198123369709737	0.0306086249435623
"hsa-miR-3681-5p"	6.50462674619799	2.1254796911293	54.2905060283209	1.72935336839398e-13	1.11053656066746e-12
"hsa-miR-369-3p"	-8.02531053106793	6.37606177609802	43.4843406162368	4.27365635954177e-11	1.91416709213089e-10
"hsa-miR-369-5p"	-9.27639028879853	5.82211719792655	87.0999604595567	1.03172613822321e-20	1.66639403537264e-19
"hsa-miR-370-3p"	-9.04751027170023	6.50525202362573	94.3126814662744	2.6941869702062e-22	6.41462241934742e-21
"hsa-miR-370-5p"	-5.77601618973239	2.74439057919777	19.2989770763814	1.11766211506073e-05	2.68339597895211e-05
"hsa-miR-374a-3p"	0.576394633866667	7.02892865511676	0.811883670558521	0.367563928341236	0.427754527960434
"hsa-miR-374a-5p"	2.60859903152416	6.33784560877394	27.5284096552421	1.54803807744784e-07	4.4842624743462e-07
"hsa-miR-374b-3p"	-0.288274580507014	3.5912285991726	0.119451182901056	0.729630489774487	0.771613196527384
"hsa-miR-374b-5p"	0.847851569446712	5.75732676126628	2.09985569125448	0.147313041573715	0.188292209013885
"hsa-miR-375"	-9.88643726192362	8.27770715998161	3.85295172015044	0.0496585257080914	0.0707700379743656
"hsa-miR-376a-2-5p"	-5.22977662263506	2.36820699627447	11.4977394949875	0.000696808814910009	0.00135278613091842
"hsa-miR-376a-3p"	-8.63474413811776	5.2079368887007	56.0609026615073	7.02605031666463e-14	4.68110602347781e-13
"hsa-miR-376a-5p"	-9.75508588643235	6.28825970933052	45.4909717308244	1.53344027909321e-11	7.71060064864794e-11
"hsa-miR-376b-3p"	-8.04915034980177	4.65897348433556	38.6100572264864	5.17515665453167e-10	1.99881050497491e-09
"hsa-miR-376c-3p"	-9.76811706942627	7.02582956609425	67.769865702585	1.83736236772669e-16	1.65985447796326e-15
"hsa-miR-377-3p"	-6.95309840005272	4.50841667409821	39.1044738564674	4.01722381827159e-10	1.58605947788056e-09
"hsa-miR-377-5p"	-8.97321822853293	5.53077538793169	88.5470223956326	4.96407259167678e-21	8.81950230454574e-20
"hsa-miR-378a-3p"	2.10982366330527	10.8059725009253	5.50396138703599	0.0189734449958808	0.0293978086709432
"hsa-miR-378a-5p"	2.07653323450416	3.50333102255886	2.44877014808674	0.11761698878158	0.152902085416053
"hsa-miR-378c"	4.87738474979763	3.50307733932923	52.1779138017956	5.06930999377547e-13	3.10568072032451e-12
"hsa-miR-378d"	4.38666660633712	2.3176661617922	36.6827927613096	1.39000971546883e-09	5.07448752291017e-09
"hsa-miR-379-3p"	-7.92135669152701	4.53988560676769	49.2204573520895	2.28752599951545e-12	1.25696016262035e-11
"hsa-miR-379-5p"	-5.76992610547464	4.62337782055175	35.8966690475367	2.08064115881023e-09	7.28862628051706e-09
"hsa-miR-380-3p"	-5.6113306380935	4.18462119508402	34.4140073606319	4.45505491875393e-09	1.49342407024896e-08
"hsa-miR-381-3p"	-7.99052311251146	9.57955741593271	55.8550506282456	7.80160550139577e-14	5.12167219152124e-13
"hsa-miR-382-3p"	-7.68099737524968	4.31863650819898	49.9615091387704	1.56791701813977e-12	8.98601903944621e-12
"hsa-miR-382-5p"	-9.74051074973056	6.27294813860972	80.8333556416093	2.45577583558289e-19	3.19250858625776e-18
"hsa-miR-3909"	-2.78359490920191	4.23995921622007	16.9123614096878	3.91458268623698e-05	8.84098547357758e-05
"hsa-miR-3912-3p"	3.06183029042525	3.59388395741361	40.593918439111	1.87388982819905e-10	7.62429983534423e-10
"hsa-miR-3928-3p"	-0.804574985429393	2.77504236095004	1.06233017885254	0.302684326288527	0.359311238110879
"hsa-miR-3929"	-3.99589230315213	1.69688875466113	3.26881891014091	0.0706084413423017	0.0962514046942373
"hsa-miR-409-3p"	-8.31132682663922	10.7915720695474	108.609950040979	1.97580334521927e-25	6.58189489376169e-24
"hsa-miR-409-5p"	-9.34624906394863	8.90073448247683	51.4564739905316	7.32021872260604e-13	4.33519619905446e-12
"hsa-miR-410-3p"	-6.31725020882033	8.84229494219754	44.496992644843	2.54748224956605e-11	1.2123286062667e-10
"hsa-miR-411-3p"	-7.97978489728621	4.5940791053206	39.1546938610933	3.91520858193513e-10	1.55731804042643e-09
"hsa-miR-411-5p"	-7.61736179265822	9.99902519212036	86.7009181431025	1.26238193772764e-20	1.97896933179067e-19
"hsa-miR-412-3p"	-4.50796948136322	1.94218769497869	8.14976432584389	0.00430667576339639	0.00738089447553143
"hsa-miR-412-5p"	-7.2304003014341	3.91954413488772	34.9631061422481	3.36012044468885e-09	1.15108214542007e-08
"hsa-miR-421"	-1.18468454500274	7.14074928503996	3.3231447705168	0.0683110443346586	0.0935984232143265
"hsa-miR-423-3p"	-0.532128361916745	11.7790488895256	1.10381384569705	0.293430645524176	0.349884863678716
"hsa-miR-423-5p"	0.413577179512136	11.312930176808	0.757024519191418	0.384261298785238	0.443314442105047
"hsa-miR-424-3p"	-5.29023049917756	5.17923587766123	27.2646335770212	1.7742719484139e-07	5.11182134326815e-07
"hsa-miR-424-5p"	-5.52077621699974	6.54434327675559	28.8904602666154	7.65891955894627e-08	2.29337310388672e-07
"hsa-miR-425-3p"	1.88713563204491	4.65701338924613	20.3332341722111	6.50606559268234e-06	1.59803362253442e-05
"hsa-miR-425-5p"	2.2695435949461	8.51171864541548	27.9708293919692	1.23158081208326e-07	3.62669929746064e-07
"hsa-miR-429"	-2.32196364447002	5.07070561935412	0.82267534087681	0.364399118476676	0.424999409514373
"hsa-miR-431-3p"	-8.69032260973596	5.26001649219851	62.7826763982951	2.30820154928349e-15	1.68530332297e-14
"hsa-miR-431-5p"	-7.39161569504882	6.81969104645082	72.6557029543227	1.54360179211317e-17	1.64547951039263e-16
"hsa-miR-432-5p"	-8.7189863242972	6.73592365111428	90.9758738307446	1.45434617207974e-21	2.98140965276347e-20
"hsa-miR-4326"	-2.30883856211167	4.29155536361046	9.42004908961926	0.00214625775575823	0.00387781486040385
"hsa-miR-433-3p"	-4.85604615771456	3.53121424247516	23.2499334932724	1.42255367132807e-06	3.73507934393034e-06
"hsa-miR-433-5p"	-4.70460424291321	2.04899767384654	9.54091034286356	0.00200942054421882	0.0036429290818661
"hsa-miR-4421"	-4.5390211020513	1.96135334735648	6.11312633076119	0.0134181576139344	0.0212853512149614
"hsa-miR-4424"	7.32553411519038	3.72768216098898	63.4396796584726	1.6535344544614e-15	1.24131530172947e-14
"hsa-miR-4443"	3.69589752794718	2.25129561463274	17.304089951039	3.18500592859469e-05	7.31727655146969e-05
"hsa-miR-4464"	7.94411611531101	3.13483681206017	49.2648469632655	2.23634321339655e-12	1.24163638827121e-11
"hsa-miR-4482-3p"	5.09519445201969	2.23458938724681	15.1810648210766	9.7677989724607e-05	0.000206596700488951
"hsa-miR-4485-3p"	2.79884087916458	1.83703171129222	9.59538110166606	0.00195067433818478	0.00354849632168085
"hsa-miR-449a"	0.188661813115781	2.64326652822601	0.0346716762931329	0.852285320688533	0.878661655564774
"hsa-miR-449b-5p"	-0.0374735421211432	1.60533979099677	0.000761460713778916	0.977985506456145	0.981669067685735
"hsa-miR-450a-5p"	-5.08654415483302	5.63783910779972	38.5642397791701	5.29808068348117e-10	2.03156619014062e-09
"hsa-miR-450b-5p"	-5.51926960379904	6.52256904828067	38.4161629034537	5.71570496041331e-10	2.17605053135735e-09
"hsa-miR-451a"	6.42849989296396	5.38065309355641	30.663680773004	3.06855351284263e-08	9.34593727054354e-08
"hsa-miR-452-3p"	-8.02539332936898	4.63740574271559	36.0516052405578	1.92160422008433e-09	6.85182715526587e-09
"hsa-miR-452-5p"	-8.81941983002298	7.04241936432593	68.0536619496254	1.59106071577006e-16	1.46212993363007e-15
"hsa-miR-4521"	-3.04563358832681	4.47184645638118	9.64158212052355	0.00190221320192719	0.00347219053639449
"hsa-miR-4524a-5p"	-3.53178276426018	2.18292779499467	6.94651717180035	0.00839825793711135	0.0138156527175319
"hsa-miR-454-3p"	1.01581903112335	6.59106169466779	4.0486296391743	0.0442072170002841	0.0642028519377423
"hsa-miR-454-5p"	-0.310754150331984	3.92752544126211	0.458786524650092	0.498191639151471	0.554355205986918
"hsa-miR-455-3p"	-6.83599712033243	6.4762642348481	38.8356316755137	4.61034971075655e-10	1.79366160279799e-09
"hsa-miR-455-5p"	-4.71229141084341	5.95339459945784	41.1114033681701	1.43794934471252e-10	5.94129457931607e-10
"hsa-miR-4636"	-4.45796670639275	1.91734746727961	7.17818559311861	0.00737952991371423	0.0122532381433323
"hsa-miR-4661-5p"	3.4979836818791	2.39040432258619	24.4002614005035	7.82580743359001e-07	2.11733774726065e-06
"hsa-miR-4662a-5p"	2.13495499776441	3.97778912148842	6.37201129728969	0.0115934122912321	0.0186123155157431
"hsa-miR-4677-3p"	0.540978861311071	5.17782834577526	1.20937935255756	0.271455074369449	0.32765881582446
"hsa-miR-4775"	-2.73830666193502	4.65359646363182	23.6753812988226	1.1403197614693e-06	3.03895216431569e-06
"hsa-miR-484"	-0.147242248486132	9.78642860678133	0.100659722670436	0.751039372875117	0.791114596328927
"hsa-miR-485-3p"	-7.85668080957885	5.76904884957301	82.8220308953292	8.9783701487078e-20	1.2270439203234e-18
"hsa-miR-485-5p"	-8.73140380772564	6.20109214926675	53.1379417230273	3.10928283660471e-13	1.94970323754154e-12
"hsa-miR-486-3p"	4.78700742484084	6.16925574549842	33.164710592042	8.4673356985663e-09	2.73520601656718e-08
"hsa-miR-486-5p"	7.01708217835885	13.7439700358345	83.4171911049298	6.64416803608135e-20	9.31931990324043e-19
"hsa-miR-487a-3p"	-6.10672106697286	4.25844513544054	31.4648630317229	2.03082116306301e-08	6.29318418553829e-08
"hsa-miR-487b-3p"	-9.93931851961032	7.83135528088384	101.57030428318	6.89715532643938e-24	2.04232432721788e-22
"hsa-miR-490-3p"	-4.35170238197729	2.40612019904393	3.44982878062539	0.0632583224796926	0.0873489271546015
"hsa-miR-493-3p"	-9.25032186538068	6.70347077273426	90.97691027463	1.45358458602394e-21	2.98140965276347e-20
"hsa-miR-493-5p"	-7.41101403394149	6.22695223035114	96.7626536532503	7.81565015796797e-23	2.19249554431417e-21
"hsa-miR-494-3p"	-8.25058752665672	6.28015967588638	70.4425562675606	4.73865836689193e-17	4.67723131398777e-16
"hsa-miR-495-3p"	-8.5449517128603	6.01442448973204	83.5927578158782	6.07953785459062e-20	8.75782074728865e-19
"hsa-miR-496"	-5.98022810928102	4.15930687753689	24.6671056918302	6.8137274192951e-07	1.86241882794066e-06
"hsa-miR-497-5p"	-0.664724053262109	5.47476108406796	0.564834951711813	0.452318700140892	0.509396628897386
"hsa-miR-5000-3p"	3.70831344102626	2.55906129158206	25.5710570100929	4.26387346806242e-07	1.20885348855174e-06
"hsa-miR-500a-3p"	-0.126339991823326	9.35455878896368	0.045681731803171	0.830755391472933	0.863143515896829
"hsa-miR-501-3p"	-0.0577438331854505	8.28648233259412	0.0101893026999509	0.919596441877513	0.932348881523701
"hsa-miR-501-5p"	-1.48306924108609	3.39758208220999	5.39156934842697	0.0202342650225142	0.0310802975706054
"hsa-miR-502-3p"	-3.16386886787479	5.06232928710747	15.89535984166	6.69426397850624e-05	0.00014683303294419
"hsa-miR-502-5p"	-0.306827559781068	2.39445243109578	0.159306142081691	0.689796139729412	0.736796277506567
"hsa-miR-503-5p"	-6.0529984655306	3.54676807908124	19.8289705848403	8.46893169280071e-06	2.05179117830126e-05
"hsa-miR-504-5p"	-4.67391275234405	2.64136332343581	8.10860639814766	0.00440555834049566	0.00752616216501343
"hsa-miR-505-3p"	-1.3951284719328	6.08582698604988	7.55712934919865	0.00597731289570613	0.00998717170348391
"hsa-miR-5196-3p"	7.96492252427749	3.1605236677834	119.877129113945	6.73029096930611e-28	2.98937090553346e-26
"hsa-miR-532-3p"	-0.830474860445954	5.65510421331012	3.23558211382964	0.0720546923832054	0.0977230306367646
"hsa-miR-532-5p"	0.924702263716134	9.62825457867061	4.08655505306197	0.0432256586660056	0.0629488417185273
"hsa-miR-539-3p"	-8.80732688532943	6.08534056808074	51.927812979127	5.75790096333777e-13	3.48745592438526e-12
"hsa-miR-539-5p"	-7.15439862303487	3.85388249305849	42.3615358197778	7.58675223005066e-11	3.2349911508936e-10
"hsa-miR-541-5p"	-6.04219510627057	2.94083080279226	18.3913376905766	1.79873845275539e-05	4.22346958290142e-05
"hsa-miR-542-3p"	-4.49168521221336	4.32328038237262	23.1313449786704	1.51303989613949e-06	3.9148071099143e-06
"hsa-miR-542-5p"	-5.19687659959586	2.86639071449391	14.2912937669701	0.000156587446423413	0.000326019956811246
"hsa-miR-543"	-8.2327083121557	5.52956061530667	65.1908882927434	6.7983137243825e-16	5.75158923031091e-15
"hsa-miR-548e-3p"	1.19615870772271	5.22116732970755	4.56326959287638	0.0326646572475298	0.0484965524037141
"hsa-miR-548e-5p"	2.58860478501033	3.49432389648827	11.9247889521934	0.000553919022607317	0.0010894422105155
"hsa-miR-548h-5p"	-2.76101372777061	2.11437543567742	4.48545433786645	0.0341844589909622	0.0503323664148697
"hsa-miR-548k"	0.0711650748734737	5.44877536958782	0.0142762772173768	0.904892409457908	0.922194367573738
"hsa-miR-548o-3p"	0.676921757138455	3.63354249880366	1.35982819967857	0.243567258299335	0.299818357213731
"hsa-miR-549a"	-5.58296211689083	2.60223296287362	10.2615394787617	0.00135832284450595	0.0025350399933638
"hsa-miR-549a-5p"	-4.90785748122511	4.57716447332269	16.5412261367801	4.76037342929773e-05	0.000106162302837477
"hsa-miR-550a-3p"	0.0450994342034197	3.17504025372693	0.00426112790366595	0.947953203516518	0.955121091633845
"hsa-miR-550a-5p"	-1.52553349014522	2.67112214639673	2.10883442233596	0.146450828133341	0.187640123545843
"hsa-miR-561-5p"	-5.37959504445762	3.99808317155799	17.2139798516281	3.33969685132934e-05	7.60708727247239e-05
"hsa-miR-574-3p"	-5.73978545540028	9.10934048593221	84.0401723973824	4.84822453015361e-20	7.17806576269965e-19
"hsa-miR-574-5p"	-6.84159169754902	3.58501226679747	25.2007498782674	5.1662106358064e-07	1.44925803625516e-06
"hsa-miR-576-5p"	2.61274521804325	5.29305949248307	43.7471286978633	3.73664327159786e-11	1.71692315841523e-10
"hsa-miR-577"	9.22930809084247	6.62683388630603	164.672705065149	1.07846798225376e-37	1.14964686908251e-35
"hsa-miR-582-3p"	3.32819495621274	5.85390129823332	23.3722768360443	1.33488575173609e-06	3.52224804789771e-06
"hsa-miR-582-5p"	3.34869877572082	5.12125369704176	13.4468950649789	0.000245412001723204	0.000497355881819269
"hsa-miR-584-5p"	-3.37105680746686	6.46123236615638	21.0577993282196	4.456352241297e-06	1.10476081144712e-05
"hsa-miR-585-3p"	-5.60247841963118	2.62007361923772	13.4189005587554	0.000249101654147557	0.00050292114265397
"hsa-miR-589-3p"	-1.87681953472147	3.85208791969442	8.47453405866354	0.00360152620826956	0.00627324663074405
"hsa-miR-589-5p"	0.605594497935122	7.40327387201465	1.26925402060792	0.259906671773648	0.317002874268545
"hsa-miR-590-3p"	1.11498075556685	5.36991112045724	2.73490840013516	0.0981771304895526	0.129525768690425
"hsa-miR-598-3p"	4.22115497236783	5.19960951140966	23.1625298763654	1.48869999409827e-06	3.8706199846555e-06
"hsa-miR-605-3p"	-4.95737484039717	2.84230320764101	8.92978196068407	0.00280557836926409	0.00494869957521268
"hsa-miR-605-5p"	-4.06634201216072	1.72510594648532	5.40254912743959	0.0201073627633865	0.0309746368580491
"hsa-miR-615-3p"	-4.91767136472095	4.4828398827999	8.28776785617006	0.00399130203172175	0.00692952437429215
"hsa-miR-616-5p"	1.20324611192658	3.59015595924304	2.76279076488249	0.0964797994564384	0.127602315410128
"hsa-miR-625-3p"	-0.104694695345111	6.26470237230035	0.0303257590869936	0.861753137564451	0.886707378999715
"hsa-miR-625-5p"	-1.31103973390209	5.72511153485019	4.54977061191407	0.0329231568872226	0.0487445628358046
"hsa-miR-628-3p"	1.526028578702	2.71705221169772	6.15204075610283	0.013126055307839	0.0208841417285916
"hsa-miR-628-5p"	-0.2234633218684	3.69504532852127	0.178165343521643	0.672954679172846	0.720250690761299
"hsa-miR-629-5p"	1.87326295998023	5.51564179666679	8.9248022189276	0.00281323822005524	0.00494869957521268
"hsa-miR-641"	-0.099012384906409	4.00410179743286	0.0398780566739578	0.841719195623874	0.871138507315583
"hsa-miR-650-3p"	5.98240944543097	1.84382836405881	31.0877956945883	2.46617117326035e-08	7.59808806559402e-08
"hsa-miR-651-5p"	4.43981861605543	3.26109590776428	22.2068216723152	2.44802468006977e-06	6.18387277003407e-06
"hsa-miR-6511b-3p"	-1.1201109458766	2.6623256480058	2.94123511707307	0.0863446861491268	0.115342650921014
"hsa-miR-6516-3p"	6.61817165324904	3.62488947029388	46.0989360653835	1.12429493179596e-11	5.87499214360047e-11
"hsa-miR-652-3p"	2.43320950921747	6.57998006883234	16.8523408908716	4.04034652134802e-05	9.08651770412867e-05
"hsa-miR-652-5p"	0.947986552254586	2.7933007961121	1.75279136531243	0.185526203348489	0.231581888488863
"hsa-miR-654-3p"	-8.97639056962455	10.3867085491516	110.804835187653	6.52922651055578e-26	2.32005182008415e-24
"hsa-miR-654-5p"	-8.25265538353987	4.84900182216788	43.7531664010275	3.72513345499601e-11	1.71692315841523e-10
"hsa-miR-655-3p"	-5.80288089706488	3.49814008233775	24.9567443457604	5.86310692646697e-07	1.63614449832822e-06
"hsa-miR-656-3p"	-8.37146576727058	4.95760142125641	64.441156329618	9.94587717719862e-16	7.79581255212774e-15
"hsa-miR-659-5p"	3.432012909692	3.85283974659338	36.8062789132002	1.30469376116351e-09	4.7958743082769e-09
"hsa-miR-660-5p"	0.185146487072348	8.59238109076434	0.13401589183731	0.714304030107105	0.757857392969054
"hsa-miR-664a-3p"	3.60809429366314	6.35564993563192	38.088742859947	6.75990160160704e-10	2.51959968787172e-09
"hsa-miR-664a-5p"	4.75295264941255	3.94837023324864	39.0445988434895	4.14233556569744e-10	1.62343004155642e-09
"hsa-miR-664b-3p"	3.81302064099299	2.85706538303841	24.4214365664744	7.74026154424135e-07	2.10487724646971e-06
"hsa-miR-665"	-8.94657341882295	5.50580727165091	61.7773472036185	3.84573192367358e-15	2.76996637205137e-14
"hsa-miR-668-3p"	-4.97489517683409	3.20085583890993	28.1714173081283	1.11032191437432e-07	3.28778655756396e-07
"hsa-miR-671-3p"	-1.63064556823498	7.22058817414525	10.258903074499	0.00136026536229277	0.0025350399933638
"hsa-miR-671-5p"	-2.136388354775	4.40314713870936	10.2178502350595	0.00139087877910675	0.00258306058976968
"hsa-miR-6842-3p"	7.00782544075717	4.95109717697685	89.3468318509419	3.31322349469045e-21	6.30695758096432e-20
"hsa-miR-6852-5p"	-0.519710160249119	2.50779154934657	0.486487621823226	0.485498293477817	0.542495996695339
"hsa-miR-7-1-3p"	3.07881434936788	5.0214756806666	56.8882768070361	4.61287527888474e-14	3.15213144057124e-13
"hsa-miR-7-5p"	1.19306485462398	5.32651941794467	2.64956819187114	0.103578028287871	0.136080794351676
"hsa-miR-708-3p"	-1.55239953810185	5.83160027336128	4.13174264331538	0.042085990674635	0.0614570767933712
"hsa-miR-708-5p"	-1.62971565687666	6.20597133436755	4.19536276112386	0.0405346799505932	0.0593543527847971
"hsa-miR-744-3p"	-1.30669099374844	2.95351215227909	2.79539011791523	0.0945357557707426	0.125654757670339
"hsa-miR-744-5p"	-1.74549520564415	7.41627557858125	15.9483786122482	6.50935108965704e-05	0.000143367112842446
"hsa-miR-758-3p"	-8.36449177377076	6.40482306353477	65.5153899841909	5.76619150445118e-16	4.95706463205239e-15
"hsa-miR-758-5p"	-5.47508167823324	2.5314083215627	16.8190000240303	4.11195394271323e-05	9.20870357758886e-05
"hsa-miR-766-3p"	4.05819486792339	5.05756089882303	56.4312329839303	5.81985482134826e-14	3.92656027820079e-13
"hsa-miR-769-5p"	0.241078108834855	9.41103761493686	0.405300864426129	0.524364289168763	0.581052320430251
"hsa-miR-770-5p"	-5.07239881769403	2.26865336770714	10.2748307625355	0.00134857243040891	0.00253094755425334
"hsa-miR-7706"	1.97487712086555	5.827310105498	16.257133784754	5.53009827238972e-05	0.000122304663036669
"hsa-miR-7974"	-1.96458220331525	4.79856847574215	3.96131077376998	0.0465574365990294	0.0672496306430425
"hsa-miR-7976"	-2.12927189436698	2.76873157669497	4.7169261119994	0.0298670885016035	0.0444669222663539
"hsa-miR-7977"	0.900961181940883	2.22307340624548	0.771761855374024	0.37967255954438	0.438970659950444
"hsa-miR-873-3p"	1.43913832235374	1.76734763950175	0.798929353689443	0.371413668051851	0.430355402329644
"hsa-miR-874-3p"	1.56266568851425	4.72970502955805	5.8640337765492	0.0154533389935466	0.0242253814222363
"hsa-miR-877-3p"	-2.14328635032168	1.65890921637507	2.09299263952178	0.147975953142605	0.188687040729685
"hsa-miR-877-5p"	-0.784023101715447	5.49155881274471	2.25270025883055	0.133381475688096	0.171306810943988
"hsa-miR-887-3p"	-6.8770473249087	4.97365310153797	61.1397425003171	5.31640382490156e-15	3.77819098489671e-14
"hsa-miR-887-5p"	-4.76209557926007	2.68705274636871	21.1488499104419	4.24956204398212e-06	1.06338806077111e-05
"hsa-miR-889-3p"	-6.33082315731966	7.13900899137126	42.2931969913009	7.85653754151768e-11	3.30181490344973e-10
"hsa-miR-9-3p"	-1.55575752721777	1.92182029483555	0.39092721203802	0.531812422049283	0.588083031021302
"hsa-miR-9-5p"	-0.177004215531873	5.39339794693197	0.0130051173872552	0.909206099490047	0.924822234786632
"hsa-miR-92a-1-5p"	1.87265856508347	3.73050719575474	10.3942353570666	0.00126409336026476	0.00240629200364685
"hsa-miR-92a-3p"	3.16446499983817	15.9531450953466	47.2882446389862	6.12786167997272e-12	3.23381215388659e-11
"hsa-miR-92b-3p"	-4.12844511463403	11.7052189257425	35.8901853201737	2.08757651653185e-09	7.28862628051706e-09
"hsa-miR-92b-5p"	-3.10147978284074	2.44703594871155	5.88297844356541	0.015287939185654	0.0240367893390962
"hsa-miR-93-3p"	-1.26744298329688	4.35250392699582	5.36115744820093	0.0205901035852596	0.0315359919854694
"hsa-miR-93-5p"	1.95822660482268	9.71358350577884	15.6974314395587	7.4325033980701e-05	0.000161037573624852
"hsa-miR-935"	-9.63337362905781	6.16965571294969	75.9875689393342	2.85456123237383e-18	3.23719390820267e-17
"hsa-miR-939-3p"	-3.37329808708836	1.44855447635274	2.40515701242602	0.120935989773149	0.156834264109704
"hsa-miR-940"	-3.40296913997413	3.93903358686557	17.5188679167841	2.84470585286692e-05	6.6210839282885e-05
"hsa-miR-941"	1.08657452824817	7.77105014041107	3.99349362365615	0.0456762643178304	0.0661561110907706
"hsa-miR-941-3-5p"	1.05417218206179	5.47787529537843	3.91103223478683	0.0479701250274288	0.0689166486243114
"hsa-miR-942-5p"	1.26494086936749	3.36101657346585	6.32455603826819	0.0119077294747673	0.0190595189491021
"hsa-miR-944"	-0.975393007958509	4.15040364330511	0.142516137217173	0.705792334363554	0.750872882666216
"hsa-miR-95-3p"	6.92441438664522	2.38864336828247	87.5074334217826	8.39636480308203e-21	1.39851951251335e-19
"hsa-miR-96-5p"	-1.13421634811551	4.86163125878611	0.288540237132175	0.591157502689212	0.643267666135157
"hsa-miR-98-3p"	-2.24034258545289	4.00909518744934	11.4946537928107	0.000697966577865976	0.00135278613091842
"hsa-miR-98-5p"	0.581519097652189	10.9982475335074	1.61892771711985	0.203241366953017	0.251924764153391
"hsa-miR-99a-3p"	-6.22368424439986	3.08232632648577	22.8480154169215	1.75330273723159e-06	4.47134143035616e-06
"hsa-miR-99a-5p"	-4.25747965315981	7.68638969757131	17.0702338512644	3.60225038158456e-05	8.17021043993434e-05
"hsa-miR-99b-3p"	-4.24139123754328	5.50076518735125	45.7533275156084	1.34121329393447e-11	6.80825414921021e-11
"hsa-miR-99b-5p"	-5.58034128442892	13.6606516782248	47.413555187625	5.74838033034272e-12	3.09483506674007e-11
