"logFC"	"logCPM"	"LR"	"PValue"	"FDR2"
"hsa-let-7a-2-3p"	-0.907424033907672	4.25982017714406	3.78307789712647	0.0517733417123212	0.0991868230699206
"hsa-let-7a-3p"	0.0679500253028863	6.81727040316561	0.0348173234048801	0.851978966034579	0.904110996128551
"hsa-let-7a-5p"	-0.886310262219108	15.7179968605305	9.23693864145321	0.0023718115519055	0.00696241455559358
"hsa-let-7b-3p"	-0.683206603931166	7.32939021443369	8.62739970551167	0.00331143921518732	0.0091391773316314
"hsa-let-7b-5p"	-0.841922417901218	12.6554679764331	7.16723772262884	0.00742470138217372	0.0186815067035339
"hsa-let-7c-3p"	1.85236605049967	2.70041670045465	14.8468695281679	0.000116601437169399	0.000475107348466357
"hsa-let-7c-5p"	0.544110950593676	10.2822095726595	1.36221440369109	0.243154074522609	0.364381338903496
"hsa-let-7d-3p"	0.0133742871724779	7.41916148711706	0.00273471958926663	0.958293998669088	0.970848382361819
"hsa-let-7d-5p"	-0.0490471467516375	10.2006580664153	0.0394709510432989	0.84251856532173	0.89671566601494
"hsa-let-7e-3p"	0.524465499293163	4.4897254702936	2.65461559191825	0.103249714347401	0.180687000107953
"hsa-let-7e-5p"	-0.158880669032415	11.7753855922286	0.345204730832853	0.55684024904354	0.675632835506162
"hsa-let-7f-1-3p"	0.342267180309727	4.8929204561537	1.41645990043583	0.233986966031858	0.354880231814985
"hsa-let-7f-2-3p"	0.262036886812993	4.90779103368555	0.187838557100683	0.664721689039268	0.772208600458384
"hsa-let-7f-5p"	-0.554140538532733	14.8105497275471	4.95538597640714	0.0260095181322192	0.0548308760625162
"hsa-let-7g-3p"	0.137113134460627	3.28417102197663	0.0904232465496548	0.76363977332452	0.842317810576137
"hsa-let-7g-5p"	-0.177021355580789	12.2019154951927	0.494530356095311	0.481913346294065	0.602115988733546
"hsa-let-7i-3p"	-0.654038930389151	5.93275120051507	6.72548244306359	0.00950450188471235	0.023064257906902
"hsa-let-7i-5p"	-0.752149295918363	14.2664724532233	10.0094255064164	0.00155741096286261	0.00477722688608419
"hsa-miR-100-3p"	-0.995854262165342	8.36389548783253	7.4394318692716	0.00638100305634141	0.0165902762623079
"hsa-miR-100-5p"	-1.35375784089772	17.7979714014347	9.0011813308929	0.00269805147598831	0.00767258388484174
"hsa-miR-101-3p"	0.283903156873754	10.5826509897035	1.06246521722114	0.302653598807482	0.426999651030711
"hsa-miR-101-5p"	1.70364940335559	2.66871029680979	12.2171713447963	0.000473516686519592	0.00163632981544112
"hsa-miR-103a-3p"	0.184081506634395	11.9878483225801	0.765613856127359	0.381577370580143	0.510640304746956
"hsa-miR-106b-3p"	-0.0761662425837257	7.63546689696411	0.0485675848173557	0.825574795451241	0.892601660032431
"hsa-miR-106b-5p"	0.607507202809002	7.75140070564807	3.02509020280175	0.0819857618494654	0.148718358703681
"hsa-miR-107"	-1.973749030911	6.63058802904186	14.9944747321311	0.000107826422459958	0.000442655839572461
"hsa-miR-10a-3p"	0.267760236455012	4.41157933778321	0.135001970459175	0.713301174044462	0.814317461244331
"hsa-miR-10a-5p"	-0.543739626744593	14.6650549224915	0.664671619882483	0.414915514288045	0.541970982778164
"hsa-miR-10b-3p"	1.06458858069565	2.04863281104526	0.82725447587412	0.363067629226348	0.493873823043776
"hsa-miR-10b-5p"	1.40551935065952	12.9668745391097	1.32579268484976	0.249555084940979	0.370263794504821
"hsa-miR-1180-3p"	0.11109933341703	5.07813833783915	0.197927254211677	0.656399134243382	0.765798989950613
"hsa-miR-1185-1-3p"	-1.61467220244003	5.43736791584053	11.4299394074353	0.000722700425318897	0.00234877638228641
"hsa-miR-1185-2-3p"	-1.6943531323958	2.85411229224612	11.8551479564032	0.000575021669809873	0.00195007348892044
"hsa-miR-1185-5p"	-2.59039516845348	4.80042033077801	27.2987788047809	1.74321471468066e-07	1.13308956454243e-06
"hsa-miR-1197"	-1.28494980017558	4.16141935075809	5.32628267640883	0.0210061422198203	0.0458774146080875
"hsa-miR-122-5p"	-2.82071523651645	1.98596087812146	10.3630783447484	0.00128560650779555	0.00405746331362065
"hsa-miR-1226-3p"	-0.280323782774349	3.34387649950776	0.431647290350107	0.511181753069022	0.632891694275932
"hsa-miR-1233-3p"	-1.63541453372435	1.88725033635842	4.48981551772538	0.034097357036927	0.0694670035155303
"hsa-miR-1247-5p"	-3.81918892442694	1.41868854425221	5.85096761537342	0.0155684887148111	0.0359079624363148
"hsa-miR-1249-3p"	-1.1567579333303	4.59313316160407	4.06483019523256	0.04378508699812	0.0850770729572012
"hsa-miR-1254"	-0.093444253450708	2.61842594937715	0.0344377840322885	0.852778686824549	0.904110996128551
"hsa-miR-1255a"	0.673255158309986	2.47163117179612	1.82729425945996	0.176447468643648	0.283353876115976
"hsa-miR-1257"	0.227020996381311	2.53366201491425	0.0308238505338423	0.860633952913603	0.905159544060002
"hsa-miR-125a-3p"	0.609227174458537	5.36498302540399	5.27204365505527	0.0216705571106912	0.046952873739831
"hsa-miR-125a-5p"	-0.281289944114333	13.1176912743842	0.900899521894473	0.342540630747019	0.471101220120585
"hsa-miR-125b-1-3p"	-2.07608646370866	10.677020547383	46.4763411890183	9.27313530174316e-12	1.36841402020318e-10
"hsa-miR-125b-2-3p"	1.04798387711526	7.62643409192037	9.73711059042146	0.00180584540230057	0.00544746734616637
"hsa-miR-125b-5p"	-2.54168888213626	14.4005000718921	36.3598843474297	1.64045142914027e-09	1.65867866724182e-08
"hsa-miR-126-3p"	7.76876230966779	12.8520186393324	117.031097530383	2.82601638953955e-27	7.71502474344298e-25
"hsa-miR-126-5p"	7.75251288860404	14.5113753618724	112.51022322683	2.76236906940435e-26	5.02751170631591e-24
"hsa-miR-1260a"	-0.212308953516226	4.43033848249959	0.354550926646976	0.551548197515157	0.672199365721597
"hsa-miR-1260b"	-0.3643584642275	3.52196955377895	0.712612730793627	0.398577810746231	0.52821234142583
"hsa-miR-1262"	0.287091254887434	2.94704068284612	0.480467300370833	0.488210724983279	0.608591451691485
"hsa-miR-1269b"	-3.89562900410802	1.43624412294383	9.18358436547138	0.00244195329787281	0.00712998128683718
"hsa-miR-127-3p"	-3.24428176254574	14.0655314577465	64.2710132906325	1.08429305966486e-15	2.81816626576816e-14
"hsa-miR-127-5p"	-2.86959657388974	6.29064574149827	62.6841113814026	2.4266543843623e-15	5.76066649505136e-14
"hsa-miR-1271-3p"	-0.674217100059752	1.80625078143249	0.222029091742963	0.637498182585989	0.7501594993361
"hsa-miR-1271-5p"	-0.704674342152706	7.5186762071023	1.45750809356478	0.227327025640717	0.345739710305937
"hsa-miR-1277-5p"	1.35069702526435	2.85818241374763	1.73591527005338	0.187657222398116	0.297851289038871
"hsa-miR-128-1-5p"	0.191668231473006	4.32904796056393	0.31448799961813	0.574939138974545	0.694506128053321
"hsa-miR-128-3p"	-0.189533237988228	9.61363853850424	0.501324333469926	0.47891879884698	0.599746936170759
"hsa-miR-1285-3p"	1.37726354648034	5.22189511757828	5.73392138302058	0.0166402847286734	0.0371545671310582
"hsa-miR-1293-3p"	-1.57211319436497	3.03606423060733	6.94266387358089	0.00841636803447238	0.0207933798498729
"hsa-miR-1294"	0.890553996211451	2.1811048404916	1.86653327291221	0.171872656739595	0.279293067201843
"hsa-miR-1296-5p"	0.593159976973334	6.11673356529299	3.77315204482765	0.0520814006566009	0.099428128526238
"hsa-miR-1301-3p"	0.269809707637016	5.76933118172607	0.527715602010293	0.467568854299048	0.594051611046971
"hsa-miR-1304-3p"	0.761996837974021	6.94853554549262	3.69851959090344	0.0544607683500646	0.102891278612925
"hsa-miR-1304-5p"	1.12496295431762	2.92039756901699	7.47501263194005	0.00625611264079329	0.0163437201046561
"hsa-miR-1306-3p"	-0.541549057828676	2.02064168678119	0.706070283261983	0.400751477538623	0.529807038101909
"hsa-miR-1306-5p"	-0.0146417387143436	3.34644601677005	0.00089749493141511	0.976100374000334	0.981493193746192
"hsa-miR-1307-3p"	0.458026527591227	7.93821147146584	3.78409929473668	0.0517417511662591	0.0991868230699206
"hsa-miR-1307-5p"	0.152004643994393	9.71597945911045	0.3097703899934	0.57782111738691	0.696446644797468
"hsa-miR-130a-3p"	-0.624380972199109	10.6517372864334	5.06816000721606	0.024369237484349	0.0523842664033644
"hsa-miR-130b-3p"	0.392560537299165	9.60860345856222	1.58084483506759	0.208639043792727	0.323627607701218
"hsa-miR-130b-5p"	-0.00942145046951156	8.11903079521392	0.00075057138527157	0.97814344361028	0.981739559211789
"hsa-miR-132-3p"	-1.52742251271634	6.50460518286456	26.4313981180355	2.7306550056816e-07	1.7137214173588e-06
"hsa-miR-132-5p"	-2.623488585741	3.98427159201318	38.1405897577784	6.58264395614722e-10	7.33494612256405e-09
"hsa-miR-133a-3p"	-0.316939325777129	2.40992941473836	0.160224606762434	0.68894981099693	0.793033929828303
"hsa-miR-134-3p"	-3.48724687375033	2.03320686577029	12.8046700505082	0.000345755188593919	0.00124670132042697
"hsa-miR-134-5p"	-2.62145788882143	7.00758487034491	54.952032967855	1.23507565878306e-13	2.59365888344443e-12
"hsa-miR-1343-3p"	-1.28413300248248	3.49441276791002	4.20189220485661	0.0403788996558254	0.0802642403299251
"hsa-miR-135b-5p"	-3.96708351897899	2.13396003359574	11.5954982511186	0.000661116593289339	0.0021876949087029
"hsa-miR-136-3p"	-2.16942416622112	9.44448741937125	19.0340763394778	1.28404790981921e-05	6.31027640035408e-05
"hsa-miR-136-5p"	-3.86570894664722	7.53255212021473	51.474736867608	7.25243770804789e-13	1.23744718393567e-11
"hsa-miR-137"	-0.0887560360236528	5.88830432204141	0.0472069176739964	0.827996743040615	0.893451031028015
"hsa-miR-138-1-3p"	-2.2313478284197	2.89679401043788	4.08656897988142	0.0432253024632315	0.0842893398033013
"hsa-miR-138-5p"	-2.18264168553637	9.14002808727627	6.8247621878365	0.00899025260116586	0.0220120086109263
"hsa-miR-139-5p"	3.77559152849495	4.20066188952461	21.4736532071867	3.58723632922835e-06	1.90158352986279e-05
"hsa-miR-140-3p"	-0.607868059650519	10.2498127065822	4.86250800833521	0.0274464099983253	0.0571974803781894
"hsa-miR-140-5p"	-0.421684010314908	5.3843371536957	1.06709953504456	0.301601512339231	0.426617683257047
"hsa-miR-141-3p"	-7.71851595105352	6.91657534785394	14.8280458292356	0.000117771001542583	0.000476318272905557
"hsa-miR-141-5p"	-8.22676698046735	4.42321674720259	6.00705653306388	0.0142487767553198	0.0331056685464026
"hsa-miR-142-3p"	-11.6301754607517	8.57769169833318	10.7476679173924	0.001044108093885	0.00335342952506595
"hsa-miR-142-5p"	-10.3165299530474	10.4986560789839	15.0467698141591	0.000104879596741629	0.000433820150158557
"hsa-miR-143-3p"	-8.19648274490455	14.2595095346989	110.064715149159	9.4843336208177e-26	1.29461153924162e-23
"hsa-miR-143-5p"	-7.28519329286403	5.08560450161787	103.393567700784	2.74765351741507e-24	3.00043764101726e-22
"hsa-miR-145-3p"	-7.84256073851379	6.69272861244317	86.9826049980861	1.09479864550172e-20	6.64177844937711e-19
"hsa-miR-145-5p"	-7.51522912493952	8.60736420671102	67.0518259149459	2.64462535653479e-16	7.66439072248944e-15
"hsa-miR-1468-5p"	-1.76815220146549	3.22858843325562	9.02057171043344	0.00266957881725629	0.00763136143571694
"hsa-miR-146a-3p"	-0.211145492429761	2.99203770426982	0.0315589412297186	0.858999139629019	0.905159544060002
"hsa-miR-146a-5p"	-2.91311991332351	9.69947652838474	13.7369884540138	0.000210272361092263	0.000790508822007848
"hsa-miR-146b-3p"	-4.48414932216005	3.98521348073837	28.9533423888701	7.41427703469362e-08	5.18999392428553e-07
"hsa-miR-146b-5p"	-5.61302389669919	9.56977088624446	25.3958950679083	4.66910599519103e-07	2.80146359711462e-06
"hsa-miR-147b"	-2.20297661267745	2.25225426237325	9.09265984372731	0.00256637368231824	0.00741396841558602
"hsa-miR-148a-3p"	-4.17162837578659	12.0437154198136	21.9026182838427	2.86842287017937e-06	1.55065236348311e-05
"hsa-miR-148a-5p"	-4.35772480613328	6.61726425764959	16.7159154402249	4.34152509384949e-05	0.000191167153325953
"hsa-miR-148b-3p"	-0.164645113025805	10.6766715479762	0.507609652400376	0.476175454108923	0.599059442266064
"hsa-miR-148b-5p"	0.301852532122303	7.20547125765904	1.28361918339243	0.257227192377812	0.376783574281689
"hsa-miR-149-5p"	-0.573590587809334	8.48972848386035	1.34420691775286	0.246293430196185	0.367322908021712
"hsa-miR-150-5p"	1.93909971483118	4.12946530360766	5.78300178719918	0.0161818826458135	0.0366631055758707
"hsa-miR-151a-3p"	0.485123094046975	12.8803943962802	4.96200019525747	0.0259102205231106	0.0548308760625162
"hsa-miR-151a-5p"	0.1859920365972	13.2469666327746	0.514321776312556	0.473273953275817	0.596784245932093
"hsa-miR-151b"	-0.851619428765162	3.72910082847592	5.21677801447256	0.022369961207087	0.0482766751741877
"hsa-miR-152-3p"	-2.33534761121897	8.21765706309517	69.5038981061708	7.6263640743885e-17	2.60249674038508e-15
"hsa-miR-152-5p"	-2.09342531303716	5.9076027390741	34.1721193829123	5.04465547206493e-09	4.37203474245628e-08
"hsa-miR-154-3p"	-2.19030526965152	2.3218909492517	13.7271072142869	0.000211381479877556	0.000790508822007848
"hsa-miR-154-5p"	-3.11281228725184	4.04628690637165	36.2991817096908	1.69234905419374e-09	1.68004106107233e-08
"hsa-miR-155-5p"	0.277982634620518	10.4007407242142	0.387914901244738	0.533397459340155	0.656280936639617
"hsa-miR-15a-3p"	-2.66115998591723	1.69576549881434	4.28614798923157	0.0384241262595141	0.0774153982940764
"hsa-miR-15a-5p"	-0.318470389801779	8.61047873143702	1.03293167198529	0.30947109551256	0.432151453068689
"hsa-miR-15b-3p"	1.16148832498597	6.53529211503409	12.7102994165521	0.000363647199128038	0.00129772137728045
"hsa-miR-15b-5p"	-0.0150984300140863	8.23746678772682	0.00272061279471814	0.958401608228976	0.970848382361819
"hsa-miR-16-1-3p"	-0.93234452426615	2.34502985261838	1.07196469787054	0.300502088447842	0.426166598162394
"hsa-miR-16-2-3p"	-0.443550315005029	6.31949089827913	2.16617586850814	0.141076671266222	0.237008807727253
"hsa-miR-16-5p"	0.184681300497537	11.8767918152814	0.240383390614952	0.623929346925062	0.743810968168305
"hsa-miR-17-3p"	-0.278189120259514	7.18695951047241	0.345528785921314	0.556655154668672	0.675632835506162
"hsa-miR-17-5p"	0.922557243617051	8.80609861905785	3.32934660988922	0.0680539049095118	0.125957396883368
"hsa-miR-181a-2-3p"	-0.0173445402878787	8.69769502386993	0.00156717878594748	0.968421906285501	0.977265550975802
"hsa-miR-181a-3p"	-0.262887148464775	9.8068620068154	0.589883579403379	0.442464141369855	0.572477301393225
"hsa-miR-181a-5p"	-0.530301173001048	14.2453111107547	1.81625398565347	0.177759822877173	0.284624232524741
"hsa-miR-181b-2-3p"	1.05703340082189	2.06673865958681	1.83727506533771	0.1752706623355	0.282294341106735
"hsa-miR-181b-3p"	0.511893190021185	5.10666068176521	1.48997077390414	0.22222099449288	0.339867403342052
"hsa-miR-181b-5p"	0.151033922206877	11.9875281652645	0.146691003002616	0.70171782525484	0.803224177335728
"hsa-miR-181c-3p"	0.476310761636694	6.42696350543688	2.5576782914312	0.109759667052601	0.190855981562802
"hsa-miR-181c-5p"	0.0325584561922892	8.28111706655717	0.010509258291215	0.918348166408487	0.944290205007597
"hsa-miR-181d-5p"	0.738584138869902	5.91673654854563	4.99333719357089	0.0254450906764585	0.0542696074583841
"hsa-miR-182-5p"	-4.74520022481701	9.38725438955567	14.7374071186246	0.000123570106241146	0.000492476481807778
"hsa-miR-183-3p"	-4.51417914472919	2.14537462659979	4.80766497097667	0.0283334122691175	0.0585986481020384
"hsa-miR-183-5p"	-5.17624685307617	7.45701290157829	12.6632119882746	0.000372920995382913	0.00131364428051013
"hsa-miR-184"	-6.75008152984686	3.77908210617011	6.51047304483594	0.0107240975939411	0.0255692457916675
"hsa-miR-185-3p"	-0.352113153094923	3.50413393502944	1.19756323686895	0.273809253203278	0.397605990023909
"hsa-miR-185-5p"	0.126367542299165	6.60258752857658	0.0744263024199938	0.784997854337425	0.858935527992453
"hsa-miR-186-5p"	-0.0936048699842778	12.492625542415	0.11704400540755	0.732262884297812	0.824361927477537
"hsa-miR-187-3p"	1.22967592620071	2.06408308626096	1.98800308122104	0.158549831463271	0.259186251433971
"hsa-miR-188-3p"	-0.743402347625875	2.06467515372609	1.10409597825399	0.29336896233195	0.418223116013694
"hsa-miR-188-5p"	0.213358253080332	4.59951720705487	0.372965499167226	0.541392237799	0.663227858283825
"hsa-miR-18a-3p"	0.459926735653372	5.20859604272326	0.772417920249563	0.379470087182717	0.509067979365512
"hsa-miR-18a-5p"	0.494590215241326	6.61380236578158	0.673752007783168	0.411746536791753	0.539121364720137
"hsa-miR-1908-3p"	0.63680116786791	2.32610432541682	1.46400751573209	0.2262935579594	0.345129281133609
"hsa-miR-1908-5p"	1.89544360855932	2.71567794396392	19.0187307647757	1.2944156718675e-05	6.31027640035408e-05
"hsa-miR-190a-5p"	-3.79615139578509	5.34976914040467	35.1036500194112	3.12614285061688e-09	2.84478999406136e-08
"hsa-miR-190b"	-0.652450734595591	2.24156048368166	0.778915180702878	0.377473121531399	0.507636266887054
"hsa-miR-191-3p"	-0.0284970906549134	4.16614222317495	0.00571541920685803	0.939737024922894	0.957932331716869
"hsa-miR-191-5p"	-0.135743869956871	13.8410486384989	0.227408551671516	0.633452041521739	0.747308673542367
"hsa-miR-1910-5p"	1.63576470522043	4.59295300639917	17.0318338457004	3.67583525740309e-05	0.000168655970633789
"hsa-miR-192-5p"	-0.967913204668265	8.91607263550297	6.59170669719523	0.0102454903920681	0.0246433381236527
"hsa-miR-193a-3p"	0.268046538795008	10.007120991684	0.211207124312732	0.645822913189507	0.755073470238696
"hsa-miR-193a-5p"	-1.18107279474215	7.93937286068105	6.99660122522154	0.00816646241882497	0.0202676749121747
"hsa-miR-193b-3p"	-0.595674696748255	8.59156696153346	3.66259983293906	0.0556467376529949	0.104409342812836
"hsa-miR-193b-5p"	-1.45511604935707	3.2531636718213	13.9916270430187	0.000183626534851432	0.000711064454105545
"hsa-miR-194-5p"	-0.851388876186843	4.0015310873115	2.89746143753296	0.0887191709827035	0.159344300514987
"hsa-miR-195-3p"	2.42875219143658	3.95324021510826	44.0022837870479	3.27992945770832e-11	4.47710370977185e-10
"hsa-miR-195-5p"	2.27985475272677	7.09378612819031	41.2760383552126	1.32179307928447e-10	1.67836981695191e-09
"hsa-miR-196a-5p"	-5.69158823384449	2.37870743914288	10.2128089967862	0.00139468584678764	0.00432669586560256
"hsa-miR-196b-5p"	0.509297380324137	4.39980315867195	0.122324772332639	0.726526637371555	0.822994904574417
"hsa-miR-197-3p"	0.407620042662695	9.04714357683839	2.0669092344129	0.150526306584107	0.24942536593709
"hsa-miR-199a-3p"	-5.34117467731687	12.8275769012883	47.9704397557233	4.3269372127504e-12	6.94855211224035e-11
"hsa-miR-199a-5p"	-6.30369896013525	10.8449429694339	83.4466521694416	6.54588358665161e-20	3.57405243831178e-18
"hsa-miR-199b-3p"	-5.50418928748136	11.6442752070953	48.4342552912115	3.41549558738345e-12	5.65109269912535e-11
"hsa-miR-199b-5p"	-6.08833052678856	10.2401588401865	30.8680886184897	2.76175882625121e-08	2.09433377657383e-07
"hsa-miR-19a-3p"	0.446773310270964	7.66436258704227	1.02022275444605	0.312466176997623	0.435220746532404
"hsa-miR-19a-5p"	0.857649270899362	2.66995642053014	1.13525086948124	0.286658083948344	0.410801348650383
"hsa-miR-19b-3p"	0.143103972109612	8.96423622710193	0.108430202013345	0.741938455189453	0.825751110944332
"hsa-miR-200a-3p"	-4.92289501451935	4.26021174190721	7.06623536298805	0.00785501321531764	0.0196735652090066
"hsa-miR-200a-5p"	-3.7523926755134	1.78922651580994	3.20659805443921	0.0733418279042437	0.135285939309855
"hsa-miR-200b-3p"	-5.63660277839943	7.65789904669534	10.6769055908449	0.00108481377585116	0.00346379135447213
"hsa-miR-200b-5p"	-4.48968811872681	1.66739961639546	6.10883155767486	0.0134508023224581	0.0315199058715114
"hsa-miR-200c-3p"	-6.9169367175064	6.19537666023987	8.15194793789176	0.00430149315921328	0.0116318932508477
"hsa-miR-200c-5p"	-3.69541445936499	1.3857046740622	4.18945891889076	0.0406760777676061	0.0804678929750468
"hsa-miR-203a-3p"	-3.11903772640624	3.86619563837149	2.31464257462182	0.128160756990506	0.217993063292263
"hsa-miR-204-5p"	-0.629169477521659	9.50540795178891	1.03535460367256	0.308904334807918	0.432151453068689
"hsa-miR-205-3p"	-5.23045729522322	2.07988260996917	4.49621226601556	0.0339700198733733	0.0694667822129656
"hsa-miR-205-5p"	-9.50673072422581	10.7294426203921	11.5181411511799	0.000689202725039847	0.00225332148426201
"hsa-miR-20a-3p"	0.328461244460638	2.9736634286751	0.273576524131261	0.600942637571255	0.719549737091897
"hsa-miR-20a-5p"	1.02559949010783	8.75778105043043	4.4367924236584	0.0351722694801275	0.0711261449487022
"hsa-miR-20b-5p"	-2.74269206491673	1.65604739374126	1.68238322234949	0.194608079096541	0.307408651148514
"hsa-miR-21-3p"	-0.0243647584567485	12.4039422042306	0.00559241897607876	0.940387783516926	0.957932331716869
"hsa-miR-21-5p"	-0.205528327691136	16.3672435098301	0.423857428983396	0.515018511022867	0.636199337145895
"hsa-miR-210-3p"	-2.32804534369608	8.35892502437506	28.4061966991948	9.83500022834632e-08	6.79735458819885e-07
"hsa-miR-210-5p"	-2.48040156835336	5.08778054650773	29.2724192848149	6.28844183676134e-08	4.51774900377854e-07
"hsa-miR-2110"	1.27996035348726	2.87202248344279	10.1424090142231	0.00144896680396703	0.00446969420884745
"hsa-miR-2110-3p"	0.065631847840208	3.8447977888709	0.0303634057617899	0.861668218170801	0.905159544060002
"hsa-miR-2114-5p"	-0.986733215816356	1.78085265005127	0.468866888568039	0.49350891511908	0.612777396090272
"hsa-miR-2116-3p"	0.669191249745821	3.48327854989814	2.77499749181236	0.0957468064614207	0.169183677436685
"hsa-miR-212-3p"	-2.3987615665164	3.93559522538148	27.7133937545541	1.40685275487795e-07	9.36758053857758e-07
"hsa-miR-212-5p"	-2.30018678725398	4.22830422901477	17.6713276947741	2.62554616043152e-05	0.000122525487486804
"hsa-miR-214-3p"	-4.92971181811976	7.51029631314108	52.7034010722289	3.87918774088434e-13	7.0601216884095e-12
"hsa-miR-214-5p"	-5.34575386498404	6.36419452163514	86.997793647737	1.08642309498004e-20	6.64177844937711e-19
"hsa-miR-215-5p"	-0.431538136410906	3.60838403909164	0.993536582190018	0.318879536405646	0.443023478059752
"hsa-miR-216a-3p"	6.65625918790199	6.17275942300392	90.2701011109111	2.07768702701413e-21	1.89069519458286e-19
"hsa-miR-216a-5p"	6.64033323419373	5.7501725540508	170.052992385555	7.20431066766124e-39	3.93355362454304e-36
"hsa-miR-217"	6.55770143203034	5.80755879395521	73.2706323527269	1.13037351667265e-17	4.40845671502334e-16
"hsa-miR-218-1-3p"	-2.26876249934189	5.8196068870338	21.4237823864902	3.68175952484847e-06	1.93292375054545e-05
"hsa-miR-218-5p"	-1.07338082064592	7.04910290568542	5.31084796726248	0.0211930386812759	0.0461011917130544
"hsa-miR-219a-1-3p"	0.148811468274624	2.50373326224413	0.11407446186238	0.735552262132097	0.824799030470867
"hsa-miR-22-3p"	-0.133135728136141	16.692835293434	0.235966234567741	0.627134814484398	0.746003504811506
"hsa-miR-22-5p"	-0.918039644425453	7.0325134632915	11.3727030894242	0.000745313336249038	0.00240793539403535
"hsa-miR-221-3p"	-0.385324083944899	13.532954781072	1.55627439177546	0.212211555780009	0.328236570696558
"hsa-miR-221-5p"	-0.894065302723055	10.1065081418866	4.46599912745187	0.0345758629726682	0.0701800043980551
"hsa-miR-222-3p"	-0.00605894136164914	14.0683458132165	0.000378703569765548	0.984473901032003	0.984473901032003
"hsa-miR-222-5p"	0.447227859138591	6.68964960791743	2.02330185340059	0.154901994781557	0.255518094110966
"hsa-miR-223-3p"	-4.79259318317238	2.36016931484095	11.8622116778859	0.000572844731480062	0.00195007348892044
"hsa-miR-224-3p"	-3.01104846700012	3.35546500079604	21.0003706767752	4.59194520328218e-06	2.38781150570673e-05
"hsa-miR-224-5p"	-1.98812005288247	10.0109932189053	17.7236577063636	2.55430069612739e-05	0.000120228291386686
"hsa-miR-2277-5p"	0.135666655276977	3.56839162521452	0.185455977714685	0.666725788176147	0.772892314955788
"hsa-miR-2355-3p"	1.02695983810535	2.65684119014146	3.13901430619499	0.0764399912190845	0.140054480555772
"hsa-miR-2355-5p"	0.381131073888106	4.76863618220522	1.14580003432692	0.284430078511896	0.409759427091016
"hsa-miR-23a-3p"	-0.163701239421749	11.1279670160022	0.516197480514835	0.47246825133446	0.596784245932093
"hsa-miR-23a-5p"	-0.15421652939847	5.48510580840285	0.175871686026703	0.674945319395843	0.780657530809636
"hsa-miR-23b-3p"	-1.79438689956761	10.0500484660266	33.2477758833149	8.11324961121623e-09	6.92161607456884e-08
"hsa-miR-23b-5p"	-1.97248804729343	2.39558497266079	7.43091859433453	0.00641126060686258	0.0165902762623079
"hsa-miR-24-1-5p"	-1.40922136048878	2.37921765202557	5.84894152924152	0.0155864232553235	0.0359079624363148
"hsa-miR-24-2-5p"	-0.220782486862424	7.64533361871867	0.527066352289001	0.467842843864831	0.594051611046971
"hsa-miR-24-3p"	-0.219164256104449	9.79777926848846	0.565726236625068	0.451962211651539	0.580638511909977
"hsa-miR-2467-5p"	0.710900858873019	3.55022227549983	4.84106123613396	0.0277897882675564	0.0576928684185772
"hsa-miR-25-3p"	0.0734353106997063	10.946144316805	0.0421283972872928	0.837375217811235	0.894729684784608
"hsa-miR-25-5p"	0.0458881416079933	4.8208642622039	0.0135037683630905	0.907489506965368	0.938426649248279
"hsa-miR-2682-3p"	0.60456299926968	3.89569954968977	2.48307776968287	0.115076867089593	0.197584809531188
"hsa-miR-2682-5p"	0.959435055134426	5.28234617103006	6.90166289109745	0.00861156137883846	0.0211797860939
"hsa-miR-26a-1-3p"	0.8064968436961	2.771962710874	2.11648625212372	0.145720525515492	0.243313171044217
"hsa-miR-26a-2-3p"	-0.381867923184119	4.9997632369164	2.22697177294879	0.135619420801576	0.229963365707019
"hsa-miR-26a-5p"	-0.594140358706151	14.1708191925524	7.21327916227702	0.00723661613092176	0.0182925574420522
"hsa-miR-26b-3p"	-0.26449268337565	5.23434868241476	0.315683544015155	0.574213297776043	0.694506128053321
"hsa-miR-26b-5p"	-0.331481702390169	10.7408856153949	1.13949298791631	0.28575948720639	0.41059126319655
"hsa-miR-27a-3p"	0.103476856067987	12.4255330915826	0.107879740815349	0.742571053981075	0.825751110944332
"hsa-miR-27a-5p"	0.138733995360993	6.7107291830493	0.213462593094306	0.644066890675238	0.754636313967124
"hsa-miR-27b-3p"	-1.70436984330302	14.3320685835169	25.321005678307	4.85393875958316e-07	2.88070713340479e-06
"hsa-miR-27b-5p"	-1.46700975548259	6.81000989640346	18.1293966233419	2.06390436529703e-05	9.79905898654066e-05
"hsa-miR-28-3p"	0.163920788362701	11.9899409889788	0.387381527128724	0.533679003421227	0.656280936639617
"hsa-miR-28-5p"	0.474447092324864	8.99338337198851	1.97107650676613	0.160333643198719	0.261319908019405
"hsa-miR-296-3p"	-4.39258745905758	5.052816103565	22.8757019516205	1.72822795588858e-06	9.72796354551714e-06
"hsa-miR-296-5p"	-4.03575165044758	4.94787727283162	25.9639377753311	3.47854899428358e-07	2.15828153508958e-06
"hsa-miR-299-3p"	-1.88020923321042	5.70253386898109	15.1665904179165	9.84296289574883e-05	0.000413404441621451
"hsa-miR-299-5p"	-3.3258323454393	4.63095061715508	37.4882884361782	9.19635304716291e-10	9.65617069952105e-09
"hsa-miR-29a-3p"	-1.70976522592104	13.2937166755213	43.5373873612381	4.15936346771543e-11	5.53905476432348e-10
"hsa-miR-29a-5p"	-0.794714699828626	5.93231291434949	6.57448107788363	0.0103451160161181	0.0247738304596512
"hsa-miR-29b-1-5p"	-1.18575777451155	4.31221135133346	6.36998750174622	0.0116066413212825	0.0275531572235663
"hsa-miR-29b-3p"	-1.48027813012021	9.02061321360119	12.4993860082615	0.000407085784471508	0.00142480024565028
"hsa-miR-29c-3p"	0.270829119267082	7.99389302058744	0.895807354261791	0.343908406765297	0.471793944959427
"hsa-miR-29c-5p"	0.873883972842343	4.09540081722438	4.2074203757056	0.0402474991650982	0.0802642403299251
"hsa-miR-301a-3p"	-0.568791174745336	8.60220673491065	0.822240474872238	0.364525917008501	0.493873823043776
"hsa-miR-301a-5p"	-0.948853615366755	3.03688313548344	2.80137694048403	0.0941833914614071	0.16710434000067
"hsa-miR-301b-3p"	1.46246048196754	6.74354051698219	15.2932193804831	9.20463225501669e-05	0.000389591411723962
"hsa-miR-302a-5p"	-5.63886768808424	2.30278254189054	27.9647246253534	1.23547238099747e-07	8.43209900030771e-07
"hsa-miR-302b-3p"	-4.00647989797095	1.84046352426846	20.0815564576697	7.42088736492283e-06	3.71725183600722e-05
"hsa-miR-302d-3p"	-5.36489516994183	2.12831218546257	31.3968216170096	2.10324925417815e-08	1.64053441825895e-07
"hsa-miR-3074-3p"	-1.1179540017519	1.60050261998657	0.649107818834235	0.420431838272556	0.54786583221197
"hsa-miR-3074-5p"	-1.31969985650333	2.19563554162047	1.58748407845145	0.207685957395155	0.323067044836908
"hsa-miR-30a-3p"	0.576635057731256	8.36281874991427	2.93029827672038	0.0869314301103417	0.157167420000817
"hsa-miR-30a-5p"	0.864376899732286	13.8718698679836	5.73058571415796	0.0166719211485518	0.0371545671310582
"hsa-miR-30b-3p"	-0.351102326812991	2.45742318223039	0.372292037338813	0.541757554568839	0.663227858283825
"hsa-miR-30b-5p"	-0.296146310389146	9.09296258120405	0.630557563190411	0.427150869819902	0.555296130765873
"hsa-miR-30c-1-3p"	-0.226772691385092	4.11921330785786	0.541770945961686	0.461699714355787	0.590370126553302
"hsa-miR-30c-2-3p"	0.0954097297554137	5.50884669330557	0.0916583553143866	0.76207939240077	0.842298275811378
"hsa-miR-30c-5p"	0.00776075409020939	11.258316923877	0.000538204158743838	0.981491354771471	0.983292256339859
"hsa-miR-30d-3p"	0.0474652515352644	5.6095994126639	0.0126164944164451	0.910567171409946	0.93982925442312
"hsa-miR-30d-5p"	-0.109159617250909	11.883120578437	0.133929531837005	0.714392058490906	0.814317461244331
"hsa-miR-30e-3p"	-0.336935101740297	6.78929383716913	0.692358877605962	0.405363196070598	0.533321216998907
"hsa-miR-30e-5p"	-0.103790064033362	11.8032994757789	0.0692999634266869	0.792358771940669	0.861112988755271
"hsa-miR-31-3p"	-1.43235333034195	8.44136131216117	12.0479095809146	0.000518504923208898	0.00178052634007584
"hsa-miR-31-5p"	-1.66677057064079	13.6864093484447	39.3056044163247	3.62399640504262e-10	4.3015261677245e-09
"hsa-miR-3117-3p"	-0.717151320353543	3.65638744314817	1.37451227430153	0.241038122935292	0.362553209704323
"hsa-miR-3129-3p"	-1.07706659661279	3.16752809950998	4.19990985030982	0.0404261283712993	0.0802642403299251
"hsa-miR-3152-5p"	0.0716096300378951	4.28914581648792	0.0231050681627636	0.879184164362594	0.919606424793058
"hsa-miR-3158-3p"	0.324703876003836	3.8857099166578	0.823572120302341	0.364137827674657	0.493873823043776
"hsa-miR-3168"	-1.3902088414815	3.75342262469939	4.94353146835002	0.0261884774903346	0.0549958027297028
"hsa-miR-3174"	0.621876283775488	2.50859645300266	1.60511138266057	0.20518035479452	0.320998492028103
"hsa-miR-3176"	1.29635797398803	4.35509939290757	7.66148301730816	0.00564121160875945	0.0148274209183414
"hsa-miR-32-3p"	0.984449493327458	2.39546012013427	2.12915317100935	0.144520578833891	0.242049803813817
"hsa-miR-32-5p"	-0.0816390213999789	3.77082625558759	0.0142707481173581	0.904910741026483	0.938426649248279
"hsa-miR-3200-3p"	0.665624573084918	4.49682601982958	1.75141828753295	0.185698533178472	0.295601746692261
"hsa-miR-320a"	-0.128223739749362	10.7668733266967	0.174339158318812	0.676283904895527	0.780657530809636
"hsa-miR-320b"	-0.734122170624134	2.64025687158532	3.13052762978599	0.076838867826583	0.140314454292021
"hsa-miR-323a-3p"	-2.39366172648901	6.22682369952878	31.6416432978954	1.85410728205683e-08	1.48873908235739e-07
"hsa-miR-323b-3p"	-2.04754701797261	5.24827177175714	13.76376706356	0.000207295984029593	0.000785997272778874
"hsa-miR-324-3p"	0.227398545735283	5.48717892468927	0.748336845601056	0.387003306671919	0.516241243462154
"hsa-miR-324-5p"	0.64388000683391	4.53291688646374	3.67804232581725	0.0551335487489225	0.103803164196247
"hsa-miR-326"	3.82643030817513	6.05084156232041	51.5705228952937	6.90708771138401e-13	1.21653867432764e-11
"hsa-miR-328-3p"	-1.55951492116254	6.03767748758187	18.563663383265	1.64323133224202e-05	7.87021322284337e-05
"hsa-miR-329-3p"	-2.68199006938015	5.81057388255905	37.8736447517231	7.54780260035428e-10	8.24220043958688e-09
"hsa-miR-330-3p"	0.0344338792848309	4.7459117754339	0.0107244097807211	0.917519543175533	0.944290205007597
"hsa-miR-330-5p"	0.372406929623698	6.23421046251721	0.602167780716172	0.437752112837068	0.567726018073727
"hsa-miR-331-3p"	0.356151413459917	8.95856720480511	1.03562930687522	0.308840162714837	0.432151453068689
"hsa-miR-331-5p"	0.313318251627924	4.13011242424778	1.18954431349883	0.275421492919747	0.397831045328523
"hsa-miR-335-3p"	-1.99586254705314	7.68817608638514	9.48253836228023	0.00207436757987658	0.00615546031854679
"hsa-miR-335-5p"	-3.1788934806492	6.33799858503326	23.4689253344116	1.26947737861798e-06	7.22015259088978e-06
"hsa-miR-337-3p"	-2.56109597056127	6.12572332965816	40.0389599047028	2.4894775662683e-10	3.02056611373886e-09
"hsa-miR-337-5p"	-2.25749998555041	4.07894510625378	25.4598436974768	4.51687093510552e-07	2.74023503396402e-06
"hsa-miR-338-3p"	6.22445188129799	4.40691020361626	54.1916703516222	1.81856116807525e-13	3.64328356954475e-12
"hsa-miR-338-5p"	3.88149975778375	2.707996839319	37.6890664392555	8.29682953996887e-10	8.88248809573138e-09
"hsa-miR-339-3p"	-0.0648806046747159	7.28915856264242	0.0838358943537507	0.772164894063524	0.850004097094122
"hsa-miR-339-5p"	-0.256425085710033	7.09252119907039	0.795870810645752	0.372330803849068	0.503199551736612
"hsa-miR-33a-3p"	-0.110232878268419	3.02758478741765	0.0434228240555541	0.834931147884874	0.894021777100613
"hsa-miR-33a-5p"	0.244553812710243	5.01245693464078	0.188058192962195	0.664537704393857	0.772208600458384
"hsa-miR-33b-3p"	-0.0405030264797295	3.3194507735853	0.00765949737613525	0.930259337685605	0.954739846572068
"hsa-miR-33b-5p"	-0.814619133762582	4.54140907989439	3.40473101717349	0.0650097123317095	0.120732322901746
"hsa-miR-340-3p"	0.0773488099453149	4.54739951964174	0.0408062087971963	0.839912450048658	0.895687886184702
"hsa-miR-340-5p"	0.699296542560242	8.4834074647853	4.17629655013776	0.0409931859643156	0.0805117968939436
"hsa-miR-342-3p"	0.0397832426388811	7.82197022786674	0.0160871273895413	0.899070961725353	0.936818215843593
"hsa-miR-342-5p"	-0.429403227010166	3.15001995305475	1.80847047226957	0.17869182008292	0.285279923290275
"hsa-miR-345-3p"	-2.67635640339818	2.78368539342945	2.86082493189099	0.0907609416823881	0.1619459939823
"hsa-miR-345-5p"	1.54226658006691	9.40166078631735	27.1078916879093	1.92410865906657e-07	1.23595685629452e-06
"hsa-miR-34a-3p"	0.635827948516317	4.21583492347409	1.52270896604711	0.217210005783778	0.333136694263884
"hsa-miR-34a-5p"	0.12945341765516	9.35952171832567	0.0688195853624691	0.793063278765135	0.861112988755271
"hsa-miR-34b-5p"	-5.13083316288436	3.62033825815772	35.2295901533001	2.9303709389108e-09	2.71183480109372e-08
"hsa-miR-34c-5p"	-3.86775039644489	6.8657383910499	35.6017509212842	2.42069863293853e-09	2.3187744799727e-08
"hsa-miR-3605-3p"	-1.02971241829684	3.80121073635459	8.62587768815215	0.00331420716421798	0.0091391773316314
"hsa-miR-3605-5p"	-0.433390681126861	3.40536496238016	1.11755398704469	0.290445754048067	0.415139742696975
"hsa-miR-3607-3p"	0.107917458007941	5.51621823411296	0.068661022826916	0.793296398065754	0.861112988755271
"hsa-miR-361-3p"	-1.08132216741529	7.98224022945141	7.99316418938331	0.00469542842697963	0.0126290833553245
"hsa-miR-361-5p"	0.0923900824111046	7.73372978260768	0.151102027956785	0.697484437706475	0.800055678545663
"hsa-miR-3613-3p"	-0.0438230067419086	2.53187088451974	0.004811860726182	0.944697036609607	0.960529947837701
"hsa-miR-3613-5p"	0.19390899052084	3.98585578287687	0.232699587836152	0.629529309542634	0.746805040161115
"hsa-miR-3614-5p"	-1.75218628689987	2.19731870590272	2.37355336975858	0.123405868551951	0.210988659307098
"hsa-miR-3615"	0.455899462885689	3.34871036191036	1.34075880125824	0.246900196417525	0.367322908021712
"hsa-miR-362-3p"	-1.36505810537938	2.76777535386516	4.17710897519278	0.0409735380202421	0.0805117968939436
"hsa-miR-362-5p"	-0.164952497188703	4.28316298431129	0.113407543842889	0.736297553257911	0.824799030470867
"hsa-miR-363-3p"	-4.17400917280629	3.05030509809712	4.90691297737144	0.026749407217904	0.0559585300420521
"hsa-miR-3651"	-0.148600784789869	3.04331118770994	0.0788023308363783	0.778927063296807	0.855722689255648
"hsa-miR-365a-3p"	-0.933066838037846	6.80367627716096	14.7400672642502	0.000123395881727447	0.000492476481807778
"hsa-miR-365b-3p"	-0.922214692950127	6.7960449470364	14.2065091138757	0.00016380291520427	0.000638831369296653
"hsa-miR-365b-5p"	-0.726009437846484	3.82174229131224	4.0936107763551	0.0430455910122476	0.0842397587551513
"hsa-miR-3661"	0.525828837564958	3.78202786433424	2.70133320331923	0.100264372206209	0.17602683995045
"hsa-miR-3677-3p"	0.740549944003032	3.672888943171	1.63410692669844	0.201135942639046	0.315575358278503
"hsa-miR-3688-3p"	1.99697141585295	1.7789358821472	4.65076865605401	0.0310396453838947	0.0639533825645528
"hsa-miR-369-3p"	-2.59366462117912	6.52739882827292	22.1195005910776	2.56193992425508e-06	1.41294868549826e-05
"hsa-miR-369-5p"	-2.64863007478889	5.9752482277614	37.4176046309218	9.53574914462422e-10	9.82362081691476e-09
"hsa-miR-370-3p"	-2.61914678460754	6.64545144261294	31.0252200239516	2.54697337286408e-08	1.95865839659688e-07
"hsa-miR-370-5p"	-2.9435872216932	2.77568053543786	26.7241197822406	2.34673822300355e-07	1.4899058950697e-06
"hsa-miR-374a-3p"	0.830911981890706	7.6195084200159	3.84942679709425	0.0497629946632884	0.0963496279650903
"hsa-miR-374a-5p"	0.408960547257616	5.71658108021751	2.18380976636761	0.139468844048781	0.235030829785908
"hsa-miR-374b-3p"	0.418081312484579	4.19036189491418	0.537719439117478	0.463379404546862	0.591133539445296
"hsa-miR-374b-5p"	-0.107079284679024	5.86747556903352	0.0587842511579488	0.808427902502154	0.875796894377333
"hsa-miR-375"	-9.24082229713139	8.47960151579558	9.8926211497681	0.0016594282964485	0.0050335991658938
"hsa-miR-376a-2-5p"	-3.33050500850165	2.35902107243582	16.9767808826864	3.78397574620628e-05	0.000172170896452386
"hsa-miR-376a-3p"	-2.77340831057265	5.32598696145901	35.4486014739408	2.61870342948113e-09	2.46519322844258e-08
"hsa-miR-376a-5p"	-3.37211076963963	6.39651087639356	29.5624524264735	5.41436841178592e-08	3.94166020378015e-07
"hsa-miR-376b-3p"	-2.25316362904319	4.80193125824767	21.9850783264931	2.74778466559701e-06	1.50029042741597e-05
"hsa-miR-376c-3p"	-2.65914758267583	7.16884299277297	32.7387363163168	1.05415382499665e-08	8.85489212997182e-08
"hsa-miR-377-3p"	-2.86067721148356	4.60534422790869	35.6186164631564	2.39983108203396e-09	2.3187744799727e-08
"hsa-miR-377-5p"	-3.10219555857168	5.61433892149885	89.4589551162066	3.13066731991875e-21	2.44192050953662e-19
"hsa-miR-378a-3p"	-0.0842257348336611	10.3593888033437	0.0150135141502687	0.902479568760643	0.938426649248279
"hsa-miR-378a-5p"	0.329095834039109	3.29410562610663	0.122921525637054	0.725887209243333	0.822994904574417
"hsa-miR-379-3p"	-1.67466652139845	4.80229090294638	10.3330283584633	0.00130670632869513	0.00410035434176748
"hsa-miR-379-5p"	-3.00155465041555	4.67368624478274	54.0192298572636	1.98537007259373e-13	3.7379726194351e-12
"hsa-miR-380-3p"	-1.70320333622817	4.41796505797113	11.5270986237153	0.000685889772225	0.00225332148426201
"hsa-miR-381-3p"	-1.67887564081556	9.88743867175564	8.84075406057944	0.00294577409880478	0.00829068380385263
"hsa-miR-382-3p"	-2.39174320170399	4.45835413633034	38.6830005111209	4.98532073816242e-10	5.79145770858869e-09
"hsa-miR-382-5p"	-2.73928687057851	6.40118883754873	47.2861466087504	6.13442412967611e-12	9.56970164229473e-11
"hsa-miR-3909"	-0.328784273326167	4.74567384252854	1.03332186983284	0.30937973100798	0.432151453068689
"hsa-miR-3928-3p"	-0.813656166590133	2.92185576715512	2.9035094127008	0.0883869304208644	0.159271498382152
"hsa-miR-3929"	-4.30178330961419	1.59681787452716	9.4924175736367	0.00206322776849462	0.00615546031854679
"hsa-miR-3940-3p"	0.694542686416631	2.78361134670671	1.68090118223571	0.194804749628912	0.307408651148514
"hsa-miR-409-3p"	-2.39034956412072	10.9694357267392	40.2512756883643	2.23309478300155e-10	2.77106761708829e-09
"hsa-miR-409-5p"	-2.7862178550461	9.02998209201686	16.7517977314291	4.260188120812e-05	0.000190390494471575
"hsa-miR-410-3p"	-1.71222901279232	9.14099560206254	9.50164681441598	0.00205287567398629	0.00615546031854679
"hsa-miR-411-3p"	-1.1775894341284	4.97719716360022	4.62603048590924	0.0314903398630245	0.0646380660346293
"hsa-miR-411-5p"	-2.00300213743827	10.2451885311693	16.4296584020794	5.04890533013139e-05	0.000220536184820139
"hsa-miR-412-3p"	-3.9314995233806	1.91130487208405	17.4005111103712	3.02744554676711e-05	0.000140083497333461
"hsa-miR-412-5p"	-5.27282634719321	3.88760977463727	73.6990766203273	9.09814287452673e-18	3.82122000730122e-16
"hsa-miR-421"	0.216239214199907	7.88735492961843	0.231323530805319	0.630544182260575	0.746805040161115
"hsa-miR-423-3p"	-0.494698604043769	12.1051460970044	2.19632225264045	0.138340451826419	0.233851042406269
"hsa-miR-423-5p"	-0.825005889692525	11.2896130474499	5.69604083297656	0.0170032256376967	0.0377388666592781
"hsa-miR-424-3p"	-1.03576582795349	5.54794192613834	5.80426389616914	0.0159873589698013	0.0365234225837301
"hsa-miR-424-5p"	-0.471965187436824	7.09652109516061	1.07503789752595	0.299810270311033	0.426166598162394
"hsa-miR-425-3p"	0.0566557657917951	4.32718542483757	0.0276787334763267	0.867866357133921	0.909510616113476
"hsa-miR-425-5p"	-0.0133739421450225	7.93439887300308	0.00206886630887482	0.963720896529747	0.974428906491189
"hsa-miR-429"	-6.74262562927003	4.95818826723169	5.7652000559861	0.0163466237964989	0.0368812255904478
"hsa-miR-431-3p"	-2.66681738101938	5.40159951871348	30.4461035516266	3.43272121599686e-08	2.5327915999112e-07
"hsa-miR-431-5p"	-1.8102767382217	7.09100571191004	11.8304611360252	0.000582695618504805	0.00196390004755323
"hsa-miR-432-5p"	-2.8726134514333	6.85196528233905	46.0441130721517	1.15620048484653e-11	1.66127753875317e-10
"hsa-miR-4326"	-0.145546699746234	4.84802160774889	0.130418149921205	0.717998880182199	0.816723726207251
"hsa-miR-433-3p"	-2.0945707545496	3.68198736240302	14.6693820793055	0.000128110490013869	0.000506871938750524
"hsa-miR-433-5p"	-2.79275008807205	2.05024277941122	13.6534716551832	0.000219834487609534	0.000816528096835412
"hsa-miR-4421"	-3.86269158034122	1.8950575946333	11.7497389485483	0.000608517724676228	0.00202591876630013
"hsa-miR-449a"	-2.94959475818122	2.34078982019685	9.24885514540509	0.00235642695512672	0.006954643878374
"hsa-miR-449b-5p"	-2.98744333865609	1.42084683636269	5.65022501000919	0.0174531325293006	0.0385806087489803
"hsa-miR-450a-5p"	-0.150413230558239	6.3298487997074	0.159182301558456	0.689910470088725	0.793033929828303
"hsa-miR-450b-5p"	-0.0892005307656508	7.23043699173708	0.0436866608792492	0.834437666844943	0.894021777100613
"hsa-miR-451a"	-0.71002539517436	1.88771491429862	0.58675163659203	0.443677996897219	0.572690747768042
"hsa-miR-452-3p"	-0.753740568162442	5.07973787153042	3.12458544985478	0.0771194843996217	0.140357461607312
"hsa-miR-452-5p"	-1.07888667410801	7.43317100760629	7.4179647528258	0.00645758190533296	0.016631319435433
"hsa-miR-4521"	-0.488476202834341	4.9185592854919	0.784613448310232	0.375733886534716	0.506544943328283
"hsa-miR-4524a-5p"	-0.576812850002288	2.46178990631021	0.979110269035743	0.32241856515513	0.446803392321577
"hsa-miR-454-3p"	0.517110439256381	6.84697594513261	2.3703874553345	0.123656357103061	0.210988659307098
"hsa-miR-454-5p"	0.444178186868934	4.49273547659558	2.49489558080804	0.114215951284483	0.196725266250245
"hsa-miR-455-3p"	0.867736760199055	7.66630707957852	3.73757549563105	0.0532015888535025	0.100861345534765
"hsa-miR-455-5p"	0.970818954491548	7.17407930491665	8.86806517457159	0.00290202558308023	0.00820987548373993
"hsa-miR-4636"	-4.83835458223978	1.83588310608346	22.3242343156935	2.30282060569473e-06	1.28300005174421e-05
"hsa-miR-4645-3p"	2.6260573099399	3.14767043576461	41.5841117421014	1.12907136766732e-10	1.46779277796752e-09
"hsa-miR-4661-5p"	1.48587585462482	2.01878709892291	2.1035447631268	0.146958094538469	0.244631462250012
"hsa-miR-4662a-5p"	-1.20988333903211	3.14962854192513	2.88229837317903	0.0895581089161039	0.160323696617025
"hsa-miR-4677-3p"	-0.0273841941610181	5.35058790153185	0.00686107914179246	0.933985417412023	0.956765549544023
"hsa-miR-4746-5p"	1.36019455432654	2.44724662720019	4.27968504682628	0.0385704946677505	0.0774245959139404
"hsa-miR-4775"	-0.516312661597215	5.13089956820064	1.8446476520627	0.174407189518122	0.281734690760043
"hsa-miR-483-5p"	1.89632983461737	1.57406798356256	2.80000544588309	0.0942639866670447	0.16710434000067
"hsa-miR-484"	-0.1697204257267	10.159798017438	0.287083850348568	0.592095356496596	0.710514427795915
"hsa-miR-485-3p"	-2.1350746337311	5.97421658793039	31.9401999676517	1.58992475587162e-08	1.29567002493419e-07
"hsa-miR-485-5p"	-4.00535460471031	6.2298381345353	64.1800549757389	1.13552486899083e-15	2.81816626576816e-14
"hsa-miR-486-3p"	-2.4144778613445	3.17886130776558	7.22618536104976	0.00718477148248897	0.0182459778113441
"hsa-miR-486-5p"	-1.8820531291037	8.47691886386867	10.4044649972914	0.00125710978684365	0.00399059269544555
"hsa-miR-487a-3p"	-2.13893505898076	4.44857961633361	16.0954309789552	6.02291726549077e-05	0.000258938017870706
"hsa-miR-487b-3p"	-2.92004217877426	7.97256789388465	38.2751735639728	6.14393479671064e-10	6.98872583125835e-09
"hsa-miR-490-3p"	-5.63185319718719	2.29837371295179	12.7975852752351	0.000347067034258058	0.00124670132042697
"hsa-miR-493-3p"	-3.9480314666287	6.7418689049142	60.9132741729058	5.96453088317496e-15	1.30265354488541e-13
"hsa-miR-493-5p"	-3.65805433235024	6.28706385720238	76.2766117828733	2.46587151833871e-18	1.22396895364812e-16
"hsa-miR-494-3p"	-2.0788070650235	6.51042476008526	21.873669567949	2.91202312226422e-06	1.55878884780026e-05
"hsa-miR-495-3p"	-2.75780188227437	6.13403922652735	67.0351463716972	2.66709567266116e-16	7.66439072248944e-15
"hsa-miR-496"	-3.37414530624772	4.18508019146052	32.063726241153	1.49197200312944e-08	1.23426774804344e-07
"hsa-miR-497-5p"	2.76085531737887	7.72573584186046	25.1671911501281	5.25689434336031e-07	3.08630571126315e-06
"hsa-miR-500a-3p"	-0.612321996434006	9.50181608628512	3.16057446016184	0.0754366336394259	0.138681488104803
"hsa-miR-500b-3p"	0.232863763167148	2.57895140479539	0.227067505887526	0.633706805586293	0.747308673542367
"hsa-miR-501-3p"	-0.506011711329138	8.46553465640107	1.19145452309776	0.275036357988567	0.397831045328523
"hsa-miR-501-5p"	0.359287928559427	4.06246801310911	1.24634583146218	0.264251553023213	0.385593020864191
"hsa-miR-502-3p"	-0.491134579246638	5.55065075421668	1.30485081411411	0.253329064052268	0.372823905586357
"hsa-miR-502-5p"	-0.135332433854124	2.6253318104586	0.070209992796336	0.791031276032291	0.861112988755271
"hsa-miR-503-5p"	-0.151730354704233	4.13343251743986	0.103549871640599	0.747610533833593	0.829665348522646
"hsa-miR-504-5p"	-3.62294467317983	2.60459914577739	9.90974219274199	0.00164406147231373	0.005014846725605
"hsa-miR-505-3p"	0.884270856274764	7.11645951983392	8.15115498498189	0.00430337442613779	0.0116318932508477
"hsa-miR-505-5p"	0.605700208694665	3.05756248797659	3.47275080749239	0.0623874813774544	0.116257900450819
"hsa-miR-515-5p"	3.70456934519192	1.30530509959664	6.66270695754263	0.00984512520081543	0.0237851254851559
"hsa-miR-532-3p"	-0.414702801959304	6.00561072261031	1.53053676543443	0.216031903697217	0.332263153292058
"hsa-miR-532-5p"	-0.865728194257198	9.3911312265775	7.79171205726605	0.00524864364346656	0.0140478403398664
"hsa-miR-539-3p"	-1.77277043076853	6.35281781770775	10.2575260900708	0.00136128105006009	0.00424719687618747
"hsa-miR-539-5p"	-2.59041742408728	3.94774298613035	34.4140968754255	4.45485002887445e-09	3.92314212220234e-08
"hsa-miR-541-5p"	-3.50750166455043	2.93855616885489	25.730795001429	3.92513548032096e-07	2.40800446320814e-06
"hsa-miR-542-3p"	-0.30205912925967	4.9042589348972	0.52205093712632	0.469968119464275	0.595365645539429
"hsa-miR-542-5p"	-0.848185541589752	3.21458978555827	2.54183034600474	0.110866199876211	0.192168079785432
"hsa-miR-543"	-2.94701017209591	5.63429088666816	47.1430400452528	6.59905655056778e-12	1.00085691016945e-10
"hsa-miR-548ar-3p"	3.17525530449896	1.5618819896848	7.77487081375655	0.00529780048728696	0.0141102393466277
"hsa-miR-548e-3p"	0.111260356812267	5.20946407668298	0.117427293466111	0.731841723182423	0.824361927477537
"hsa-miR-548e-5p"	1.23865326191449	3.374245532752	7.31008165445082	0.00685688111003227	0.0175767938313503
"hsa-miR-548h-5p"	-0.216973773001168	2.45693051441241	0.0754212164200823	0.783601103767694	0.858935527992453
"hsa-miR-548k"	0.689650177313515	6.08172731086122	3.60367288813712	0.0576520661762798	0.107801466206331
"hsa-miR-548n"	2.06971882909047	2.38478505130051	13.8593228936076	0.000197016882012429	0.0007575437857661
"hsa-miR-548o-3p"	1.27591673116671	4.38633867643234	8.76700892001974	0.00306728044118158	0.00858838523530841
"hsa-miR-548s"	0.899657142478816	2.10007941967493	1.58755068654276	0.20767642169052	0.323067044836908
"hsa-miR-549a"	-5.14963108302234	2.51508009094428	24.251976281683	8.45203154466881e-07	4.9093715142438e-06
"hsa-miR-549a-5p"	-8.33622851008014	4.5068695548264	68.9698132713775	9.99821374612435e-17	3.211191003167e-15
"hsa-miR-550a-3p"	0.353578426402822	3.56732716432063	0.468206793213785	0.493813286226593	0.612777396090272
"hsa-miR-550a-5p"	0.863863295656336	3.45881843690641	2.51399891354577	0.112839270625537	0.194969119498555
"hsa-miR-551a"	2.574621252884	2.29852707813953	4.95793520932986	0.0259712003939676	0.0548308760625162
"hsa-miR-556-5p"	5.28210429512216	1.93882648882566	30.7462281707607	2.94074905318539e-08	2.19951915484825e-07
"hsa-miR-561-5p"	2.33864562252343	6.05199132113386	23.4800206862242	1.26217714467037e-06	7.22015259088978e-06
"hsa-miR-5690"	3.61477012337871	1.81394750445263	20.8507294177263	4.96503140899893e-06	2.53839048609039e-05
"hsa-miR-574-3p"	-0.829758592424138	9.57048936797495	9.07153111541128	0.00259619596999465	0.00746064736640568
"hsa-miR-574-5p"	-0.5219262848533	4.04499730194584	1.63549999547345	0.20094400647201	0.315575358278503
"hsa-miR-576-3p"	1.5713292623116	2.5407473882153	14.289160287264	0.000156765027085149	0.000615782048838069
"hsa-miR-576-5p"	0.815284964652895	4.89417772872648	8.16020386831805	0.0042819557722038	0.0116318932508477
"hsa-miR-582-3p"	3.02659115677966	6.48964334365907	31.5994520562125	1.89483045228979e-08	1.49938757529018e-07
"hsa-miR-582-5p"	2.83550127610609	5.59728025200307	16.8695758981265	4.0038231103675e-05	0.000180668381674434
"hsa-miR-584-5p"	0.200618396245585	7.29056718921573	0.295655544839388	0.586618910711147	0.705493227419133
"hsa-miR-585-3p"	-4.643809290128	2.54371706764807	29.0350514998526	7.10804717685963e-08	5.04025163450046e-07
"hsa-miR-589-3p"	1.35107889242257	5.10594245490242	15.674403253901	7.52355003056493e-05	0.000320926430991285
"hsa-miR-589-5p"	-0.0807950199888816	7.52654003479199	0.0433459186101182	0.835075286302771	0.894021777100613
"hsa-miR-590-3p"	0.467480518562473	5.56228667962923	1.24332934412192	0.264830371472659	0.385593020864191
"hsa-miR-598-3p"	1.59972217540781	4.14566003051973	6.29056208594242	0.0121382551464071	0.028690421255144
"hsa-miR-605-3p"	-3.8725357503015	2.7790269707628	13.5453370595148	0.000232869251911707	0.000859098726647243
"hsa-miR-605-5p"	-1.18511261805106	1.84126284125028	2.06462917940369	0.150751594797143	0.24942536593709
"hsa-miR-615-3p"	-6.22252519003308	4.42383827257083	20.2920860417047	6.64749741741411e-06	3.36067924991491e-05
"hsa-miR-616-5p"	-0.772251499865672	3.2858029267891	2.01698867184775	0.155547349613706	0.255809797858684
"hsa-miR-624-5p"	1.20089065818079	2.66291448159165	9.15048748368616	0.00248651813593506	0.00722148352244969
"hsa-miR-625-3p"	-1.47376692565152	6.17297754052446	11.7779631973096	0.000599360282410836	0.00200767309322894
"hsa-miR-625-5p"	-1.60910840574521	5.81049790129851	19.2207470709545	1.16440997281735e-05	5.77970768325702e-05
"hsa-miR-628-3p"	0.511247944579077	2.74735409065923	1.30960613038902	0.252465979972119	0.372557905580478
"hsa-miR-628-5p"	-0.416598614861517	3.91596156330396	1.28268841533223	0.257399767778516	0.376783574281689
"hsa-miR-629-3p"	0.819623425718243	2.65212035556304	3.78810008264158	0.0516182080373025	0.0991868230699206
"hsa-miR-629-5p"	-0.35390050002635	4.99238346520917	0.504470367651404	0.477542439581783	0.599398096578514
"hsa-miR-641"	-0.0120229669741739	4.32353297744267	0.00140439225033973	0.970106096389899	0.977265550975802
"hsa-miR-6511a-3p"	0.121595924446889	2.62519482794098	0.0440936285971851	0.83367951342545	0.894021777100613
"hsa-miR-6511b-3p"	-0.996945093993512	2.78658188550753	5.78290221344696	0.0161827993475913	0.0366631055758707
"hsa-miR-652-3p"	-0.0796983971612032	5.92021680483966	0.0301913759482701	0.862056708628573	0.905159544060002
"hsa-miR-652-5p"	0.445495808687086	3.00475319450825	0.853479416144197	0.355569887726443	0.485352896746595
"hsa-miR-654-3p"	-2.1007353497447	10.6056749229138	20.8470796281368	4.97450150204527e-06	2.53839048609039e-05
"hsa-miR-654-5p"	-4.14070709681106	4.86612835685707	61.0787897828519	5.48357386084223e-15	1.24751305334161e-13
"hsa-miR-655-3p"	-2.29599251422423	3.6067822889912	16.7390016663727	4.28901663370032e-05	0.000190390494471575
"hsa-miR-656-3p"	-2.70953186816115	5.09063866215323	34.9652421822488	3.35643632373565e-09	3.00428562747486e-08
"hsa-miR-659-5p"	0.0797965967448869	2.71538841482332	0.0317557480791848	0.858564790191505	0.905159544060002
"hsa-miR-660-5p"	-0.948108421772802	8.55940291930025	7.66562877653817	0.00562826431324781	0.0148274209183414
"hsa-miR-664a-3p"	-0.555884532068663	4.68349806567826	1.35970705654482	0.243588257691898	0.364381338903496
"hsa-miR-664a-5p"	-0.440838116426835	1.93657876140965	0.356460878084917	0.550478373461208	0.672199365721597
"hsa-miR-665"	-2.54776765089628	5.64227465401297	27.7745732346395	1.36305819266623e-07	9.18802189130567e-07
"hsa-miR-668-3p"	-4.35436097402106	3.18162021054184	66.2944600815432	3.88348612549626e-16	1.06019171226048e-14
"hsa-miR-671-3p"	-0.762325075148379	7.57636656840939	7.65914032916912	0.00564854130222531	0.0148274209183414
"hsa-miR-671-5p"	0.40321420444199	5.18712774493139	1.38307592473705	0.239577899578028	0.36135230157349
"hsa-miR-6716-3p"	0.0496275049674679	2.88524484842998	0.0136376855709059	0.907033995426583	0.938426649248279
"hsa-miR-6852-5p"	-2.01963468023909	2.39567785541343	12.9148995390128	0.000325976898970849	0.00118655591225389
"hsa-miR-7-1-3p"	-0.0879053025368591	3.93023969452322	0.111278158021518	0.738693637179952	0.824799030470867
"hsa-miR-7-5p"	0.0413659609710339	5.27528056566443	0.00569857406933494	0.939825728611256	0.957932331716869
"hsa-miR-708-3p"	-6.61161305648527	5.65480994709447	74.814848068611	5.16994205221624e-18	2.35232363375839e-16
"hsa-miR-708-5p"	-6.88010890908398	6.03402817521855	71.8076577070378	2.37229822539824e-17	8.63516554044959e-16
"hsa-miR-744-3p"	0.375363398997721	3.60771594843022	0.746289074785448	0.387653680988064	0.516241243462154
"hsa-miR-744-5p"	0.0864306072551151	8.09409731029448	0.119193124403356	0.729911264027951	0.824361927477537
"hsa-miR-758-3p"	-1.45681277615768	6.7438947403567	7.05198334440269	0.00791775351746152	0.0197401526051781
"hsa-miR-758-5p"	-2.32512560910585	2.60163868939398	16.2405702406131	5.57865618602992e-05	0.000241741768061297
"hsa-miR-760"	1.11701512696934	2.27363339591898	3.75766225364465	0.0525660233819743	0.100003654238878
"hsa-miR-766-3p"	1.55632222189863	4.11158719320067	13.7922873666221	0.000204172679296383	0.000779568411858917
"hsa-miR-769-3p"	0.731075915819852	2.59892153957782	2.7534546011343	0.0970445463373969	0.170923620323286
"hsa-miR-769-5p"	0.302852150489663	9.85603251198663	1.53175177494003	0.215849724847794	0.332263153292058
"hsa-miR-770-5p"	-2.83508598492485	2.29461223788535	13.4435430233709	0.00024585087927276	0.000900903222033066
"hsa-miR-7705"	1.94991008831005	2.63891114338389	15.1022374046263	0.000101842511807749	0.000424473369824664
"hsa-miR-7706"	0.231852792779216	5.49463035623949	0.554313541303539	0.456560520314418	0.585169117586085
"hsa-miR-7974"	1.18876337363929	5.98102370839111	5.47126192708926	0.0193316620946509	0.0423899096533309
"hsa-miR-7976"	0.636443361007191	3.49534258908986	1.39578739035973	0.237430174113599	0.359104917080401
"hsa-miR-7977"	-0.290208874949748	2.17952318040216	0.217585353069889	0.640885949444227	0.75252414708935
"hsa-miR-873-3p"	-3.62301404227206	1.35737868300102	5.8048488358478	0.015982041644454	0.0365234225837301
"hsa-miR-874-3p"	3.45102674359946	6.81620330132544	45.6748745395844	1.39601985946158e-11	1.95442780324621e-10
"hsa-miR-874-5p"	3.82727173034002	3.21441706207034	54.13859625749	1.86835054848449e-13	3.64328356954475e-12
"hsa-miR-877-3p"	-0.246739667455913	1.92595138196379	0.100513936302669	0.751213759952776	0.831973048548104
"hsa-miR-877-5p"	0.365114977513634	6.1659117558607	1.84987194797791	0.173798288302156	0.281584170364917
"hsa-miR-887-3p"	1.44815779309528	6.50814978947923	27.3808429161022	1.6707821431275e-07	1.09909283150315e-06
"hsa-miR-887-5p"	1.49941424709565	3.97550239615274	18.5813450098001	1.62805976026954e-05	7.86655423988645e-05
"hsa-miR-889-3p"	-1.90814918110475	7.3904540232495	12.6882187150708	0.00036796663734554	0.00130460898695237
"hsa-miR-9-3p"	-3.62339403112332	1.78807821003693	1.99128988367949	0.158206076006685	0.259186251433971
"hsa-miR-9-5p"	-4.90527339246736	5.07799024984843	12.275910340261	0.000458842778989562	0.00159572074731402
"hsa-miR-92a-1-5p"	0.90137044940869	3.78395325282447	5.03908258197149	0.0247816107801765	0.0530618019057897
"hsa-miR-92a-3p"	0.117214179885122	14.8328388426084	0.111365338209094	0.738595039963424	0.824799030470867
"hsa-miR-92b-3p"	-0.948925822179783	12.1001927597959	8.37678032486559	0.00380045087170905	0.0104273677183575
"hsa-miR-92b-5p"	-0.575043906362562	2.75580268980683	0.688785056028774	0.406577935843801	0.533633540794988
"hsa-miR-93-3p"	0.350352974784882	5.05079169271466	1.3131566549808	0.251823920178989	0.372557905580478
"hsa-miR-93-5p"	0.576889569457839	9.61383452939093	2.5693768585361	0.108950641601082	0.190054473847255
"hsa-miR-935"	-0.0471607368808866	6.92358431196277	0.0209178252143083	0.885003041589424	0.923922869422228
"hsa-miR-937-3p"	1.17715229351784	2.38984168159253	6.07364447354178	0.0137213556778146	0.0320164965815673
"hsa-miR-939-3p"	-1.14673704719554	1.49679532121696	0.695045909136031	0.404453364501849	0.533321216998907
"hsa-miR-940"	0.355929752056417	4.73208322567021	0.944678115514261	0.331077646890998	0.456485846470921
"hsa-miR-941"	0.363145440799969	7.91281492965934	0.890910795485773	0.345230610293768	0.47242083513884
"hsa-miR-941-3-5p"	0.368203440786417	5.63202776772603	0.954702125926321	0.32852529265415	0.454113442504218
"hsa-miR-942-5p"	0.823925746959308	3.65312776138612	6.79678520628852	0.009132216131175	0.0222597768197391
"hsa-miR-944"	-7.56840305760055	3.83126094122798	7.27340097506564	0.0069983166007753	0.0178555180561837
"hsa-miR-96-5p"	-5.62685215153554	4.67229651101755	8.67942663943911	0.00321822216644642	0.00896504746367218
"hsa-miR-98-3p"	0.30921350577588	4.78231777110722	0.581432346789054	0.445751433778804	0.574010101045347
"hsa-miR-98-5p"	0.240121471380518	11.2938942005118	0.716235421376719	0.397381542363197	0.527908326351109
"hsa-miR-99a-3p"	0.979015745883992	4.1517393980621	5.74087404004411	0.0165745426206732	0.0371545671310582
"hsa-miR-99a-5p"	1.15136304956133	9.00652466580838	5.52137303873859	0.0187855086935351	0.0413584183333475
"hsa-miR-99b-3p"	0.589153506204947	6.50607934222665	6.24825639625274	0.0124315617993784	0.0292570376830199
"hsa-miR-99b-5p"	0.218309540802664	14.503419985107	0.250174966926068	0.616951904811836	0.737102275770815
