"logFC"	"logCPM"	"LR"	"PValue"	"FDR2"
"hsa-let-7a-3p"	0	5.15190828387449	0	1	1
"hsa-let-7a-5p"	0	14.4524306753277	0	1	1
"hsa-let-7b-3p"	0	4.99975731487357	0	1	1
"hsa-let-7b-5p"	0	10.9821620455415	0	1	1
"hsa-let-7c-5p"	0	4.50913193859819	0	1	1
"hsa-let-7d-3p"	0	6.89098327312574	0	1	1
"hsa-let-7d-5p"	0	9.99522457309743	0	1	1
"hsa-let-7e-5p"	0	6.96791863387637	0	1	1
"hsa-let-7f-1-3p"	0	3.399551507725	0	1	1
"hsa-let-7f-2-3p"	0	3.89908253766192	0	1	1
"hsa-let-7f-5p"	0	15.0354046446431	0	1	1
"hsa-let-7g-3p"	0	5.63255137767997	0	1	1
"hsa-let-7g-5p"	0	15.289044907229	0	1	1
"hsa-let-7i-3p"	0	7.48284952202284	0	1	1
"hsa-let-7i-5p"	0	13.0502162097217	0	1	1
"hsa-miR-100-5p"	0	7.41712640386886	0	1	1
"hsa-miR-101-3p"	0	14.2364051945122	0	1	1
"hsa-miR-101-5p"	0	5.94829713483542	0	1	1
"hsa-miR-103a-3p"	0	12.1448842535671	0	1	1
"hsa-miR-106a-5p"	0	4.09309955528005	0	1	1
"hsa-miR-106b-3p"	0	8.80848904194291	0	1	1
"hsa-miR-106b-5p"	0	8.58105201052632	0	1	1
"hsa-miR-107"	0	3.95186990721146	0	1	1
"hsa-miR-10a-5p"	0	11.4700139696481	0	1	1
"hsa-miR-10b-5p"	0	4.81743495825874	0	1	1
"hsa-miR-1248"	0	3.66773551020647	0	1	1
"hsa-miR-1249-3p"	0	3.28451492987244	0	1	1
"hsa-miR-125a-3p"	0	2.59040153984421	0	1	1
"hsa-miR-125a-5p"	0	12.912879409007	0	1	1
"hsa-miR-125b-2-3p"	0	2.83754116360819	0	1	1
"hsa-miR-125b-5p"	0	7.47761973612693	0	1	1
"hsa-miR-126-3p"	0	3.70778719067934	0	1	1
"hsa-miR-126-5p"	0	5.61757447742163	0	1	1
"hsa-miR-1260a"	0	5.0914300581722	0	1	1
"hsa-miR-1260b"	0	3.35143558462678	0	1	1
"hsa-miR-127-3p"	0	3.33359679567278	0	1	1
"hsa-miR-1271-5p"	0	7.00814546532209	0	1	1
"hsa-miR-1273h-3p"	0	4.38165616700965	0	1	1
"hsa-miR-128-1-5p"	0	3.29921079128467	0	1	1
"hsa-miR-128-3p"	0	9.36984277645107	0	1	1
"hsa-miR-1285-3p"	0	3.24669421203879	0	1	1
"hsa-miR-1287-5p"	0	2.90896994126718	0	1	1
"hsa-miR-1301-3p"	0	4.8078604828419	0	1	1
"hsa-miR-1304-3p"	0	3.44383884699656	0	1	1
"hsa-miR-1306-5p"	0	2.98127912141007	0	1	1
"hsa-miR-1307-3p"	0	7.05988709747109	0	1	1
"hsa-miR-1307-5p"	0	8.47271631909456	0	1	1
"hsa-miR-130a-3p"	0	3.99027267544	0	1	1
"hsa-miR-130b-3p"	0	6.73999923088729	0	1	1
"hsa-miR-130b-5p"	0	4.58363131117135	0	1	1
"hsa-miR-132-3p"	0	5.79647571483969	0	1	1
"hsa-miR-132-5p"	0	3.62902235278365	0	1	1
"hsa-miR-140-3p"	0	12.65377345116	0	1	1
"hsa-miR-140-5p"	0	6.94206997959277	0	1	1
"hsa-miR-141-3p"	0	8.74828546643748	0	1	1
"hsa-miR-142-3p"	0	12.8845897129584	0	1	1
"hsa-miR-142-5p"	0	16.1468685954024	0	1	1
"hsa-miR-143-3p"	0	4.39943428077359	0	1	1
"hsa-miR-1468-5p"	0	4.96561955538863	0	1	1
"hsa-miR-146a-3p"	0	3.08099698281661	0	1	1
"hsa-miR-146a-5p"	0	11.3847372141087	0	1	1
"hsa-miR-146b-3p"	0	9.33967459408193	8.66862137627322e-13	0.999999257126137	1
"hsa-miR-146b-5p"	0	13.4524059070189	0	1	1
"hsa-miR-148a-3p"	0	11.7213769096105	0	1	1
"hsa-miR-148a-5p"	0	4.8799773658006	0	1	1
"hsa-miR-148b-3p"	0	9.42054876222937	0	1	1
"hsa-miR-148b-5p"	0	5.78975173727238	0	1	1
"hsa-miR-150-3p"	0	8.19245985321789	0	1	1
"hsa-miR-150-5p"	0	18.3375396470555	0	1	1
"hsa-miR-151a-3p"	0	9.25133262934562	0	1	1
"hsa-miR-151a-5p"	0	9.79834235710595	0	1	1
"hsa-miR-151b"	0	4.34642926187199	0	1	1
"hsa-miR-152-3p"	0	5.94851132654405	0	1	1
"hsa-miR-153-3p"	0	4.24646866729446	0	1	1
"hsa-miR-155-5p"	0	10.514759839456	0	1	1
"hsa-miR-15a-5p"	0	11.1480187507708	0	1	1
"hsa-miR-15b-3p"	0	5.76264567299638	0	1	1
"hsa-miR-15b-5p"	0	8.83355800024587	0	1	1
"hsa-miR-16-2-3p"	0	7.84909339063371	0	1	1
"hsa-miR-16-5p"	0	13.5849354508343	0	1	1
"hsa-miR-17-3p"	0	7.38197283150385	0	1	1
"hsa-miR-17-5p"	0	8.39519920070664	0	1	1
"hsa-miR-181a-2-3p"	0	7.71218614120835	0	1	1
"hsa-miR-181a-3p"	0	7.91796352433673	0	1	1
"hsa-miR-181a-5p"	0	14.4445221433918	0	1	1
"hsa-miR-181b-5p"	0	9.92039031655009	0	1	1
"hsa-miR-181c-3p"	0	6.36340546785013	0	1	1
"hsa-miR-181c-5p"	0	10.9697885157849	0	1	1
"hsa-miR-181d-5p"	0	6.39272503477677	0	1	1
"hsa-miR-182-5p"	0	4.11148793160686	0	1	1
"hsa-miR-185-5p"	0	6.28970744980479	0	1	1
"hsa-miR-186-5p"	0	13.8746323808459	0	1	1
"hsa-miR-18a-3p"	0	3.72232273245431	0	1	1
"hsa-miR-18a-5p"	0	4.83133816348094	0	1	1
"hsa-miR-191-5p"	0	13.0781172938872	0	1	1
"hsa-miR-192-5p"	0	12.7184122840602	0	1	1
"hsa-miR-193a-3p"	0	2.79577000344922	0	1	1
"hsa-miR-193b-3p"	0	4.80041337693364	0	1	1
"hsa-miR-194-5p"	0	7.49641910552885	0	1	1
"hsa-miR-195-5p"	0	3.79588966793819	0	1	1
"hsa-miR-196a-5p"	0	4.0938697522212	0	1	1
"hsa-miR-197-3p"	0	10.1733546574602	0	1	1
"hsa-miR-1976"	0	3.84716280639328	0	1	1
"hsa-miR-199a-3p"	0	6.00979274002807	0	1	1
"hsa-miR-199a-5p"	0	3.16590160931504	0	1	1
"hsa-miR-199b-3p"	0	4.79785625498922	0	1	1
"hsa-miR-199b-5p"	0	5.52636582465799	0	1	1
"hsa-miR-19a-3p"	0	8.46665996154186	0	1	1
"hsa-miR-19b-3p"	0	11.0491544099018	0	1	1
"hsa-miR-200b-3p"	0	4.37942686658424	0	1	1
"hsa-miR-200c-3p"	0	4.84021768656901	0	1	1
"hsa-miR-20a-3p"	0	3.35565417690196	0	1	1
"hsa-miR-20a-5p"	0	9.42869888834632	0	1	1
"hsa-miR-20b-5p"	0	4.52707844378292	0	1	1
"hsa-miR-21-3p"	0	9.84069545260803	0	1	1
"hsa-miR-21-5p"	0	14.9221818999177	0	1	1
"hsa-miR-210-3p"	0	4.99508212896435	0	1	1
"hsa-miR-2110"	0	3.5319081596375	0	1	1
"hsa-miR-2110-3p"	0	5.05061475890591	0	1	1
"hsa-miR-212-5p"	0	3.0429816758376	0	1	1
"hsa-miR-215-5p"	0	4.62755334044354	0	1	1
"hsa-miR-22-3p"	0	14.0904769134397	0	1	1
"hsa-miR-22-5p"	0	5.61088839307631	0	1	1
"hsa-miR-221-3p"	0	11.0593034042552	0	1	1
"hsa-miR-221-5p"	0	6.74136629733631	0	1	1
"hsa-miR-222-3p"	0	9.77636741499795	0	1	1
"hsa-miR-223-3p"	0	6.34242344289509	0	1	1
"hsa-miR-2277-5p"	0	3.48371477729499	0	1	1
"hsa-miR-2355-5p"	0	3.39336048097615	0	1	1
"hsa-miR-23a-3p"	0	10.9641841972927	0	1	1
"hsa-miR-23a-5p"	0	4.47342380874955	0	1	1
"hsa-miR-23b-3p"	0	7.53864294599948	0	1	1
"hsa-miR-24-2-5p"	0	5.42922578143056	0	1	1
"hsa-miR-24-3p"	0	9.22411919202585	0	1	1
"hsa-miR-25-3p"	0	12.1267897249047	0	1	1
"hsa-miR-25-5p"	0	4.62104542007508	0	1	1
"hsa-miR-26a-2-3p"	0	4.62388272675104	0	1	1
"hsa-miR-26a-5p"	0	16.2738756972889	0	1	1
"hsa-miR-26b-3p"	0	7.41039045126682	0	1	1
"hsa-miR-26b-5p"	0	13.4048616042826	0	1	1
"hsa-miR-27a-3p"	0	12.5944398754443	0	1	1
"hsa-miR-27a-5p"	0	5.90178703164462	0	1	1
"hsa-miR-27b-3p"	0	11.6434456760389	0	1	1
"hsa-miR-27b-5p"	0	3.34658213616559	0	1	1
"hsa-miR-28-3p"	0	12.7864575371172	0	1	1
"hsa-miR-28-5p"	0	10.2460473903115	0	1	1
"hsa-miR-296-5p"	0	3.77300842778085	0	1	1
"hsa-miR-29a-3p"	0	14.6010060733439	0	1	1
"hsa-miR-29a-5p"	0	5.86444627109288	0	1	1
"hsa-miR-29b-1-5p"	0	3.73650329631162	0	1	1
"hsa-miR-29b-2-5p"	0	3.23174615494731	0	1	1
"hsa-miR-29b-3p"	0	10.3417545826555	0	1	1
"hsa-miR-29c-3p"	0	12.6974970475238	0	1	1
"hsa-miR-29c-5p"	0	6.77601124862256	0	1	1
"hsa-miR-301a-3p"	0	6.24126824007136	0	1	1
"hsa-miR-30b-5p"	0	11.7565193698606	0	1	1
"hsa-miR-30c-1-3p"	0	3.56762620341329	0	1	1
"hsa-miR-30c-5p"	0	11.6495360782582	0	1	1
"hsa-miR-30d-3p"	0	5.57745919753103	0	1	1
"hsa-miR-30d-5p"	0	12.9234675762168	0	1	1
"hsa-miR-30e-3p"	0	8.51451917092589	0	1	1
"hsa-miR-30e-5p"	0	13.2360555009727	0	1	1
"hsa-miR-31-3p"	0	4.50791644390041	0	1	1
"hsa-miR-31-5p"	0	9.26841961871826	0	1	1
"hsa-miR-3158-3p"	0	2.69638637294904	0	1	1
"hsa-miR-3194-5p"	0	3.45807795856603	0	1	1
"hsa-miR-32-3p"	0	3.4307326017509	0	1	1
"hsa-miR-32-5p"	0	7.99712308388649	0	1	1
"hsa-miR-3202"	0	3.07342902210379	0	1	1
"hsa-miR-320a"	0	10.2907467646029	0	1	1
"hsa-miR-320b"	0	4.83530270399088	0	1	1
"hsa-miR-320d"	0	4.16946852328973	0	1	1
"hsa-miR-324-3p"	0	4.95095842888719	0	1	1
"hsa-miR-324-5p"	0	4.66651782235877	0	1	1
"hsa-miR-326"	0	4.60937493731865	0	1	1
"hsa-miR-328-3p"	0	6.56371055736399	0	1	1
"hsa-miR-330-3p"	0	6.00434524056204	0	1	1
"hsa-miR-330-5p"	0	5.59832950135286	0	1	1
"hsa-miR-331-3p"	0	8.0016871145016	0	1	1
"hsa-miR-331-5p"	0	3.66870931180402	0	1	1
"hsa-miR-335-3p"	0	5.93694472787921	0	1	1
"hsa-miR-335-5p"	0	7.05450234516269	0	1	1
"hsa-miR-338-3p"	0	5.11177799023689	0	1	1
"hsa-miR-339-3p"	0	9.68835911208375	0	1	1
"hsa-miR-339-5p"	0	7.09854244075314	0	1	1
"hsa-miR-33a-3p"	0	4.45539604089852	0	1	1
"hsa-miR-33a-5p"	0	4.25967900597654	0	1	1
"hsa-miR-33b-3p"	0	2.97730704810732	0	1	1
"hsa-miR-33b-5p"	0	4.86492179011708	0	1	1
"hsa-miR-340-3p"	0	3.11900782605575	0	1	1
"hsa-miR-340-5p"	0	8.22801103786056	0	1	1
"hsa-miR-342-3p"	0	13.715993978597	0	1	1
"hsa-miR-342-5p"	0	8.70848915144943	0	1	1
"hsa-miR-345-5p"	0	6.32316857591836	0	1	1
"hsa-miR-34a-5p"	0	4.62183013277494	0	1	1
"hsa-miR-3605-3p"	0	3.2584386784884	0	1	1
"hsa-miR-3607-3p"	0	9.67754095607458	0	1	1
"hsa-miR-3607-5p"	0	3.45514475957358	0	1	1
"hsa-miR-3609"	0	3.86461256923525	0	1	1
"hsa-miR-361-3p"	0	11.564433882472	0	1	1
"hsa-miR-361-5p"	0	8.15869055627247	0	1	1
"hsa-miR-3613-3p"	0	2.98412279171965	0	1	1
"hsa-miR-3613-5p"	0	4.26979032166251	0	1	1
"hsa-miR-3615"	0	5.17326734794871	0	1	1
"hsa-miR-362-3p"	0	3.77423794840728	0	1	1
"hsa-miR-363-3p"	0	9.31828812305334	0	1	1
"hsa-miR-3651"	0	3.58185761231228	0	1	1
"hsa-miR-3653-3p"	0	4.1724391433774	0	1	1
"hsa-miR-3653-5p"	0	3.73495766149923	0	1	1
"hsa-miR-374a-3p"	0	7.44656799585271	0	1	1
"hsa-miR-374a-5p"	0	7.33367573600114	0	1	1
"hsa-miR-374b-3p"	0	3.38692231208706	0	1	1
"hsa-miR-374b-5p"	0	7.01541736770064	0	1	1
"hsa-miR-378a-3p"	0	9.92446776157658	0	1	1
"hsa-miR-378c"	0	3.68909614915273	0	1	1
"hsa-miR-378d"	0	3.12213072416426	0	1	1
"hsa-miR-3909"	0	2.93334752770379	0	1	1
"hsa-miR-3912-3p"	0	4.78061761832328	0	1	1
"hsa-miR-421"	0	5.96810269019657	0	1	1
"hsa-miR-423-3p"	0	11.8149008836479	0	1	1
"hsa-miR-423-5p"	0	11.826749814165	0	1	1
"hsa-miR-424-3p"	0	2.54343706284836	0	1	1
"hsa-miR-424-5p"	0	3.88780564424502	0	1	1
"hsa-miR-425-3p"	0	5.08116367206177	0	1	1
"hsa-miR-425-5p"	0	8.84227126307475	0	1	1
"hsa-miR-4433b-5p"	0	2.23635305848748	0	1	1
"hsa-miR-4443"	0	4.07923079089499	0	1	1
"hsa-miR-450a-5p"	0	3.0081902641946	0	1	1
"hsa-miR-451a"	0	5.10997683763856	0	1	1
"hsa-miR-454-3p"	0	7.15954267113048	0	1	1
"hsa-miR-454-5p"	0	3.56991681879765	0	1	1
"hsa-miR-455-5p"	0	2.72222818815174	0	1	1
"hsa-miR-4645-3p"	0	2.90140389961035	0	1	1
"hsa-miR-4662a-5p"	0	2.63059472595414	0	1	1
"hsa-miR-4677-3p"	0	3.76142627018429	0	1	1
"hsa-miR-4772-3p"	0	3.15257452026827	0	1	1
"hsa-miR-4772-5p"	0	5.32759549153784	0	1	1
"hsa-miR-484"	0	10.0939829052824	0	1	1
"hsa-miR-486-3p"	0	3.41986967529416	0	1	1
"hsa-miR-486-5p"	0	8.79917427327547	0	1	1
"hsa-miR-497-5p"	0	2.8587513347755	0	1	1
"hsa-miR-500a-3p"	0	7.2375901545282	0	1	1
"hsa-miR-501-3p"	0	6.54340773842537	0	1	1
"hsa-miR-502-3p"	0	4.13321477717969	0	1	1
"hsa-miR-505-3p"	0	6.19392784806596	0	1	1
"hsa-miR-514a-3p"	0	2.58925573804641	0	1	1
"hsa-miR-532-3p"	0	4.7465964150491	0	1	1
"hsa-miR-532-5p"	0	8.55887949189823	0	1	1
"hsa-miR-548au-5p"	0	3.24323088643274	0	1	1
"hsa-miR-548e-3p"	0	5.93259881792466	0	1	1
"hsa-miR-548e-5p"	0	3.6379592512891	0	1	1
"hsa-miR-548j-3p"	0	2.69439629915618	0	1	1
"hsa-miR-548j-5p"	0	3.10243890153191	0	1	1
"hsa-miR-548k"	0	5.38820961321607	0	1	1
"hsa-miR-548o-3p"	0	4.11447679716162	0	1	1
"hsa-miR-548w"	0	3.94387376534524	0	1	1
"hsa-miR-550a-3p"	0	2.88525755203611	0	1	1
"hsa-miR-5690"	0	4.13578620584881	0	1	1
"hsa-miR-5696-3p"	0	3.31978149063199	0	1	1
"hsa-miR-576-5p"	0	6.3772221045716	0	1	1
"hsa-miR-577"	0	2.6775519794692	0	1	1
"hsa-miR-582-3p"	0	2.66191623499407	0	1	1
"hsa-miR-582-5p"	0	3.14657019036568	0	1	1
"hsa-miR-584-5p"	0	2.51413553347473	0	1	1
"hsa-miR-589-3p"	0	4.74726321980537	0	1	1
"hsa-miR-589-5p"	0	7.51306730579896	0	1	1
"hsa-miR-590-3p"	0	6.66486166873595	0	1	1
"hsa-miR-590-5p"	0	2.79819954330869	0	1	1
"hsa-miR-598-3p"	0	5.44951052386202	0	1	1
"hsa-miR-616-5p"	0	4.11170862908764	0	1	1
"hsa-miR-625-3p"	0	6.3738590853564	0	1	1
"hsa-miR-625-5p"	0	5.01139484049157	0	1	1
"hsa-miR-627-5p"	0	2.88992883597614	0	1	1
"hsa-miR-628-3p"	0	3.31011110216847	0	1	1
"hsa-miR-628-5p"	0	3.84929210213004	0	1	1
"hsa-miR-629-3p"	0	3.84659900827718	0	1	1
"hsa-miR-629-5p"	0	4.60165721467838	0	1	1
"hsa-miR-641"	0	3.51724683611577	0	1	1
"hsa-miR-642a-3p"	0	3.31004695339903	0	1	1
"hsa-miR-642a-5p"	0	4.28663474614329	0	1	1
"hsa-miR-651-5p"	0	3.33709574871907	0	1	1
"hsa-miR-6511b-3p"	0	2.80960273628633	0	1	1
"hsa-miR-6516-3p"	0	3.50057946950444	0	1	1
"hsa-miR-652-3p"	0	7.37216866283549	0	1	1
"hsa-miR-652-5p"	0	3.8153613218411	0	1	1
"hsa-miR-659-5p"	0	3.94037985022976	0	1	1
"hsa-miR-660-5p"	0	7.75146583392345	0	1	1
"hsa-miR-664a-3p"	0	7.23006205653888	0	1	1
"hsa-miR-664a-5p"	0	4.29078030325866	0	1	1
"hsa-miR-664b-3p"	0	4.15084812370934	0	1	1
"hsa-miR-671-3p"	0	5.18296440376686	0	1	1
"hsa-miR-671-5p"	0	4.34079992861174	0	1	1
"hsa-miR-6731-3p"	0	3.58085626492678	0	1	1
"hsa-miR-6769b-3p"	0	3.92166183462013	0	1	1
"hsa-miR-6803-3p"	0	4.30640469426838	0	1	1
"hsa-miR-6842-3p"	0	4.30679727048488	0	1	1
"hsa-miR-7-1-3p"	0	6.92621658600657	0	1	1
"hsa-miR-7-5p"	0	5.56797372040588	0	1	1
"hsa-miR-744-5p"	0	6.06350809223741	0	1	1
"hsa-miR-766-3p"	0	7.18530580199972	0	1	1
"hsa-miR-769-5p"	0	9.4746945142484	0	1	1
"hsa-miR-7706"	0	4.22950180239712	0	1	1
"hsa-miR-873-5p"	0	3.1923659531457	0	1	1
"hsa-miR-874-3p"	0	7.89254154494772	0	1	1
"hsa-miR-874-5p"	0	4.64163218769882	0	1	1
"hsa-miR-877-5p"	0	4.56185813724981	0	1	1
"hsa-miR-9-5p"	0	4.53973168356557	0	1	1
"hsa-miR-92a-1-5p"	0	4.10590354209162	0	1	1
"hsa-miR-92a-3p"	0	16.3165361517372	0	1	1
"hsa-miR-92b-3p"	0	9.17861734201164	0	1	1
"hsa-miR-93-3p"	0	3.81008578843193	0	1	1
"hsa-miR-93-5p"	0	9.62325760924744	0	1	1
"hsa-miR-941"	0	7.57518941101823	0	1	1
"hsa-miR-941-3-5p"	0	5.30784082181258	0	1	1
"hsa-miR-942-5p"	0	4.24748134825034	0	1	1
"hsa-miR-95-3p"	0	4.53883768583216	0	1	1
"hsa-miR-98-5p"	0	9.34267230942498	0	1	1
"hsa-miR-99a-5p"	0	6.94714987726544	0	1	1
"hsa-miR-99b-3p"	0	3.2272926821481	0	1	1
"hsa-miR-99b-5p"	0	11.3394957274265	0	1	1
