"logFC"	"logCPM"	"LR"	"PValue"	"FDR2"
"hsa-let-7a-3p"	-0.0118517580329143	5.3720444611337	0.000473827842554897	0.98263334990752	0.985096090132852
"hsa-let-7a-5p"	-0.239439432728726	14.602017787705	0.450160036704574	0.502258965283806	0.564335916049221
"hsa-let-7b-3p"	-0.639710630919954	5.03521374418991	1.67366955959815	0.195767747267639	0.243947348620111
"hsa-let-7b-5p"	-0.444692087353084	11.0746629676662	1.15904391144942	0.281663913049088	0.337322051555794
"hsa-let-7c-5p"	0.715087520859368	4.9895982533976	1.08242573230216	0.29815553627411	0.353893811601318
"hsa-let-7d-3p"	1.31270871933639	7.6897605450885	15.9885450727077	6.37269060605194e-05	0.000155431478196389
"hsa-let-7d-5p"	0.837501003711533	10.5549171599945	5.95248575533978	0.0146965480307456	0.0232356490604673
"hsa-let-7e-3p"	3.96186371562194	2.83742784055268	24.0237841216752	9.51530115658997e-07	3.62487663108189e-06
"hsa-let-7e-5p"	4.08645047805347	9.84406043111601	77.8912973611896	1.08869989962854e-18	2.29199978869166e-17
"hsa-let-7f-1-3p"	1.09496001026498	4.00996013287296	5.34185675330442	0.0208192866105877	0.0317851703978438
"hsa-let-7f-2-3p"	0.079119503312527	4.136912273279	0.01125182596369	0.915523144249355	0.938998096666006
"hsa-let-7f-5p"	-0.386927268585215	15.1456495553647	1.38167753788076	0.239815608199784	0.292049900663536
"hsa-let-7g-3p"	-2.36737732889329	5.4039660088313	18.4589567014022	1.73602992120574e-05	5.03197078610359e-05
"hsa-let-7g-5p"	-2.55893311293938	15.0432861527074	39.3197263381635	3.59788070010843e-10	2.71538166045919e-09
"hsa-let-7i-3p"	-1.9786318891919	7.29569025050616	16.1938736641542	5.71787344155272e-05	0.000141182060285252
"hsa-let-7i-5p"	0.274742562819091	13.3750085642235	0.908331285792713	0.34055756570077	0.391445477816976
"hsa-miR-100-5p"	-0.892935412297212	7.42294205158384	1.01287448755847	0.314215184269508	0.368580861313206
"hsa-miR-101-3p"	-3.40083564765006	13.937141042849	25.5644601920869	4.27847606895954e-07	1.80146360798296e-06
"hsa-miR-101-5p"	-2.83868684934577	5.68226480080655	18.2732957290555	1.91371156484329e-05	5.42442217159317e-05
"hsa-miR-103a-3p"	0.427232781112818	12.5289292614451	2.03279447241862	0.153937337540889	0.199748036057396
"hsa-miR-106a-5p"	-2.92937475516146	3.80508468495576	12.3657381341208	0.000437284649376985	0.00089497630762623
"hsa-miR-106b-3p"	-2.60092436958843	8.56544357393834	45.7993341659561	1.31008063206052e-11	1.16451611738713e-10
"hsa-miR-106b-5p"	-1.70114295511566	8.43449011662124	15.2948667912041	9.19660824330176e-05	0.000216390782195335
"hsa-miR-107"	1.05632604040413	4.56116565508301	5.0011064109596	0.0253311206852783	0.0378076428138482
"hsa-miR-10a-5p"	-1.94058638833244	11.280690806788	6.3497679656649	0.0117396651780017	0.0189349438354866
"hsa-miR-10b-5p"	-1.04007286071051	4.77249010215399	1.4129404338934	0.234568877190907	0.286934406349733
"hsa-miR-1226-3p"	2.71606795554518	3.63070808358914	14.2012084609683	0.000164264985084567	0.000365033300187927
"hsa-miR-1228-3p"	7.48620806243612	3.25253072051165	70.7020819876759	4.15453797979011e-17	6.92422996631686e-16
"hsa-miR-1228-5p"	5.25516835058848	1.8480239637604	15.6939394020447	7.44623825381225e-05	0.000179596087959929
"hsa-miR-1237-3p"	1.71224095383876	2.05218659591214	3.30033383734885	0.0692658047695013	0.0953182055368268
"hsa-miR-1248"	-1.38779241483422	3.5321404538108	3.78184986388556	0.0518113502542693	0.0735717089288188
"hsa-miR-1249-3p"	4.27701795980629	6.10934087842603	67.6079185249951	1.99464863475323e-16	3.06869020731266e-15
"hsa-miR-125a-3p"	0.988365205911731	3.0838781705493	2.40074366239158	0.121277585330188	0.160632563351242
"hsa-miR-125a-5p"	-0.0187587858826422	13.1352883562131	0.00178138341152589	0.966334130326361	0.975001085795623
"hsa-miR-125b-2-3p"	-0.254611892724864	2.93107747967989	0.100776553470892	0.750899722236027	0.79671058062178
"hsa-miR-125b-5p"	-2.7634965005602	7.21625822867794	11.3366922485157	0.000759905554170747	0.00151224985904626
"hsa-miR-126-3p"	0.200093432074136	3.97217448092452	0.10190352760887	0.749557175026487	0.79671058062178
"hsa-miR-126-5p"	-0.874316644938362	5.6221982491216	1.13909600977653	0.285843426247661	0.341305583579296
"hsa-miR-1260a"	-0.579542721784229	5.13887741772427	1.37935500905626	0.240211043295759	0.292049900663536
"hsa-miR-1260b"	0.58884754176548	3.7374525123393	1.04885635476467	0.30577062570145	0.359730147884059
"hsa-miR-127-3p"	0.131774647354064	3.55934874809949	0.0593748656474107	0.807486732685086	0.836773816253975
"hsa-miR-1271-5p"	-1.21295187242916	6.9272216659359	9.32353269223493	0.00226229406660739	0.00414227111894705
"hsa-miR-1273h-3p"	-1.62806143080573	4.22622066160817	5.41760705331266	0.0199346631230155	0.0305512078513647
"hsa-miR-128-1-5p"	0.628870905605161	3.70073329874719	1.93932139781937	0.163742234609528	0.209925941807088
"hsa-miR-128-3p"	-0.487856083205703	9.45364901793852	2.23988496406101	0.134490985391508	0.176961822883563
"hsa-miR-1285-3p"	1.36378241470093	3.98523160017666	5.59237644246291	0.0180388069877245	0.027859161371003
"hsa-miR-1287-5p"	-5.83358635178604	2.58244549376332	23.0377318397283	1.58852925795762e-06	5.72442975840582e-06
"hsa-miR-1296-5p"	3.07546890907691	3.47499400994404	32.486945522129	1.19995879792183e-08	6.95628288650339e-08
"hsa-miR-1301-3p"	3.17304661151339	6.84467696251298	74.8065933949258	5.19160346470234e-18	9.43927902673153e-17
"hsa-miR-1303"	5.85685836986272	3.14980580071781	19.3761103736311	1.07341479661637e-05	3.25277211095868e-05
"hsa-miR-1304-3p"	1.53345195768483	4.28177122734408	13.4255098576249	0.000248225543574554	0.000533818373278611
"hsa-miR-1306-5p"	0.211363948530176	3.21444233837488	0.185384998383666	0.666785725805607	0.726741935482951
"hsa-miR-1307-3p"	1.33606584999413	7.87423661702416	16.2344017072178	5.59684931958593e-05	0.000139052157008346
"hsa-miR-1307-5p"	0.181025264228618	8.76835575801742	0.0613121784903541	0.804433881489078	0.835775461287354
"hsa-miR-130a-3p"	1.51245126384019	4.85209059704278	15.6393681648737	7.66422518384003e-05	0.000182481551996191
"hsa-miR-130b-3p"	1.02296483654309	7.38909234710155	7.96569998881025	0.00476720517903137	0.00836351785794977
"hsa-miR-130b-5p"	1.40040359778808	5.40024184878038	16.4657649647123	4.95365314725429e-05	0.000125408940436817
"hsa-miR-132-3p"	1.63391204055074	6.77012537059065	21.1774254207166	4.18666921276755e-06	1.39555640425585e-05
"hsa-miR-132-5p"	1.25960727313726	4.32075088884698	5.67594258996982	0.0171990966983786	0.0267690220986438
"hsa-miR-133a-3p"	4.9889202554361	3.77880883165553	19.199274132911	1.17758159466373e-05	3.54159878094353e-05
"hsa-miR-1343-3p"	3.36227643689208	2.37805687578257	18.9196904962574	1.36338165258607e-05	4.06979597786886e-05
"hsa-miR-139-5p"	4.01056472275562	3.18221934495228	38.0220023569209	6.9951321051293e-10	4.82422903802021e-09
"hsa-miR-140-3p"	-1.46456263182262	12.5325754864202	17.56894894936	2.77075867516899e-05	7.53947938821493e-05
"hsa-miR-140-5p"	-1.19610008565603	6.87425879564497	6.84724423216244	0.00887781059056541	0.0148582604026199
"hsa-miR-141-3p"	-4.06569858941931	8.42395242630787	47.062170503402	6.87702959826682e-12	6.54955199834936e-11
"hsa-miR-142-3p"	-3.53209697768418	12.5988082759187	28.6506878943256	8.66831939450756e-08	4.33415969725378e-07
"hsa-miR-142-5p"	-3.18756465384639	15.8709463055044	27.7950391286568	1.34871502296858e-07	6.13052283167535e-07
"hsa-miR-143-3p"	2.06715814032805	5.60164713914101	16.7563696361869	4.24993528599639e-05	0.000111629828755477
"hsa-miR-1468-5p"	-3.55129081757446	4.65358102889479	44.5535720941227	2.47491538214078e-11	2.06242948511732e-10
"hsa-miR-146a-3p"	2.3354648916824	4.36027533069602	8.19725284214712	0.00419538663938575	0.00739275178746387
"hsa-miR-146a-5p"	2.4560507055447	12.912876074589	14.8798568154646	0.00011457997568069	0.000260409035637933
"hsa-miR-146b-3p"	0.534088755632071	9.75896726631998	1.70227197933238	0.191991119619361	0.239988899524202
"hsa-miR-146b-5p"	2.52021140917038	15.0117538914375	10.1679465627694	0.001429033454326	0.00272196848443048
"hsa-miR-147b"	5.8602292725568	5.39585205197594	102.357994809092	4.63424587533355e-24	1.54474862511118e-22
"hsa-miR-148a-3p"	-1.33239170280762	11.6190880471524	9.16413951410985	0.00246803656137529	0.00448733920250054
"hsa-miR-148a-5p"	-0.317331148789014	4.98975565047174	0.543726289153478	0.460892520980839	0.520782509582869
"hsa-miR-148b-3p"	1.19652799548602	10.1626054500073	11.8575522964961	0.00057427975033741	0.00115433115645711
"hsa-miR-148b-5p"	1.36898780305472	6.61695932983603	16.689067070197	4.4034037904777e-05	0.000113636226851037
"hsa-miR-150-3p"	-11.5011296270631	7.83223625653493	158.446864998545	2.47172229632906e-36	5.55619943317141e-34
"hsa-miR-150-5p"	-11.4852764319171	17.9871783055488	131.965591883459	1.52235063812176e-30	1.21788051049741e-28
"hsa-miR-151a-3p"	-0.167737260743461	9.42401475755198	0.0664240660067605	0.796616319927912	0.835775461287354
"hsa-miR-151a-5p"	0.163987387317902	10.0826880414368	0.0626829734017171	0.802304568467043	0.835775461287354
"hsa-miR-151b"	-2.78400264582542	4.07446800145695	8.61705283343628	0.00333030250375592	0.005946968756707
"hsa-miR-152-3p"	-0.190543049978089	6.11250396420669	0.105409522048294	0.745432109093482	0.79671058062178
"hsa-miR-152-5p"	3.45268200742467	2.31578133647923	16.7115214486444	4.35159197630784e-05	0.000113028363020983
"hsa-miR-153-3p"	-3.79668065578253	3.92451156608391	14.0202261680013	0.000180854728700799	0.000399678958454805
"hsa-miR-155-5p"	0.124200620401618	10.7919378742291	0.103151347542763	0.748080174881642	0.79671058062178
"hsa-miR-15a-5p"	-1.08967526482995	11.1070022970429	6.45146630966562	0.0110860810396803	0.0180997241464168
"hsa-miR-15b-3p"	-1.51339032771247	5.63568458735628	10.251851448502	0.0013654748727408	0.00262591321680923
"hsa-miR-15b-5p"	-1.191084947084	8.76148591772141	9.58714243300008	0.00195944664033796	0.00361188320799624
"hsa-miR-16-2-3p"	-2.46393921918752	7.61739796898601	35.3339689042916	2.77745313965985e-09	1.76346231089514e-08
"hsa-miR-16-5p"	-1.15405262307039	13.5286417672317	6.52923538306072	0.0106115562949865	0.0173959939262074
"hsa-miR-17-3p"	-1.85489838740326	7.19771111439663	10.1912813002674	0.00141106232906793	0.00270059775898169
"hsa-miR-17-5p"	-1.29131789334753	8.30956786820204	10.4279970378595	0.00124119277346254	0.00241008305526706
"hsa-miR-181a-2-3p"	-2.84031201559929	7.4411379558775	18.6381386012315	1.58027367834661e-05	4.6139377469974e-05
"hsa-miR-181a-3p"	0.548039126050884	8.35130692214189	1.95260034988725	0.162306913633085	0.20875487283998
"hsa-miR-181a-5p"	-0.783196222606315	14.4565433111369	3.37603218026351	0.0661511309635459	0.0918765707827026
"hsa-miR-181b-3p"	1.90024023486198	2.66600123914743	6.90117718750538	0.00861390122784187	0.0144771449207426
"hsa-miR-181b-5p"	0.0851268650232788	10.1753654284919	0.0621881229028816	0.803070361297159	0.835775461287354
"hsa-miR-181c-3p"	0.753804473917824	6.88089037273926	1.81454218682224	0.177964311056872	0.225986426738885
"hsa-miR-181c-5p"	-1.4380439481176	10.8589206273921	7.07648978234889	0.0078101858356311	0.0131817482457909
"hsa-miR-181d-5p"	-0.258144277296748	6.53717367804177	0.194169704425665	0.659468632458975	0.720730745856803
"hsa-miR-182-5p"	-0.0762771061273794	4.28643176882095	0.0226569199366704	0.880352670628337	0.907580072812719
"hsa-miR-185-3p"	2.55345360609138	4.04375441688712	29.1852340486616	6.57785955597436e-08	3.37326131075608e-07
"hsa-miR-185-5p"	1.79503650212873	7.36496739016799	23.9220628503657	1.00315488344743e-06	3.75011171382217e-06
"hsa-miR-186-5p"	-1.75412541942888	13.713176300835	27.1017493471232	1.93023193595279e-07	8.39231276501212e-07
"hsa-miR-188-5p"	2.88191692238064	3.04371319701883	17.8721524249665	2.36252986303007e-05	6.51732376008295e-05
"hsa-miR-18a-3p"	-0.507315656329083	3.77583946677193	1.19029463557629	0.275270132861451	0.330654814247989
"hsa-miR-18a-5p"	0.467144215463641	5.21623002850175	0.93871335465131	0.332608953713456	0.385633569522848
"hsa-miR-1908-5p"	5.45931688026462	2.65260092463196	36.2931034555582	1.69763535219157e-09	1.13175690146105e-08
"hsa-miR-190a-5p"	2.14246824546302	3.24420622019377	11.1201764362659	0.000853936632322013	0.00169096362836042
"hsa-miR-191-3p"	2.11003058657162	3.9844662081733	12.646082525209	0.000376353480152145	0.000775986557014732
"hsa-miR-191-5p"	1.91724453060001	14.2494727311009	28.5410369021065	9.17334896147938e-08	4.53004886986636e-07
"hsa-miR-192-5p"	-5.24471473545128	12.3754080174878	84.6810945280657	3.50586723501862e-20	9.34897929338298e-19
"hsa-miR-193a-3p"	5.65276898276422	6.75645213469743	56.5304822773611	5.53339044110653e-14	6.91673805138317e-13
"hsa-miR-193a-5p"	6.04417104815397	7.05356384466067	101.533874865778	7.02517240713729e-24	2.1615915098884e-22
"hsa-miR-193b-3p"	-2.99643347095202	4.5097307730255	18.3569543553943	1.83149252851186e-05	5.27048209643699e-05
"hsa-miR-194-5p"	-5.28501411536931	7.16051497534476	83.4954000285225	6.38644048561127e-20	1.59661012140282e-18
"hsa-miR-195-5p"	-4.65757604815806	3.45653575210953	32.3073397122833	1.31615242457684e-08	7.52087099758196e-08
"hsa-miR-196a-5p"	-7.19000397784145	3.73938283337721	16.3800982053134	5.18265573632401e-05	0.00013038127638551
"hsa-miR-196b-5p"	0.34538754161323	2.55819557169217	0.104717891233536	0.746239798484509	0.79671058062178
"hsa-miR-197-3p"	0.17245472005103	10.4584947483505	0.280264959415774	0.596527605540856	0.657330694810861
"hsa-miR-1976"	0.932480952133453	4.40621259144104	5.52095520483275	0.0187899960736712	0.0289076862671865
"hsa-miR-199a-3p"	0.00175010874887201	6.2302606419912	1.88512904086835e-05	0.996535749893983	0.996535749893983
"hsa-miR-199a-5p"	-2.85674648793762	2.89888260085676	17.805056366985	2.44732008030774e-05	6.70498652139106e-05
"hsa-miR-199b-3p"	0.105575287377567	5.0430028332828	0.065210641847238	0.798442170616539	0.835775461287354
"hsa-miR-199b-5p"	0.287456674687265	5.8406339253161	0.387957351224502	0.533375063457583	0.594289764298143
"hsa-miR-19a-3p"	-1.56050037043977	8.33664197476699	7.74365213846906	0.00539016771022492	0.00937420471343465
"hsa-miR-19b-3p"	-2.34638390200683	10.8291897253676	14.7855868932528	0.000120452628580805	0.000272209330126113
"hsa-miR-200b-3p"	-0.691192638077008	4.39547327594867	3.22397646080875	0.0725671485529244	0.0994070528122252
"hsa-miR-200c-3p"	-0.532949156026345	4.89504999796121	1.60739883064253	0.204857832123491	0.252910903856162
"hsa-miR-20a-3p"	-1.46192643988764	3.2256160431508	3.9200259159901	0.0477141446840965	0.0689012919625943
"hsa-miR-20a-5p"	-2.28292010511639	9.21644990936814	28.0863315270107	1.1602239901743e-07	5.34848357944069e-07
"hsa-miR-20b-5p"	-2.25486165916524	4.29400910664576	8.56616041911335	0.00342468624199721	0.00608833109688392
"hsa-miR-21-3p"	2.19338975764318	11.2086158225652	24.6301276878692	6.94573074278167e-07	2.72381597756144e-06
"hsa-miR-21-5p"	2.14079540679004	16.2588454894737	19.9068161068674	8.13099142046391e-06	2.54093481889497e-05
"hsa-miR-210-3p"	3.80587033710062	7.57689634980082	45.9615456821861	1.20597088132195e-11	1.09633716483814e-10
"hsa-miR-210-5p"	5.05894213400375	4.41708266616077	41.867786072616	9.76583825185553e-11	7.81267060148442e-10
"hsa-miR-2110"	-0.17481546257028	3.66856980096521	0.079191676944026	0.778395827955636	0.821525939794866
"hsa-miR-2110-3p"	-1.08429064573522	4.98937246089983	3.71124141395256	0.0540471793093531	0.0763917728754107
"hsa-miR-2116-3p"	7.18258320651709	3.01337347433246	45.5849527492937	1.46160094027451e-11	1.27095733936914e-10
"hsa-miR-212-3p"	1.73085149207525	3.98397768741416	13.9891275528956	0.000183870807577955	0.000401903404541979
"hsa-miR-212-5p"	2.45402127256218	4.39473166531294	20.0876139974994	7.39742008107036e-06	2.36717442594252e-05
"hsa-miR-215-5p"	-1.70642200803458	4.46173530376162	10.4130956587049	0.00125124817974157	0.00241787087872767
"hsa-miR-218-5p"	4.11640693092125	1.89935407117563	16.6621585709598	4.46631079846754e-05	0.000114520789704296
"hsa-miR-22-3p"	2.05163601862222	15.3619208381554	21.8527344420507	2.9439676845634e-06	1.0151612705391e-05
"hsa-miR-22-5p"	1.05691230958226	6.27165445538147	7.18788241642758	0.007339754918182	0.0124402625731898
"hsa-miR-221-3p"	-0.345337903024248	11.1799718932965	0.574373589800615	0.448526183581497	0.508244967231158
"hsa-miR-221-5p"	0.867653531617439	7.31623118250706	3.0131334348665	0.082592489452247	0.112754251811941
"hsa-miR-222-3p"	0.657920237873628	10.2604496512748	1.60842800960778	0.204712916339522	0.252910903856162
"hsa-miR-222-5p"	0.0185662063229861	3.03016990762966	0.00072321584801216	0.978545337698307	0.983462650953072
"hsa-miR-223-3p"	4.2039997101699	9.31737250733933	79.0722354829827	5.98799738183111e-19	1.40894056043085e-17
"hsa-miR-223-5p"	3.69638165853394	3.88209228643419	54.0502260097737	1.95429631340867e-13	2.23348150103848e-12
"hsa-miR-2277-5p"	0.746379695026071	3.94047188753928	2.51236947016181	0.112955980122024	0.151618765264462
"hsa-miR-2355-5p"	0.921865859439664	3.92849586123131	2.40918068656775	0.120625483993538	0.16029964650304
"hsa-miR-23a-3p"	0.403585696422045	11.3397318813966	1.10254335551052	0.293708620893162	0.349653120110907
"hsa-miR-23a-5p"	0.718437226745878	4.95467906483463	2.47763523087822	0.115475756294943	0.154482617116981
"hsa-miR-23b-3p"	-1.73061048775837	7.3813712173311	21.5367793252406	3.47107309794875e-06	1.18669165741838e-05
"hsa-miR-24-2-5p"	2.34284888045473	6.86408770907538	30.4678500867384	3.39445543843424e-08	1.83484077753202e-07
"hsa-miR-24-3p"	1.09979658501914	9.9164224714997	10.1203938578727	0.00146637660864594	0.00277986086947098
"hsa-miR-2467-5p"	2.8608876326407	3.53121499017446	33.3106937682149	7.85495073058469e-09	4.76057620035436e-08
"hsa-miR-25-3p"	-2.06480611306617	11.9323397049747	40.3092340454022	2.16781934468736e-10	1.68947680925366e-09
"hsa-miR-25-5p"	-1.46477907074063	4.4880765748471	14.6854960598164	0.000127019994935901	0.000285438190867194
"hsa-miR-26a-2-3p"	-1.59704742953717	4.47384890908597	5.0233343388609	0.0250079681742057	0.0374651208602332
"hsa-miR-26a-5p"	-2.05948162862517	16.0822590699139	30.2293991438355	3.8384672053603e-08	2.04718250952549e-07
"hsa-miR-26b-3p"	-1.28433627913465	7.32991217934725	6.35600895510903	0.0116984396770009	0.0189349438354866
"hsa-miR-26b-5p"	-1.43843735273623	13.2982192007679	15.0781508308667	0.000103150327875735	0.000235772178001679
"hsa-miR-27a-3p"	-0.194419259705436	12.7702013284574	0.243978899988065	0.621346998186125	0.682798899105632
"hsa-miR-27a-5p"	-0.567112276590587	5.96303337058275	1.91273943463178	0.166659275101466	0.212304809046453
"hsa-miR-27b-3p"	-1.83400395180782	11.4864894501706	13.614553126118	0.000224438902348093	0.000485273302374255
"hsa-miR-27b-5p"	-2.36472678068418	3.11062437555111	9.86185914752342	0.00168740500971317	0.0031393581576059
"hsa-miR-28-3p"	-0.734845615737789	12.8052731199136	3.97219101288621	0.0462575459408673	0.0670399216534308
"hsa-miR-28-5p"	-0.897032382982849	10.2387132473829	4.9331193276299	0.0263467178485876	0.0391772756112827
"hsa-miR-296-5p"	-4.6153981695504	3.43583524172974	25.2339488295491	5.0780423733705e-07	2.07267035647775e-06
"hsa-miR-29a-3p"	-2.70028867418075	14.3526126075451	45.5380961864037	1.49698701754786e-11	1.27403150429605e-10
"hsa-miR-29a-5p"	-1.90648272317913	5.68904738392134	12.9495943180238	0.000319990828259125	0.000677229266156878
"hsa-miR-29b-1-5p"	-1.50351179029927	3.59677718948825	6.2123685928539	0.0126860777509166	0.0203792413669343
"hsa-miR-29b-2-5p"	-0.445214350009606	3.29160226342601	0.429613407135614	0.512178704445791	0.573869696858029
"hsa-miR-29b-3p"	-3.38181609425154	10.047072607992	38.9589064339945	4.32821115955321e-10	3.20608234040978e-09
"hsa-miR-29c-3p"	-3.57933796872321	12.400471959728	61.8729610736688	3.66345594305623e-15	4.88460792407497e-14
"hsa-miR-29c-5p"	-1.76530211592704	6.61207889199563	20.1333063077923	7.22278893785589e-06	2.32993191543738e-05
"hsa-miR-301a-3p"	0.233413130587588	6.55827229339475	0.146855963075158	0.701558202917242	0.758441300451073
"hsa-miR-301b-3p"	3.14115244952512	4.52365140927136	20.8654870276146	4.92692403100692e-06	1.62873521686179e-05
"hsa-miR-30a-3p"	3.62770883728092	2.16312349379645	19.7241659875825	8.9462881364688e-06	2.77404283301358e-05
"hsa-miR-30a-5p"	6.10864350997101	7.05179692661656	127.44615721635	1.48372017679258e-29	7.41860088396288e-28
"hsa-miR-30b-5p"	-1.64095065841522	11.6184420187308	16.5933277004899	4.6313671998255e-05	0.000117996616556064
"hsa-miR-30c-1-3p"	0.744404485942199	4.02998667198343	2.32339082705009	0.12744195016341	0.168240198235525
"hsa-miR-30c-5p"	-0.104045736231768	11.8450962622114	0.108376060924172	0.742000595969832	0.79671058062178
"hsa-miR-30d-3p"	-1.6788297832523	5.42700679787249	7.58725885473808	0.00587822615336858	0.0100482498348181
"hsa-miR-30d-5p"	-0.346224669222742	13.0434285022014	1.05140326493284	0.305184123598214	0.359730147884059
"hsa-miR-30e-3p"	-1.06623367115196	8.46865839112009	8.2637956573973	0.00404434814739778	0.00715813831397837
"hsa-miR-30e-5p"	-0.508386801352188	13.3201107743027	1.19863380040852	0.273594908633459	0.329632420040312
"hsa-miR-31-3p"	-7.70299757856518	4.14061721765327	51.1798156125876	8.42807890110783e-13	8.87166200116614e-12
"hsa-miR-31-5p"	-8.27479730558095	8.90354828434231	107.999713259979	2.6881706749094e-25	1.07526826996376e-23
"hsa-miR-3158-3p"	0.408733586002638	2.97780851191519	0.531703100588768	0.465891719479516	0.524948416314948
"hsa-miR-3168"	1.36132495605107	3.04612131658539	5.62804586648862	0.0176753248766858	0.027403604459978
"hsa-miR-3174"	5.77713580088945	2.12569939232148	17.4922412840351	2.88482568426656e-05	7.7968261736934e-05
"hsa-miR-3176"	1.87512715196565	3.39516817531758	9.31900315149533	0.00226789343762351	0.00414227111894705
"hsa-miR-3194-5p"	-6.52130882163668	3.10663408986715	38.3809148633717	5.81987836058332e-10	4.15705597184523e-09
"hsa-miR-32-3p"	-0.732814690910857	3.43141064353869	1.73330681037942	0.187989137669888	0.236464324113067
"hsa-miR-32-5p"	-4.13388089039922	7.69152212160327	15.1896209140269	9.72364006385918e-05	0.000224824047719288
"hsa-miR-3200-3p"	1.4956599051893	2.17457733758055	1.98697585957023	0.158657439317247	0.204719276538383
"hsa-miR-3202"	-3.76245451339169	2.76108118640331	15.6921623223545	7.45323765033704e-05	0.000179596087959929
"hsa-miR-320a"	-0.551951176544473	10.3503631926555	2.43114076577943	0.118946309838448	0.158595079784598
"hsa-miR-320b"	-3.03236630654375	4.54651113661431	32.5677143971903	1.15111140988939e-08	6.77124358758466e-08
"hsa-miR-320d"	-2.17901616358426	3.94510790058649	11.8580140818695	0.000574137365552377	0.00115433115645711
"hsa-miR-324-3p"	0.956615677839898	5.54939454370703	7.55094813403499	0.00599785078838707	0.0102091077249142
"hsa-miR-324-5p"	0.495861540546463	5.0579790947307	1.34721479651934	0.2457656205958	0.297897721934303
"hsa-miR-326"	4.46176089493619	7.74639439781029	157.631499719349	3.72529413308507e-36	5.55619943317141e-34
"hsa-miR-328-3p"	0.0588502866646682	6.80293424596305	0.0280478227942464	0.866996440912587	0.896120352364431
"hsa-miR-330-3p"	-1.74527677035668	5.84320300378505	15.430652990291	8.55886556866036e-05	0.000202576699849949
"hsa-miR-330-5p"	-0.50058052569688	5.67697833622554	0.983576840294964	0.321317334466314	0.375809747913817
"hsa-miR-331-3p"	0.474699038017025	8.40368044732621	2.15839820440458	0.141792433228534	0.184745841340109
"hsa-miR-331-5p"	-1.18776971584429	3.57394496970842	4.6848052295048	0.030430513212323	0.0447507547240044
"hsa-miR-335-3p"	-4.77572843200222	5.59059131779406	49.357640038978	2.13302122272662e-12	2.13302122272662e-11
"hsa-miR-335-5p"	-3.2758482891226	6.7557253479628	26.0791074775404	3.27710932739853e-07	1.4095093881284e-06
"hsa-miR-338-3p"	2.96196845992581	7.00911246001826	27.1830213519541	1.85076890149784e-07	8.13524791867181e-07
"hsa-miR-338-5p"	5.11002789435246	5.09377551800477	38.6892919842018	4.9692773924568e-10	3.61401992178676e-09
"hsa-miR-339-3p"	-2.58580230968414	9.45305034044478	36.7184722945175	1.36480060936604e-09	9.25288548722738e-09
"hsa-miR-339-5p"	-0.0487665273088586	7.30185548986633	0.0115414073212348	0.914447108298135	0.938998096666006
"hsa-miR-33a-3p"	-0.856686922656812	4.44529463469159	1.71935655076378	0.189775892071767	0.237963501030429
"hsa-miR-33a-5p"	-2.4025652094066	4.01737470894029	13.9979587982558	0.000183009200440936	0.000401903404541979
"hsa-miR-33b-3p"	-0.20271643169056	3.08769799625133	0.111257334039671	0.738717194599332	0.796460587169091
"hsa-miR-33b-5p"	-3.66560418781197	4.54647193232409	18.8472639137351	1.41614089413889e-05	4.16512027687908e-05
"hsa-miR-340-3p"	3.76009811949933	5.47838362805908	73.8402494193891	8.47017698873782e-18	1.47307425891093e-16
"hsa-miR-340-5p"	2.57808521563011	9.86606469943634	30.7975667650665	2.86396748061481e-08	1.56929724965195e-07
"hsa-miR-342-3p"	-2.38360545459082	13.4907228829414	24.0027945574372	9.61959779345086e-07	3.630036903189e-06
"hsa-miR-342-5p"	-2.93543558592963	8.43882941078283	30.1238207835872	4.05321864932698e-08	2.13327297332999e-07
"hsa-miR-345-5p"	2.71604138096447	8.03841740147866	24.1166435015353	9.06732200397746e-07	3.48743153999133e-06
"hsa-miR-34a-3p"	5.34696640720252	3.0967688674732	52.7406616375955	3.80628794399966e-13	4.22920882666629e-12
"hsa-miR-34a-5p"	4.77292672306035	8.05622813594893	68.4781116782655	1.28293738840404e-16	2.05269982144647e-15
"hsa-miR-34c-5p"	2.26748794394557	2.48179235781694	6.17226208231645	0.0129768576739947	0.0206802512732983
"hsa-miR-3605-3p"	0.61225879786894	3.64693021307326	1.53035564208826	0.216059077054217	0.265918864066729
"hsa-miR-3605-5p"	2.63036740678548	2.62664738047721	12.7870706357711	0.000349023226471153	0.000727131721814902
"hsa-miR-3607-3p"	-3.84020331473154	9.37438165460784	36.053369658346	1.91986503536101e-09	1.23862260345872e-08
"hsa-miR-3607-5p"	-4.27565618367019	3.1204140857172	19.5507046907449	9.79645935487095e-06	3.01429518611414e-05
"hsa-miR-3609"	-3.86216941596725	3.53917469759849	28.3252728969809	1.02548366405496e-07	4.88325554311888e-07
"hsa-miR-361-3p"	-2.53435471801373	11.320164614896	22.3696093020539	2.24904869015965e-06	8.03231675057018e-06
"hsa-miR-361-5p"	-0.0137019331449178	8.38134995562968	0.00164085249181145	0.967688577652155	0.975001085795623
"hsa-miR-3613-3p"	0.925327378665696	3.49456049994664	2.7117108245332	0.0996141087357612	0.135069977946795
"hsa-miR-3613-5p"	-1.2458232386557	4.18017494586978	4.09865142460146	0.0429174328833097	0.0624253569211778
"hsa-miR-3614-5p"	3.42988472353166	2.20423833721372	15.6444965618215	7.64346915923581e-05	0.000182481551996191
"hsa-miR-3615"	-0.884510064877197	5.1542923761237	3.59306330207382	0.058021197515767	0.0811485279940797
"hsa-miR-362-3p"	-0.931619356309518	3.73352289711765	2.22446257076505	0.135839917688727	0.178150711722921
"hsa-miR-362-5p"	2.4946948893468	4.30570251739105	38.3030190834288	6.05688657479099e-10	4.25044671915157e-09
"hsa-miR-3620-3p"	3.28479306433158	2.10362596761264	13.001667577477	0.000311213698832399	0.000662156806026382
"hsa-miR-363-3p"	-3.06763657248555	9.03580913509609	18.2614297321867	1.92566987091557e-05	5.42442217159317e-05
"hsa-miR-3651"	-1.6562924808246	3.41502630342693	5.98838700050412	0.0144003644167788	0.0228577212964742
"hsa-miR-3653-3p"	-1.94762619161669	3.97654521185658	6.4209766246832	0.0112780122475697	0.0183382312968612
"hsa-miR-3653-5p"	-3.52731981216593	3.42558773632951	28.2348800168632	1.07450703153201e-07	5.05650367779768e-07
"hsa-miR-365a-3p"	4.60062775680821	5.52899353679295	56.200373509098	6.54491023423015e-14	7.93322452633957e-13
"hsa-miR-365b-3p"	4.55491797076792	5.53244387972495	57.524622426406	3.33774695646372e-14	4.3067702664048e-13
"hsa-miR-365b-5p"	6.66452332643267	2.63738065048918	27.7264016274862	1.39742470088999e-07	6.28056045343817e-07
"hsa-miR-3677-3p"	2.00808745513905	2.29235315481128	7.71615856144642	0.00547287257981419	0.00943598720657618
"hsa-miR-3690"	7.46962127621004	5.58397915122955	65.3391766289838	6.30552854104237e-16	8.69728074626533e-15
"hsa-miR-371b-5p"	5.97357884749813	3.32097027849876	55.9650448571771	7.37710406168804e-14	8.6789459549271e-13
"hsa-miR-374a-3p"	-1.14438496333271	7.39800621815926	2.56067020649806	0.109552131807873	0.147544958663802
"hsa-miR-374a-5p"	-1.18759328724125	7.26492458437483	6.59485769273645	0.0102273730682553	0.0168351820053586
"hsa-miR-374b-3p"	0.569813518436105	3.77688320307384	0.912313472054958	0.339501330779499	0.391445477816976
"hsa-miR-374b-5p"	-0.251750788166808	7.16755948892295	0.33649256493171	0.561860810608246	0.6224259621753
"hsa-miR-378a-3p"	4.5362480945524	13.2150615186716	157.408723705329	4.16714957487856e-36	5.55619943317141e-34
"hsa-miR-378a-5p"	4.1175257159437	5.71329610042312	89.1383291421165	3.68148532696439e-21	1.05185295056125e-19
"hsa-miR-378c"	-1.29161526624033	3.56989532551672	3.78001954453334	0.0518680547948172	0.0735717089288188
"hsa-miR-378d"	-1.18453680995313	3.01710558984961	2.64710029175775	0.103738971562066	0.140187799408197
"hsa-miR-3909"	3.84923307724321	5.31297841359291	67.3800377868336	2.23904573365777e-16	3.3171047906041e-15
"hsa-miR-3912-3p"	-3.47262502254311	4.48064107486412	21.4419061203632	3.64712282731275e-06	1.23631282281788e-05
"hsa-miR-3922-3p"	1.61290038967176	3.00001284394198	5.08648979686457	0.0241129512553236	0.036396995533494
"hsa-miR-3928-3p"	2.32562967638622	2.20552137875051	7.76209479952455	0.00533540445799288	0.00931948376941988
"hsa-miR-421"	2.34261464051047	7.42167383897009	28.933690245278	7.48988046675951e-08	3.7923445401314e-07
"hsa-miR-423-3p"	-0.101970043627964	12.0106187582262	0.0852802119014715	0.770265400132172	0.815095661515525
"hsa-miR-423-5p"	-0.856625936568869	11.8169592884696	4.88632349068283	0.027070272895653	0.0401041079935601
"hsa-miR-424-3p"	1.42284187880484	3.21484782717161	6.19688267314933	0.0127975517186373	0.0204760827498197
"hsa-miR-424-5p"	4.50235112731344	6.9644252425938	30.8787513856614	2.74662634311602e-08	1.52590352395335e-07
"hsa-miR-425-3p"	1.48678213147107	5.95891917416522	16.1650088300931	5.80567063285373e-05	0.000142470444978006
"hsa-miR-425-5p"	0.224675808895925	9.15450878929278	0.334030278900098	0.563295495768647	0.6224259621753
"hsa-miR-4326"	3.46230564966415	3.7386001312896	19.452580949404	1.03128388640235e-05	3.14895843176291e-05
"hsa-miR-4433b-5p"	-4.85997379040948	1.96415995216418	8.99577713253075	0.00270604175632091	0.00487575091228993
"hsa-miR-4443"	-7.2275726610852	3.70764775526154	48.1489768155386	3.9503503172758e-12	3.85400030953737e-11
"hsa-miR-450a-5p"	1.41270251347576	3.72934701844017	5.08769522023484	0.0240961953938008	0.036396995533494
"hsa-miR-450b-5p"	3.26297761800868	3.79320273224931	19.9384697377128	7.99748006581026e-06	2.51889135931032e-05
"hsa-miR-451a"	-2.57903982220034	4.85525800173078	13.4032529045265	0.000251188308251528	0.000537301194120916
"hsa-miR-4521"	2.65828263912928	2.80373304215471	12.8104128498305	0.000344695498908344	0.000721875390383967
"hsa-miR-454-3p"	-1.2400902124131	7.08416551959722	6.61424482962399	0.0101166229157213	0.0167216907697872
"hsa-miR-454-5p"	-0.107955942168447	3.72830421190241	0.0665186031235323	0.796474818383049	0.835775461287354
"hsa-miR-455-5p"	-5.56789180043918	2.39089424280249	19.9621091666909	7.89920916505682e-06	2.50768544922439e-05
"hsa-miR-4645-3p"	-0.442930449111563	2.94935435669385	0.72297818026287	0.39516874622998	0.451621424262834
"hsa-miR-4662a-5p"	0.917538350036185	3.09462237590076	1.92667926695578	0.165122208106717	0.211018796302514
"hsa-miR-4677-3p"	2.06633560684576	4.93905675636944	25.8153904774779	3.75680878783622e-07	1.59864203737711e-06
"hsa-miR-4707-3p"	3.64197223460078	2.01079379857604	12.7434941882545	0.000357249647126734	0.000740413776428463
"hsa-miR-4772-3p"	-6.12138656413362	2.81839515973725	16.3418549309908	5.28829542229497e-05	0.000132207385557374
"hsa-miR-4772-5p"	-8.58250942579174	4.97794728612932	28.0812154400552	1.16329517852835e-07	5.34848357944069e-07
"hsa-miR-4775"	4.28246502844505	2.52867465429489	28.4596858967893	9.56699429970762e-08	4.62804557343865e-07
"hsa-miR-4787-3p"	1.60526266921254	3.11142839920451	5.08648560529097	0.0241130095409398	0.036396995533494
"hsa-miR-4802-3p"	5.21662360238878	1.8353039798554	15.2485466379083	9.42492531769431e-05	0.000220466089302791
"hsa-miR-484"	-0.160214915373055	10.2670260901332	0.218549859648647	0.640147080843396	0.701531047499611
"hsa-miR-486-3p"	-2.20744455635512	3.19266844870923	9.99007741257699	0.0015738598791871	0.00294179416670486
"hsa-miR-486-5p"	-2.36036533829453	8.57153811957827	16.7475034772383	4.26984094989701e-05	0.000111629828755477
"hsa-miR-497-5p"	-2.15759089387853	2.65112813750461	5.71955249239329	0.0167770059432724	0.0262140717863631
"hsa-miR-500a-3p"	3.42186150926888	9.53460868045611	106.181297470272	6.72887162711212e-25	2.44686240985895e-23
"hsa-miR-500a-5p"	1.95327754796713	2.75654606588068	10.1030078691016	0.00148027520967035	0.00279297209371765
"hsa-miR-500b-3p"	3.87461054320283	2.34347906023955	25.0860186969807	5.48289579014479e-07	2.17144387728506e-06
"hsa-miR-500b-5p"	2.02789764279188	2.7415732853666	11.0721988225029	0.000876317031531002	0.00172673306705616
"hsa-miR-501-3p"	3.62312890638571	9.0005422036225	112.102729601905	3.39267511886927e-26	1.50785560838634e-24
"hsa-miR-501-5p"	2.90573038710064	3.58900217967003	34.2880379163239	4.75294208996096e-09	2.92488743997598e-08
"hsa-miR-5010-3p"	5.38013821822119	3.55166258239446	76.6384245373981	2.0530592800635e-18	4.00824780462158e-17
"hsa-miR-502-3p"	1.61938676335851	5.0548315047333	17.0232706770432	3.69244958743219e-05	9.78132341041641e-05
"hsa-miR-502-5p"	1.95430055117398	2.50310995149199	9.08785241557588	0.00257312845753464	0.00465724607698577
"hsa-miR-505-3p"	0.189030945411543	6.48871104507397	0.176938894205004	0.674017212399823	0.732627404782417
"hsa-miR-511-3p"	11.0528445643171	6.42642826864301	130.85794482615	2.65974898127555e-30	1.51985656072889e-28
"hsa-miR-511-5p"	9.61317028382259	6.40368646060519	150.623663681653	1.26661176602538e-34	1.26661176602538e-32
"hsa-miR-514a-3p"	-5.4316301281605	2.27131987220847	12.1429197299035	0.000492745733981655	0.00100049895224702
"hsa-miR-532-3p"	2.32599105543536	6.14429644576927	40.2837163548069	2.19631985202976e-10	1.68947680925366e-09
"hsa-miR-532-5p"	1.58623415087474	9.51500486882945	17.4596522083401	2.9347042015807e-05	7.87840054115625e-05
"hsa-miR-542-3p"	2.42871977446238	2.110362156524	8.87293316194764	0.00289429733251013	0.00519156472199126
"hsa-miR-548au-5p"	-0.635395521094337	3.25890432625892	1.05301784800088	0.304813071767038	0.359730147884059
"hsa-miR-548e-3p"	0.487655347745853	6.32597829378541	0.979527196614555	0.322315561579119	0.375878205923171
"hsa-miR-548e-5p"	0.523314620256744	4.0138660536964	1.74630086324383	0.186342441979138	0.23513241890112
"hsa-miR-548j-3p"	-2.48208865924649	2.47250167759554	3.46122410319507	0.0628237896226649	0.0875592886727037
"hsa-miR-548j-5p"	-1.21471683188623	3.01176730529072	1.25553231354904	0.262498459943527	0.317218682711211
"hsa-miR-548k"	1.54879995232582	6.31248786470554	14.4573939827811	0.000143365934689612	0.00032037080377567
"hsa-miR-548o-3p"	0.326558691941509	4.42470417506652	0.711073826535508	0.399087557857236	0.454800635734742
"hsa-miR-548w"	-2.66792453042501	3.67954777162933	23.4001413178462	1.31568871581984e-06	4.82821547089848e-06
"hsa-miR-550a-3p"	1.02999579697516	3.42351168026548	2.7876337508076	0.0949944044367197	0.129244087669006
"hsa-miR-5690"	-1.65060784199388	3.97486783206916	10.4980781220995	0.00119498773701521	0.00233168338929797
"hsa-miR-5696-3p"	-4.09851447913606	2.99931020536448	29.3689580589777	5.9828348363919e-08	3.10796614877501e-07
"hsa-miR-574-3p"	6.81710027128498	6.615620183513	131.060418296198	2.40183578095532e-30	1.51985656072889e-28
"hsa-miR-576-5p"	-1.69171823643721	6.22527677028268	20.609032164596	5.63297307954391e-06	1.84687641952259e-05
"hsa-miR-577"	-2.84469705801304	2.42353299189908	7.60397211866391	0.00582398554307729	0.00999825844305115
"hsa-miR-582-3p"	1.107172971251	3.25948030407875	0.91176690827816	0.339646040239042	0.391445477816976
"hsa-miR-582-5p"	0.706915643561378	3.59417418410231	0.423170663255791	0.515359170057829	0.575820301740592
"hsa-miR-584-5p"	-1.01777308313833	2.45292484990289	0.731705456938085	0.392330941501632	0.449662970202443
"hsa-miR-589-3p"	0.0208423710836746	4.96741770508353	0.00252459411785555	0.959926881650295	0.974275547470511
"hsa-miR-589-5p"	0.0561335489799796	7.74031570840337	0.00819427808724171	0.927872212090703	0.949229884491768
"hsa-miR-590-3p"	-1.56401974688761	6.54031199262679	5.81914320020597	0.0158526653570248	0.0249648273338973
"hsa-miR-590-5p"	-1.24264492904373	2.68427721740106	1.51110087892775	0.218971178844242	0.268676293060419
"hsa-miR-598-3p"	-2.37332311011882	5.21872410831605	15.2015579867064	9.6623670077282e-05	0.000224706209482051
"hsa-miR-616-5p"	0.49634377139194	4.49123881116777	1.62394709766387	0.202542298313595	0.251605339519994
"hsa-miR-618"	6.79465147399624	2.74426611778978	46.0960731120576	1.12593907532727e-11	1.04738518635095e-10
"hsa-miR-625-3p"	-2.42290451471502	6.13994107337487	25.1852340673268	5.20794147835735e-07	2.10421877913428e-06
"hsa-miR-625-5p"	-1.21236558604238	4.92397577880445	9.71058318085399	0.00183209866409217	0.00339277530387438
"hsa-miR-627-5p"	-1.65810588836207	2.72924370519294	5.72967937881305	0.0166805277993246	0.0261655338028621
"hsa-miR-628-3p"	0.571632023920901	3.68854305154318	2.20628009431919	0.137449754378624	0.179672881540684
"hsa-miR-628-5p"	0.603113648519754	4.26853299347023	1.79101048049648	0.18080309441932	0.228864676480151
"hsa-miR-629-3p"	-1.26639584254589	3.73774669394284	3.64060499360764	0.0563864410403625	0.0794175225920599
"hsa-miR-629-5p"	1.00343116138138	5.19727481698337	3.81585120501321	0.0507698025443595	0.073050075603395
"hsa-miR-641"	-0.350071871208177	3.60479051883654	0.341046890811862	0.559225559163696	0.621361732404107
"hsa-miR-642a-3p"	-4.08911008481741	2.98937767900853	25.3771229392233	4.71476363277175e-07	1.96448484698823e-06
"hsa-miR-642a-5p"	-7.4653962446698	3.92289509421793	52.2445130022224	4.90026702673139e-13	5.29758597484475e-12
"hsa-miR-6503-3p"	6.25452934401111	3.54321439688461	65.3780680443562	6.18231032584654e-16	8.69728074626533e-15
"hsa-miR-6503-5p"	3.67877962418722	2.07175627215506	13.8133208795887	0.000201899677875939	0.000438912343208562
"hsa-miR-651-5p"	-2.23439070114895	3.1169729634415	12.3603929042441	0.000438538390736853	0.00089497630762623
"hsa-miR-6511b-3p"	-0.0313588561591893	2.95010457642687	0.0022583516403083	0.96209710312713	0.974275547470511
"hsa-miR-6516-3p"	-0.857271752477459	3.46557846709084	2.02916506255729	0.154305357854339	0.199748036057396
"hsa-miR-652-3p"	0.718412720887333	7.87463237685408	3.80759908337658	0.051020534583781	0.0731477198333778
"hsa-miR-652-5p"	0.180432225120201	4.07021844431824	0.173665792410082	0.676874241277162	0.733739014934593
"hsa-miR-653-5p"	4.46593903241702	1.95393820185426	18.2353058333069	1.95226222499951e-05	5.46087335664197e-05
"hsa-miR-659-5p"	-2.80850528914901	3.6660698314278	21.2832303473866	3.96182266119129e-06	1.33170509619875e-05
"hsa-miR-660-3p"	2.20614857098175	2.82372855948988	7.72576677812632	0.00544382352984794	0.00942653425081895
"hsa-miR-660-5p"	1.82108722546703	8.85040262649342	18.8752771021019	1.39549573474149e-05	4.13480217701183e-05
"hsa-miR-664a-3p"	-1.52251965107576	7.09871239244057	18.2651264962577	1.9219363202431e-05	5.42442217159317e-05
"hsa-miR-664a-5p"	-2.36480280116988	4.04968293819354	22.1904074709843	2.46904311213623e-06	8.73997561818134e-06
"hsa-miR-664b-3p"	-2.64517741240062	3.89055118391535	21.9800364084127	2.75501261640393e-06	9.66671093475062e-06
"hsa-miR-671-3p"	0.812708629769973	5.71734204814703	4.29536079114116	0.0382164866902157	0.0559948522933564
"hsa-miR-671-5p"	-0.366190216949306	4.4351881973376	0.968453852853042	0.325066086442368	0.377983821444614
"hsa-miR-6731-3p"	-6.65915298756362	3.22101771648105	43.8419742256041	3.55987941023298e-11	2.90602400835345e-10
"hsa-miR-6769b-3p"	-1.30296552450281	3.80816827593275	3.78796657441749	0.0516223256946456	0.0735717089288188
"hsa-miR-6803-3p"	-2.75436843260938	4.03113137359538	21.8565268646463	2.93815492474084e-06	1.0151612705391e-05
"hsa-miR-6810-3p"	4.45269291481906	2.27804893653509	23.6709792147703	1.14293116755675e-06	4.23307839835833e-06
"hsa-miR-6842-3p"	0.0312897954160279	4.52029276232132	0.00566660159072541	0.939994453739087	0.959178014019477
"hsa-miR-7-1-3p"	-3.27460538854919	6.6376196907041	50.2961549113733	1.32208334992869e-12	1.35598292300378e-11
"hsa-miR-7-5p"	-1.89037057237152	5.36437070411149	4.73633142881037	0.0295319816459199	0.0435896408057858
"hsa-miR-708-5p"	1.7802990174511	2.44363680011732	3.35335649149709	0.0670681280974823	0.092827858958453
"hsa-miR-744-3p"	2.29498229772367	2.61677453535457	15.1426311616353	9.96866196391584e-05	0.00022916464284864
"hsa-miR-744-5p"	2.17938173773316	7.39111763139795	33.1937731994596	8.34172268375798e-09	4.98013294552715e-08
"hsa-miR-766-3p"	-2.21818804034957	6.97042754519374	34.8575248152456	3.54735890017556e-09	2.21709931260973e-08
"hsa-miR-769-5p"	-1.5901176254016	9.33924214203908	20.4123239756715	6.24264850865654e-06	2.03012959631107e-05
"hsa-miR-7705"	0.94543698449295	3.13901115764177	3.62328120370717	0.0569763968019662	0.079966872704514
"hsa-miR-7706"	1.46067977480074	5.06100329499848	10.772126971373	0.00103040032126226	0.00202039278678875
"hsa-miR-7976"	1.26851616932454	3.43982447396716	6.74546364052899	0.00939863488608091	0.0156643914768015
"hsa-miR-7977"	0.0620803536473467	2.23505610999805	0.00327090273678188	0.954392404902551	0.971391760715065
"hsa-miR-873-5p"	-6.12973123462268	2.85423946294546	10.0603034233812	0.00151498273488872	0.00284503799979103
"hsa-miR-874-3p"	-3.68339748194341	7.5782723290476	27.2283038926759	1.80792523626338e-07	8.0352232722817e-07
"hsa-miR-874-5p"	-3.72420932424617	4.31808708154524	24.2227375873577	8.58131841769303e-07	3.33255084182253e-06
"hsa-miR-877-5p"	1.15695322745355	5.24578441529362	6.69736850580898	0.00965553135728903	0.0160257781863718
"hsa-miR-9-5p"	0.577762366008479	4.973325723394	0.586135597957608	0.443917361701209	0.504451547387738
"hsa-miR-92a-1-5p"	-2.84932777427078	3.8267792685089	28.4523738837099	9.6031945648852e-08	4.62804557343865e-07
"hsa-miR-92a-3p"	-2.27398077838567	16.0989053979957	31.0805224391588	2.47542945134136e-08	1.39460814160076e-07
"hsa-miR-92b-3p"	-1.49704804462583	9.05618854483634	11.3382547080351	0.000759266467696434	0.00151224985904626
"hsa-miR-93-3p"	1.26889226723824	4.52527552873755	12.8376166764065	0.000339720046618531	0.000715200098144276
"hsa-miR-93-5p"	-0.71932257103711	9.65515683859574	3.29848066879939	0.0693439945280415	0.0953182055368268
"hsa-miR-940"	2.39913967435969	3.33727873180543	17.9621014017293	2.25347162868215e-05	6.25964341300598e-05
"hsa-miR-941"	2.53517012186922	9.16067934783413	25.1250892560959	5.37292420179086e-07	2.14916968071634e-06
"hsa-miR-941-3-5p"	2.53260344709666	6.86003529952115	23.1945663329466	1.46410432024276e-06	5.32401570997369e-06
"hsa-miR-942-5p"	-0.912654148532338	4.21089858604729	5.05316584721971	0.0245809863278054	0.036963889214745
"hsa-miR-95-3p"	-7.74096501971824	4.17309501320134	78.5733820112319	7.70810634527512e-19	1.71291252117225e-17
"hsa-miR-98-3p"	2.97895108726248	3.5428939362789	17.3615534751587	3.09014003853297e-05	8.24037343608792e-05
"hsa-miR-98-5p"	1.91694701124713	10.5128207535288	25.3192926908976	4.85825127424944e-07	2.00340258731936e-06
"hsa-miR-99a-5p"	-2.0545702390237	6.74560924484919	4.14605050947652	0.0417317534379843	0.0609222677926778
"hsa-miR-99b-3p"	2.72906691012622	4.79913839442173	36.1167969814545	1.85838054745533e-09	1.21861019505267e-08
"hsa-miR-99b-5p"	3.40835255513298	13.6395921534972	76.5897124201974	2.10433009742633e-18	4.00824780462158e-17
