"logFC"	"logCPM"	"LR"	"PValue"	"FDR2"
"hsa-let-7a-3p"	-0.0242708912193656	5.03028689149365	0.00176104682574341	0.966526736245785	0.980216916645867
"hsa-let-7a-5p"	1.59766405896284	15.1809629756756	21.0878391695971	4.38703419428404e-06	2.90844118806238e-05
"hsa-let-7b-3p"	-0.439234983651086	4.72989403522302	1.04042171891212	0.307723411536466	0.406512846236365
"hsa-let-7b-5p"	0.0985441275338602	10.8897199156983	0.0685245365033467	0.793497291305972	0.860824334204661
"hsa-let-7c-5p"	-1.19086455134587	4.07052452712723	3.93944004656659	0.0471664749756825	0.0861510104147671
"hsa-let-7d-3p"	0.849100385941561	7.16220514667963	8.06621633997329	0.00450981906974207	0.0116715361117619
"hsa-let-7d-5p"	0.988855435555928	10.3455013437382	6.42342875780229	0.0112624508518355	0.0260126284190782
"hsa-let-7e-5p"	0.64926172592778	7.1223037247987	0.401984868763456	0.526065964316076	0.642770017833294
"hsa-let-7f-1-3p"	0.0641099487390162	3.3163255157834	0.0247145727178153	0.875080378564072	0.918706086586328
"hsa-let-7f-2-3p"	-0.181694459707331	3.73350092454444	0.0821149968257355	0.774451432810234	0.857350576975427
"hsa-let-7f-5p"	0.655325219484296	15.209837771167	3.68517970562789	0.0548980553945614	0.0972945734220444
"hsa-let-7g-3p"	-0.50864837528691	5.34200191781462	1.46356202051353	0.226364215363999	0.319048775985479
"hsa-let-7g-5p"	-0.378887733146992	15.0216942914522	1.4141722728906	0.234365005175645	0.327744811925317
"hsa-let-7i-3p"	1.01248546381477	7.84562588195551	10.5880565171323	0.00113820564354426	0.00354328365555519
"hsa-let-7i-5p"	0.811682753013844	13.305807372253	5.84637851950018	0.0156091410446162	0.0349254530873288
"hsa-miR-100-5p"	-1.87673580409928	6.78821471408166	4.03812289732345	0.0444832740778331	0.0825130161650998
"hsa-miR-101-3p"	-0.348638057566279	13.9798290261194	0.309399644980147	0.57804882099297	0.681638401336259
"hsa-miR-101-5p"	-1.15830016386018	5.48168396924969	4.46373806141401	0.0346216544982045	0.0664208405093684
"hsa-miR-103a-3p"	0.268474792780051	12.1342677333076	0.574868085674296	0.448330927424284	0.559242062780117
"hsa-miR-106a-5p"	0.926942149497906	4.3756417620851	3.24869037198537	0.0714805495343774	0.121857317777653
"hsa-miR-106b-3p"	1.18066989618446	9.27169128695152	9.71521870851365	0.0018274833077108	0.00515148837921628
"hsa-miR-106b-5p"	-0.0467172567729571	8.44340177196991	0.00880504722869091	0.925240059025255	0.954399268607246
"hsa-miR-107"	-0.544358103624443	3.68422188984619	1.34636662560125	0.245914313934639	0.341229939490701
"hsa-miR-10a-5p"	0.337671051516635	11.4889247614767	0.32837050880363	0.566620170521151	0.673920335702897
"hsa-miR-10b-5p"	2.5134223662851	6.16840366665854	9.02891180164598	0.00265742630415665	0.00726227951822963
"hsa-miR-122-5p"	7.36154993582123	4.1272428404333	37.3635268411072	9.80385343237173e-10	1.25349268885324e-08
"hsa-miR-1248"	0.767478508445121	3.87041392917269	1.14138823673039	0.285359177139402	0.381188751551887
"hsa-miR-1249-3p"	-1.14242139015893	2.92931938953729	3.42283339542255	0.0643005639091869	0.111205806181106
"hsa-miR-125a-3p"	-1.90294755808467	2.208383440073	3.73413518641161	0.0533112573610504	0.0949523887326171
"hsa-miR-125a-5p"	-4.37879248184424	12.0913949424866	38.3240042527833	5.99210144773511e-10	8.58068927315668e-09
"hsa-miR-125b-2-3p"	-1.42897897161858	2.46203841565336	2.56550102669415	0.109217950119734	0.176126243886778
"hsa-miR-125b-5p"	-3.59458471975805	6.70437062184052	19.8529606125975	8.36331042830802e-06	4.75248433862583e-05
"hsa-miR-126-3p"	0.564130098429212	3.82165382371821	0.751786466993295	0.385911213526721	0.493415051580593
"hsa-miR-126-5p"	2.40875898737498	6.91290885604953	6.61234375790204	0.0101274283208826	0.023696858424026
"hsa-miR-1260a"	-1.64902136000597	4.55740895929845	20.0748654785337	7.44689550790834e-06	4.44331431971864e-05
"hsa-miR-1260b"	-0.451793596400435	3.11543666293776	0.922575509434566	0.336799635072754	0.436863294768283
"hsa-miR-127-3p"	1.81208744485435	4.07397436332424	14.0298118502678	0.000179935152622273	0.000707876754272238
"hsa-miR-1271-5p"	-0.0967609285157912	6.85424059763573	0.0278100805372947	0.867556102418941	0.913485543135238
"hsa-miR-1273h-3p"	1.99117398033242	5.32004697056826	20.4040622604335	6.26965670131063e-06	3.93778438433194e-05
"hsa-miR-128-1-5p"	2.97240617226394	4.83013462496615	14.0070653360168	0.000182124993431277	0.000708703778786926
"hsa-miR-128-3p"	-0.563393169239096	9.04723373411717	4.07997517478511	0.0433942963812875	0.0813359063062876
"hsa-miR-1285-3p"	-2.56300412202456	2.73374905957879	10.4168334184377	0.00124871823047681	0.00385380281474739
"hsa-miR-1287-5p"	-1.56572852291576	2.51838561073517	4.771423549907	0.0289358900950563	0.0575502703001675
"hsa-miR-1299"	5.75834622449946	2.59844149879726	10.262177649394	0.00135785305901874	0.00415479824896333
"hsa-miR-1301-3p"	-0.540261684903079	4.52871769992387	1.61600208425679	0.203650142162172	0.292798196361676
"hsa-miR-1304-3p"	2.04729539801517	4.33342785238971	14.0460333743093	0.00017838970065191	0.000707876754272238
"hsa-miR-1306-5p"	-2.85305943696727	2.47633678964077	13.5938891590017	0.000226923008137484	0.000812384369132194
"hsa-miR-1307-3p"	0.129102346466124	6.99462947510504	0.0897047145983478	0.764552885965283	0.852678919550066
"hsa-miR-1307-5p"	-0.957323579492418	8.05792195840834	1.74539323985423	0.186456915960957	0.270249295198473
"hsa-miR-130a-3p"	1.03908070296274	4.31978985516807	8.26250224294629	0.00404723055236601	0.0105759747280805
"hsa-miR-130b-3p"	0.173598796508856	6.68450322233007	0.309150177350702	0.578202139202153	0.681638401336259
"hsa-miR-130b-5p"	-0.764544971633593	4.24058240500908	4.78260556885149	0.0287485902783587	0.0574971805567173
"hsa-miR-132-3p"	0.205319948437024	5.75345040072453	0.0975019913487802	0.754848188681632	0.847133703912301
"hsa-miR-132-5p"	-1.54058109753487	3.1824134855774	6.32288793034649	0.0119189359506932	0.0273524299381292
"hsa-miR-138-5p"	5.44100153407485	4.31880104671295	89.1343240213436	3.68894622328156e-21	1.6508034349185e-19
"hsa-miR-140-3p"	-0.00236795493861034	12.526990533713	6.38098234730933e-05	0.993626482033687	0.993626482033687
"hsa-miR-140-5p"	-0.577874850540171	6.62461490591043	1.96542414911279	0.160934401538952	0.239064380709314
"hsa-miR-141-3p"	1.75396812205792	9.58434836667774	11.4917748167003	0.000699048528992726	0.00229595755393941
"hsa-miR-142-3p"	-1.12501070430422	12.4118673427759	2.81377803555003	0.0934580408562748	0.155618505239751
"hsa-miR-142-5p"	0.484778089934793	16.2416228888665	0.930518241763821	0.334728296484273	0.435755382332254
"hsa-miR-143-3p"	3.34320666108893	6.38694078620719	44.8684804676966	2.10722673431157e-11	3.85774442138073e-10
"hsa-miR-144-5p"	1.57761636624105	2.49451075531203	3.52407260525699	0.0604836535663888	0.106142882239055
"hsa-miR-1468-5p"	0.786824674116896	5.19484645715674	5.60893654570414	0.0178691044508975	0.0387705417783109
"hsa-miR-146a-3p"	-3.69104695707513	2.52645259321889	11.6561991241072	0.000639889447160828	0.00214093852414557
"hsa-miR-146a-5p"	2.47529307577922	12.7482505841145	20.2916582373157	6.64898393549218e-06	4.10402801535552e-05
"hsa-miR-146b-3p"	-1.8984248511659	8.71122087957774	7.15948274279584	0.00745686973297916	0.0182846531808667
"hsa-miR-146b-5p"	1.55244452288571	14.1428047835303	2.44122042966865	0.118184243900436	0.187212209364407
"hsa-miR-148a-3p"	-0.417133536573846	11.4435620893693	0.967385993756494	0.325332970845569	0.425070085995305
"hsa-miR-148a-5p"	1.33722749323399	5.39639848817807	4.86819974337077	0.0273560243290106	0.0550194197178976
"hsa-miR-148b-3p"	1.22318260553604	9.91893294167135	14.5577539849913	0.000135928106147428	0.000559336344836544
"hsa-miR-148b-5p"	-0.215696595120815	5.59457789463605	0.491693300308488	0.483172932778282	0.596468654946983
"hsa-miR-150-3p"	-0.574669029107466	7.8616856038401	2.21553105501065	0.136628040289442	0.209926345165752
"hsa-miR-150-5p"	-3.78247165794675	17.5390706126139	51.6573231195211	6.60836933149104e-13	1.5771974804492e-11
"hsa-miR-151a-3p"	4.24010848030489	12.1417234324773	42.6303477454993	6.612545490878e-11	1.0760414935156e-09
"hsa-miR-151a-5p"	2.90850858070874	11.5125332040213	22.3915301857253	2.22352426533063e-06	1.69366316380504e-05
"hsa-miR-151b"	4.37981584946591	7.25981140800011	33.8474938773074	5.96058242699738e-09	6.46632881474261e-08
"hsa-miR-152-3p"	-1.09315310491909	5.51353378277162	3.37604981451388	0.0661504230744474	0.113855055099289
"hsa-miR-153-3p"	-1.65182837721703	3.74025151137929	5.0194071749126	0.0250647489410801	0.0512753149766095
"hsa-miR-155-5p"	3.99173641717114	13.1874041507724	21.9274119348902	2.8316016946963e-06	2.02742681340255e-05
"hsa-miR-15a-5p"	1.17754885552468	11.6132094570837	8.86679003624741	0.00290405341105073	0.00787614485724365
"hsa-miR-15b-3p"	-0.212342141784322	5.56797110370743	0.360412314298686	0.548277335841308	0.658668745742242
"hsa-miR-15b-5p"	-0.19670251576536	8.63157929714439	0.376671103930147	0.539390211732913	0.653980430973843
"hsa-miR-16-2-3p"	-0.616565966803788	7.50758829975938	3.90682854526366	0.0480902680121987	0.0873924667429804
"hsa-miR-16-5p"	1.87828506796687	14.5088066165855	22.62599026464	1.96804231262788e-06	1.57519257711951e-05
"hsa-miR-17-3p"	0.261542845044527	7.36333808042343	0.435008527130357	0.509541518403324	0.624711861604076
"hsa-miR-17-5p"	1.01399599425516	8.76252233296447	9.74818446726285	0.00179499906976364	0.00510007672202685
"hsa-miR-181a-2-3p"	1.12152272543358	8.14684026819419	3.80953294841519	0.0509616589072001	0.0912213694438882
"hsa-miR-181a-3p"	1.724427114183	8.71993575926954	22.5721347004633	2.02399046222061e-06	1.57519257711951e-05
"hsa-miR-181a-5p"	2.84923624539222	16.1133547348504	51.3598346037493	7.6895816449922e-13	1.72054389306701e-11
"hsa-miR-181b-5p"	1.5623105298168	10.6228695392737	17.9211158055509	2.30252268271357e-05	0.000123030316479322
"hsa-miR-181c-3p"	-2.42486955706321	5.71249915817898	15.7388853860521	7.27139089574103e-05	0.000333738197522473
"hsa-miR-181c-5p"	-2.41531867872237	10.2910964886959	22.1749678712461	2.48897877949317e-06	1.85636333970532e-05
"hsa-miR-181d-5p"	-2.55992253923145	5.72476659965679	17.4432987965596	2.96005922212807e-05	0.000152976879902859
"hsa-miR-182-5p"	4.57214352905888	7.18489400061149	34.9049293136304	3.46203272076232e-09	3.99808940010616e-08
"hsa-miR-183-5p"	5.49406116024766	4.89683507428375	52.7002666181208	3.88538359739451e-13	9.93548091333739e-12
"hsa-miR-185-5p"	-0.43411185793751	6.02116046683233	1.48897474775846	0.22237560166549	0.314665871131405
"hsa-miR-186-5p"	0.130941388723087	13.8069722689043	0.133431504110945	0.714900336567691	0.810638456419486
"hsa-miR-188-5p"	1.89066613182206	2.21553233347842	2.7892782932063	0.0948969576024538	0.157282920470734
"hsa-miR-18a-3p"	0.149201215092145	3.66987625371529	0.0612819068849006	0.804481187385747	0.86748272615692
"hsa-miR-18a-5p"	0.565283285672647	4.95355827517727	2.00575366702851	0.156703395521713	0.233749231653222
"hsa-miR-191-5p"	2.27839937975304	14.3009926458204	33.6471640237537	6.60711355625995e-09	6.95690192100313e-08
"hsa-miR-192-5p"	0.0319732563200948	12.6049439452247	0.00822441258867457	0.927740071160116	0.954399268607246
"hsa-miR-193a-3p"	-1.63836360474005	2.40549115342098	4.11720980488908	0.0424490345074607	0.0799829176508997
"hsa-miR-193a-5p"	4.21537618773373	5.22569820595707	61.6427478430146	4.1178098071723e-15	1.34015991906153e-13
"hsa-miR-193b-3p"	-0.135960951282364	4.62979902696673	0.0719901262191254	0.78846089574512	0.860576221575466
"hsa-miR-194-5p"	-0.836761881754716	7.09723700214212	5.92254684928759	0.0149483354743545	0.0338702791127779
"hsa-miR-195-5p"	3.25566299330794	5.66361397378626	40.5322545492368	1.93397001176479e-10	2.88483860088248e-09
"hsa-miR-196a-5p"	-4.26502040826967	3.43140989690025	9.90495826157564	0.00164834067237186	0.00483693410417317
"hsa-miR-197-3p"	-0.464659182551277	9.88361312955875	2.37033917086882	0.123660181757337	0.192479761170115
"hsa-miR-1976"	0.0822545010142623	3.78160264234495	0.0355089814178715	0.850533102276417	0.90124667353136
"hsa-miR-199a-3p"	-0.401766217000188	5.7451054769356	1.27524971991812	0.258784141409035	0.356325856247825
"hsa-miR-199a-5p"	0.0516798836887499	3.07795717384911	0.0128127665033038	0.909877155587341	0.944162381739907
"hsa-miR-199b-3p"	-0.314639597087599	4.5694051291892	0.733494067084135	0.391752964594032	0.499101641724781
"hsa-miR-199b-5p"	-1.41492968656538	5.0120436512849	7.94959153451764	0.00480982310755131	0.0122994048035955
"hsa-miR-19a-3p"	-0.730043536940873	8.10139389297641	1.21231938722974	0.270873259198039	0.368717212140297
"hsa-miR-19b-3p"	-0.337027947080648	10.807273810366	0.340734254891061	0.559405702421635	0.667557471556485
"hsa-miR-200a-3p"	2.97971754309062	4.30010324266449	49.6115708771396	1.87405166142617e-12	3.94653232229747e-11
"hsa-miR-200b-3p"	1.42065734880303	4.94643333488619	14.7239218466279	0.000124457132350701	0.000530424445018463
"hsa-miR-200c-3p"	1.06848978366154	5.21836671549211	13.689897176814	0.000215611271945472	0.00079576118924205
"hsa-miR-20a-3p"	-0.573675361427592	3.10464901960125	1.02466197611113	0.311415721980376	0.408376661058515
"hsa-miR-20a-5p"	1.35527313460881	10.0013864732048	17.2790726351625	3.22721613154871e-05	0.000160464357652005
"hsa-miR-20b-5p"	2.26355870240209	5.66867241528504	18.7693949851222	1.47515459986668e-05	8.12469764234266e-05
"hsa-miR-21-3p"	2.5783215059563	11.2914668717807	8.78508363382869	0.00303703640981451	0.00817487996025258
"hsa-miR-21-5p"	0.42712661428609	14.980160708219	0.481802392247801	0.487607039329688	0.599873952165046
"hsa-miR-210-3p"	1.32534107828028	5.51585635275473	11.1839405386816	0.000825083550887599	0.00268527192016146
"hsa-miR-210-5p"	3.85131893949302	3.18918710147674	13.1211830763381	0.000291975598579841	0.00102017462298261
"hsa-miR-2110"	0.37710363920086	3.56724598897487	0.535685249303729	0.464226420607284	0.577059231171554
"hsa-miR-2110-3p"	-1.21957266323154	4.59485484468973	7.46097838193286	0.00630507291128027	0.0157847279876807
"hsa-miR-212-3p"	0.313128216650041	3.05495922688658	0.141491347426532	0.706802889511299	0.805845332627532
"hsa-miR-212-5p"	-1.46809931500853	2.66470045748032	5.28145352098598	0.0215537472519471	0.0455687120404936
"hsa-miR-215-5p"	-0.558907755502754	4.33048190475537	2.24706435040627	0.133868150326998	0.206572404383902
"hsa-miR-22-3p"	-1.84828721394958	13.4836213325475	14.6658587151558	0.000128350182560723	0.000540580768902812
"hsa-miR-22-5p"	-2.43922991237858	4.96910147811944	29.0198679678763	7.16397741700622e-08	7.32772547225208e-07
"hsa-miR-221-3p"	0.957479832332211	11.38999630697	9.28819221932469	0.00230635653381907	0.00640058634966844
"hsa-miR-221-5p"	0.078508750380413	6.65008125986863	0.0540609498620599	0.816141838038249	0.874786760532016
"hsa-miR-222-3p"	0.512385861871213	9.8736819676266	2.0474872340021	0.152457632676598	0.229327027303454
"hsa-miR-222-5p"	0.516067554254154	2.91251322854656	0.346078435110421	0.55634147191676	0.666121227244816
"hsa-miR-223-3p"	4.06774621509923	9.04915680899257	102.646380050714	4.00642904483653e-24	2.04900228293068e-22
"hsa-miR-223-5p"	4.98334990606607	4.77531523219705	133.684404605284	6.40486585228424e-31	7.64313991705919e-29
"hsa-miR-2277-5p"	-1.16050735808488	3.10724299105924	4.48340155410093	0.0342255378733789	0.0664208405093684
"hsa-miR-2355-5p"	1.43890066852584	3.9101690163021	13.6064985624709	0.000225403901290959	0.000812384369132194
"hsa-miR-23a-3p"	-2.49605932797929	10.2685526935755	45.9346000970106	1.22267294795554e-11	2.4317606409338e-10
"hsa-miR-23a-5p"	0.636196510409346	4.61643118809747	1.23827177014282	0.265804385990531	0.364589924078965
"hsa-miR-23b-3p"	-1.07159384298693	7.0828287786103	9.80934285692089	0.00173627535835518	0.00499386040920549
"hsa-miR-24-2-5p"	-1.74233261440089	4.87584365839086	14.4283973743726	0.000145590266482659	0.000592287675008999
"hsa-miR-24-3p"	-0.592049265789302	8.89596414872952	3.29170583779071	0.0696306463192549	0.119271633408102
"hsa-miR-25-3p"	1.37883750743458	12.7172758670664	19.9764898356083	7.8400215985781e-06	4.60119300375567e-05
"hsa-miR-25-5p"	-0.305125144099805	4.41443403616192	0.696438135956253	0.403983126664145	0.50924633572452
"hsa-miR-26a-2-3p"	-0.738591705780034	4.28648414785009	1.31663451767234	0.251196943845267	0.347214308481102
"hsa-miR-26a-5p"	0.0932707521533255	16.1845584291799	0.0811728832834433	0.775714203485764	0.857350576975427
"hsa-miR-26b-3p"	-1.75261022614333	6.82637364757194	15.2248031964898	9.54416193042311e-05	0.000416684142816033
"hsa-miR-26b-5p"	0.500157576722044	13.507873949065	2.2983163880379	0.129514316328578	0.200719156907493
"hsa-miR-27a-3p"	-2.61171416231981	11.8878122776471	38.0393612470079	6.93317248073813e-10	9.32052784997723e-09
"hsa-miR-27a-5p"	0.130587327737477	5.83798767356849	0.115033015934123	0.734485302357281	0.82948182411327
"hsa-miR-27b-3p"	1.31113648288252	12.1941827908717	11.0992511587995	0.000863625846197015	0.00276051832980832
"hsa-miR-27b-5p"	1.27645480516345	3.77700882926607	5.64850191030278	0.0174702909395305	0.0383703322475578
"hsa-miR-28-3p"	1.76488523469802	13.6315875426766	21.2737859899831	3.98139050598854e-06	2.68931660593188e-05
"hsa-miR-28-5p"	-0.00981632128819951	10.1228526193021	0.000848112260804612	0.976766997060148	0.982258200698283
"hsa-miR-296-5p"	-1.16792727082127	3.36971037427762	4.12267678308624	0.0423120795699744	0.0799829176508997
"hsa-miR-29a-3p"	-0.891701307958217	14.1819991037869	7.02294855046767	0.00804716102589383	0.0192058909817999
"hsa-miR-29a-5p"	-2.12398561367791	5.2401815327079	24.0200694921259	9.53367612473147e-07	8.32452695769236e-06
"hsa-miR-29b-1-5p"	0.0495992421652264	3.65095369324241	0.00827397207444847	0.927523280610782	0.954399268607246
"hsa-miR-29b-2-5p"	-0.0232327687330568	3.12364121639423	0.00185243074527897	0.965669748512708	0.980216916645867
"hsa-miR-29b-3p"	-0.617955406848201	10.002925790903	1.7497776028162	0.185904693230634	0.270249295198473
"hsa-miR-29c-3p"	-0.594035133227891	12.3639539146297	1.50754805312902	0.219513613262174	0.312479240400371
"hsa-miR-29c-5p"	-0.169533327097224	6.58803681044418	0.308143845276744	0.578821435771572	0.681638401336259
"hsa-miR-301a-3p"	0.0723655814590295	6.15472293100625	0.0168596356645629	0.896689328610812	0.933182498961252
"hsa-miR-301b-3p"	1.08714276653679	3.02150054454827	3.506102890432	0.061143122294075	0.106776769664775
"hsa-miR-30a-5p"	8.55447615338245	9.35197895233373	240.791543199281	2.64310817274241e-54	9.46232725841782e-52
"hsa-miR-30b-3p"	1.59165956993516	3.30045500901671	7.04770385131087	0.00793669258877364	0.0191982158566281
"hsa-miR-30b-5p"	-0.115466573925488	11.5889780554857	0.0766894910956353	0.781834873781764	0.858631383418925
"hsa-miR-30c-1-3p"	1.32516702461867	4.03763205157465	6.05830643047902	0.0138410356179267	0.0315610875873742
"hsa-miR-30c-5p"	-0.0713959269215039	11.495294348659	0.0553398572259667	0.814019162847181	0.874786760532016
"hsa-miR-30d-3p"	1.51780116052682	6.2387252392131	13.8579129457628	0.000197164756250139	0.000742999818289997
"hsa-miR-30d-5p"	1.28498371796117	13.4515889435271	19.945065525537	7.96993807596102e-06	4.60199650192588e-05
"hsa-miR-30e-3p"	1.60262375619259	9.25025164068829	4.06499143029391	0.0437809071560303	0.0816331498013482
"hsa-miR-30e-5p"	0.790347890708759	13.4870278512754	2.53890192483027	0.111072007774168	0.17831290934149
"hsa-miR-31-3p"	-6.49440194054762	3.77781199234547	44.0512499589937	3.19889528103139e-11	5.45335481242494e-10
"hsa-miR-31-5p"	-7.76210529012334	8.4249934111888	117.876350312156	1.84541143981114e-27	1.10109549242065e-25
"hsa-miR-3150b-3p"	9.24311768860668	4.92271438098029	167.66623525073	2.39278770712366e-38	4.28308999575135e-36
"hsa-miR-3158-3p"	0.769743042649495	2.87003482096044	1.9434945530612	0.163289602833737	0.241560652125941
"hsa-miR-3176"	1.48635162654991	2.8888765476182	2.20724421315594	0.137363858847817	0.210154963536403
"hsa-miR-3194-5p"	-2.0174363575847	2.96774466045404	11.1653754427109	0.000833381024288729	0.00268784150176004
"hsa-miR-32-3p"	-0.0179014556487176	3.32489080261902	0.00114411662462821	0.973016865262892	0.982258200698283
"hsa-miR-32-5p"	0.174794537279922	7.95245338858779	0.0622935604087331	0.802906923659993	0.86748272615692
"hsa-miR-3202"	-1.62236813541749	2.65314792306837	5.37426923963969	0.0204359000087426	0.0438086958271249
"hsa-miR-320a"	0.00817301869447062	10.1681496133612	0.000607663307533812	0.980333476938022	0.983079509086308
"hsa-miR-320b"	-0.858072450413952	4.45899449942508	5.2745988102473	0.0216387738739774	0.0455687120404936
"hsa-miR-320d"	-1.24774873602496	3.73845626807442	7.02766366952289	0.00802599962575092	0.0192058909817999
"hsa-miR-324-3p"	-0.317209862899301	4.73471344571173	0.575629242009914	0.448030636298247	0.559242062780117
"hsa-miR-324-5p"	0.00905273460204546	4.55720796576707	0.000847840052240922	0.976770724716728	0.982258200698283
"hsa-miR-326"	-3.52318267554387	3.91893156055143	53.7072531106523	2.32702586528122e-13	6.94229383142231e-12
"hsa-miR-328-3p"	-0.422856801225096	6.28990601390868	0.726102986304969	0.394149286199508	0.500373916522779
"hsa-miR-330-3p"	-1.75217624470021	5.43533352095738	21.7378147742834	3.12568868154096e-06	2.19411087841503e-05
"hsa-miR-330-5p"	-0.457925268449807	5.33165606618285	1.14262301608971	0.285098752561391	0.381188751551887
"hsa-miR-331-3p"	-2.28928219109544	7.3324612331389	44.824434420184	2.15516448121828e-11	3.85774442138073e-10
"hsa-miR-331-5p"	-0.474310528966268	3.41980374295593	1.14834586240101	0.283895686399135	0.381188751551887
"hsa-miR-335-3p"	1.07335560102999	6.33390314075779	5.86979679684782	0.0154028297279954	0.0346805851737254
"hsa-miR-335-5p"	-1.46408531395588	6.52514703491601	4.9579280961586	0.0259713072310167	0.052827999935818
"hsa-miR-338-3p"	-0.624039449079865	4.77841263963678	1.15163940104292	0.283206228393411	0.381188751551887
"hsa-miR-339-3p"	-0.930600044572575	9.2613571719174	6.95844664217609	0.00834244306933065	0.0197787723100687
"hsa-miR-339-5p"	-0.651434648347191	6.75145843573516	2.70456108697283	0.100061617124415	0.162827540593366
"hsa-miR-33a-3p"	-0.839778509639409	4.09784896893228	2.13936028219518	0.143561746114213	0.218702574931439
"hsa-miR-33a-5p"	-0.567855943713229	3.97064754612007	0.890215726167337	0.345418854863581	0.444819964176842
"hsa-miR-33b-3p"	0.234137682101649	2.96143559807059	0.164687996122035	0.684876560998184	0.783341242291852
"hsa-miR-33b-5p"	-2.01966647348692	4.28902911449107	8.0574524777448	0.00453168580875671	0.0116715361117619
"hsa-miR-340-3p"	0.623859825742297	3.2442994041292	1.36778421804552	0.242192950776013	0.337373838045964
"hsa-miR-340-5p"	0.924661651746152	8.55371677506653	3.87158384543132	0.0491101563520793	0.0887951311820424
"hsa-miR-342-3p"	-1.29941727617418	13.200204655304	13.5716897463253	0.000229622576973309	0.000813909728281629
"hsa-miR-342-5p"	-1.82569397182441	8.09643647012365	26.845920901793	2.20338928044273e-07	2.19114822888472e-06
"hsa-miR-345-5p"	1.17019162546251	6.77283324854368	5.45195010475546	0.0195464960558359	0.0421544914939113
"hsa-miR-34a-5p"	-0.252490369893002	4.40942956412951	0.201995346396357	0.653115057692116	0.754686332908303
"hsa-miR-3605-3p"	-0.730780328441165	2.96868518357462	1.91233634359836	0.166703964638527	0.24459024319915
"hsa-miR-3607-3p"	-1.38074529755749	9.14685122546417	3.00043066817407	0.0832423863202381	0.139255954685258
"hsa-miR-3607-5p"	-1.36314097332772	3.03662778978743	4.14822447147726	0.041678204807383	0.0793659431970378
"hsa-miR-3609"	2.50021925453956	5.13879501564709	24.0958738817214	9.1656479798099e-07	8.20325494192986e-06
"hsa-miR-361-3p"	0.0853732996581567	11.4701334821515	0.0685927456238318	0.793396868093643	0.860824334204661
"hsa-miR-361-5p"	1.0897819517	8.57054290585681	15.0411459958167	0.000105192569477906	0.000453722167145668
"hsa-miR-3613-3p"	-0.673857493182632	2.7273737639425	1.12056498657162	0.289796830253578	0.384249130484373
"hsa-miR-3613-5p"	0.0765975062410741	4.18242457093043	0.0226786137602453	0.880295835143274	0.92147926602717
"hsa-miR-3614-5p"	4.01322773205766	2.29735210655544	16.2066628705721	5.67940099168183e-05	0.000267529678292381
"hsa-miR-3615"	1.63887677938303	5.89896489158879	11.5262269194976	0.000686211467294929	0.00227466393788504
"hsa-miR-362-3p"	-0.546032335193622	3.51024517034081	0.575202726357849	0.448198866550465	0.559242062780117
"hsa-miR-362-5p"	3.88907896078704	5.15489386674807	23.0696385322969	1.56238462353095e-06	1.30077603540484e-05
"hsa-miR-363-3p"	1.19102413747521	9.7943773484635	4.46368735513315	0.0346226821377465	0.0664208405093684
"hsa-miR-3651"	1.21760824482761	4.00736558793666	4.68824122995503	0.0303697175792238	0.0597382356778139
"hsa-miR-3653-3p"	0.142142896877134	4.11488583401972	0.0763676323350992	0.782281604597575	0.858631383418925
"hsa-miR-3653-5p"	0.883694223022174	3.9756994282804	4.91355779047636	0.0266467007201467	0.0538955867673023
"hsa-miR-3681-5p"	4.93656572482069	2.43600106688211	33.9693305533576	5.59876664149942e-09	6.26362018017747e-08
"hsa-miR-374a-3p"	-0.3077934895718	7.21720918278248	0.201516757459002	0.653499338551883	0.754686332908303
"hsa-miR-374a-5p"	0.129475199501389	7.26934859857047	0.0508668150646905	0.821561757523166	0.877967490129234
"hsa-miR-374b-3p"	-0.0788281324995512	3.26761548568009	0.0171531670208473	0.89579896059346	0.933182498961252
"hsa-miR-374b-5p"	-0.833409517493815	6.62663393425763	5.33687275995214	0.0208788959852567	0.04449193311144
"hsa-miR-378a-3p"	2.15724137992074	11.0503084159891	35.4835580413002	2.57212586901149e-09	3.06940353702038e-08
"hsa-miR-378a-5p"	1.61416447182197	3.66070199622472	17.3164154432686	3.16441434276955e-05	0.000159557793621338
"hsa-miR-378c"	1.58642946879114	4.31652603280116	10.1561551124671	0.00143820254100647	0.00433086421021119
"hsa-miR-378d"	0.6950136569433	3.26271880027311	1.22816081030222	0.267765015047621	0.365877386973466
"hsa-miR-3909"	-0.899940664538182	2.64428834295177	1.93203895413965	0.16453554559743	0.242402161826667
"hsa-miR-3912-3p"	0.0281059235533646	4.67813107849108	0.0031617598608733	0.95515895812974	0.977128459838015
"hsa-miR-409-3p"	1.5086864680776	2.3881911921798	3.97801819229101	0.0460977699802082	0.0846307777072541
"hsa-miR-410-3p"	1.85308443904375	2.34485768116199	6.4234293011313	0.0112624474062772	0.0260126284190782
"hsa-miR-421"	0.244278839629566	5.95094628087269	0.293508289578361	0.587981057566587	0.690154815110945
"hsa-miR-423-3p"	-0.480319798102053	11.5152702443838	2.07818736357777	0.149417519425417	0.225702413309279
"hsa-miR-423-5p"	-0.245531149185426	11.6054952325038	0.528204400507718	0.467362746523266	0.578947623720863
"hsa-miR-424-3p"	-1.91638700514134	2.15418358247775	5.05558090588762	0.0245467520715539	0.0505042370207833
"hsa-miR-424-5p"	-2.46344540903064	3.31599333923689	9.91001113886531	0.00164382123589011	0.00483693410417317
"hsa-miR-425-3p"	0.523036230603066	5.18241483624952	2.74138979059036	0.0977796932218987	0.160573991621283
"hsa-miR-425-5p"	0.802518958974897	9.09341754468258	5.14438842829912	0.0233216237750099	0.0486186614884008
"hsa-miR-429"	1.89209136328268	2.41551869877366	8.4703841518737	0.00360975190413876	0.00950214104177703
"hsa-miR-4424"	6.88125010181515	3.98381632468771	53.1149694198628	3.14585902239059e-13	8.66321176935254e-12
"hsa-miR-4433b-5p"	0.207279273770013	2.21137975890472	0.0424338687266257	0.836794952156142	0.891585097833032
"hsa-miR-4443"	-0.800369480955562	3.72929299956178	2.39999126558364	0.121335927822604	0.189686734325294
"hsa-miR-4464"	7.47401251851212	3.36534611598168	38.0124542762249	7.02944837847445e-10	9.32052784997723e-09
"hsa-miR-4482-3p"	4.63826350374738	2.77311956753094	12.5821023499661	0.000389458386451923	0.00132786764142656
"hsa-miR-4485-3p"	2.89937107518696	2.18071927258248	7.1977590223824	0.00729946767121576	0.01802213397445
"hsa-miR-450a-5p"	-1.84251192984629	2.56889596380012	5.63414624781265	0.0176139212740553	0.0384499013177548
"hsa-miR-451a"	1.9647000976612	6.05283781769318	5.74629846550371	0.0165234370171453	0.0367415556033417
"hsa-miR-454-3p"	-0.0709472878095702	7.00772629141372	0.0350330456869052	0.851526430862278	0.90124667353136
"hsa-miR-454-5p"	0.212061600100184	3.55150792695726	0.196611633892857	0.657469851748723	0.75683024735062
"hsa-miR-455-5p"	-0.75694183061927	2.46272378319856	1.15822015254727	0.281834971166257	0.381188751551887
"hsa-miR-4645-3p"	0.697567936090203	3.0522164880796	2.48077939314425	0.115245131673758	0.183367809507579
"hsa-miR-4661-5p"	2.16805738490626	2.88621154098664	8.54639734940227	0.00346206732696555	0.00922051441637993
"hsa-miR-4662a-5p"	2.66759622413902	3.85416461282204	13.7755666754198	0.000205997993174772	0.000768200849547587
"hsa-miR-4677-3p"	2.01894622877758	4.67309746108169	18.3207631248813	1.86661631346935e-05	0.000101249793973034
"hsa-miR-4772-3p"	-4.14829961934424	2.58912686453421	10.8015714631877	0.00101413970393621	0.00318475450885229
"hsa-miR-4772-5p"	-5.54864077727387	4.57466986900051	20.2132708427719	6.9270713301202e-06	4.20320599353056e-05
"hsa-miR-484"	-0.487359961854925	9.7937854362336	2.50312227286892	0.113620838598756	0.18159044740337
"hsa-miR-486-3p"	4.64002061798309	6.45767211451488	74.7315377091582	5.3927731670565e-18	1.93061279380623e-16
"hsa-miR-486-5p"	7.20301134430761	14.5579062136019	82.2620454555318	1.19189027836248e-19	4.74107466281964e-18
"hsa-miR-497-5p"	2.1382221569241	3.76760807207432	8.538558101327	0.00347700962628852	0.00922051441637993
"hsa-miR-5000-3p"	1.27919981533899	3.19300083134458	9.86653397497503	0.00168312286000018	0.0048988453973989
"hsa-miR-500a-3p"	2.43955484563055	8.570017386684	13.111338351811	0.000293513927841365	0.00102017462298261
"hsa-miR-501-3p"	1.63460288307897	7.29231272628876	25.6867342950146	4.01578032543803e-07	3.88553880136977e-06
"hsa-miR-502-3p"	-1.90643340620821	3.59799009887122	15.9248077280993	6.59091608534078e-05	0.000306434799811948
"hsa-miR-505-3p"	-1.34147147200705	5.69999990470444	9.63718701376801	0.00190677030850734	0.00533299820660646
"hsa-miR-514a-3p"	-5.04236870827615	2.08245904996982	10.9379770331144	0.000942129802755895	0.0029848006140408
"hsa-miR-5196-3p"	7.69650995354232	3.51609661266391	124.824534785474	5.55999738948417e-29	3.98095813087067e-27
"hsa-miR-532-3p"	0.531768734305039	4.84201828162898	0.901892592131738	0.342274744074528	0.442362304616177
"hsa-miR-532-5p"	1.93603418124502	9.51911161588913	13.9758725711692	0.000185171685055917	0.000712811432795896
"hsa-miR-548au-5p"	-2.50248330676551	2.73086664393371	10.1543788282352	0.00143958894138305	0.00433086421021119
"hsa-miR-548e-3p"	-0.197352879055615	5.74070534124614	0.132810509531527	0.715535620750161	0.810638456419486
"hsa-miR-548e-5p"	1.05940183331716	3.96690050309802	7.39085761199698	0.00655562239205754	0.0162980056691431
"hsa-miR-548j-3p"	-2.85243945093325	2.23171156163183	5.70713568226634	0.0168960859954691	0.037338264113444
"hsa-miR-548j-5p"	-2.22985923343663	2.63004096434359	3.8391717667659	0.0500682478855388	0.0900725263468487
"hsa-miR-548k"	-0.0691188416081056	5.24484385352546	0.0341372642701536	0.85341514616517	0.90124667353136
"hsa-miR-548o-3p"	-0.164678662034565	3.95411600866557	0.261564769395416	0.60904716969466	0.712545381538197
"hsa-miR-548w"	-1.03297760178058	3.5611988873453	4.6495766208416	0.0310612075537985	0.0607645481107096
"hsa-miR-550a-3p"	0.257022459128868	2.86829891782058	0.234482830860905	0.62821961627798	0.73020332021921
"hsa-miR-5690"	-1.87112413880105	3.60450111867985	15.471105419708	8.3776186046995e-05	0.000374898432560303
"hsa-miR-5696-3p"	-1.20784388812262	2.95649824142436	5.0918237765359	0.0240388983084121	0.0497452346497776
"hsa-miR-574-3p"	2.63251268247563	2.94889394295813	21.9465499088365	2.80350439832858e-06	2.02742681340255e-05
"hsa-miR-576-5p"	0.112542223537969	6.30357701143647	0.112169387084821	0.737687708864805	0.830478615640252
"hsa-miR-577"	6.22329651271542	7.03216153597763	127.708750448588	1.29984149980113e-29	1.16335814232201e-27
"hsa-miR-582-3p"	4.98833550128195	5.85983872185127	21.0397982881245	4.49841589904703e-06	2.92805980337971e-05
"hsa-miR-582-5p"	3.56455675994926	5.21158363005503	12.3858061998246	0.000432609808868921	0.0014610784110856
"hsa-miR-584-5p"	1.21920881491332	2.86248368890011	1.70311509120546	0.191881094503519	0.276989644484919
"hsa-miR-589-3p"	-2.63187168329426	4.11933708711103	25.4880886150956	4.45122549918624e-07	4.19352297028599e-06
"hsa-miR-589-5p"	0.247442664800928	7.49081686819765	0.258218639009716	0.6113466232433	0.712905834270689
"hsa-miR-590-3p"	-0.866769198190329	6.27152398124469	1.53496783988491	0.215368389058571	0.308407533131874
"hsa-miR-590-5p"	-1.44270505772949	2.42856119466572	2.64721217691794	0.103731669086805	0.168035916439259
"hsa-miR-598-3p"	1.41099754062371	6.04140042425234	13.9529582477446	0.000187442460551933	0.000713876605080767
"hsa-miR-616-5p"	0.0993764591038488	4.04698609718242	0.0947266062456982	0.758252117268223	0.848294556193824
"hsa-miR-625-3p"	-0.332425219404353	6.12815885432105	0.796020237263726	0.372285923214706	0.47770021688482
"hsa-miR-625-5p"	-0.519390103424052	4.71465119055372	2.02011591025951	0.155227292034969	0.232516194763677
"hsa-miR-627-5p"	0.329188512125078	2.89748022264202	0.369582261906853	0.543232059263219	0.654804973792029
"hsa-miR-628-3p"	0.116525756664683	3.24090394504775	0.0749363050541847	0.784280621167566	0.858631383418925
"hsa-miR-628-5p"	-0.458167310987381	3.60191758581896	1.13581094611831	0.286539239021809	0.381342184274378
"hsa-miR-629-3p"	-1.15999178788337	3.44959948376593	6.89266294004107	0.00865502396549049	0.0203848590766158
"hsa-miR-629-5p"	1.94437195083583	5.51316310040405	16.874576395169	3.99328860083307e-05	0.000193188826905168
"hsa-miR-641"	0.383697788189028	3.55249839941296	0.711918400004812	0.398807684312708	0.504498766727736
"hsa-miR-642a-3p"	-4.51720110828035	2.70780379929411	25.327698792153	4.83712533779109e-07	4.44023300238259e-06
"hsa-miR-642a-5p"	-4.82113563670432	3.59042665460708	37.1610277017607	1.0876591510426e-09	1.34269646921811e-08
"hsa-miR-650-3p"	5.66678359435665	2.07743738373572	22.5745618099347	2.02143504876976e-06	1.57519257711951e-05
"hsa-miR-651-5p"	1.4923909906492	3.89906968316554	7.71993150984461	0.00546144681773536	0.0137689997235863
"hsa-miR-6511b-3p"	-1.25051941437382	2.4583822454383	3.01135135480996	0.0826833326097838	0.138970108330059
"hsa-miR-6516-3p"	1.84373500936745	4.30116081849111	7.14723151923135	0.00750797947880452	0.0182847391388573
"hsa-miR-652-3p"	0.489360674445466	7.45933646762568	2.09578351066476	0.147705973651881	0.224062451556667
"hsa-miR-652-5p"	-0.722497663629933	3.49624235476307	2.43059887121269	0.118987433079986	0.187387285088651
"hsa-miR-659-5p"	1.54414331455232	4.56637156105402	16.2666529031045	5.502384449911e-05	0.000262647151075752
"hsa-miR-660-5p"	1.01534980141753	8.11887250859252	5.14163149264345	0.0233586865251534	0.0486186614884008
"hsa-miR-664a-3p"	0.642078385271214	7.3984389763376	4.75678267752946	0.0291830489091056	0.0577211685605514
"hsa-miR-664a-5p"	1.32753678437657	4.79548365098724	15.3435806395508	8.96249324499353e-05	0.000396120071815764
"hsa-miR-664b-3p"	0.0184244374098335	4.04649094816918	0.00214933971979292	0.96302254292079	0.980216916645867
"hsa-miR-671-3p"	0.934571624814496	5.48439073985779	3.02580937829208	0.0819494221024995	0.138970108330059
"hsa-miR-671-5p"	-1.81500284036514	3.81792919498971	17.1848442646601	3.39131191748909e-05	0.000166313652939876
"hsa-miR-6731-3p"	-1.57229525686204	3.13172792057255	9.18405645688187	0.00244132352607138	0.00672302940256579
"hsa-miR-6769b-3p"	-1.07532960936037	3.53436034548386	3.56687851050508	0.0589430134144246	0.103948762573222
"hsa-miR-6803-3p"	-1.97925062016351	3.7594688506121	14.5629736463118	0.000135552075199817	0.000559336344836544
"hsa-miR-6842-3p"	2.72710960799505	5.78518366783514	42.2173627764462	8.16716841484289e-11	1.27123751848424e-09
"hsa-miR-7-1-3p"	-0.613360388297337	6.59554895507562	2.7611067189915	0.0965814024862569	0.159337060322949
"hsa-miR-7-5p"	0.305739755627768	5.56389287253677	0.189416643820739	0.663402583850781	0.761211939162114
"hsa-miR-708-3p"	5.01700412959878	3.16400692702666	21.0018014054646	4.58851737866051e-06	2.9333736099294e-05
"hsa-miR-708-5p"	3.79424936991355	3.47949827219947	9.80153109473278	0.00174366634399633	0.00499386040920549
"hsa-miR-744-5p"	0.0265948137056239	5.95841320072734	0.00314283931723658	0.955293186992473	0.977128459838015
"hsa-miR-766-3p"	-0.466664405749545	6.89838938498846	2.425940155006	0.119341622905621	0.187387285088651
"hsa-miR-769-5p"	0.0891432630962238	9.38755493668439	0.0810152802629354	0.7759262205029	0.857350576975427
"hsa-miR-7706"	3.19806370794591	6.06709043391935	23.1358572589119	1.50949350238891e-06	1.28666350917912e-05
"hsa-miR-7974"	3.08270580064485	2.53474354786068	7.83912943059139	0.00511272231847947	0.0129812382270614
"hsa-miR-873-5p"	-0.701576114241652	2.90386510027316	0.3785990603531	0.538353950727164	0.653980430973843
"hsa-miR-874-3p"	-2.27405639629015	7.21520553189953	15.5347863684697	8.10008761209281e-05	0.000367067261408763
"hsa-miR-874-5p"	-3.24306212767682	3.9564033713898	21.4338730899465	3.66243441421635e-06	2.52144523132587e-05
"hsa-miR-877-5p"	0.670581076298678	4.71566721115917	1.03432312209233	0.309145449015282	0.406889965983349
"hsa-miR-9-5p"	0.930784593978182	4.82671267124149	1.50464878165609	0.219957454136574	0.312479240400371
"hsa-miR-92a-1-5p"	0.70901747947529	4.28792255353917	3.42616515139896	0.0641709462316549	0.111205806181106
"hsa-miR-92a-3p"	1.1937317971186	16.7856283638477	12.8259185815969	0.000341850635955633	0.00117675507377035
"hsa-miR-92b-3p"	-0.974316626452979	8.73110989910403	3.01817966121178	0.0823358374931002	0.138970108330059
"hsa-miR-93-3p"	-0.510126586237975	3.55468485152563	1.78192841833427	0.181912705969516	0.2658153009677
"hsa-miR-93-5p"	1.17377249830673	10.0849179174326	13.6305502802883	0.000222534646083669	0.000812384369132194
"hsa-miR-941"	1.03015238554515	7.95045867183659	4.46013847520933	0.0346946848470723	0.0664208405093684
"hsa-miR-941-3-5p"	0.964054277852982	5.6295524030074	3.98303784255768	0.0459606020140402	0.0846307777072541
"hsa-miR-942-5p"	-0.215915510178757	4.06989518074521	0.374204643698993	0.540721250190664	0.653980430973843
"hsa-miR-944"	2.35593342011862	2.47379878448457	14.1533990639889	0.000168492411597109	0.000677755992716461
"hsa-miR-95-3p"	-0.618777724234995	4.24704106383471	2.71110307913432	0.0996520629371499	0.162827540593366
"hsa-miR-96-5p"	2.83223547532083	2.85356607923512	19.5976272964573	9.55878327795207e-06	5.34694439610444e-05
"hsa-miR-98-5p"	2.34315032725485	10.6107420191934	17.4348383362036	2.97326296803567e-05	0.000152976879902859
"hsa-miR-99a-5p"	-3.36129070944906	6.19624140568907	10.0580964800227	0.0015167986353703	0.00452511592885474
"hsa-miR-99b-3p"	-1.05123710777783	2.88097338123178	1.41733009803334	0.23384335616301	0.327744811925317
"hsa-miR-99b-5p"	-2.59861680067485	10.6249424543223	17.4234255625525	2.99116804279333e-05	0.000152976879902859
