"logFC"	"logCPM"	"LR"	"PValue"	"FDR2"
"hsa-let-7a-3p"	-0.700762126000289	5.07028832261328	1.29282714519342	0.255527596812257	0.481010637642276
"hsa-let-7a-5p"	0.451965199097918	14.7225855675702	1.92249467367083	0.165581909716036	0.391578840544679
"hsa-let-7b-3p"	-0.445477080403068	4.97036621077323	0.922837387843845	0.336731068123842	0.574906701674853
"hsa-let-7b-5p"	-0.0622892703762618	11.0612440370834	0.021577368699635	0.88321697355026	0.968618365010558
"hsa-let-7c-5p"	-0.159705816088067	4.5605095608001	0.0677950232718612	0.794574698991219	0.949047292520171
"hsa-let-7d-3p"	-0.521289986838321	6.84415437254569	2.56125702338984	0.109511477666906	0.306167652569591
"hsa-let-7d-5p"	-0.132461124640013	10.0554790326494	0.181221516894347	0.670325583080485	0.87270260766269
"hsa-let-7e-5p"	-1.16058281514143	6.77670094872203	5.66443492017206	0.0173122933868209	0.104470735954954
"hsa-let-7f-1-3p"	-0.301354687050588	3.40595876964848	0.474818242523487	0.49077886276615	0.712749385759969
"hsa-let-7f-2-3p"	-0.151868997118857	3.95491173641782	0.0452050197695755	0.831627487933721	0.953695287887431
"hsa-let-7f-5p"	0.46997358753297	15.3173699841035	2.38199021646187	0.122741086450921	0.333018451611025
"hsa-let-7g-3p"	-0.639660805910088	5.56356560132105	2.1122203281497	0.146127164143409	0.367946096763979
"hsa-let-7g-5p"	-0.0214516917936239	15.3845748984258	0.00363103942095222	0.951950067306249	0.988134475906719
"hsa-let-7i-3p"	-1.14545026398962	7.30011704580829	10.2077063307696	0.00139855004790272	0.0215867310192311
"hsa-let-7i-5p"	-0.225807782936117	13.0860216005448	0.630588182492595	0.427139646778801	0.649995114663392
"hsa-miR-1-3p"	5.64929045911275	2.01635069843337	23.5522043934837	1.2157006642757e-06	3.54579360413745e-05
"hsa-miR-100-5p"	-0.976367819697477	7.25418415276113	0.854747148849953	0.355212851951893	0.594960890795296
"hsa-miR-101-3p"	0.329429856171877	14.4568353648671	0.306211305667148	0.580014438994222	0.802438748149429
"hsa-miR-101-5p"	-0.395211613752425	5.93484442076395	0.700523310372633	0.402607910238715	0.63641311874072
"hsa-miR-103a-3p"	0.455718847671599	12.420731199058	2.2489492460873	0.133705164387193	0.346643018781613
"hsa-miR-106a-5p"	1.37627170785793	4.76453422699063	5.96883399679698	0.0145609058356773	0.101926340849741
"hsa-miR-106b-3p"	-0.105181768543806	8.8803886342138	0.119816933521408	0.729233124737976	0.921413695517298
"hsa-miR-106b-5p"	-0.222860259934619	8.62473521488475	0.385187796192128	0.534839809349658	0.76032218861757
"hsa-miR-107"	0.536365887388087	4.22881132933233	1.58316419271593	0.208305505195261	0.441860162535402
"hsa-miR-10a-5p"	1.35597031228661	12.1811926514346	3.80549937512225	0.051084540728307	0.203177150623948
"hsa-miR-10b-5p"	1.16112274973718	5.40360054707071	1.59208990133541	0.207027799187164	0.441860162535402
"hsa-miR-1248"	-0.0979935178359785	3.7218750758406	0.0219730375124332	0.882158848733995	0.968618365010558
"hsa-miR-1249-3p"	0.187821713095297	3.43867205037614	0.112029162659666	0.73784568457161	0.922307105714512
"hsa-miR-1255a"	0.73397262107689	2.18162749701005	0.292886746182543	0.588376546576865	0.807575652164325
"hsa-miR-125a-3p"	-0.430939563088496	2.56059096561146	0.344127708610406	0.557456265365295	0.780438771511412
"hsa-miR-125a-5p"	-0.965862679518358	12.7608875959635	4.82186257717512	0.0281009639345597	0.146796080255162
"hsa-miR-125b-2-3p"	-0.6044002581296	2.77469764805896	0.426830055345373	0.513548505258869	0.73664744606805
"hsa-miR-125b-5p"	-0.589952111534431	7.41459829650521	0.637418545189163	0.424647128101973	0.649995114663392
"hsa-miR-126-3p"	-0.1196301799875	3.77587922991152	0.0303000658893708	0.861811124750599	0.954537638173131
"hsa-miR-126-5p"	-1.26580056304492	5.42911788719487	2.08572675061014	0.148681448486026	0.369887689349929
"hsa-miR-1260a"	0.0579301745115518	5.21443947203643	0.039331816241414	0.842792744439893	0.953695287887431
"hsa-miR-1260b"	0.702959548740246	3.68303687928805	2.08233683835891	0.149011897709543	0.369887689349929
"hsa-miR-127-3p"	-0.872919181084617	3.2159086383766	2.91368289924396	0.087831095928092	0.274472174775288
"hsa-miR-1271-5p"	0.0339103506415156	7.13006924047845	0.008583420937609	0.926184199512604	0.984646813291114
"hsa-miR-1273h-3p"	-0.0352996132715971	4.4720491984508	0.00521194748610476	0.942447664150066	0.984646813291114
"hsa-miR-128-1-5p"	-0.813659621101942	3.19619277052103	2.72923118988483	0.0985267036187938	0.292262540771239
"hsa-miR-128-3p"	0.207695934708986	9.55064512001934	0.537359801645261	0.463528974557841	0.687437038539171
"hsa-miR-1285-3p"	1.03174741915827	3.71841424247749	1.03085972093765	0.309956829467927	0.547903486433205
"hsa-miR-1287-5p"	-0.165709793175623	2.95362813367339	0.0737503834271855	0.785952501493928	0.945303695954896
"hsa-miR-1291"	0.463962829700001	2.87068198292354	0.72743182950603	0.393716901197889	0.626367797360278
"hsa-miR-1294"	1.82219470885146	2.3670465203443	6.25124837862243	0.012410581037277	0.0912721126500098
"hsa-miR-1301-3p"	-0.0492689839445181	4.89273402477263	0.0247507973676666	0.874989615735106	0.966076862799013
"hsa-miR-1304-3p"	0.504714273593645	3.70231531181936	1.50518149465603	0.219875822370935	0.45654808428079
"hsa-miR-1306-5p"	-0.616121527359699	2.92425786956672	1.29561559486255	0.25501564139202	0.481010637642276
"hsa-miR-1307-3p"	-0.0244036929680193	7.16232199829953	0.00523004638933067	0.9423479969993	0.984646813291114
"hsa-miR-1307-5p"	0.149108865882517	8.64987656653453	0.0381327714456159	0.845176773827178	0.953695287887431
"hsa-miR-130a-3p"	1.35250400259295	4.64443320910713	16.9053958575492	3.92897372405958e-05	0.000982243431014895
"hsa-miR-130b-3p"	0.763636607349534	7.14055890420813	5.68533754323558	0.0171072483580177	0.104470735954954
"hsa-miR-130b-5p"	1.1698874648575	5.15997186599768	16.0003277451285	6.33315190696791e-05	0.00138537697964923
"hsa-miR-132-3p"	-0.431242396151967	5.77239971946857	1.46288260600664	0.226472024370418	0.458800759006101
"hsa-miR-132-5p"	-0.0552378931953748	3.69898749743431	0.0133040510331295	0.908173107649429	0.975904005921125
"hsa-miR-133a-3p"	3.64723965154279	2.70192627815013	34.4065350343962	4.47219159767313e-09	3.91316764796399e-07
"hsa-miR-140-3p"	0.0671458412468498	12.7817467787045	0.0452965976836435	0.831459583714611	0.953695287887431
"hsa-miR-140-5p"	-0.527474021670123	6.90311676238605	1.30803241268291	0.252751206956744	0.481010637642276
"hsa-miR-141-3p"	-0.0671831564275477	8.83195279685973	0.0177890387053843	0.893896376852601	0.968618365010558
"hsa-miR-142-3p"	-0.105621839052374	12.9657211769604	0.0383038258946726	0.844834313674387	0.953695287887431
"hsa-miR-142-5p"	-0.192515988694669	16.2003998449754	0.136471184546281	0.711814644234378	0.902663498123305
"hsa-miR-143-3p"	0.702951306500309	4.74706113577135	1.31443693850937	0.251592892078886	0.481010637642276
"hsa-miR-1468-5p"	0.217749157511488	5.14347423903907	0.385092406754209	0.534890388190959	0.76032218861757
"hsa-miR-146a-3p"	0.0466360128974821	3.18408236644401	0.00252772494501841	0.959902062309384	0.988134475906719
"hsa-miR-146a-5p"	1.8429083003094	12.3723965453971	6.31783934731538	0.0119529187515572	0.0912721126500098
"hsa-miR-146b-3p"	0.00418648301274111	9.43893791381264	0.000101222544753199	0.991972665499612	0.999392460964694
"hsa-miR-146b-5p"	1.69793089593366	14.3406098070674	3.70549474702511	0.0542335909550794	0.210981823243803
"hsa-miR-148a-3p"	0.358413056619992	11.9557356271233	0.52187371480489	0.470043501217025	0.694157069307843
"hsa-miR-148a-5p"	-0.131827553032749	4.93597015875813	0.084126386368724	0.771781436525101	0.941196873811099
"hsa-miR-148b-3p"	0.781933377083622	9.8435296024977	4.99511672502216	0.0254189390313835	0.136871210168988
"hsa-miR-148b-5p"	0.240182827131873	5.98075517628381	0.570135621588496	0.450205029012732	0.673383590403659
"hsa-miR-150-3p"	-0.661713328811906	8.106918384256	2.70493369611389	0.100038241039114	0.294230120703277
"hsa-miR-150-5p"	-1.88718665891417	18.0416610353119	8.48178061252111	0.00358720819752645	0.0482893411205484
"hsa-miR-151a-3p"	-0.276166829049449	9.26608455674663	0.158127106214323	0.690886730533571	0.889008660613051
"hsa-miR-151a-5p"	-0.578378527850197	9.73304133288226	0.69006629957221	0.406141830688725	0.636592558938253
"hsa-miR-151b"	-1.28442040007108	4.14188939294632	2.2062520875315	0.13745225046624	0.351155384402802
"hsa-miR-152-3p"	1.79699477094866	6.91972658025114	10.1815139263447	0.00141855660983519	0.0215867310192311
"hsa-miR-152-5p"	3.2805334309776	2.14001386460555	11.9494368020418	0.000546639018980628	0.00956618283216099
"hsa-miR-153-3p"	-1.15369802173888	4.07131119100048	2.31358121928526	0.128248270619789	0.340052232703986
"hsa-miR-155-5p"	-0.829064544977887	10.3972178334111	4.73295882206627	0.0295899401286375	0.152301162426811
"hsa-miR-15a-5p"	-0.0439854062076145	11.2455915929657	0.0130688474120308	0.908984874086534	0.975904005921125
"hsa-miR-15b-3p"	-0.0195776147325376	5.86373880333938	0.00298319926869617	0.95644226331235	0.988134475906719
"hsa-miR-15b-5p"	-0.0597025116087076	8.91877313796553	0.0343183832963323	0.853031215847794	0.953868771714786
"hsa-miR-16-2-3p"	-0.320339557609532	7.854597224093	0.955547266250848	0.328311296395497	0.563279184992274
"hsa-miR-16-5p"	-0.605849077785724	13.5197912095631	2.02348920451232	0.154882889599026	0.381753601124359
"hsa-miR-17-3p"	0.497383464831769	7.66404386224815	1.05701178757237	0.303897717685399	0.545457441999435
"hsa-miR-17-5p"	-0.817685800532276	8.28135042720795	4.4241040178438	0.0354347123961448	0.167596612684469
"hsa-miR-181a-2-3p"	3.12140232344253	9.64904473265504	33.5929476420664	6.79386034387103e-09	4.75570224070972e-07
"hsa-miR-181a-3p"	1.00930693252058	8.43343642827275	7.76273731126515	0.00533350685459945	0.0583352312221815
"hsa-miR-181a-5p"	1.38516564473084	15.1670724989767	17.7789086748048	2.48118537135299e-05	0.000668011446133497
"hsa-miR-181b-2-3p"	3.1277358366726	2.69213378294463	26.1077844498256	3.22879656523576e-07	1.07810356098385e-05
"hsa-miR-181b-5p"	1.54325573887249	10.7340548357952	28.867456275619	7.75042332132574e-08	4.15265544128091e-06
"hsa-miR-181c-3p"	0.234222767946686	6.56301493184367	0.186896117780702	0.665512605492747	0.87270260766269
"hsa-miR-181c-5p"	-0.265594375972853	11.0054560374644	0.261719997033708	0.608940948751886	0.822893173989036
"hsa-miR-181d-5p"	-0.452383429200387	6.3743685049899	0.63300948256895	0.426253560098018	0.649995114663392
"hsa-miR-182-5p"	0.0732025710286583	4.2322407497055	0.0315027489548108	0.859123411284255	0.954537638173131
"hsa-miR-185-3p"	1.07129113685447	3.12704982955881	3.88517904936603	0.0487140679412648	0.200587338581678
"hsa-miR-185-5p"	1.18314885788636	6.89885361621526	7.2491021546481	0.0070936472018231	0.0709364720182311
"hsa-miR-186-5p"	0.126969765924242	14.0274678611663	0.177849697807574	0.673227725911218	0.87270260766269
"hsa-miR-18a-3p"	-0.820926587721645	3.61461577394603	1.81664886043091	0.177712690412229	0.403892478209612
"hsa-miR-18a-5p"	-0.468602126655529	4.80583610576929	1.04174183524938	0.307416712890549	0.546171824932447
"hsa-miR-190b"	0.320260466624303	3.28312924531378	0.285883225556486	0.592870815276822	0.810565567761279
"hsa-miR-191-3p"	0.523314396576548	3.11908264598498	1.28881192087634	0.256267013982858	0.481010637642276
"hsa-miR-191-5p"	0.881251583386891	13.5438059764819	8.071722858322	0.00449613473123724	0.0537041454363748
"hsa-miR-192-5p"	0.115610541177022	12.8622829998129	0.0797876230377597	0.777585423915256	0.941712451108441
"hsa-miR-193a-3p"	0.0212264478786725	2.88743650633781	0.000548717090488537	0.981311493798493	0.998427391946141
"hsa-miR-193a-5p"	0.432533225773891	2.95312956568679	0.739943101144336	0.389679105455089	0.623697681670067
"hsa-miR-193b-3p"	-1.31062442304024	4.586476143884	4.56651333685892	0.0326028573299719	0.158486112020697
"hsa-miR-194-5p"	-0.947393107531654	7.35493630268771	7.18121290607144	0.00736708870914499	0.0716244735611319
"hsa-miR-195-5p"	0.0925756224642883	3.92356471947367	0.044211944519879	0.833459784796192	0.953695287887431
"hsa-miR-196a-5p"	-0.114189034889412	4.16403210551711	0.0120380288362032	0.912633063294417	0.976824379672923
"hsa-miR-196b-5p"	3.3564151291062	4.05015624691247	28.7335330834872	8.30531088256181e-08	4.15265544128091e-06
"hsa-miR-197-3p"	0.00208578058888975	10.2828168319522	4.69719699083271e-05	0.994531653212311	0.999392460964694
"hsa-miR-1976"	-0.0782501658111274	3.92435774346354	0.0313123681540013	0.859545298699418	0.954537638173131
"hsa-miR-199a-3p"	-0.307227190627367	6.02052404913899	0.658058558785672	0.417246182840269	0.643331118916714
"hsa-miR-199a-5p"	-0.738520665099776	3.08297066588644	2.28319912901106	0.130781864105437	0.344162800277467
"hsa-miR-199b-3p"	-0.209119749483398	4.83156471487844	0.270923607776064	0.602712880343702	0.820815206693757
"hsa-miR-199b-5p"	0.145281302107574	5.67385748071059	0.0717789854687023	0.78876397409892	0.945436270324048
"hsa-miR-19a-3p"	-0.424802325913406	8.45437250467455	0.697373193069168	0.403667749601257	0.63641311874072
"hsa-miR-19b-3p"	-0.786631307305489	10.9504136208274	2.00184487099191	0.15710788448416	0.383584433562065
"hsa-miR-200a-3p"	0.870401865940436	3.18998361185923	3.19445822652534	0.0738882486687762	0.248662375327612
"hsa-miR-200b-3p"	0.804897196509815	4.78591370297003	5.092708350219	0.024026640381813	0.13491417893218
"hsa-miR-200c-3p"	-0.335345837168381	4.84393051511911	0.738945033554007	0.389999031175785	0.623697681670067
"hsa-miR-203a-3p"	1.6672807754822	2.43633168228161	2.59543391209179	0.107172084594343	0.306167652569591
"hsa-miR-20a-3p"	-0.929761944480095	3.23053834135151	2.36067334285834	0.124428471310633	0.334999730451705
"hsa-miR-20a-5p"	-0.877817521551474	9.30128542077448	5.466521070832	0.0193841745891354	0.111220673872089
"hsa-miR-20b-5p"	1.33820423267161	5.20003386441846	5.06059831414428	0.0244757867433935	0.13491417893218
"hsa-miR-21-3p"	-0.305195185783984	9.85632616748308	0.503873367403273	0.47780312441845	0.699711688478902
"hsa-miR-21-5p"	-0.496150104358904	14.8849483444088	1.09015825333404	0.296436147710773	0.537578506211247
"hsa-miR-210-3p"	-0.0322248733512389	5.08237920159933	0.00767941863010524	0.930168935466429	0.984646813291114
"hsa-miR-2110"	0.0435781125191889	3.63678387634033	0.0104771381602573	0.91847260497328	0.980077474819049
"hsa-miR-2110-3p"	0.183542378446893	5.21341413436018	0.202999924098601	0.652310212779951	0.861541790464087
"hsa-miR-212-5p"	0.445922369750528	3.26834745579624	0.854520505493414	0.355276646217763	0.594960890795296
"hsa-miR-215-5p"	0.422849122041864	4.87759908941751	1.24452733496154	0.264600306604793	0.487421617429882
"hsa-miR-22-3p"	0.251593017522357	14.2980536545542	0.306156116419203	0.580048580805159	0.802438748149429
"hsa-miR-22-5p"	0.528456571321792	5.91853971571277	1.86664234190993	0.171860132170774	0.395730567498494
"hsa-miR-221-3p"	0.374541183971529	11.2972348027026	0.963996367554671	0.326182045530622	0.562382837121763
"hsa-miR-221-5p"	0.684348063448276	7.11289111765132	4.91280927519096	0.0266582497366236	0.141369506179064
"hsa-miR-222-3p"	-0.0122316533341049	9.87613989600585	0.00106083602557483	0.974017112619289	0.996078570406824
"hsa-miR-223-3p"	2.70171737248726	7.92856059964991	38.091262742378	6.75117699494839e-10	7.87637316077313e-08
"hsa-miR-2277-5p"	0.767839557710448	3.84709863937229	2.78103978658132	0.0953862231175703	0.292262540771239
"hsa-miR-2355-5p"	1.07325237729622	3.88291897321215	5.04690117691219	0.0246700212904558	0.13491417893218
"hsa-miR-23a-3p"	0.624960600214268	11.3140110212478	3.48325600979861	0.0619926500986464	0.230823697175811
"hsa-miR-23a-5p"	0.597143780085472	4.79017754869734	3.25696227757079	0.0711207641453833	0.242371460288759
"hsa-miR-23b-3p"	0.313695638967252	7.75913819245528	0.859211007848689	0.353959579624731	0.594960890795296
"hsa-miR-23c"	7.08723731562067	3.0558331448699	16.4401970990632	5.02091458649333e-05	0.00117154673684844
"hsa-miR-24-2-5p"	0.919531404846173	5.90247596023152	4.59345489328815	0.0320942588773567	0.158486112020697
"hsa-miR-24-3p"	0.64979663761161	9.58393301301771	3.04378765342798	0.0810466088315646	0.260241404505024
"hsa-miR-2467-5p"	1.15473603913612	2.53023383874925	3.09947030570446	0.0783177726627022	0.256179630205101
"hsa-miR-25-3p"	-0.0648658198089111	12.214632445254	0.060448995629347	0.805787686912269	0.952789494659777
"hsa-miR-25-5p"	0.0579062422427061	4.73749471953926	0.0356928345684944	0.850151228059653	0.953695287887431
"hsa-miR-26a-2-3p"	-0.506907680055218	4.58571372564739	0.665462554785567	0.414638054132034	0.643331118916714
"hsa-miR-26a-5p"	-0.574685465518422	16.213397245814	3.358216239076	0.0668704643276934	0.238823086884619
"hsa-miR-26b-3p"	-0.43241067431241	7.397653103665	0.622128850430883	0.43025729029502	0.651904985295485
"hsa-miR-26b-5p"	0.287498627584404	13.6226612378919	0.783062029260577	0.376206295347173	0.61529066996033
"hsa-miR-27a-3p"	-0.0192666136570159	12.703467006784	0.00262783027642399	0.95911645539368	0.988134475906719
"hsa-miR-27a-5p"	0.826359750133472	6.33572133969538	5.48340364825025	0.0191978427091947	0.111220673872089
"hsa-miR-27b-3p"	-0.0873797945060724	11.7301398567051	0.0425363714542755	0.836600728726937	0.953695287887431
"hsa-miR-27b-5p"	-0.315584854999453	3.34992236699811	0.300740465226377	0.583418587579409	0.803923250601548
"hsa-miR-28-3p"	0.596415512797241	13.1194244509177	3.41839384387614	0.0644737131184844	0.237534732541785
"hsa-miR-28-5p"	0.0828254354966407	10.3886342196959	0.0558115047552707	0.813242883303345	0.953695287887431
"hsa-miR-296-5p"	-0.0191968341988183	3.86156651214286	0.00109520854367862	0.973599679152107	0.996078570406824
"hsa-miR-29a-3p"	-0.3815654019636	14.5929384864802	1.60224300249513	0.205585634026561	0.441860162535402
"hsa-miR-29a-5p"	-0.619158579617098	5.79786963155764	2.25965765421407	0.132783411930644	0.346643018781613
"hsa-miR-29b-1-5p"	-0.837541478624895	3.6187371041862	3.25222764250496	0.071326458313549	0.242371460288759
"hsa-miR-29b-2-5p"	-1.66176905845169	2.99479950415722	5.74480325101531	0.0165375077663974	0.104470735954954
"hsa-miR-29b-3p"	-0.0143634581507925	10.4445506667519	0.000893245863977654	0.976156998998688	0.996078570406824
"hsa-miR-29c-3p"	-0.526043391682902	12.6515613940006	1.98453420966916	0.158913551047141	0.383584433562065
"hsa-miR-29c-5p"	-0.952815333315543	6.63133524771716	8.28222422478226	0.00400350581272026	0.0500438226590033
"hsa-miR-301a-3p"	-0.145396136559103	6.31023280765892	0.0650122150138088	0.798742462241978	0.949047292520171
"hsa-miR-301b-3p"	1.13002902875037	3.19899895040769	1.94905226571934	0.162689014732756	0.390007912030579
"hsa-miR-30a-5p"	0.619515592879458	2.96556685498829	1.86923918390223	0.171562242154727	0.395730567498494
"hsa-miR-30b-5p"	-0.918195982950454	11.6222845882942	5.69590944705661	0.0170044985824736	0.104470735954954
"hsa-miR-30c-1-3p"	-0.809955225228172	3.46156366386567	2.64395484318458	0.103944497952407	0.303171452361186
"hsa-miR-30c-5p"	-0.222779610572051	11.6861186285831	0.540618147420753	0.462176658987838	0.687437038539171
"hsa-miR-30d-3p"	-0.334503196234004	5.58897201396261	0.469778050976522	0.493089293188534	0.713145671966888
"hsa-miR-30d-5p"	-0.141615712465055	12.9826627062897	0.218610489176143	0.640100701479828	0.850061397031809
"hsa-miR-30e-3p"	-0.264742948063253	8.54369760978414	0.574805329624388	0.448355699888746	0.673383590403659
"hsa-miR-30e-5p"	-0.0782707124888747	13.3267406205508	0.0395945353129719	0.842275451026783	0.953695287887431
"hsa-miR-31-3p"	-1.4075600280376	4.29925768721358	5.54256307898114	0.0185593811946442	0.110098024036025
"hsa-miR-31-5p"	-1.30829283543057	9.06241615247454	7.04017202967246	0.00797013757242683	0.0734091618512997
"hsa-miR-3158-3p"	-0.487451931521987	2.66788226294236	0.504117232424232	0.477696610797318	0.699711688478902
"hsa-miR-3194-5p"	0.57145077756699	3.75035363602963	1.89358523739566	0.168798096064852	0.393971945412552
"hsa-miR-32-3p"	-0.647587579566861	3.36622309740093	1.04383721919903	0.306930712528986	0.546171824932447
"hsa-miR-32-5p"	-0.821392445060878	7.89107713329817	1.46436577089922	0.226236756404973	0.458800759006101
"hsa-miR-3202"	0.00197329154959846	3.14880603573197	1.23151358186746e-05	0.997199995218244	0.999392460964694
"hsa-miR-320a"	-0.575383792042873	10.2276024808161	3.25983896768545	0.0709960980743153	0.242371460288759
"hsa-miR-320b"	-1.02724932038914	4.67647942909465	6.89046405434057	0.00866567691503822	0.0758246730065844
"hsa-miR-320d"	-1.38212052991946	3.95975421721416	7.96971113772569	0.00475665288150748	0.0537041454363748
"hsa-miR-324-3p"	-0.626040857133877	4.87891583744885	3.59187165976055	0.058062813978974	0.220891140137401
"hsa-miR-324-5p"	-0.38290650890968	4.65503045636588	1.36542194048699	0.242600017692238	0.477737590390368
"hsa-miR-326"	0.553951961521479	4.9109998638557	2.92048063641422	0.0874618086879962	0.274472174775288
"hsa-miR-328-3p"	-0.598374930898041	6.49436333437599	2.95257778487646	0.0857406948575507	0.272811301819479
"hsa-miR-330-3p"	-0.108797645444333	6.07655434571356	0.106221546177037	0.744487553350038	0.924009374725224
"hsa-miR-330-5p"	-0.139153996210231	5.66788845776816	0.0995853167427061	0.752327838747068	0.92716459000519
"hsa-miR-331-3p"	-1.05429307835723	7.83738489296974	8.35884411330548	0.00383814635799294	0.0497537490850937
"hsa-miR-331-5p"	-0.554410288231006	3.60687331454873	1.44641801571615	0.22910358294655	0.458800759006101
"hsa-miR-335-3p"	-1.27386379611318	5.73765319757804	5.90915955107982	0.0150623563214521	0.103009701041138
"hsa-miR-335-5p"	-1.65148386283387	6.79799542293007	6.79227745614058	0.00915530361170181	0.0762941967641817
"hsa-miR-338-3p"	3.85322514335282	7.60692236917861	45.989523270682	1.18887072077318e-11	2.08052376135306e-09
"hsa-miR-338-5p"	2.62620011255761	3.08589023164447	12.6218822065819	0.00038125724597357	0.00741333533837498
"hsa-miR-339-3p"	-0.985576007170135	9.53918897803859	6.89336272005626	0.00865163655098486	0.0758246730065844
"hsa-miR-339-5p"	0.688366773115077	7.46666481768677	2.55119946312214	0.110210556271176	0.306167652569591
"hsa-miR-33a-3p"	-0.165631335791467	4.51361524276665	0.04772453637929	0.82707114042348	0.953695287887431
"hsa-miR-33a-5p"	1.2786154342406	4.88614239985251	7.65155603838926	0.00567233736861902	0.0601611539095957
"hsa-miR-33b-3p"	-0.7052925926253	2.90659267723947	1.20908114355503	0.271514175434139	0.497539064931668
"hsa-miR-33b-5p"	-0.690809175649287	4.7840556213576	1.02096532905846	0.312290139785119	0.549254014697446
"hsa-miR-340-3p"	0.932377929244035	3.53403630897579	3.0718120543679	0.0796606316160632	0.258159454311316
"hsa-miR-340-5p"	1.08387503881615	8.80076124091948	5.86709412100525	0.0154264957790127	0.103009701041138
"hsa-miR-342-3p"	-0.952505927609692	13.5717526678846	6.32515338792609	0.0119037190658243	0.0912721126500098
"hsa-miR-342-5p"	-0.626418372603507	8.63217277814695	3.37214122807573	0.0663075228972025	0.238823086884619
"hsa-miR-345-5p"	1.02961158760269	6.85021484909928	3.8368511876888	0.0501375968120013	0.201702975680465
"hsa-miR-34a-5p"	-0.500138293098313	4.5688651232658	0.68631904887363	0.407419237720482	0.636592558938253
"hsa-miR-3605-3p"	0.111414035030869	3.37213724087797	0.0505799103747266	0.822057241603848	0.953695287887431
"hsa-miR-3607-3p"	-1.73813450040637	9.40484650091923	8.81004251131115	0.0029957705460378	0.0419407876445292
"hsa-miR-3607-5p"	-2.91071314405297	3.11015047773181	11.4514489838851	0.000714382728933358	0.011906378815556
"hsa-miR-3609"	-0.856232364097671	3.74427110208577	3.11665992081488	0.0774954807629811	0.25588130440607
"hsa-miR-361-3p"	0.127957376340936	11.7092771444723	0.114721911834067	0.734831045172728	0.922307105714512
"hsa-miR-361-5p"	-0.375936659840143	8.15402317526177	1.45109945157423	0.228351618122124	0.458800759006101
"hsa-miR-3613-3p"	0.0550931543085796	3.09097430320972	0.0067054632198591	0.934736657427421	0.984646813291114
"hsa-miR-3613-5p"	0.442951417488054	4.52316882121277	1.24859883707816	0.263820260621379	0.487421617429882
"hsa-miR-3615"	0.0882224869795698	5.30815842912492	0.057420405481758	0.810620553671959	0.953695287887431
"hsa-miR-362-3p"	0.471716361591628	4.03203051077653	0.738142508281639	0.390256549387842	0.623697681670067
"hsa-miR-362-5p"	0.617028387382805	3.21928250872484	2.12437177865221	0.144972210744646	0.367683143192942
"hsa-miR-363-3p"	0.903977707066428	9.79879865737672	1.98500889003802	0.158863723625962	0.383584433562065
"hsa-miR-3651"	-0.888349596852618	3.46090929750711	1.79386676635383	0.180455744982166	0.40748071447586
"hsa-miR-3653-3p"	-2.06477744088968	3.87730682190067	7.42007849060373	0.00645000018417333	0.0663970607194313
"hsa-miR-3653-5p"	-0.918236611343846	3.60116373540588	3.54313728028527	0.0597922670878564	0.22502466108333
"hsa-miR-374a-3p"	-0.187259340096861	7.50557122180547	0.0918898295969903	0.761788237325947	0.935529414259935
"hsa-miR-374a-5p"	0.255907243791903	7.53737325371498	0.334551482703638	0.562991221605569	0.785047520167129
"hsa-miR-374b-3p"	-0.243125085219201	3.41975933001962	0.112084736627288	0.737783062242307	0.922307105714512
"hsa-miR-374b-5p"	-0.378178075825724	7.01591173106432	0.810930307874184	0.367845347776271	0.605523599070447
"hsa-miR-378a-3p"	-0.177992665575321	9.97270357510881	0.246684740565288	0.619419188505887	0.833833522988694
"hsa-miR-378c"	-0.757311283006308	3.58723779510268	1.3554439200461	0.244328653371074	0.477737590390368
"hsa-miR-378d"	0.0485102768943298	3.21281397145478	0.00602570743997344	0.938126012904308	0.984646813291114
"hsa-miR-3909"	-0.163249280289598	2.96975216453502	0.0885842608002712	0.765984749304676	0.937393923974254
"hsa-miR-3912-3p"	-0.132663850886116	4.84742576835876	0.0755653330112347	0.783399602951155	0.945303695954896
"hsa-miR-421"	0.148741006950251	6.12912150698315	0.100351245441534	0.751408532286827	0.92716459000519
"hsa-miR-423-3p"	-0.296590381976773	11.8287525535811	0.970023755159723	0.324674254502266	0.562382837121763
"hsa-miR-423-5p"	-0.0655939927309616	11.9078670038786	0.0359154728289468	0.849690155874242	0.953695287887431
"hsa-miR-424-3p"	-1.25399479432367	2.38752938913153	2.33597283421628	0.126415992516635	0.337752651762001
"hsa-miR-424-5p"	-0.371418493707189	3.87715322684059	0.261764180449415	0.60891072168556	0.822893173989036
"hsa-miR-425-3p"	0.229768053316466	5.26493230995349	0.475381249859199	0.490521902988607	0.712749385759969
"hsa-miR-425-5p"	-0.178003648562566	8.89603375259117	0.220898737878976	0.63835597684677	0.850061397031809
"hsa-miR-429"	1.64331325906571	2.426811616947	6.26517447925106	0.0123134042898114	0.0912721126500098
"hsa-miR-4433b-5p"	-3.04049560003859	1.98211103705315	4.43690172357009	0.0351700176089287	0.167596612684469
"hsa-miR-4443"	-0.81853005004964	3.95940252682935	2.79880015861526	0.0943348767292034	0.292187671285143
"hsa-miR-450a-5p"	-0.29366294283939	3.01275663477218	0.150897766414543	0.697678892728214	0.892112096646541
"hsa-miR-450b-5p"	1.58772015416696	2.70114062155069	3.70491395035924	0.0542524688341209	0.210981823243803
"hsa-miR-451a"	-0.686526857506522	5.01675473095086	1.67990937251164	0.194936495209046	0.429105492598528
"hsa-miR-454-3p"	-0.369433273678444	7.15570462497331	0.808701734927546	0.368504361720015	0.605523599070447
"hsa-miR-454-5p"	0.801959478743323	3.95196716791382	3.94184079226048	0.047099212372657	0.197424240634998
"hsa-miR-455-5p"	-1.58595571569339	2.51854583436095	3.35840537587558	0.0668627840356843	0.238823086884619
"hsa-miR-4645-3p"	0.0966373346781769	3.01392614120595	0.0384548504637898	0.844532613765729	0.953695287887431
"hsa-miR-4662a-5p"	1.1005382028773	3.08306186684849	2.72910923207075	0.0985342280314463	0.292262540771239
"hsa-miR-4677-3p"	0.486526488919697	4.02597011764858	1.60594497547936	0.20506275161578	0.441860162535402
"hsa-miR-4772-3p"	1.78626298186016	3.99179923727581	5.84756593735734	0.0155986118719437	0.103009701041138
"hsa-miR-4772-5p"	1.66916644361817	6.21627688521092	4.00239644898364	0.0454356190200178	0.193932520207393
"hsa-miR-484"	0.076238592006939	10.2257393317012	0.0642429413500718	0.799911289409858	0.949047292520171
"hsa-miR-486-3p"	0.00026487780937144	3.50801585195959	5.7978681589077e-07	0.999392460964694	0.999392460964694
"hsa-miR-486-5p"	-0.540109087900445	8.74184961693357	1.28319819325177	0.257305231226065	0.481010637642276
"hsa-miR-497-5p"	-0.2389585792131	2.88702491721113	0.108018173088985	0.742411797396212	0.924009374725224
"hsa-miR-499a-5p"	0.52597893715666	2.93594912655489	0.740556376131928	0.389482709285141	0.623697681670067
"hsa-miR-500a-3p"	0.943338134020237	7.7292159224314	9.44846238254436	0.00211326187250882	0.0308184023074203
"hsa-miR-501-3p"	0.354157735215597	6.77838329574971	1.05975387706389	0.30327132659129	0.545457441999435
"hsa-miR-502-3p"	-0.0509865055600171	4.21553099042687	0.0187163024395658	0.89118292524917	0.968618365010558
"hsa-miR-505-3p"	-0.314506740620597	6.21518012049389	0.367187679381342	0.544541228776136	0.768505766417934
"hsa-miR-514a-3p"	-0.460921645512853	2.56140941023538	0.21719028812633	0.64118916804685	0.850061397031809
"hsa-miR-532-3p"	-0.127909096490489	4.80352612092443	0.150145526157342	0.698396327089007	0.892112096646541
"hsa-miR-532-5p"	0.438562574109116	8.82337370351587	1.48077466172687	0.223653358617908	0.458800759006101
"hsa-miR-548au-5p"	0.795981127287715	3.61380154985608	1.8931672493831	0.168845119462522	0.393971945412552
"hsa-miR-548e-3p"	0.981675439801122	6.43508288904806	4.13948468463612	0.0418939209458945	0.185605978874216
"hsa-miR-548e-5p"	0.72120010286708	3.98846413435193	4.69436120547962	0.0302617458043419	0.153501609152459
"hsa-miR-548j-3p"	1.05049896936672	3.1214488814932	1.50145577121097	0.220447503552724	0.45654808428079
"hsa-miR-548j-5p"	-0.670547485947984	3.03674473466365	0.428855990414691	0.512550830835416	0.73664744606805
"hsa-miR-548k"	0.770509958010138	5.79296727941684	3.93177821791406	0.0473818177523996	0.197424240634998
"hsa-miR-548o-3p"	0.04449987039237	4.22654284739581	0.0196929841521147	0.88839792442506	0.968618365010558
"hsa-miR-548w"	-0.169077964209411	3.99655568690144	0.183400685578484	0.668466887777498	0.87270260766269
"hsa-miR-550a-3p"	0.957223087383084	3.29346563556888	2.47263668008282	0.115843449802979	0.31675943305502
"hsa-miR-5690"	-1.11801265390761	3.96372479077577	7.12257123062307	0.00761194606168984	0.0720048951781472
"hsa-miR-5696-3p"	-0.00180780685198044	3.41470168542535	2.23707830095954e-05	0.996226198655386	0.999392460964694
"hsa-miR-574-3p"	2.37084186617947	2.92007549395998	12.0453711739803	0.000519211474431634	0.00956442189742483
"hsa-miR-576-5p"	-0.443412258921105	6.35742141340542	1.72990726119702	0.188422741588427	0.417392149088287
"hsa-miR-577"	-2.37549607792111	2.41349158198127	6.23608070844071	0.0125173183062871	0.0912721126500098
"hsa-miR-580-3p"	0.0863307654212158	2.98353909221644	0.0192265884992722	0.889718848286866	0.968618365010558
"hsa-miR-582-3p"	0.369586241924352	2.8542214098239	0.0798247553280245	0.777535037457816	0.941712451108441
"hsa-miR-582-5p"	-0.514231052493411	3.11038382684338	0.167071774354234	0.682727435230328	0.88175130011297
"hsa-miR-584-5p"	-1.34845385996773	2.36076190172126	1.44457536550019	0.229400379503051	0.458800759006101
"hsa-miR-589-3p"	-0.715302289263054	4.66278431055604	2.50770051812582	0.113291132758871	0.312219657209487
"hsa-miR-589-5p"	1.18239280250398	8.11632982202368	3.83877808924791	0.0500800055274533	0.201702975680465
"hsa-miR-590-3p"	0.011487243420549	6.78615021209671	0.000378611238028626	0.984475793617995	0.998743558742893
"hsa-miR-590-5p"	0.353533101095426	2.97714631032609	0.233190839666486	0.629167896341363	0.843711738388801
"hsa-miR-598-3p"	0.478927717515706	5.73268742607536	1.41285629398982	0.234582810351196	0.466499906948402
"hsa-miR-616-5p"	0.323540492444349	4.32321717163918	0.996285600383824	0.31821095614253	0.554098679850176
"hsa-miR-625-3p"	-0.688735949523562	6.28313631692982	2.74889494791065	0.0973216695965066	0.292262540771239
"hsa-miR-625-5p"	-0.36248579983423	5.00504722803992	1.30934957335113	0.252512452406041	0.481010637642276
"hsa-miR-627-3p"	0.311097560115023	3.00083977347541	0.344721100073476	0.557116707617927	0.780438771511412
"hsa-miR-627-5p"	0.0420946045372466	2.98486805634619	0.00555364209353204	0.940594429866117	0.984646813291114
"hsa-miR-628-3p"	-0.0492721996347637	3.38663312136485	0.0147495492722243	0.903336419594138	0.975826379191199
"hsa-miR-628-5p"	-0.168862665480511	3.89795162953772	0.14205667923032	0.706244895459929	0.898857139676273
"hsa-miR-629-3p"	-1.21940569882382	3.66679148076999	5.67771167970522	0.017181762659577	0.104470735954954
"hsa-miR-629-5p"	0.942305473001846	5.06101000829419	2.56153074381895	0.109492520236085	0.306167652569591
"hsa-miR-641"	0.433691658645234	3.75505546498134	0.811919969439017	0.367553219331848	0.605523599070447
"hsa-miR-642a-3p"	-0.58037585698769	3.25774050661214	1.34078879265978	0.246894910945973	0.480073437950502
"hsa-miR-642a-5p"	-0.643644201871548	4.22338508931037	1.58894733939713	0.207476594132394	0.441860162535402
"hsa-miR-6503-3p"	5.25223858713942	2.72118106875045	27.2015399171936	1.83312610024955e-07	8.01992668859178e-06
"hsa-miR-651-5p"	0.455180199288276	3.58112003889736	0.888980366719929	0.345753768463698	0.587445723117934
"hsa-miR-6511b-3p"	-1.58527781309403	2.59766328533708	4.0350678527388	0.0445638832631045	0.192559989408476
"hsa-miR-6516-3p"	-0.370854438492909	3.48981281946683	0.381933578503951	0.536570230252971	0.76032218861757
"hsa-miR-652-3p"	-0.585940557667092	7.30643060078681	2.55105898999421	0.110220354925053	0.306167652569591
"hsa-miR-652-5p"	-0.400999533671642	3.79859247222404	0.839205397167152	0.359624126534902	0.599373544224836
"hsa-miR-659-5p"	-0.379230317663791	3.92915618615985	0.766309154297657	0.381361272319183	0.620820675868438
"hsa-miR-660-5p"	0.755007151788539	8.15342423307696	2.76266022304015	0.09648767123226	0.292262540771239
"hsa-miR-664a-3p"	-0.582450165961476	7.17178763890622	3.31110181144358	0.0688133401146596	0.242371460288759
"hsa-miR-664a-5p"	-0.0237378826016191	4.37997678469759	0.00375940559345622	0.951109147903338	0.988134475906719
"hsa-miR-664b-3p"	-1.04493550366855	4.00020913022883	6.79405703400144	0.00914618196176005	0.0762941967641817
"hsa-miR-671-3p"	0.742197576606267	5.56803191524268	6.0619251506249	0.0138127029636195	0.0986621640258534
"hsa-miR-671-5p"	-0.285907315307182	4.35929106256562	0.660022276553953	0.416552078926584	0.643331118916714
"hsa-miR-6731-3p"	-0.194655470392945	3.61577822486602	0.179510627023278	0.671794137632286	0.87270260766269
"hsa-miR-6769b-3p"	-0.675746492495747	3.83175848894368	1.83926496830522	0.17503712188981	0.400411716741394
"hsa-miR-6803-3p"	-0.455337479406518	4.27748748747498	1.00247630667562	0.316712055118934	0.554098679850176
"hsa-miR-6842-3p"	0.657739851705695	4.64650818124426	4.38036995993486	0.0363551056764435	0.169657159823403
"hsa-miR-7-1-3p"	-0.418786637851724	6.91121587032418	1.54698284362606	0.213581408146883	0.447625705697061
"hsa-miR-7-5p"	2.15726081748779	6.73043178835941	6.52114683111512	0.0106599242124668	0.0867668249851949
"hsa-miR-744-5p"	0.709239432232285	6.44430282763475	3.62178091763145	0.0570277958976953	0.219337676529597
"hsa-miR-766-3p"	-0.318241111465529	7.19344482940936	1.09821796435781	0.294657519486702	0.537136103230967
"hsa-miR-769-5p"	-0.481148834234131	9.44004969770676	2.62401736101243	0.105257649242956	0.304464274669707
"hsa-miR-7706"	0.517085986358429	4.50400135718994	1.27746220966872	0.25837142821928	0.481010637642276
"hsa-miR-873-3p"	6.25205588472046	5.1062886871403	51.2991329162856	7.9310659677757e-13	2.77587308872149e-10
"hsa-miR-873-5p"	5.90657604456734	7.33538348064847	26.0146719110752	3.3883254773778e-07	1.07810356098385e-05
"hsa-miR-874-3p"	-0.772457104014691	7.77247768462372	1.73441587483583	0.187847930586832	0.417392149088287
"hsa-miR-874-5p"	-0.865702570354364	4.51092066511524	2.22925245499195	0.135419352654538	0.348505686978592
"hsa-miR-876-5p"	9.19322029715005	4.69111478651024	26.3969323444199	2.77981619191923e-07	1.07810356098385e-05
"hsa-miR-877-5p"	-0.494660775662152	4.52037993259254	1.59703771063456	0.206323516007	0.441860162535402
"hsa-miR-9-3p"	1.29092454294504	2.68664391464267	4.58481643389739	0.03225642618209	0.158486112020697
"hsa-miR-9-5p"	1.02124772482131	5.05181295965056	1.56599731920932	0.210789253457405	0.444435172952359
"hsa-miR-92a-1-5p"	-1.61769546886919	3.85684142658552	14.2515018331091	0.000159933134677586	0.00329274100806794
"hsa-miR-92a-3p"	-0.457147876579609	16.281892754741	1.92716503822703	0.16506893794908	0.391578840544679
"hsa-miR-92b-3p"	-0.97517395852336	9.01834952774138	4.15617674015112	0.0414829402079048	0.185605978874216
"hsa-miR-93-3p"	0.402064586281769	4.03570019475218	1.35848796800772	0.243799701882416	0.477737590390368
"hsa-miR-93-5p"	-0.0666327891509169	9.7116181102547	0.0357514497308102	0.850029695019078	0.953695287887431
"hsa-miR-941"	0.948977099010768	8.06638281352885	4.33573501990225	0.0373202989611144	0.171869797847237
"hsa-miR-941-3-5p"	0.948590089958299	5.78629244938065	4.16857886299556	0.0411803271657807	0.185605978874216
"hsa-miR-942-5p"	-0.453543444243778	4.21142809746579	1.74398281122348	0.186634968482331	0.417392149088287
"hsa-miR-95-3p"	-0.709140155929855	4.453488521884	4.10428986767148	0.0427745511642397	0.187138661343549
"hsa-miR-98-5p"	1.10305777241806	9.91609925266207	7.99734731892936	0.00468459296145196	0.0537041454363748
"hsa-miR-99a-5p"	-0.751032106413956	6.85016473895245	0.615717688788886	0.432643085435674	0.652694309924508
"hsa-miR-99b-3p"	-1.06838902535976	3.07666742669416	3.26131388187231	0.0709322710686252	0.242371460288759
"hsa-miR-99b-5p"	-0.710585800173274	11.2440275623172	3.13265910434603	0.0767384777656983	0.255794925885661
