"logFC"	"logCPM"	"LR"	"PValue"	"FDR2"
"hsa-let-7a-2-3p"	7.25955507770122	3.80692443615674	39.9134844834731	2.65464195676055e-10	8.26558972900445e-10
"hsa-let-7a-3p"	1.33202819039402	6.23003449276356	6.90846130546651	0.00857887859792121	0.0127404484326852
"hsa-let-7a-5p"	1.18340448521568	15.4374634328243	10.134641270666	0.00145508558802876	0.0024686900998135
"hsa-let-7b-3p"	2.25736070328903	6.86940086395536	36.5112765365818	1.51785592909916e-09	4.33221379763717e-09
"hsa-let-7b-5p"	1.56697560463625	12.3037842683578	14.3565706954757	0.000151250921592652	0.00028385446929032
"hsa-let-7c-5p"	5.11913370102297	9.12350205867742	41.7682329333752	1.0275949637222e-10	3.31248258893978e-10
"hsa-let-7d-3p"	0.124403298966968	7.08228462505929	0.149865254011646	0.698664159646142	0.736284537473242
"hsa-let-7d-5p"	-0.177296490401677	9.98425859173808	0.354284427540421	0.551697782266856	0.599861874369518
"hsa-let-7e-3p"	4.24767567393692	3.56594757321623	33.8720869997134	5.88570956465306e-09	1.63724306671567e-08
"hsa-let-7e-5p"	4.48610485827354	11.0059253548726	87.0224431657014	1.07296668275435e-20	8.39979631641975e-20
"hsa-let-7f-1-3p"	1.14537191934776	4.23169944418678	7.05500770269345	0.0079043969742992	0.0118674234025095
"hsa-let-7f-2-3p"	0.592645602320317	4.3616703881452	0.527412705413191	0.467696647493593	0.517773258235331
"hsa-let-7f-5p"	-0.411585430277714	14.8666928352882	1.94564019679092	0.163057436737723	0.198567722960605
"hsa-let-7g-3p"	-3.04420674413995	4.52497388263237	38.7483998347984	4.82105284878918e-10	1.46774275618693e-09
"hsa-let-7g-5p"	-3.42432000860776	14.0582635392226	129.216360032575	6.08144703096348e-30	1.0414478040525e-28
"hsa-let-7i-3p"	-1.71119840557137	6.70081449434911	34.1169515946024	5.18971891139988e-09	1.45844408381904e-08
"hsa-let-7i-5p"	1.09944245734518	13.9703298430412	13.6918886446114	0.00021538275002437	0.000400100837333406
"hsa-miR-100-3p"	10.4329772334543	7.85104007904211	118.743792346649	1.1916927300046e-27	1.6744810667757e-26
"hsa-miR-100-5p"	10.4341721396719	17.3544530981516	106.276214764336	6.41417317963332e-25	7.98856114190696e-24
"hsa-miR-101-3p"	-4.20345716525269	12.9204252664327	98.8994241506675	2.65656626423079e-23	2.69592280147866e-22
"hsa-miR-101-5p"	-5.11144959597175	4.62180630047812	84.3879433647243	4.06619888261268e-20	2.89386621775552e-19
"hsa-miR-103a-3p"	-0.61219468163769	11.8544548374943	5.56395883353986	0.0183339098497523	0.0262323305422043
"hsa-miR-106a-5p"	-6.12991749194727	2.9093708033491	66.0947279250386	4.29763775446748e-16	2.26452450908479e-15
"hsa-miR-106b-3p"	-1.55171270266777	8.07716524090352	15.25926973039	9.37156774403319e-05	0.000178320108462854
"hsa-miR-106b-5p"	-1.51167397959098	7.86114311952544	13.3620012946325	0.000256774151006822	0.000470609480775045
"hsa-miR-107"	2.96547702918917	6.37235887418751	20.1690056369673	7.0892344157075e-06	1.53553377858012e-05
"hsa-miR-10a-3p"	3.50968741334689	3.59988435272724	10.7145432375775	0.0010629669597153	0.00182603728502816
"hsa-miR-10a-5p"	2.89179964422449	14.048245971518	9.77581816601811	0.00176822019817384	0.00294524215379716
"hsa-miR-10b-5p"	7.11406555741848	11.2223117164067	17.0618789122829	3.6181336567237e-05	7.45389941309995e-05
"hsa-miR-1180-3p"	5.20899761059351	4.26582837109426	70.1499567853874	5.49632447153921e-17	3.1374852191703e-16
"hsa-miR-1185-1-3p"	8.68625315335917	5.10737992921984	72.1653274424154	1.97902580849993e-17	1.16613563769673e-16
"hsa-miR-1185-2-3p"	5.80474204650159	2.64842500442479	32.5377168100248	1.16901642663202e-08	3.20310500897175e-08
"hsa-miR-1185-5p"	8.14257721600569	4.59866052790513	85.7384192747283	2.05383539533504e-20	1.54178328307343e-19
"hsa-miR-1197"	7.2557455946734	3.80395668425439	42.3003205658771	7.82797280202522e-11	2.56943530299946e-10
"hsa-miR-122-5p"	3.60815927708365	1.96444457678589	8.49566740261108	0.00355993168472392	0.00563827330412921
"hsa-miR-1226-3p"	1.23312354768544	2.97983654944791	3.72345209163176	0.053653336528531	0.0722408560629853
"hsa-miR-1233-3p"	1.54723401379468	1.8775461607471	2.24532363832185	0.134018866058171	0.167294620956441
"hsa-miR-1247-5p"	3.64526060284723	1.49560377992301	3.26110133547969	0.0709414652347566	0.0927826323356722
"hsa-miR-1248"	-4.37586105710457	2.59204217227693	32.0774232697756	1.4814899311473e-08	4.01909149637981e-08
"hsa-miR-1249-3p"	1.50228207571165	4.29543221756085	4.31172668097099	0.0378505247671023	0.0521157979205329
"hsa-miR-1257"	4.70017795480965	1.93637454137709	7.6777922290756	0.00559045220117339	0.00858142242645104
"hsa-miR-125a-3p"	2.57059961789402	4.39548620327898	24.9919341829935	5.75706501877308e-07	1.35985846133088e-06
"hsa-miR-125a-5p"	-0.0933635164528654	12.982008596535	0.0585476793870114	0.808806293637414	0.836275186628873
"hsa-miR-125b-1-3p"	12.0093883594338	10.3649654745807	270.028751778951	1.11851787537704e-60	2.04315931902205e-58
"hsa-miR-125b-2-3p"	4.22232838990857	6.29041506751889	38.549649396813	5.33783573416845e-10	1.59843387012257e-09
"hsa-miR-125b-5p"	7.08215451610015	14.1570883321807	76.3922530481844	2.32561812294893e-18	1.5541935748488e-17
"hsa-miR-126-3p"	2.57578399947386	5.65552988658646	8.42243669521636	0.00370618766948165	0.00583618058297684
"hsa-miR-126-5p"	2.15306513354135	7.33121009052579	6.23469649022898	0.0125271061143394	0.0181609898165555
"hsa-miR-1260a"	-0.984531839248327	4.62774011692341	6.57595598575364	0.0103365470324763	0.0151582411724714
"hsa-miR-1260b"	-0.00657578243483248	3.40581406020833	0.000225353956139429	0.988022771270419	0.991641902300714
"hsa-miR-1262"	5.23078334791073	2.26709144207295	23.8083858809733	1.06417820336135e-06	2.45029266992444e-06
"hsa-miR-1269b"	3.60851022435621	1.48643582959328	4.98929313337638	0.0255046253500164	0.0360219966283737
"hsa-miR-127-3p"	11.3166086380386	13.8695304357017	311.40077292362	1.08162800406729e-69	5.92732146228874e-67
"hsa-miR-127-5p"	9.70706873782572	6.08727660793634	141.050893958837	1.56824331998174e-32	3.30537438211535e-31
"hsa-miR-1271-5p"	0.408192571263995	7.36286712397677	0.482323897222368	0.487371568075559	0.534159238610812
"hsa-miR-1273h-3p"	-7.37023779903497	3.06035665101378	105.359464329384	1.01872692835468e-24	1.24058301497415e-23
"hsa-miR-1277-5p"	0.5848444990747	2.10001674621816	0.154396187750947	0.694369112825339	0.734583540209046
"hsa-miR-128-1-5p"	0.730101298821489	3.80445586304767	2.7369217735452	0.0980534825983547	0.125252467281814
"hsa-miR-128-3p"	-0.0554768559570781	9.42012068613056	0.029905177789237	0.86270555737716	0.883668496154549
"hsa-miR-1285-3p"	1.21296059855306	4.03737310800696	2.11295810137549	0.146056746333423	0.181494550999356
"hsa-miR-1287-5p"	-0.342648978474311	2.76181256186442	0.394346953589743	0.530023262846387	0.578591131553426
"hsa-miR-1293-3p"	6.01787436465981	2.80563705209154	22.1178827334044	2.56409994442561e-06	5.78241468948657e-06
"hsa-miR-1296-5p"	4.32919692910368	5.07482951226933	52.7522147300821	3.78396410650479e-13	1.491807431917e-12
"hsa-miR-1301-3p"	0.495068970177369	5.23024808216476	1.28094735293593	0.257722965344467	0.303073358387914
"hsa-miR-1304-3p"	2.9821420041978	5.79785288375722	26.3663111671565	2.82423730230654e-07	6.7584368631615e-07
"hsa-miR-1306-3p"	1.91029387308956	1.82110957287136	3.19028979045236	0.0740768788887578	0.0964231107625636
"hsa-miR-1306-5p"	0.162925135463851	3.11317749079571	0.0651265707038213	0.798569341194174	0.827251415830637
"hsa-miR-1307-3p"	0.33861812594522	7.36416465902699	1.09376714405075	0.295638036294306	0.343240770951864
"hsa-miR-1307-5p"	0.84535150013855	9.1393935371014	2.87691170667304	0.0898582086930038	0.116137496140958
"hsa-miR-130a-3p"	6.6817388596353	10.0197609770953	169.006562482681	1.21940167725262e-38	4.77308656524595e-37
"hsa-miR-130b-3p"	2.28918700190216	8.66812032488841	29.999810817371	4.32088459384807e-08	1.13838690260997e-07
"hsa-miR-130b-5p"	3.2316119274456	7.30032559332707	47.243122615892	6.27056118896215e-12	2.26070232338898e-11
"hsa-miR-132-3p"	0.827540215086052	6.46713134682864	5.39100998896413	0.0202407521293059	0.0288643333938332
"hsa-miR-132-5p"	0.67278256265797	4.14109692930112	2.62591260693653	0.105132043351037	0.133671368344242
"hsa-miR-134-3p"	4.81025618598768	2.02651227855508	12.7163962672613	0.000362463565071941	0.000655544665542652
"hsa-miR-134-5p"	8.85300340795219	6.77730148266484	182.666588372344	1.26829123511302e-41	6.95023596841936e-40
"hsa-miR-1343-3p"	4.0356532898332	3.24136221819099	16.3494660525537	5.26709996910122e-05	0.000102717821461476
"hsa-miR-135b-5p"	1.48078450479426	2.28562311675722	1.44454603827043	0.229405106995442	0.273886707262533
"hsa-miR-136-3p"	10.0430083313263	9.16874156189426	140.845449823988	1.73915081490156e-32	3.52983202431871e-31
"hsa-miR-136-5p"	10.0439661119399	7.36174153508895	101.150961368207	8.52335589025458e-24	9.1584294663912e-23
"hsa-miR-137"	8.69042052497699	5.1113511822581	69.7559584460017	6.71148095736181e-17	3.75295057615742e-16
"hsa-miR-138-1-3p"	5.9241962057558	2.73459504571616	17.7332065750477	2.54151138480305e-05	5.25565373159272e-05
"hsa-miR-138-5p"	9.18292012205294	8.90048885876206	44.9207565470315	2.05171480506475e-11	7.11607413402204e-11
"hsa-miR-139-5p"	1.06437469847284	1.8675609898493	0.938846889775313	0.332574568626705	0.379689299182155
"hsa-miR-140-3p"	-2.59349053182382	11.5885697057001	67.4967939833528	2.11029968216309e-16	1.12276138429648e-15
"hsa-miR-140-5p"	-1.80009759170739	6.11169941672382	18.3223882339622	1.8650247220936e-05	3.93089826041266e-05
"hsa-miR-141-3p"	-1.37835794772405	8.11197871256741	0.879963398042374	0.348211704588108	0.395892145465317
"hsa-miR-141-5p"	3.41927887601743	4.50550010660318	1.32460836274033	0.249766665369627	0.294983044445163
"hsa-miR-142-3p"	-4.09254669304627	11.5611368181431	4.32569923728103	0.0375409870358212	0.05181980074466
"hsa-miR-142-5p"	-5.42972576370907	14.7269954682581	9.54868795122448	0.00200092392257897	0.00328295302267447
"hsa-miR-143-3p"	10.4184005495292	14.1831808009261	110.597564644964	7.24885648875754e-26	9.45803179961698e-25
"hsa-miR-143-5p"	8.60194418416915	5.02776857965094	71.6863146364704	2.52276188660727e-17	1.47071650410722e-16
"hsa-miR-145-3p"	10.2743943524615	6.64171634352351	65.0246015828808	7.39688120271059e-16	3.78830925148169e-15
"hsa-miR-145-5p"	12.2219201372179	8.56984702793774	59.5530649415028	1.19040604002555e-14	5.34706975355741e-14
"hsa-miR-1468-5p"	-1.7431805036779	4.19667478421864	11.8861861936951	0.000565517982602027	0.000999689853115841
"hsa-miR-146a-3p"	-0.306502660044979	2.96995472371728	0.0831801291725114	0.773033177864088	0.806899393275276
"hsa-miR-146a-5p"	-1.38031667449442	10.7283028177006	3.76531144683885	0.0523261125305756	0.0708017522635937
"hsa-miR-146b-3p"	-5.17371221516795	7.96265521432582	59.5544474079163	1.18957009783878e-14	5.34706975355741e-14
"hsa-miR-146b-5p"	-3.55509632304609	12.212937818911	15.1451906180436	9.95515740675993e-05	0.000188769074702576
"hsa-miR-147b"	1.1938555349279	2.33364120336524	2.03006409624378	0.154214103405247	0.18990860374399
"hsa-miR-148a-3p"	0.553014876785971	12.2253541686523	0.518177901798083	0.471619973799251	0.518971376791143
"hsa-miR-148a-5p"	2.00904461233877	6.54365816648758	4.21805234258468	0.0399960453068763	0.0549319118500457
"hsa-miR-148b-3p"	0.949727905834088	10.1912082874848	10.2389092784127	0.00137508873675109	0.00234021312962609
"hsa-miR-148b-5p"	0.919803719559163	6.53264303957494	8.1009820436904	0.00442412820711287	0.00688756323152799
"hsa-miR-149-5p"	6.99957333168759	7.91262635961655	54.6492232735867	1.44081254152484e-13	5.84863165004158e-13
"hsa-miR-150-3p"	-11.3718688100371	6.73590135520885	309.997723527015	2.18635462807121e-69	5.99061168091511e-67
"hsa-miR-150-5p"	-15.9940872764592	16.8646238720106	141.962490901602	9.9102111639075e-33	2.17231828712852e-31
"hsa-miR-151a-3p"	2.94495620489941	11.8763004966873	31.9271587194375	1.60063489724805e-08	4.32092573247258e-08
"hsa-miR-151a-5p"	2.91042295023762	12.3927341747774	27.3630200585532	1.68625237508431e-07	4.18129548210951e-07
"hsa-miR-151b"	-0.868691270208442	4.05421262976599	2.43501780289209	0.118652547850625	0.149132101426933
"hsa-miR-152-3p"	2.61652913846561	8.07899251356243	34.3310248191343	4.64911095013296e-09	1.31325402096539e-08
"hsa-miR-152-5p"	6.84640431151622	5.61570518997826	87.4872448651928	8.48250661716469e-21	6.7368313423279e-20
"hsa-miR-153-3p"	-3.16654420050187	3.25300753641582	17.7444483209608	2.52653715203032e-05	5.24447863375991e-05
"hsa-miR-154-3p"	5.1093719527626	2.18898197690598	26.3356740347508	2.86939366338234e-07	6.83664229362401e-07
"hsa-miR-154-5p"	7.37255239576133	3.90320954102468	73.033847923437	1.2744532719373e-17	7.59130861980044e-17
"hsa-miR-155-5p"	-0.57516885416884	10.2542698652186	1.09083840854281	0.296285519298302	0.343265252802261
"hsa-miR-15a-3p"	0.386498271342097	1.84602966250634	0.150637766713569	0.697926629174706	0.736284537473242
"hsa-miR-15a-5p"	-2.77124685978546	10.0224940514351	50.2425647336277	1.35868530812323e-12	5.13489344035539e-12
"hsa-miR-15b-3p"	-0.233657988388874	5.72331798305652	0.357516430449682	0.549888792171716	0.599083614533003
"hsa-miR-15b-5p"	-1.00661938876778	8.3515037445992	9.19589864240881	0.00242557981079319	0.00395600516760317
"hsa-miR-16-1-3p"	1.45745687213543	2.1285690744702	1.37784348708163	0.240468821700122	0.285850139461317
"hsa-miR-16-2-3p"	-1.78283107647587	7.04846650143651	24.7523101077704	6.5190620281641e-07	1.52668632112561e-06
"hsa-miR-16-5p"	-2.18249305994808	12.6308815673035	25.7562819133468	3.87364131826209e-07	9.18941749960012e-07
"hsa-miR-17-3p"	-0.528820514605073	7.16336376322421	0.97835867111398	0.322604360025936	0.370230365641147
"hsa-miR-17-5p"	-0.489668225637947	8.19777392636225	0.700755660394684	0.402529897854556	0.451096899845187
"hsa-miR-181a-2-3p"	0.636780517596049	8.20741077875737	1.25568325385446	0.262469776154132	0.307994512489217
"hsa-miR-181a-3p"	1.55622147077535	9.23366743253219	11.5607284503577	0.000673594580497597	0.00117557270736523
"hsa-miR-181a-5p"	-0.435990485553107	14.2786781941095	0.977009757106316	0.322938165650489	0.370230365641147
"hsa-miR-181b-3p"	3.43545919295699	4.103938151615	28.8624450182394	7.77050162847918e-08	1.97140504278083e-07
"hsa-miR-181b-5p"	1.56365326955332	11.22323940974	9.86414540775321	0.00168530941420965	0.00282431057794155
"hsa-miR-181c-3p"	-0.465522321969032	6.09955308050284	1.50690550979481	0.219611886000336	0.262767060105205
"hsa-miR-181c-5p"	-3.02524814967212	9.73669776432728	62.5025909649263	2.66094336411545e-15	1.29043979073918e-14
"hsa-miR-181d-5p"	-1.15239729952553	5.7878812893729	7.82659868749486	0.00514828894747094	0.00792489422251145
"hsa-miR-182-5p"	5.749716256732	9.2213700036789	12.6157667694957	0.000382506599641199	0.000689518475669003
"hsa-miR-183-3p"	4.9839975551144	2.12801929154867	4.51141522429322	0.0336693714750536	0.0469486401229755
"hsa-miR-183-5p"	7.13860389862707	7.31338353038159	10.877791840906	0.000973242112063318	0.00167715936292672
"hsa-miR-184"	7.3648575341885	3.8953670393668	5.38773519409193	0.0202787743734047	0.0288643333938332
"hsa-miR-185-3p"	0.811113512237711	3.20370740842826	3.39376338116552	0.0654434184765636	0.0862091185700886
"hsa-miR-185-5p"	-0.09559375122127	6.30945708719039	0.0406957022991623	0.840126433470807	0.865393393875943
"hsa-miR-186-5p"	-1.71028750682245	13.0671815663606	26.4257038176194	2.73871671247666e-07	6.58252964226846e-07
"hsa-miR-187-3p"	3.33486074502032	1.39506066996911	4.65820867574481	0.0309054186004431	0.0432045137577623
"hsa-miR-188-3p"	3.3903267407832	1.81303506184008	8.1683793280124	0.00426269782512489	0.00665515216002405
"hsa-miR-188-5p"	3.34537499887269	3.79409219100044	26.7456104896592	2.32078317529335e-07	5.65239635582559e-07
"hsa-miR-18a-3p"	0.981909552717397	4.43564077142901	2.09338033352113	0.147938415627907	0.18341685919478
"hsa-miR-18a-5p"	1.18195961840347	5.77575115499974	2.33379586263287	0.126592847172034	0.158385571347659
"hsa-miR-190a-5p"	4.09084611995665	5.22354890195594	28.1707487859852	1.11070549011687e-07	2.79204866322956e-07
"hsa-miR-190b"	-1.37505136154319	2.60164749199245	3.27207703044563	0.0704683520641379	0.0923843467252334
"hsa-miR-191-3p"	1.20814328299766	3.66806775001826	5.65172281273967	0.0174382317269617	0.0250817611190946
"hsa-miR-191-5p"	0.425500858342336	13.4528606739281	1.79418165460373	0.18041749907513	0.217772664081875
"hsa-miR-1910-5p"	6.35539518221545	3.05950165745992	34.0993765121849	5.23680428593408e-09	1.46416772892443e-08
"hsa-miR-192-5p"	-3.90671587205128	11.426966248119	85.064692788432	2.88761039156801e-20	2.10988065943902e-19
"hsa-miR-193a-3p"	7.20377485933195	9.04162369269125	41.435274135699	1.21838914403024e-10	3.88184448214287e-10
"hsa-miR-193a-5p"	5.63559237732187	7.46717184772215	60.8513191084998	6.15522468439422e-15	2.88295993764789e-14
"hsa-miR-193b-3p"	3.68481084177412	8.00989235962615	50.5838875199503	1.14178579600999e-12	4.34512927926026e-12
"hsa-miR-193b-5p"	4.40916482714685	2.98293887719189	42.8086940148417	6.03632901664057e-11	2.02939159577855e-10
"hsa-miR-194-5p"	-3.74275178191324	6.2357246814945	46.5913809239233	8.74440234836353e-12	3.07175159416873e-11
"hsa-miR-195-5p"	1.72649551457062	5.0907379347458	11.1950312749828	0.000820166552619255	0.00141782735279291
"hsa-miR-196a-5p"	-1.38008660182045	3.39096344113626	0.874148123650865	0.349809486625821	0.396065286510227
"hsa-miR-196b-5p"	2.21190940889161	3.6504473189423	1.3553741693203	0.244340790061458	0.289824140592379
"hsa-miR-197-3p"	-1.68466812634267	9.36585993470472	27.7496188219109	1.38075405654701e-07	3.45503754788933e-07
"hsa-miR-1976"	-5.91860456635539	2.63942058343515	96.7968993683205	7.68163066673531e-23	7.65369746431082e-22
"hsa-miR-199a-3p"	7.23198459425751	12.7265909061948	170.102589101672	7.02683965074825e-39	2.96208317585388e-37
"hsa-miR-199a-5p"	8.42092228750409	10.7577020368366	158.821613806621	2.04699744721321e-36	7.01096625670525e-35
"hsa-miR-199b-3p"	7.31569324453439	11.5411505946749	151.183076447164	9.55815183828396e-35	2.61893360368981e-33
"hsa-miR-199b-5p"	5.14139955919551	10.1674242404232	31.7994060347144	1.70945012430169e-08	4.59205229469277e-08
"hsa-miR-19a-3p"	-1.44798062271808	7.79946612638737	6.98025719717871	0.00824137640148913	0.0122724844239566
"hsa-miR-19a-5p"	-0.445255664890628	2.28886641808235	0.218244657402696	0.640380668488538	0.690804343172675
"hsa-miR-19b-3p"	-2.61889141822331	10.0124841547887	22.6655506854253	1.92793545961581e-06	4.38385324427164e-06
"hsa-miR-200a-3p"	2.13749224850599	4.34393282864522	1.3789785412268	0.240275215548509	0.285850139461317
"hsa-miR-200a-5p"	2.90581474823807	1.84567131915	1.34496030654483	0.246161098858392	0.291352661283799
"hsa-miR-200b-3p"	3.86003847240687	7.65701489363081	3.61986851515022	0.0570933852807781	0.0761245137077042
"hsa-miR-200b-5p"	2.57136122348023	1.72936864984902	1.5341858062338	0.215485315323392	0.258393769796978
"hsa-miR-200c-3p"	1.90326971616641	6.37847940313475	0.964573028703892	0.32603738955818	0.373003109557166
"hsa-miR-200c-5p"	2.44555289109229	1.46364170529199	1.01891650554008	0.31277615499863	0.360086833905985
"hsa-miR-203a-3p"	3.06857752091108	3.85555046403793	2.00855719236461	0.156414010610724	0.191755878780037
"hsa-miR-204-5p"	10.1720720685856	8.87337308916585	59.3167871476606	1.34226595114299e-14	5.98017675793788e-14
"hsa-miR-205-3p"	4.9800937208486	2.13545808201785	2.63165323107213	0.104752589307056	0.133498648698295
"hsa-miR-205-5p"	9.70197151916152	10.740671181239	8.02766846225376	0.00460681029731486	0.00715164884682307
"hsa-miR-20a-3p"	-0.984113343248106	2.96301847726441	1.95075590343474	0.162505418218207	0.198336234261865
"hsa-miR-20a-5p"	-1.62083202259287	8.68466331596102	8.62327016661689	0.00331895468365582	0.0053025864916717
"hsa-miR-20b-5p"	-3.74468310160188	3.43274514171104	7.60271414489811	0.00582805029814632	0.00889629961945455
"hsa-miR-21-3p"	2.16853711625144	11.699034176945	20.57198028329	5.7430565365319e-06	1.25887799280779e-05
"hsa-miR-21-5p"	1.14896362690037	15.9052206907225	6.42752242845518	0.0112365212329052	0.016333192667459
"hsa-miR-210-3p"	3.66625016799456	8.16864194539249	44.8149616095135	2.16561604127822e-11	7.46388421773876e-11
"hsa-miR-210-5p"	4.83601929588565	4.90280568532024	48.3940340028689	3.48627217316856e-12	1.29964432033767e-11
"hsa-miR-2110"	-1.84767061731298	2.80315401186787	14.6541223774757	0.000129151860688064	0.000243213813254498
"hsa-miR-2110-3p"	-1.69153536355052	4.2811860459985	19.3813834743001	1.07045493099144e-05	2.29144258665355e-05
"hsa-miR-2114-5p"	1.75294538672183	1.70050805062308	1.07325700806939	0.300210922020174	0.346348600562221
"hsa-miR-2116-3p"	5.71771809146852	2.58978882421039	28.9977756979774	7.24614530128706e-08	1.84692447679317e-07
"hsa-miR-212-3p"	1.31109760219893	3.9551203488047	7.61938354174545	0.00577442236088258	0.00883905992671412
"hsa-miR-212-5p"	1.65068081443654	4.17790877343151	7.96017114262061	0.00478178924650243	0.00740231781661958
"hsa-miR-214-3p"	9.71792248377224	7.39053846365195	149.79069478495	1.92623414419501e-34	5.02655386199459e-33
"hsa-miR-214-5p"	9.90004807009799	6.27614456783695	147.798087083622	5.25132038845689e-34	1.30805616948835e-32
"hsa-miR-215-5p"	-1.31296478308066	4.04153788757051	8.64463134521701	0.0032802650574685	0.00525609722658696
"hsa-miR-218-1-3p"	9.18013872236321	5.57823468983921	73.6492998442362	9.3304935646029e-18	5.68123385933599e-17
"hsa-miR-218-5p"	9.13517058439544	6.59004683681392	103.464116727682	2.65153313321544e-24	3.02716699375429e-23
"hsa-miR-22-3p"	2.34714236723223	16.0313580371609	31.1887691088368	2.341166313447e-08	6.19787024042974e-08
"hsa-miR-22-5p"	1.43580796269126	6.7305942936841	16.850829237766	4.04356585980281e-05	8.11675491271773e-05
"hsa-miR-221-3p"	2.23250052650612	12.9586139372682	29.7448665060875	4.92809544830582e-08	1.2799034624036e-07
"hsa-miR-221-5p"	3.32120213885881	9.60964581619656	40.072841053812	2.44667082805391e-10	7.66157493584881e-10
"hsa-miR-222-3p"	3.91049268745121	13.2514411291356	61.9233023857419	3.57098630774099e-15	1.71657938301935e-14
"hsa-miR-222-5p"	3.67706032389726	5.71036081318539	52.582278839059	4.12595400562699e-13	1.61501628220256e-12
"hsa-miR-223-3p"	-4.13377606847636	5.07440636641962	20.1831246717825	7.03710042677173e-06	1.53029009280591e-05
"hsa-miR-224-3p"	6.58117112771158	3.23837194013772	38.001973157866	7.06731212672382e-10	2.08219733626057e-09
"hsa-miR-224-5p"	12.3116593403895	9.71701816565736	126.30173454683	2.64112658443413e-29	4.3858708129391e-28
"hsa-miR-2277-5p"	-0.294128334178245	3.3686000440526	0.502765402419289	0.478287542059049	0.525253653403525
"hsa-miR-2355-3p"	0.87320928273607	2.00890294842147	0.801234498239303	0.370724530978638	0.418018606947106
"hsa-miR-2355-5p"	1.01661941113882	4.11817715857005	4.46362895893347	0.0346238656646478	0.0480351351499417
"hsa-miR-23a-3p"	-0.115439174312103	10.9612748547088	0.15953177653428	0.689587964938183	0.730936566317455
"hsa-miR-23a-5p"	0.786008330057571	5.06983808865476	2.8633044472373	0.090621160808831	0.11684799087821
"hsa-miR-23b-3p"	2.68941201183907	9.81435796093647	46.0162634696719	1.17275372338168e-11	4.09343337842777e-11
"hsa-miR-23b-5p"	5.18315360641327	2.23720517359753	17.9573237420774	2.25913498211918e-05	4.72521362672257e-05
"hsa-miR-24-1-5p"	2.5826315440178	2.23868075802144	8.58417237270148	0.00339097476711751	0.00538624397791419
"hsa-miR-24-2-5p"	2.02356275328759	7.04801299387558	21.7371055469564	3.12684442549582e-06	6.99392140886411e-06
"hsa-miR-24-3p"	0.300618818093029	9.50307918897444	0.807881059530587	0.368747458540819	0.416646612949215
"hsa-miR-2467-5p"	1.23558895234324	2.80162016627967	6.67573655104344	0.00977341163781863	0.0143973913374317
"hsa-miR-25-3p"	-1.63616845007341	11.3525418151391	16.8941654412348	3.95228818032023e-05	7.99208089599811e-05
"hsa-miR-25-5p"	-0.218305438409716	4.57507366987962	0.236207415953473	0.626958838910665	0.677659652313697
"hsa-miR-2682-3p"	6.21539555593895	2.94786916639094	57.0769507442665	4.19088712368666e-14	1.78031484013976e-13
"hsa-miR-2682-5p"	7.50434380105379	4.01987760903507	69.25684054537	8.64406075566785e-17	4.69004484564949e-16
"hsa-miR-26a-2-3p"	0.160849937407805	4.83551513098732	0.170694370833132	0.679495434281283	0.723035918419696
"hsa-miR-26a-5p"	-2.27988358759903	15.3048800772521	62.8053848251813	2.28174154874183e-15	1.12648141325272e-14
"hsa-miR-26b-3p"	-2.47480020830204	6.35129497918355	19.9608296413407	7.90449708301592e-06	1.69869192215401e-05
"hsa-miR-26b-5p"	-2.87887689953886	12.2396788418802	60.4578009056135	7.51728642286143e-15	3.49107877943056e-14
"hsa-miR-27a-3p"	-0.548443211751202	12.3229179335916	2.07361866440522	0.149865565563202	0.18538674927457
"hsa-miR-27a-5p"	0.430196228676755	6.26254084481575	1.21223111254182	0.270890705501077	0.317196809005534
"hsa-miR-27b-3p"	2.84222394346843	14.0719404274289	38.3915982562696	5.78810506760341e-10	1.72384868317754e-09
"hsa-miR-27b-5p"	3.82580545945077	6.47507259053101	54.2140591515274	1.79795820986711e-13	7.24471396328807e-13
"hsa-miR-28-3p"	-1.24436153103607	12.1707262352958	15.4702353375805	8.38147607297164e-05	0.000160596114964631
"hsa-miR-28-5p"	-1.78459890071405	9.39223646351333	18.634996602958	1.58288015511031e-05	3.34910550193224e-05
"hsa-miR-296-3p"	4.24724315741059	4.91812030828319	16.608496114956	4.59447426201217e-05	9.08942922593021e-05
"hsa-miR-296-5p"	1.56897445112947	4.95128627249668	4.4514969934215	0.034870666174513	0.0482553663223058
"hsa-miR-299-3p"	9.00895735634762	5.41421476337099	96.0590121784163	1.11509649856001e-22	1.07205768633488e-21
"hsa-miR-299-5p"	8.00751871688278	4.47490473631262	65.4419113806112	5.98523882759916e-16	3.09425554483428e-15
"hsa-miR-29a-3p"	-1.20140801478284	14.0230047920821	16.5438093007298	4.75389306850464e-05	9.37098345877894e-05
"hsa-miR-29a-5p"	-0.00304938065990264	5.95318573299216	5.97910244550803e-05	0.993830446551222	0.993830446551222
"hsa-miR-29b-1-5p"	0.704526096097149	4.27452320123738	1.54195682048687	0.21432677122827	0.257568137353272
"hsa-miR-29b-2-5p"	-2.75270260430445	2.40093097465493	15.858589628288	6.82560126535457e-05	0.000131705263852616
"hsa-miR-29b-3p"	-1.27478298919352	9.73504637003983	7.40805964659673	0.00649323172090758	0.00985676172592064
"hsa-miR-29c-3p"	-5.22461533967166	11.3052761601027	172.139612175447	2.52272854265466e-39	1.15204603447896e-37
"hsa-miR-29c-5p"	-3.62057718255278	5.54752330567446	50.9936208618336	9.26666320032621e-13	3.55114086278235e-12
"hsa-miR-301a-3p"	2.17500287789469	8.03412074186438	7.19606771553515	0.00730635053970017	0.0109996705927354
"hsa-miR-301a-5p"	3.07598088405849	2.68406575466986	11.5029437986649	0.000694860541008559	0.00120883675070695
"hsa-miR-301b-3p"	3.29697341172527	5.22030448380054	28.5016994491806	9.361628113748e-08	2.36413465729673e-07
"hsa-miR-302a-5p"	5.30130940094671	2.31611287856771	15.5492881437834	8.03819086273788e-05	0.000154558897992293
"hsa-miR-302b-3p"	4.52866104649346	1.87414511705589	13.6750585130919	0.000217321725658392	0.000402338870475672
"hsa-miR-302d-3p"	5.04677778470612	2.15788762995862	16.9209904839654	3.89682821959094e-05	7.92257187734135e-05
"hsa-miR-3074-3p"	0.13981031997266	1.62683155404251	0.011558008792294	0.914385836140171	0.933116272262223
"hsa-miR-3074-5p"	-0.469441007221662	2.36313091536501	0.17562233471579	0.675162646954302	0.719823211149722
"hsa-miR-30a-3p"	8.8911058452909	7.21765873291713	121.811905172868	2.53793884582941e-28	3.86330690976255e-27
"hsa-miR-30a-5p"	10.8107446573139	12.5528685983563	197.065559474726	9.12463801931392e-45	7.14328804940576e-43
"hsa-miR-30b-3p"	-0.639536166590693	2.54409903070216	0.875439912192711	0.349453700065653	0.396065286510227
"hsa-miR-30b-5p"	-2.95176298731442	10.6062203986356	47.9082997179321	4.46626950032903e-12	1.63167712412021e-11
"hsa-miR-30c-1-3p"	0.361057673709913	3.84903002354178	0.926921328537015	0.335664195794125	0.382419915374595
"hsa-miR-30c-2-3p"	8.16957977812583	4.62355906466379	88.098181130447	6.22848746871068e-21	5.01942813654919e-20
"hsa-miR-30c-5p"	-0.823117898181607	11.254336857287	5.10484242654351	0.0238591461543063	0.0337850441668214
"hsa-miR-30d-3p"	-0.398179678283635	5.42406013602954	0.662835952136962	0.41556052733422	0.462860099551123
"hsa-miR-30d-5p"	-1.39671126194127	12.2487745661152	16.4602404603708	4.96810932234619e-05	9.74193357776076e-05
"hsa-miR-30e-3p"	-2.01114643158971	7.61406654397186	20.1040360828974	7.33417396803097e-06	1.58233359625235e-05
"hsa-miR-30e-5p"	-1.80543261027319	12.3939127508922	16.8706012376123	4.00166076089264e-05	8.06216947415136e-05
"hsa-miR-31-3p"	4.16548453395258	8.09356071434479	39.874669336886	2.70792334417852e-10	8.38385306559226e-10
"hsa-miR-31-5p"	4.56420978023571	13.3466414587037	103.32664609841	2.8420505934581e-24	3.17845658207151e-23
"hsa-miR-3117-3p"	6.51636737388958	3.18567766192519	31.4201558881123	2.0781236370624e-08	5.52821239373882e-08
"hsa-miR-3129-3p"	6.02901000750681	2.81194843490824	29.8344049348217	4.70566790843554e-08	1.23227004159358e-07
"hsa-miR-3152-5p"	6.9136651035102	3.51090613637636	39.0681461098788	4.09267362034128e-10	1.25295259438381e-09
"hsa-miR-3158-3p"	1.01279446611707	3.30674580006425	3.33087618111497	0.0679906453871545	0.089349816959618
"hsa-miR-3168"	1.81036630242513	3.54457889448285	5.89577966452888	0.0151772091726611	0.0218871332279428
"hsa-miR-3176"	1.28766512773581	3.25459429675113	2.76554929043823	0.0963136217048466	0.12331744087443
"hsa-miR-3194-5p"	-4.17764105187157	2.39008244184405	52.264927072031	4.84959006429754e-13	1.88480521647876e-12
"hsa-miR-32-3p"	-2.14215121071696	2.65689421643385	8.43686187719587	0.00367690216342343	0.00580675039065141
"hsa-miR-32-5p"	-4.69691387691203	6.63305995888494	38.7186900213052	4.89499433273693e-10	1.48202038361317e-09
"hsa-miR-3200-3p"	3.15311002473757	3.5044435150127	13.0291561287446	0.000306678710329516	0.000558338648706229
"hsa-miR-3202"	-5.92386918549277	2.07263477025673	51.817335674336	6.09116253930021e-13	2.3506739940398e-12
"hsa-miR-320a"	0.142880080455065	10.4945013791235	0.191052045297743	0.662042448064111	0.707211036138661
"hsa-miR-320b"	-2.6700844712095	3.83634476792633	47.2171333171852	6.35425749232036e-12	2.27590399071343e-11
"hsa-miR-320d"	-3.55943810309767	3.07444119594776	38.0680572402426	6.83194957786773e-10	2.02373425333595e-09
"hsa-miR-323a-3p"	8.73725266805736	6.00495125109369	98.9451848167211	2.59588432227255e-23	2.68404643133087e-22
"hsa-miR-323b-3p"	6.86365440114189	4.96939568367404	58.6868870196676	1.84869503556861e-14	8.10467903593281e-14
"hsa-miR-324-3p"	0.0781576496955202	5.08063170320419	0.0723610634248288	0.787929591946339	0.819327165818963
"hsa-miR-324-5p"	-0.825148990753379	4.28762958544464	4.11412611190875	0.0425264905248533	0.0579714348448249
"hsa-miR-326"	-1.59010856469663	3.92472475326784	6.98492216274985	0.00821992279567993	0.0122724844239566
"hsa-miR-328-3p"	-0.479150254839154	6.38359517183693	1.92147570930992	0.165694070303056	0.201331154159811
"hsa-miR-329-3p"	9.21448824744141	5.61087341320844	126.069393721277	2.96917032567623e-29	4.78560393667816e-28
"hsa-miR-330-3p"	-1.68022386685738	5.22566691763823	20.5547001011207	5.79513287685757e-06	1.26523219781591e-05
"hsa-miR-330-5p"	0.156328740668051	5.76150796089767	0.0734907348095852	0.786320469619865	0.819208398007007
"hsa-miR-331-3p"	0.437214384019804	8.39709149527841	1.08335051809036	0.297949229603969	0.344464510175053
"hsa-miR-331-5p"	0.017617838320504	3.76967830085233	0.00195434099722647	0.964738661709176	0.977221417036282
"hsa-miR-335-3p"	1.97958431215857	7.55949985024285	11.4869435308133	0.000700867988444452	0.00121542929641633
"hsa-miR-335-5p"	-0.406669586536412	6.88722464764659	0.521496985988069	0.470203808060409	0.518454098223549
"hsa-miR-337-3p"	9.50244519317044	5.88942346064146	136.836804848916	1.30914017114338e-31	2.47382349581576e-30
"hsa-miR-337-5p"	5.8753951538394	3.87090753703712	57.4505244923354	3.46588761033831e-14	1.48383313317609e-13
"hsa-miR-338-3p"	-6.15295530548156	3.81722543650179	73.862385373334	8.37572270704521e-18	5.15718656568627e-17
"hsa-miR-339-3p"	-2.768899047465	8.57963061065987	81.4962614195378	1.75593425997934e-19	1.21804047401098e-18
"hsa-miR-339-5p"	-0.295790927731792	7.01065174267392	0.761696572713653	0.382798105545602	0.430746122872669
"hsa-miR-33a-3p"	-1.95722996590146	3.64108987915519	9.81632795834277	0.00172969339192612	0.00288985359382779
"hsa-miR-33a-5p"	0.272012549511566	4.51601422257484	0.163225064695464	0.686204469574207	0.728759785516794
"hsa-miR-33b-3p"	0.122737509396247	3.07320152745955	0.0383443632019258	0.844753272251932	0.868526816499172
"hsa-miR-33b-5p"	-0.423608459286749	4.70802259437836	0.533512082635038	0.465134038117773	0.515978649571942
"hsa-miR-340-3p"	1.22901137278341	3.95009843570894	6.0645685403575	0.0137920443410707	0.0199420588361656
"hsa-miR-340-5p"	-0.425507062284023	8.01492044947254	1.14362725231098	0.284887173534848	0.332166321483185
"hsa-miR-342-3p"	-6.28615947076786	12.2867476729045	192.204641763656	1.04983147374654e-43	7.19134559516379e-42
"hsa-miR-342-5p"	-6.10287387096426	7.2895797835671	268.644235403189	2.24075793262762e-60	3.06983836769984e-58
"hsa-miR-345-3p"	4.43744829395971	2.6637083431079	4.17723841795259	0.0409704084491666	0.0561294595753582
"hsa-miR-345-5p"	1.86777964915034	7.8437925849107	18.234035384465	1.95356482142466e-05	4.10173763272305e-05
"hsa-miR-34a-3p"	4.75233205925514	3.26528932121572	16.9938443293368	3.7501203602224e-05	7.69687624495085e-05
"hsa-miR-34a-5p"	4.39430457213178	8.5092645053467	27.4853546227257	1.58288615058087e-07	3.94282550235599e-07
"hsa-miR-34b-5p"	6.08028574212893	3.57346339238936	27.1410691870377	1.89136914146211e-07	4.64784883193379e-07
"hsa-miR-34c-5p"	6.73980856431801	6.74516397235017	70.1155331627364	5.59308086344527e-17	3.15980238470929e-16
"hsa-miR-3605-3p"	0.655381741372001	3.72522308067662	2.00926787624905	0.156340749042453	0.191755878780037
"hsa-miR-3605-5p"	2.59889465103604	2.93707443057215	16.6239843161249	4.55710838538938e-05	9.04817172171514e-05
"hsa-miR-3607-3p"	-4.64159960401935	8.30869862929307	75.2143912886484	4.22277901930686e-18	2.69079407276763e-17
"hsa-miR-3607-5p"	-5.56909223709899	2.36129428761912	55.0381415567846	1.18213395405321e-13	4.83439855836687e-13
"hsa-miR-3609"	-5.56744048263403	2.69098996412199	84.8597487407486	3.20297661025597e-20	2.30951471371088e-19
"hsa-miR-361-3p"	-3.62473989335219	10.301275354111	69.3229919241457	8.35894567299337e-17	4.58070222880037e-16
"hsa-miR-361-5p"	-0.854562923101353	7.74558547560005	9.6082935687608	0.00193700553242592	0.00318762472002824
"hsa-miR-3613-3p"	-0.894815395666538	2.6300043610687	1.97753538959616	0.15965028929348	0.195286514582203
"hsa-miR-3613-5p"	-0.74051280359381	3.9468305285862	2.45210208658574	0.117367598213654	0.148196875163784
"hsa-miR-3614-5p"	2.72580027300316	2.13417939843324	3.4401019334117	0.063631766743326	0.0840245980128738
"hsa-miR-3615"	-2.58020407602375	4.14605462540029	37.2879061544086	1.01914657444099e-09	2.97070384464715e-09
"hsa-miR-362-3p"	-1.19282362078914	3.27536237039347	4.02500910348584	0.0448303779067948	0.060960414622639
"hsa-miR-362-5p"	1.31379656211234	3.82877499618161	4.81346603585688	0.0282381942963272	0.0395768042823205
"hsa-miR-363-3p"	-6.42729967215989	7.94200041291642	16.0019495608418	6.32772898908204e-05	0.000122529875830988
"hsa-miR-3651"	-0.891575511825875	3.19617694712139	2.33523619155021	0.126475805740684	0.158385571347659
"hsa-miR-3653-3p"	-4.15226826331806	3.03515279266647	41.7275999184805	1.04917413106558e-10	3.36226563639731e-10
"hsa-miR-3653-5p"	-4.44458828496286	2.6352281154716	55.59005861971	8.92739623318385e-14	3.73451384411049e-13
"hsa-miR-365a-3p"	4.61044245133599	6.30125199743636	96.4189834377382	9.29714349389427e-23	9.09791899045368e-22
"hsa-miR-365b-3p"	4.55489942971991	6.29247620646273	95.2623182476079	1.66757299095366e-22	1.49808196564362e-21
"hsa-miR-365b-5p"	6.70204064052901	3.33682105909267	58.7729549788017	1.76956957741934e-14	7.8203558744016e-14
"hsa-miR-3661"	1.26495041953608	3.07992819711927	7.26839848359167	0.0070178351116295	0.0105944177442781
"hsa-miR-3677-3p"	2.41164743161557	2.79711219915677	7.84913608968535	0.00508449981685507	0.00784874901306078
"hsa-miR-369-3p"	9.08502277504672	6.3534981297453	68.0181167310261	1.62000231023128e-16	8.70354182359552e-16
"hsa-miR-369-5p"	7.6969182230215	5.76472054071493	119.070442499906	1.0107557485043e-27	1.45761618468514e-26
"hsa-miR-370-3p"	10.0442316855504	6.41715294621667	157.345736295061	4.3013270962914e-36	1.30951513820427e-34
"hsa-miR-370-5p"	5.85145333657172	2.68338956723181	32.2207276178348	1.37614804114106e-08	3.75188620171793e-08
"hsa-miR-374a-3p"	-0.560701781328213	7.17500501070824	1.19471362341228	0.274380820421431	0.320598485268538
"hsa-miR-374a-5p"	-2.19301254942673	6.37137450585938	42.29976085219	7.83021342337426e-11	2.56943530299946e-10
"hsa-miR-374b-3p"	0.369483828005431	3.64915723228309	0.254125757225729	0.614184871078525	0.665164642986228
"hsa-miR-374b-5p"	-1.51249467288694	6.28443406699158	9.6303846408356	0.00191384524030242	0.00315899756531846
"hsa-miR-375"	11.8746009989677	8.22426096173451	6.56069840797564	0.0104255440776175	0.0152351950787584
"hsa-miR-376a-2-5p"	5.30698852388686	2.3186572170001	19.0292586756579	1.28729380254929e-05	2.74489106535802e-05
"hsa-miR-376a-3p"	6.27995035305545	5.12492972387945	76.675586964275	2.01478673675225e-18	1.36309028609906e-17
"hsa-miR-376a-5p"	8.21251591200351	6.25432395248127	61.8508472735304	3.70482944463612e-15	1.76543177013965e-14
"hsa-miR-376b-3p"	8.08473067033399	4.55392532521485	64.0917880398786	1.18755505945079e-15	5.91618338708209e-15
"hsa-miR-376c-3p"	8.31107674825197	6.96325246510565	92.6366325482821	6.28335530348288e-22	5.29735185585941e-21
"hsa-miR-377-3p"	7.99276432375736	4.46111658430351	64.1655213690543	1.14393233469753e-15	5.75114604967197e-15
"hsa-miR-377-5p"	9.04360943189913	5.44688789195343	145.206835385857	1.93527112444589e-33	4.61099380954935e-32
"hsa-miR-378a-3p"	0.0223729563711474	10.0565790528348	0.000743553273593989	0.978245841474309	0.986143824929181
"hsa-miR-378a-5p"	-0.297425088061293	3.01307696646942	0.0670427080248714	0.795692285516237	0.825832144816095
"hsa-miR-378c"	-3.23671682069488	2.72067073233557	21.9059522428296	2.86344377164711e-06	6.43101306091237e-06
"hsa-miR-378d"	-3.63750458156005	2.19286216728173	26.7302167322805	2.33934531053499e-07	5.6723948237751e-07
"hsa-miR-379-3p"	8.01756447401047	4.48381735488252	76.0767186396064	2.72855326502028e-18	1.78005617765609e-17
"hsa-miR-379-5p"	8.03702215161245	4.50131570908833	74.7586595674688	5.31919488837375e-18	3.31240772594183e-17
"hsa-miR-380-3p"	7.63072217744157	4.13343103426948	62.6672472730809	2.44752207606815e-15	1.19753758721906e-14
"hsa-miR-381-3p"	9.30858271434147	9.54298442548944	95.3694024297908	1.57976587912306e-22	1.46730796908379e-21
"hsa-miR-382-3p"	6.69318741707324	4.27067294811544	70.2580535248111	5.20324183460822e-17	3.00144897406874e-16
"hsa-miR-382-5p"	8.28667764127789	6.19507651361351	117.167765829732	2.63783879494738e-27	3.61383914907791e-26
"hsa-miR-3909"	1.8604330215562	4.23331489567445	14.8628110047	0.000115620099752099	0.000218482119531553
"hsa-miR-3912-3p"	-2.80512460297392	3.75307359979695	49.1602816686076	2.35878752292014e-12	8.85353125041259e-12
"hsa-miR-3928-3p"	2.48684912666985	2.60989959189126	9.69678050939194	0.0018459113542331	0.00305607076169105
"hsa-miR-3929"	4.01121493218852	1.6448660284445	5.25807629332484	0.0218451517285385	0.0310133242156454
"hsa-miR-409-3p"	10.1095582499984	10.7075965841475	248.288194343816	6.13244668179867e-56	6.72116156325135e-54
"hsa-miR-409-5p"	10.4732992712374	8.81762136797037	86.6903233469843	1.26916287554244e-20	9.79579233517261e-20
"hsa-miR-410-3p"	8.46186284609302	8.81082149559197	99.1367534315072	2.35653995664693e-23	2.48343056969715e-22
"hsa-miR-411-3p"	8.09880352160511	4.5587443219221	59.577597337247	1.17565886785597e-14	5.34706975355741e-14
"hsa-miR-411-5p"	10.263237745158	9.94064648235753	188.655164764609	6.2500699022193e-43	3.8055981182402e-41
"hsa-miR-412-3p"	4.6073274596268	1.91428563949371	13.551027236385	0.000232164323336688	0.000428370535988232
"hsa-miR-412-5p"	7.28613502011256	3.82873993051291	58.4944357315803	2.03866705118949e-14	8.8665836829511e-14
"hsa-miR-421"	1.47318889303	7.12813308359695	6.81548750128966	0.00903706300413341	0.0133485458928979
"hsa-miR-423-3p"	0.0708167060651576	11.9526603837735	0.0318956587403818	0.858256853617615	0.880757969630062
"hsa-miR-423-5p"	-0.666055408297653	11.5188708418107	3.02994392466854	0.081740841490739	0.105895936493912
"hsa-miR-424-3p"	3.4791146830699	5.11779009983453	26.5478820486216	2.57086409440756e-07	6.20631508253455e-07
"hsa-miR-424-5p"	3.21129960134403	6.50014843661834	20.9944071250513	4.6062607362175e-06	1.02195582325797e-05
"hsa-miR-425-3p"	-1.19737890675782	4.51567261216089	13.8647812030248	0.000196445471462627	0.000366163667896325
"hsa-miR-425-5p"	-1.28266410771501	8.20844512296412	12.0110516846889	0.000528860062270922	0.000937913637943253
"hsa-miR-429"	4.40585337709421	4.92734140810168	3.63559000229466	0.0565565551953431	0.0755926640171902
"hsa-miR-431-3p"	8.79148584971436	5.20690296213057	95.285416399285	1.64822902859004e-22	1.49808196564362e-21
"hsa-miR-431-5p"	7.47485253070549	6.77546676629382	103.645100703171	2.42005019978963e-24	2.82167555209514e-23
"hsa-miR-432-5p"	10.2871243276608	6.65440448236668	152.134153206943	5.92251068858484e-35	1.70817676702342e-33
"hsa-miR-4326"	3.23924099978058	4.16375972985643	16.9177641574014	3.90345694686526e-05	7.92257187734135e-05
"hsa-miR-433-3p"	5.78098966999725	3.4614038542401	42.4664739844761	7.19042218641689e-11	2.38809173221603e-10
"hsa-miR-433-5p"	3.70916299398936	2.02280633848892	11.7744616014253	0.000600488781748704	0.00105809598841894
"hsa-miR-4421"	3.58183431080942	1.91834416188794	6.87872632441722	0.00872277019152306	0.0129191299052828
"hsa-miR-4433b-5p"	-4.61759556017327	1.49515722970813	18.8337653724154	1.42619829293588e-05	3.0292893973987e-05
"hsa-miR-4443"	-4.29045921363076	2.94053553186787	54.1060891984253	1.89951697555005e-13	7.59806790220021e-13
"hsa-miR-449a"	3.69022698569673	2.34490705389026	8.32498192744041	0.00391035272332348	0.00612249512108933
"hsa-miR-449b-5p"	0.8402908834631	1.58445702927327	0.329999661391694	0.565659287458937	0.613824335698015
"hsa-miR-450a-5p"	3.37627558686607	5.63898965307329	32.5913714691426	1.1371848645303e-08	3.14736013011416e-08
"hsa-miR-450b-5p"	5.5892523568359	6.46758700014396	60.8872518481569	6.04389526806642e-15	2.85521948870724e-14
"hsa-miR-451a"	-4.21951259611458	3.89616557126207	29.3416227470327	6.06782608581589e-08	1.56847579954109e-07
"hsa-miR-452-3p"	8.11291218892194	4.57132103874484	56.8948456907872	4.59749258634627e-14	1.93801995178289e-13
"hsa-miR-452-5p"	10.6019421803292	6.96436055098838	114.533932938072	9.95481075937373e-27	1.33054543808215e-25
"hsa-miR-4521"	4.05681222244843	4.31924729466765	22.8806074451535	1.72382287157372e-06	3.93606222342667e-06
"hsa-miR-4524a-5p"	4.9492701555678	2.1004873787152	16.7825802556483	4.19163295570069e-05	8.3527813080872e-05
"hsa-miR-454-3p"	-0.893857325829928	6.72518182794711	4.47734643400971	0.0343470095724952	0.0477719828571761
"hsa-miR-454-5p"	0.493645025652294	3.92721181807838	1.85328935923987	0.173401306571487	0.210229902657466
"hsa-miR-455-3p"	5.18812457436342	6.41747842837119	36.8879968367198	1.25113838205451e-09	3.60854649139932e-09
"hsa-miR-455-5p"	3.99984771974019	5.89890296159412	46.7713487165333	7.97711771757636e-12	2.82029710273022e-11
"hsa-miR-4636"	1.27719490933558	1.99066578172022	1.83164172314589	0.175933756360495	0.212829356480245
"hsa-miR-4645-3p"	-1.74725309890667	2.28949618108408	9.18388510036108	0.00244155209728778	0.00397023901873503
"hsa-miR-4662a-5p"	0.88287251032224	3.10354683762856	1.13275037494516	0.287189438453433	0.334139728816309
"hsa-miR-4677-3p"	1.3645553680272	4.76888581660516	9.36541139705628	0.0022111836400759	0.00361710040227341
"hsa-miR-4772-3p"	-5.8562691905746	2.05567989085465	38.6281940201491	5.12728985939904e-10	1.54382134228059e-09
"hsa-miR-4772-5p"	-8.29357885262074	3.84044915431101	75.1146217470741	4.44164722688958e-18	2.79772721877643e-17
"hsa-miR-4775"	6.08719934835107	4.52473887524732	83.8122641259678	5.44062479140428e-20	3.82238767396096e-19
"hsa-miR-484"	-0.288224116625783	10.0027874881781	0.621681244790697	0.430423210249897	0.478442026809216
"hsa-miR-485-3p"	7.61947821443839	5.70234300579204	124.521697799799	6.47670511457021e-29	1.01406697222414e-27
"hsa-miR-485-5p"	9.69554099642065	6.07674806524933	94.0519194100774	3.07355203167072e-22	2.67350240215167e-21
"hsa-miR-486-3p"	-0.0702184565294941	3.50240215685483	0.00845339365594455	0.926743852440357	0.943969574604676
"hsa-miR-486-5p"	-0.205694586503144	8.79548274119258	0.116337281187796	0.733041464778145	0.769553108617669
"hsa-miR-487a-3p"	7.72769031941086	4.22057916253414	55.0680069082836	1.1643073787239e-13	4.79729656797516e-13
"hsa-miR-487b-3p"	9.13139293234176	7.78400471593842	140.521295558446	2.04748116037814e-32	4.00721312816864e-31
"hsa-miR-490-3p"	5.24132997398448	2.28578342931757	7.3974815638541	0.00653152559791277	0.00988750283882927
"hsa-miR-493-3p"	8.70305717188436	6.62991984303075	136.663601015284	1.42845983551413e-31	2.60931996620581e-30
"hsa-miR-493-5p"	9.78206052402617	6.16085943365861	158.396732532057	2.53485823970507e-36	8.1711900903434e-35
"hsa-miR-494-3p"	8.89385795881983	6.22731417797619	107.701044840933	3.12537790887854e-25	3.98303975364056e-24
"hsa-miR-495-3p"	7.92709718863495	5.92980532717249	130.444855040016	3.27505350805198e-30	5.78944942713705e-29
"hsa-miR-496"	7.5221024622513	4.0367028970356	48.3360345474704	3.59092485136581e-12	1.32961271523545e-11
"hsa-miR-497-5p"	3.24343640881032	5.26254314993105	15.38351298037	8.77506047027123e-05	0.000167551677272078
"hsa-miR-500a-3p"	2.11616426903049	9.00442406416596	24.4466275820597	7.63971233891687e-07	1.781515898607e-06
"hsa-miR-501-3p"	1.73573914470493	7.96350963803111	12.6012213471205	0.000385494775985839	0.000692626679476196
"hsa-miR-501-5p"	1.98188779971418	3.34637253764853	13.2806308324327	0.00026816224937231	0.000489843042186753
"hsa-miR-502-3p"	1.29856089921808	5.13332042913257	6.48339616883431	0.0108886739806569	0.0158696631420213
"hsa-miR-502-5p"	1.19018594482186	2.28553100877447	3.13217611475267	0.0767612136668002	0.0996804386004893
"hsa-miR-503-5p"	6.83016981450813	3.44193773463693	36.0913413777833	1.8828159490602e-09	5.34602663256472e-09
"hsa-miR-504-5p"	5.64620903514146	2.54179664632438	16.4566107911096	4.97763029520623e-05	9.74193357776076e-05
"hsa-miR-505-3p"	0.181617225639076	6.37341600211282	0.202295124501065	0.652874630837547	0.70289842377009
"hsa-miR-514a-3p"	-4.25816777945647	1.80495066516236	16.8243987656525	4.10027288385507e-05	8.20054576771014e-05
"hsa-miR-532-3p"	1.06898732602375	5.60941370922723	9.93944720275858	0.00161774122652123	0.00271939322740378
"hsa-miR-532-5p"	0.723096596150523	9.19075582608451	3.75081561959227	0.0527817501167101	0.0712423622264954
"hsa-miR-539-3p"	8.58376378388259	6.04934565634106	75.5210198715943	3.61537522956451e-18	2.33085367741336e-17
"hsa-miR-539-5p"	7.22684524673501	3.77813544977785	69.6201857789393	7.18973256606941e-17	3.97977115778388e-16
"hsa-miR-541-5p"	6.13182991550821	2.88854043197912	29.8276043994408	4.72220271413599e-08	1.23227004159358e-07
"hsa-miR-542-3p"	4.82933973802039	4.23481386976331	39.7672783452354	2.86098354176962e-10	8.8079718027514e-10
"hsa-miR-542-5p"	2.99699073073762	2.8394001624019	12.1123305209378	0.00050089493652807	0.000891202679277215
"hsa-miR-543"	7.36383964146047	5.46521357862273	93.7079280012314	3.65693218083682e-22	3.13124817984152e-21
"hsa-miR-548au-5p"	-4.28627833934033	2.20659800340431	29.2626314945901	6.3202867297216e-08	1.62606437928988e-07
"hsa-miR-548e-3p"	-1.1839585040968	5.36426331829097	8.37358127435174	0.00380714642890392	0.00597798350441075
"hsa-miR-548e-5p"	-1.30530963716496	3.08686447315565	4.94712044954756	0.0261341624646619	0.036816249436079
"hsa-miR-548h-5p"	2.62723988799	2.07592633552853	6.57446267328129	0.0103452229899713	0.0151582411724714
"hsa-miR-548j-3p"	-2.38443358037693	1.95218659250625	7.03163687988237	0.00800821209354839	0.0119904377794113
"hsa-miR-548j-5p"	-3.04746178454084	2.16694995341267	9.98671353940706	0.00157673760463957	0.00265862217643841
"hsa-miR-548k"	0.0350888534705444	5.46793060583749	0.00610739422066331	0.937708878450963	0.951600861835422
"hsa-miR-548o-3p"	-0.743854479209444	3.7871057969962	2.55986772310734	0.109607753985428	0.139039465703738
"hsa-miR-548w"	-2.02426150850397	3.15347129917028	20.7744348032432	5.16681006720386e-06	1.13711321960952e-05
"hsa-miR-549a"	5.59570589544956	2.50322426848729	16.9417160295379	3.8545150313781e-05	7.88162028804178e-05
"hsa-miR-549a-5p"	7.04542103251688	4.42008471835458	37.2887412598857	1.01871025118808e-09	2.97070384464715e-09
"hsa-miR-550a-3p"	0.362373639518915	3.10891130176279	0.446717764950325	0.503897770741768	0.551169617497982
"hsa-miR-550a-5p"	1.69807764612802	2.60308386048795	3.71507362224895	0.0539232466718231	0.0722492400395087
"hsa-miR-561-5p"	7.34726630661812	3.88397802184193	37.0445481349315	1.15460957493061e-09	3.34775686276176e-09
"hsa-miR-5690"	-6.00185679341078	2.91923730329953	95.8108374752692	1.26401870513784e-22	1.19427974209575e-21
"hsa-miR-5696-3p"	-3.04909516525649	2.40464234811344	32.5483098531144	1.16266199215747e-08	3.20170237036327e-08
"hsa-miR-574-3p"	8.37710544164593	9.00004039997478	178.240649148112	1.17372998313306e-40	5.84730937051745e-39
"hsa-miR-574-5p"	6.87943310399109	3.48266320273732	42.685737132084	6.42792729903484e-11	2.1478683901653e-10
"hsa-miR-576-5p"	-2.30425108218297	5.39624783182239	65.9701378930965	4.57806905750622e-16	2.38931604144134e-15
"hsa-miR-577"	-2.77481414434026	1.92237464423046	11.5896831797319	0.000663187096738443	0.00116110712144622
"hsa-miR-582-3p"	1.75268614878354	3.98080604806438	3.46841328318308	0.0625512850631562	0.0827973531753855
"hsa-miR-582-5p"	0.348804513956085	3.55101115495737	0.104960614898651	0.74595601001122	0.78161356307103
"hsa-miR-584-5p"	4.97001442809754	6.38076149935438	43.8849179237706	3.4826219235501e-11	1.18538932553134e-10
"hsa-miR-585-3p"	5.64115090535832	2.53789303302619	22.4529561532809	2.15353797144168e-06	4.87660664607455e-06
"hsa-miR-589-3p"	-0.658900197350199	4.41571479697983	2.44776294960007	0.11769249130478	0.148265483298895
"hsa-miR-589-5p"	-0.343295843541464	7.37486465733196	0.524956988395896	0.468734797368284	0.517876348705282
"hsa-miR-590-3p"	-1.68447374079494	5.87819415774291	10.0023623291851	0.00156339549553883	0.00264426151714592
"hsa-miR-590-5p"	-1.50996961508126	2.29039095941729	3.60793322119158	0.0575045422106554	0.0764866241054349
"hsa-miR-598-3p"	-2.63614722189633	4.40323539530643	11.6802344823605	0.000631675716570098	0.00110948170730902
"hsa-miR-605-3p"	5.92016006637855	2.72993708030963	17.7892912546665	2.46768232657911e-05	5.14178674891768e-05
"hsa-miR-605-5p"	4.0820245169452	1.66811956348088	9.05267107192535	0.00262311318215375	0.0042528580586398
"hsa-miR-615-3p"	3.94547984742672	4.43977218698825	8.92745865164725	0.00280914944972847	0.00452768793662118
"hsa-miR-616-5p"	-1.0395779428612	3.6441633947801	3.22617354972326	0.0724698353669401	0.0945558804311505
"hsa-miR-625-3p"	-0.109205444646035	6.39247191105279	0.0511136776700134	0.821136600109331	0.847425342485712
"hsa-miR-625-5p"	0.949628255456936	5.77331393280026	4.90290175385958	0.0268116063798553	0.03767374434913
"hsa-miR-627-5p"	-2.06293363507403	2.22902959043297	9.76489654874506	0.00177875524132341	0.00295381173407645
"hsa-miR-628-3p"	-1.30188711265236	2.78715530797653	8.58484094365526	0.00338972997174153	0.00538624397791419
"hsa-miR-628-5p"	-0.0714709438250315	3.86306863400563	0.0275742943685184	0.868113592930919	0.887548971877134
"hsa-miR-629-3p"	-2.2625323247482	3.01846672850929	24.3747790717538	7.93001177643555e-07	1.84137561588419e-06
"hsa-miR-629-5p"	0.163229466883229	4.78405762939494	0.0852248925695562	0.770337830542772	0.805620479269922
"hsa-miR-641"	0.596147146854929	3.91905576943435	2.12053790455354	0.14533549254726	0.181008749808861
"hsa-miR-642a-3p"	-5.04573972888776	2.23251987656364	64.4507174045789	9.89773097186505e-16	5.02218201165004e-15
"hsa-miR-642a-5p"	-5.27985570605667	3.03810466469544	76.1636100583995	2.61109367054429e-18	1.72395100175696e-17
"hsa-miR-651-5p"	-2.619605027715	2.47712539167912	13.4451873629217	0.00024563548972495	0.000451705531440512
"hsa-miR-6511b-3p"	-0.0114758533063112	2.87631565078074	0.00058247995786509	0.980745227347452	0.986143824929181
"hsa-miR-6516-3p"	-4.45280168957427	2.43931950082116	44.1568915895859	3.03082868901552e-11	1.03805882598782e-10
"hsa-miR-652-3p"	-1.8783466773177	6.53743377808503	12.5857274104653	0.000388703719881825	0.000696109929723006
"hsa-miR-652-5p"	-1.53835833125311	3.19364552943521	7.49886751983853	0.0061737803334769	0.00939786561873706
"hsa-miR-654-3p"	9.51937977215318	10.3058246740182	198.899162669083	3.63130292548645e-45	3.31659000527762e-43
"hsa-miR-654-5p"	8.29520939041576	4.74052469847735	73.4995917576931	1.00656979938356e-17	6.06154120947464e-17
"hsa-miR-655-3p"	6.834188852435	3.44496988000674	43.3258244886194	4.63426688064981e-11	1.56764089542969e-10
"hsa-miR-656-3p"	6.53638035101247	4.90743614270717	85.6750652845134	2.12070249970257e-20	1.57046617545541e-19
"hsa-miR-659-5p"	-1.89290340271376	3.20239636260746	14.1684551465235	0.000167149426651271	0.000312620770665175
"hsa-miR-660-5p"	0.765805281004616	8.40237834173818	2.83267003504404	0.0923646803663053	0.118816537184825
"hsa-miR-664a-3p"	-2.80163177721534	6.12402263239437	31.6648870748112	1.83204802356172e-08	4.89737715566742e-08
"hsa-miR-664a-5p"	-3.23767560892335	3.21784725252322	27.1035844336382	1.92840050194324e-07	4.71769408511114e-07
"hsa-miR-664b-3p"	-3.56963294471391	3.0613691360832	40.2204308573438	2.2686321996218e-10	7.1448876171997e-10
"hsa-miR-665"	9.007769508738	5.41308855923801	101.914295977113	5.7976601198566e-24	6.35423549136283e-23
"hsa-miR-668-3p"	6.42741759837162	3.12099186792237	55.4152097920784	9.75785012277543e-14	4.05098626309162e-13
"hsa-miR-671-3p"	2.3300025326477	7.09456869271243	42.0180947634634	9.04327115421373e-11	2.94982892411257e-10
"hsa-miR-671-5p"	0.360422576744249	4.64945955917526	0.667498583797945	0.413925076234715	0.461977478160129
"hsa-miR-6731-3p"	-6.49184712291497	2.42344027649165	91.5735155496069	1.07522484251983e-21	8.92762445001314e-21
"hsa-miR-6769b-3p"	-3.5049122384304	2.88431369111556	47.0320865176653	6.98340200910106e-12	2.48500279284895e-11
"hsa-miR-6803-3p"	-3.61648390827316	3.21073028280826	47.475252161662	5.57027453691049e-12	2.02153009683904e-11
"hsa-miR-6842-3p"	-4.35572012299617	3.10947262579022	60.423155225766	7.65076690564498e-15	3.52321030612895e-14
"hsa-miR-6852-5p"	2.08923913044152	2.34925435128736	8.98894811948382	0.0027161730436915	0.00439074580514143
"hsa-miR-7-1-3p"	-3.48932750423622	5.70077949056454	142.901255387753	6.17761728802452e-33	1.41055594743227e-31
"hsa-miR-7-5p"	-0.738934241762504	5.22437024069262	1.29227317098385	0.255629456470606	0.301257940098693
"hsa-miR-708-3p"	6.87836204186743	5.59587845815994	81.0405159360757	2.21137092820078e-19	1.51478908581754e-18
"hsa-miR-708-5p"	5.77120447339664	5.98460235450601	57.5470577980677	3.29989158371464e-14	1.42389022667372e-13
"hsa-miR-744-3p"	2.22880230737817	2.86776039668723	10.3948505475707	0.00126367227439422	0.00215729721609979
"hsa-miR-744-5p"	1.65561210704449	7.39041078052447	24.7738195163156	6.44671721355737e-07	1.51622361932594e-06
"hsa-miR-758-3p"	8.3142841600229	6.35289194798029	94.8782085300523	2.02466417403485e-22	1.78954188285661e-21
"hsa-miR-758-5p"	5.52740581238428	2.4579848909542	29.0876940053655	6.91749887306466e-08	1.77139690768198e-07
"hsa-miR-766-3p"	-4.47110934815026	5.84509533470348	90.7835101905602	1.60283589042305e-21	1.31097622082363e-20
"hsa-miR-769-5p"	-0.135243926829888	9.47964368046511	0.191998680841915	0.661258312954637	0.707211036138661
"hsa-miR-770-5p"	4.20047968496276	2.24782749243523	12.9561699741277	0.000318868852277594	0.000578609705457356
"hsa-miR-7706"	0.87247261816501	4.8907029366537	4.16846317136382	0.0411831393138039	0.0562802003590138
"hsa-miR-7974"	4.69670636802967	4.58502160015633	21.3108802117417	3.90508775988483e-06	8.6991385870605e-06
"hsa-miR-7976"	0.21435931193448	2.96607276904123	0.136256889622903	0.712030896659207	0.748930770382429
"hsa-miR-7977"	-0.00747150573029005	2.11530866146667	7.9408931899394e-05	0.992890009982652	0.993830446551222
"hsa-miR-873-3p"	0.0555529589930549	1.56622920799765	0.0012622045579409	0.971659103776025	0.982415477618564
"hsa-miR-873-5p"	-2.96297785441386	2.25477401104617	3.50388256868712	0.0612251353428999	0.0812381941111601
"hsa-miR-874-3p"	-3.88018407304514	6.64135224933405	41.3857749209338	1.24963435784127e-10	3.95837935316196e-10
"hsa-miR-874-5p"	-4.7397710158371	3.42696452403447	54.077818371662	1.9270445199619e-13	7.65232171695013e-13
"hsa-miR-877-3p"	0.909096323828439	1.71727429760621	0.735218992117684	0.391196723025263	0.439294680774271
"hsa-miR-877-5p"	1.15921118777658	5.4627730211897	8.88063540119268	0.00288211219706358	0.00463166417592623
"hsa-miR-887-3p"	8.47102804157561	4.90376117848716	103.903734001462	2.12388813821684e-24	2.53019717335397e-23
"hsa-miR-887-5p"	5.75896516520332	2.61579931486557	41.9441431276311	9.3918272287646e-11	3.04539723157574e-10
"hsa-miR-889-3p"	9.7832809971049	7.10694251738476	85.9638002870718	1.83259825661511e-20	1.39481089531261e-19
"hsa-miR-9-3p"	-0.0406818440350981	2.18137924811543	0.000617633715904731	0.980172824292303	0.986143824929181
"hsa-miR-9-5p"	1.12413345175606	5.31650920110593	0.6724011112317	0.412215720901848	0.461008602151454
"hsa-miR-92a-1-5p"	-1.17390059132741	3.60044986065461	5.5878425444524	0.0180855584217976	0.0259447277883379
"hsa-miR-92a-3p"	-1.98699533467578	15.4403130244907	23.8867728534592	1.02171370312589e-06	2.36244349921092e-06
"hsa-miR-92b-3p"	2.86366860106742	11.6529735642362	36.6240279699275	1.43254992720371e-09	4.11014324663682e-09
"hsa-miR-92b-5p"	1.58019580183667	2.4776740320452	2.77199813134276	0.0959263490588271	0.123109225490017
"hsa-miR-93-3p"	0.810398894626869	4.41108411794485	3.99124301301193	0.0457373111886614	0.0620397191370952
"hsa-miR-93-5p"	-0.68493997424982	9.29820585471983	2.47299384591412	0.115817133848654	0.14657688071377
"hsa-miR-935"	9.71165020094115	6.09247432590068	119.674178663478	7.45531517027251e-28	1.10419262521874e-26
"hsa-miR-939-3p"	-0.111107949663741	1.58747986346222	0.00706604951682444	0.93300888860088	0.948587886740783
"hsa-miR-940"	2.64041698551831	3.8815315942532	20.883274963731	4.88138160487764e-06	1.07862787075522e-05
"hsa-miR-941"	-0.203106369570502	7.52008342228809	0.191299363786378	0.66183736157563	0.707211036138661
"hsa-miR-941-3-5p"	-0.203683838609171	5.25086303747482	0.196456834743659	0.657596116658448	0.706593474370254
"hsa-miR-942-5p"	-1.45518195878087	3.63099130157818	12.194577739204	0.000479286236131116	0.0008555337374588
"hsa-miR-944"	3.48446925862545	3.913001127617	2.04260897333015	0.152947126303772	0.188772579311863
"hsa-miR-95-3p"	-7.5729127463144	3.21968232618949	167.090006194034	3.19719857335845e-38	1.16804321213362e-36
"hsa-miR-96-5p"	4.24893416818816	4.6257433281412	3.71708561839302	0.0538582997907279	0.0722492400395087
"hsa-miR-98-3p"	2.94622991864321	3.9367156626037	23.5942856089291	1.18940208558084e-06	2.72716461463724e-06
"hsa-miR-98-5p"	1.46718073562858	10.540566422799	16.3216776290504	5.34490118952637e-05	0.000103865455739732
"hsa-miR-99a-3p"	2.26800827687204	3.11636371810662	10.6550422250868	0.00109771237797178	0.00187983244727667
"hsa-miR-99a-5p"	1.03211996499807	7.90448431955146	1.75644262035473	0.185068850888971	0.222896110521223
"hsa-miR-99b-3p"	2.91219238994327	5.49815065719464	48.1151395293129	4.01911257733965e-12	1.47817026334371e-11
"hsa-miR-99b-5p"	2.66154397976176	13.6489922820187	27.3243640955387	1.72030087439441e-07	4.24650846472133e-07
