"logFC"	"logCPM"	"LR"	"PValue"	"FDR2"
"hsa-let-7a-2-3p"	6.74313585862507	3.05399803839491	83.1766145134697	7.50402176439969e-20	3.52464060023529e-19
"hsa-let-7a-3p"	1.64034447042777	6.35221115854865	16.6118600178763	4.58633261827303e-05	7.29325064679504e-05
"hsa-let-7a-5p"	0.24733722253923	15.0951897193263	1.45700687143193	0.227406959857078	0.255955885553422
"hsa-let-7b-3p"	1.82457878228477	6.35921900015151	42.5593319776604	6.85703392956786e-11	1.68988513904042e-10
"hsa-let-7b-5p"	0.864224066204586	11.8129292395111	10.3892379012324	0.00126751928773984	0.00179105986311065
"hsa-let-7c-3p"	6.18408689885889	2.64590803255681	61.1150809244701	5.38341803920386e-15	1.78304291744332e-14
"hsa-let-7c-5p"	5.90371322175586	9.65701627044298	186.097350215381	2.26068823309747e-42	3.26543855891857e-41
"hsa-let-7d-3p"	0.399281099783979	7.3220681281889	3.19331106710825	0.0739401084881181	0.087582816432395
"hsa-let-7d-5p"	-0.0773311752424584	10.2806304195233	0.148960145705439	0.699531067336018	0.721738402807003
"hsa-let-7e-3p"	4.83920395153167	3.99136844480127	118.702315196005	1.21687389403448e-27	8.55100574186393e-27
"hsa-let-7e-5p"	4.70935312602908	10.8016136617588	167.330805311261	2.83251140195102e-38	3.34751347503302e-37
"hsa-let-7f-1-3p"	1.68281403944996	4.58799326212755	42.4756980507082	7.15659179286056e-11	1.75539043975825e-10
"hsa-let-7f-2-3p"	1.00455838268732	4.73495430209854	5.50444415433416	0.0189682080479746	0.0238248023790986
"hsa-let-7f-5p"	-1.02466354929814	15.1385823632779	28.2056132186705	1.09087747138399e-07	2.10094920414694e-07
"hsa-let-7g-3p"	-2.62494510914838	5.0548985003844	54.8590880727582	1.29488609988152e-13	3.93766533297305e-13
"hsa-let-7g-5p"	-3.49056807288686	14.7758533333937	197.105130441819	8.94498776731203e-45	1.55046454633409e-43
"hsa-let-7i-3p"	-1.99646941302705	6.90138097226303	39.5343293687284	3.22342721762629e-10	7.38406234874746e-10
"hsa-let-7i-5p"	0.503997759990958	13.6254891275691	6.37717544515097	0.0115597256822353	0.0149901679669885
"hsa-miR-1-3p"	-4.32372027880743	1.55584151587231	11.5933757550894	0.000661871567537666	0.000956036708665517
"hsa-miR-100-3p"	9.99695592482257	6.81036797564863	401.251197512734	2.94147887543507e-89	2.54928169204373e-87
"hsa-miR-100-5p"	9.42059323130695	15.932871777011	117.84086246802	1.87872673205889e-27	1.30258386756083e-26
"hsa-miR-101-3p"	-3.92541765900087	13.8185044193099	109.181540341345	1.48082825021987e-25	9.39061817212602e-25
"hsa-miR-101-5p"	-3.20794745097096	5.37026569211432	73.1043827780685	1.22971149222892e-17	5.03503918077984e-17
"hsa-miR-103a-3p"	-0.502562086514583	12.42966358816	7.65527098481434	0.00566066880266074	0.00760606660822632
"hsa-miR-106a-5p"	-7.17575821123022	4.02757163092994	94.3111009210878	2.69633909180147e-22	1.55788480859641e-21
"hsa-miR-106b-3p"	-1.48114755987819	8.57798814061743	53.2744887290659	2.90048988597829e-13	8.56962920857223e-13
"hsa-miR-106b-5p"	-0.747659808023011	8.56231460360814	9.66735403636684	0.00187571263208522	0.00262196389431267
"hsa-miR-107"	0.911083500552582	4.94878179837188	8.38544668350571	0.00378237244537176	0.0051758780831403
"hsa-miR-10a-3p"	3.79093552056014	3.83233109403815	32.4702119923653	1.21033567564607e-08	2.47785256431478e-08
"hsa-miR-10a-5p"	1.99372395707849	13.7184947876631	14.8484775140446	0.000116502072551969	0.000176621217863044
"hsa-miR-10b-3p"	4.96638042530959	1.88964828743956	14.1575880908493	0.000168117667828851	0.00025339474571305
"hsa-miR-10b-5p"	8.19608520068667	12.6999642228295	31.7899651208606	1.7177796258452e-08	3.464189303635e-08
"hsa-miR-1180-3p"	5.50573618885295	4.33702179533549	192.787983475613	7.83063834655862e-44	1.23391876976075e-42
"hsa-miR-1185-1-3p"	7.43979970205171	3.60957628435085	70.1642490296812	5.45664605842812e-17	2.11750444058405e-16
"hsa-miR-1185-5p"	5.95094891926207	2.48005436914794	32.6729091019095	1.09046536737746e-08	2.25016663109636e-08
"hsa-miR-1197"	6.33503856071448	2.74680859977756	41.8875032777228	9.66785515917468e-11	2.31672105196813e-10
"hsa-miR-1226-3p"	1.11648030608271	2.93419733652678	5.89363978524197	0.0151956613748806	0.0193196672736868
"hsa-miR-1248"	-3.90259124728532	3.11011810300047	42.1450119606427	8.47498391441055e-11	2.04561867851141e-10
"hsa-miR-1249-3p"	0.378427883992122	3.80364801910133	1.54854516103987	0.213350343062772	0.242231830551619
"hsa-miR-1254"	1.51145965729669	2.2763141315096	5.88128818061949	0.0153026219525515	0.0194082034520165
"hsa-miR-1255a"	0.677801444384099	2.56492302454826	0.844646220792317	0.358071321414996	0.393149009883888
"hsa-miR-1257"	5.29718354164188	2.07172966910111	12.3625757754885	0.000438025953499534	0.000641615481182416
"hsa-miR-125a-3p"	3.44643859231691	4.92305450035562	121.647923206514	2.75662241551751e-28	1.96362144667001e-27
"hsa-miR-125a-5p"	-0.0358408423373334	13.0276851584781	0.0136086630899399	0.907132520614355	0.914164555657877
"hsa-miR-125b-1-3p"	10.5949542919722	8.24322090375843	463.750233189652	7.34146740830842e-103	9.54390763080094e-101
"hsa-miR-125b-2-3p"	5.58347337840463	7.23998623485742	173.410218811597	1.33162774457508e-39	1.68889372482693e-38
"hsa-miR-125b-5p"	4.83635967583683	11.5927204811592	88.7193157786111	4.55000640549532e-21	2.36600333085757e-20
"hsa-miR-126-3p"	10.3261138321791	13.1409571775709	601.413744918758	8.2470544528459e-133	2.14423415773994e-130
"hsa-miR-126-5p"	10.172954839187	14.8051776796649	193.905909850904	4.46477584839167e-44	7.25526075363646e-43
"hsa-miR-1260a"	-1.15055228531104	5.00384091372054	22.0919649674169	2.59895318992748e-06	4.58120562292301e-06
"hsa-miR-1260b"	-0.567218684880928	3.6314167282389	2.30077490193726	0.129309473015738	0.150091352607553
"hsa-miR-1262"	4.91973306316617	2.47968524677856	53.5565216103407	2.51258951168187e-13	7.50888819583087e-13
"hsa-miR-127-3p"	8.40051608188371	10.5835525178163	265.603418990879	1.03075060429127e-59	3.15288420136153e-58
"hsa-miR-127-5p"	7.23369965026989	3.44138900391721	95.7640431106943	1.29425169335817e-22	7.64785091529827e-22
"hsa-miR-1271-3p"	1.37866506319881	1.43008984242733	0.844152404067104	0.358211875331879	0.393149009883888
"hsa-miR-1271-5p"	-0.224072774824355	7.26334541215919	0.278033828084368	0.597992820643496	0.625666532665227
"hsa-miR-1273h-3p"	-7.70744962579056	3.74862140688315	149.067669708538	2.7717180472101e-34	2.66906182323936e-33
"hsa-miR-1277-5p"	2.37682658500672	2.83441606598545	7.93142031126619	0.00485836460068945	0.00657903539676697
"hsa-miR-128-1-5p"	1.2622897984751	4.06147320027236	18.7752440463306	1.47063728828934e-05	2.45106214714891e-05
"hsa-miR-128-3p"	-0.223650250649232	9.68961169148552	1.67480830614629	0.195615737297006	0.222582458193529
"hsa-miR-1285-3p"	2.1374426308984	5.23648402945966	14.3819534650848	0.000149225620541261	0.000225573612446092
"hsa-miR-1287-5p"	-1.13755113477981	2.73771067391494	7.85251325293139	0.00507501083466784	0.00683680216069242
"hsa-miR-1291"	-1.8846425444955	2.51130820520184	16.9257132577452	3.88714533034149e-05	6.23862830795548e-05
"hsa-miR-1294"	0.0481772480957061	2.48258738487631	0.00549060902703502	0.94093189431168	0.942744865206307
"hsa-miR-1296-5p"	4.80661323218025	5.58930525671296	130.730283170235	2.83642203580101e-30	2.23475675547958e-29
"hsa-miR-1301-3p"	0.884077016217093	5.61905736825065	10.6606204389481	0.00109440676269056	0.00155915483999751
"hsa-miR-1304-3p"	3.66168288908598	6.53377601217047	173.282350370125	1.42006261955443e-39	1.75817276706739e-38
"hsa-miR-1304-5p"	3.66299339687617	2.75093283273583	43.0820873416841	5.24906396412842e-11	1.30598720638602e-10
"hsa-miR-1306-5p"	0.377886089304498	3.26753632345943	1.47511463496525	0.224540450087926	0.253277731118702
"hsa-miR-1307-3p"	0.856869976791729	7.8891723027976	23.5884289198882	1.19302775160494e-06	2.16158338269884e-06
"hsa-miR-1307-5p"	0.989743744519899	9.45903695453709	5.9888771999554	0.0143963630889594	0.0184386916410318
"hsa-miR-130a-3p"	5.56948520105045	9.36811420551751	324.927388078479	1.22358631909766e-72	6.36264885930783e-71
"hsa-miR-130b-3p"	2.53058205258577	9.12139073436671	133.128856223913	8.47299663718003e-31	6.88430976770877e-30
"hsa-miR-130b-5p"	2.86837166832797	7.37987817128533	100.258194853451	1.33770704201764e-23	8.08846118429271e-23
"hsa-miR-132-3p"	-0.486083222741632	5.80269674299704	4.02879718728899	0.0447298206879007	0.0546532450218531
"hsa-miR-132-5p"	-1.83361884117091	3.33879141139696	19.3620055908276	1.08137246283006e-05	1.81391509894074e-05
"hsa-miR-133a-3p"	-0.62322552923421	2.58435304330178	0.459765945506298	0.49773337915813	0.528206851351485
"hsa-miR-134-5p"	6.85910973812209	4.25968631543851	103.968916282225	2.05515134037519e-24	1.27223654404178e-23
"hsa-miR-1343-3p"	2.64493494312651	2.3681374558297	16.283170051644	5.45462766312355e-05	8.59517086310378e-05
"hsa-miR-136-3p"	8.26227172313562	6.95086021495138	113.202838679814	1.94792457409042e-26	1.28217820066711e-25
"hsa-miR-136-5p"	6.7712799628136	3.70897877493374	76.7376418820043	1.95246234317068e-18	8.39074725990705e-18
"hsa-miR-137"	8.98442670730079	4.98198787426273	154.903033698843	1.47022544109619e-35	1.56023924361228e-34
"hsa-miR-138-1-3p"	4.09249018294983	1.54632420861807	7.86931399769318	0.00502807246008941	0.00679116280323765
"hsa-miR-138-5p"	7.41412294824048	6.68189125538951	57.1615713865542	4.01438956400959e-14	1.2728552276128e-13
"hsa-miR-139-5p"	5.02378726338023	4.44809127811008	37.0263246763381	1.16545111279047e-09	2.57887054745126e-09
"hsa-miR-140-3p"	-3.10435152767486	12.1994077305252	231.547443006515	2.74079076998397e-52	6.78672000186508e-51
"hsa-miR-140-5p"	-1.99830691280873	6.490213205304	29.9257711547105	4.48906388137815e-08	8.84209552392665e-08
"hsa-miR-141-3p"	-8.96716965052622	8.1117972576718	275.913029241926	5.83768828133203e-62	2.16828421878047e-60
"hsa-miR-142-3p"	-15.4994184692759	12.2373786977294	464.757478377788	4.43193361727297e-103	7.68201826993981e-101
"hsa-miR-142-5p"	-15.4305860769097	15.4729230066415	323.329687823509	2.72668317298523e-72	1.28897749995665e-70
"hsa-miR-143-3p"	2.03907915165552	6.27703663644324	15.430751985742	8.55841723847069e-05	0.000132847073552381
"hsa-miR-145-5p"	3.49572162678875	1.98995455027433	18.7015775996654	1.52855969241897e-05	2.53137273903779e-05
"hsa-miR-1468-5p"	-3.57973895608802	4.5246935233629	94.0543879832486	3.06972125715647e-22	1.75412643266084e-21
"hsa-miR-146a-3p"	-0.488450979045393	3.17823771874009	0.288441072683714	0.591221263707451	0.619828744209425
"hsa-miR-146a-5p"	-5.05510354920232	11.607670771473	41.3305211537853	1.28546034645022e-10	3.03836081888235e-10
"hsa-miR-146b-3p"	-9.52590438445658	8.7125964982397	382.578290966741	3.41689564025361e-85	2.53826533275982e-83
"hsa-miR-146b-5p"	-9.79594210868778	13.5596428980858	78.7507111977196	7.04633613708315e-19	3.13170494981473e-18
"hsa-miR-148a-3p"	-3.50252807503719	11.3354474889158	30.8448870577228	2.79497544500671e-08	5.54727950917363e-08
"hsa-miR-148a-5p"	-2.0331219524033	4.52865214040036	11.8021805582649	0.000591613876754473	0.000861734498353854
"hsa-miR-148b-3p"	0.583394466958587	10.3885425270262	7.58061823275694	0.00589992018924915	0.00788678277226108
"hsa-miR-148b-5p"	1.23648968462338	6.95822718476378	32.4261219537897	1.23810944915864e-08	2.524772210049e-08
"hsa-miR-149-5p"	6.5613590368459	7.23177863059002	147.346621731975	6.59111021353572e-34	6.12031662685459e-33
"hsa-miR-150-3p"	-11.4810780295085	7.3785230128589	352.411447108675	1.26478850626334e-78	8.2211252907117e-77
"hsa-miR-150-5p"	-13.4972323949962	17.3316168816809	274.157001404463	1.40907474638481e-61	4.884792454134e-60
"hsa-miR-151a-3p"	3.65609968983065	12.3170927895194	79.4829460053025	4.86405767492328e-19	2.1804396473794e-18
"hsa-miR-151a-5p"	3.39920770303034	12.5536000072146	65.6811544524946	5.30103439489929e-16	1.88803964749838e-15
"hsa-miR-151b"	-1.26524133346731	3.95297010240709	5.89946825823071	0.01514545654553	0.0193030328521461
"hsa-miR-152-3p"	-0.534402237291138	6.86226552537538	1.82666951439392	0.176521432868331	0.20173878042095
"hsa-miR-152-5p"	2.85003620701628	3.81821282202174	34.8380650144316	3.58299253311374e-09	7.63588572630798e-09
"hsa-miR-153-3p"	-5.37922240250921	3.43057437693629	51.6196224897373	6.73649223317675e-13	1.94609775625106e-12
"hsa-miR-155-5p"	-0.0377294228531687	10.6454199651935	0.0191081033468734	0.890057015420135	0.899264211453988
"hsa-miR-15a-5p"	-3.00871754351709	10.667193108866	137.512489993107	9.31554845562802e-32	7.81304064020414e-31
"hsa-miR-15b-3p"	1.06059570179201	6.72531143443141	17.6525408699972	2.6516080446996e-05	4.33596284038929e-05
"hsa-miR-15b-5p"	-0.866207083779697	8.80423082949458	15.1960345188835	9.69067054943674e-05	0.000148210255461974
"hsa-miR-16-2-3p"	-2.02398261415913	7.44906032159283	68.8202727811068	1.07858224929502e-16	4.12399095318686e-16
"hsa-miR-16-5p"	-1.73150637081784	13.1688728548614	28.2958642090874	1.04118200550596e-07	2.01269383963977e-07
"hsa-miR-17-3p"	-0.846960502315517	7.5571620269439	6.17739158959944	0.0129392889122318	0.0166958566609443
"hsa-miR-17-5p"	0.780163992855206	9.00304423507263	6.58127522188514	0.0103057035058948	0.0134647382489077
"hsa-miR-181a-2-3p"	-1.05962247567071	9.37949183171976	3.96953487226548	0.0463305684585694	0.0564213011673445
"hsa-miR-181a-3p"	1.05287403781217	9.2872734144848	17.5533285310631	2.79361333719193e-05	4.53962167293689e-05
"hsa-miR-181a-5p"	-1.40234032750121	14.8477631904745	19.9845670992493	7.80697288674232e-06	1.32235371371531e-05
"hsa-miR-181b-2-3p"	-0.504703468954119	2.61665302911661	0.449486603128481	0.502578859212017	0.532262742953663
"hsa-miR-181b-3p"	3.87571309926042	4.60641604549491	76.6980224899825	1.99202736505379e-18	8.49060844121287e-18
"hsa-miR-181b-5p"	1.19083024865353	11.6626239297467	16.8778367975531	3.98643494636534e-05	6.37829591418455e-05
"hsa-miR-181c-3p"	-0.0555399111882779	6.75956647967019	0.0307557895987003	0.860786329607148	0.872531952038435
"hsa-miR-181c-5p"	-2.9019044863138	10.4337397091157	70.6573631819239	4.24978587824956e-17	1.66157041856374e-16
"hsa-miR-181d-5p"	-0.284627777777074	6.48785142132069	0.72124079910388	0.395737205946075	0.429610327958161
"hsa-miR-182-5p"	1.1486008047032	5.09887891534987	8.50822876465783	0.00353544026749362	0.00485095738908532
"hsa-miR-183-5p"	2.20538747829676	2.84597677279212	12.485552881585	0.000410111318348792	0.000602423405484102
"hsa-miR-185-3p"	0.084316978098746	3.34149635723983	0.0631984475026126	0.801510268319322	0.817226155933426
"hsa-miR-185-5p"	-0.37726772498247	6.93246376678316	0.796778158891097	0.372058396135619	0.405598251552457
"hsa-miR-186-5p"	-1.77661957815165	13.6509677101225	87.5445104381868	8.24043489559114e-21	4.20100602520333e-20
"hsa-miR-187-3p"	5.02691857160812	1.93705918933767	27.2379498159319	1.79892803970928e-07	3.42652959944625e-07
"hsa-miR-188-5p"	3.13711197896051	4.02740771440768	53.5268649365742	2.55080677777507e-13	7.57954013967448e-13
"hsa-miR-18a-3p"	1.83258271179365	4.92596387008865	30.2174033390285	3.86228164090766e-08	7.63645039266914e-08
"hsa-miR-18a-5p"	1.96104429949151	6.30363699607737	36.3510187062934	1.64793053750337e-09	3.60052050210821e-09
"hsa-miR-1908-3p"	4.21240178228985	2.05257972709761	27.7382902054252	1.38886329754772e-07	2.66497754511002e-07
"hsa-miR-1908-5p"	5.30858752503148	2.6678741795615	57.6481620816914	3.134557193759e-14	9.99981436045817e-14
"hsa-miR-190a-5p"	0.439897328152778	2.59130902295043	0.843595615904666	0.358370443624929	0.393149009883888
"hsa-miR-190b"	-1.95511001948204	2.88604801110853	20.801662384304	5.09387295461444e-06	8.741960186137e-06
"hsa-miR-191-3p"	1.05906270427939	3.84375816585423	11.3322398905456	0.000761729666924308	0.00109722832908765
"hsa-miR-191-5p"	0.0553182817901576	13.7930863942565	0.055182417406332	0.814279068096355	0.82700217853536
"hsa-miR-1910-5p"	7.37242428294982	4.42687649791838	179.653704902238	5.76807607146396e-41	7.69076809528528e-40
"hsa-miR-192-5p"	-4.79072252627481	12.1809996515061	223.37594624966	1.65969581327073e-50	3.92291737682173e-49
"hsa-miR-193a-3p"	7.50634322234421	9.25092557149573	182.191721888023	1.61025309715188e-41	2.20350423820784e-40
"hsa-miR-193a-5p"	4.3912599850148	6.31437505462629	149.290879765201	2.47718767733751e-34	2.47718767733751e-33
"hsa-miR-193b-3p"	3.48988967165193	7.42901059464042	65.4351959392336	6.0056687451262e-16	2.11009982936867e-15
"hsa-miR-193b-5p"	3.16010718102537	2.06361027202852	18.4420239680917	1.75152385003401e-05	2.89140445084979e-05
"hsa-miR-194-5p"	-4.25626207832508	6.70996049732274	165.893822871296	5.83524972036691e-38	6.74295523242399e-37
"hsa-miR-195-3p"	5.10887683371848	3.9892322505815	142.16566398732	8.94660175255181e-33	7.75372151887824e-32
"hsa-miR-195-5p"	4.02224145095454	7.12907969229254	203.538153797308	3.52988445302663e-46	6.79829598360684e-45
"hsa-miR-196a-5p"	-7.2944062675909	3.44629003874162	51.233833348797	8.19932126485909e-13	2.34266321853117e-12
"hsa-miR-196b-5p"	0.601982817315799	4.45768762836761	0.359022751910558	0.549049475577647	0.579119122313137
"hsa-miR-197-3p"	-1.20025429026113	10.0540551259348	31.1312125235182	2.41162205442184e-08	4.80476424635768e-08
"hsa-miR-1976"	-4.40033694181669	3.27065936717743	93.0059030328851	5.21385991058199e-22	2.94696429728548e-21
"hsa-miR-199a-3p"	2.09653398386121	7.67326872217629	9.35838729729642	0.00221967365430793	0.00308617727336932
"hsa-miR-199a-5p"	2.42460743696396	4.78982781205611	16.3460297353469	5.27665882812072e-05	8.34000787423336e-05
"hsa-miR-199b-3p"	1.99182523712149	6.37016842636379	8.18136925110986	0.00423228017279848	0.0057612190833906
"hsa-miR-199b-5p"	-0.884832409152162	5.58040312421217	1.1978486078055	0.273752096631375	0.304168996257083
"hsa-miR-19a-3p"	-0.75865078972573	8.40342603573416	6.14302286156605	0.0131931589003236	0.0169812936340799
"hsa-miR-19a-5p"	0.456493799356682	2.86615851474413	0.776483736833068	0.378218699990617	0.411451305429123
"hsa-miR-19b-3p"	-2.12539872320503	10.5377774842816	39.5343625988075	3.22337236719985e-10	7.38406234874746e-10
"hsa-miR-200a-3p"	-3.09805127582223	2.66104845450636	41.1240062602495	1.42870724922901e-10	3.36166411583295e-10
"hsa-miR-200b-3p"	-2.07338913472663	4.33599234989833	44.9826246844399	1.98790511857035e-11	5.14283911271931e-11
"hsa-miR-200c-3p"	-4.99494091033845	4.15954645353754	131.219983481692	2.21632701442429e-30	1.77306161153943e-29
"hsa-miR-203a-3p"	-0.663047778555779	2.33691034689133	0.481946817027616	0.487541809383355	0.518449367851421
"hsa-miR-204-5p"	9.81965300018531	8.17460904156742	201.484791719249	9.90428097834065e-46	1.77594003749557e-44
"hsa-miR-205-5p"	0.749181548445403	2.40306514695464	0.812316562154454	0.367436243558687	0.401400938341423
"hsa-miR-20a-3p"	-0.311251495590749	3.30974602779195	0.494915907596539	0.481742587293517	0.513332265148829
"hsa-miR-20a-5p"	-0.257076657641655	9.46723058711985	0.634423186454057	0.42573748676537	0.457403911400811
"hsa-miR-20b-5p"	-6.74482629890157	4.45674772318642	83.8046939934035	5.46149803013799e-20	2.65418595857173e-19
"hsa-miR-21-3p"	2.32935487771358	11.7232425622151	67.6054707326142	1.99712652811519e-16	7.52540430883985e-16
"hsa-miR-21-5p"	1.15393672783404	15.8561902500109	12.8579538009314	0.000336047844651571	0.000497848658743068
"hsa-miR-210-3p"	1.42942341432165	6.19145384826506	17.4963442216586	2.8786066998678e-05	4.66316350134348e-05
"hsa-miR-210-5p"	2.13534583969736	2.94868591365161	16.1833950377796	5.74959047747267e-05	9.03258926974559e-05
"hsa-miR-2110"	-0.521426119606231	3.62384842083513	3.56106733145989	0.0591496943945736	0.0708706015787517
"hsa-miR-2110-3p"	-1.60940357035827	4.86444801912036	23.9143898784376	1.00716108334739e-06	1.83120196972252e-06
"hsa-miR-2116-3p"	4.3724019005169	3.10334191560706	62.1231160174759	3.22641756569521e-15	1.0754725218984e-14
"hsa-miR-212-5p"	-0.737367096756572	3.17103964126971	3.52719074464488	0.060369993996009	0.0721664296044245
"hsa-miR-214-3p"	5.40842825156448	2.93339211809305	21.6211345508714	3.32171414757684e-06	5.75763785579985e-06
"hsa-miR-214-5p"	3.87669377373676	1.94046833645572	12.137760051536	0.000494110870563117	0.000721734979474215
"hsa-miR-215-5p"	-1.85433074500471	4.48229010727749	32.359794174218	1.28109870607434e-08	2.6022317467135e-08
"hsa-miR-216a-3p"	10.5348769756762	6.46084644198253	158.943074785888	1.92565467556591e-36	2.13051155594526e-35
"hsa-miR-216a-5p"	10.0884009108184	6.02829963178437	196.556850455084	1.17824637920335e-44	1.97641328124432e-43
"hsa-miR-217"	10.1566437988517	6.09402373874193	129.985984178788	4.12681337632617e-30	3.20289993386509e-29
"hsa-miR-218-1-3p"	7.28042310538671	3.47688507884597	78.3514541588547	8.62458425540309e-19	3.76872589311731e-18
"hsa-miR-218-5p"	6.28046132758284	5.47336876506437	75.5383268551181	3.58382417689731e-18	1.51511266015171e-17
"hsa-miR-219a-1-3p"	0.899872281014124	2.36985994045781	3.92054264950463	0.0476994811382433	0.0579526406352488
"hsa-miR-22-3p"	2.15916178856293	15.9781068557583	65.8621349990691	4.83593668766945e-16	1.73426695006077e-15
"hsa-miR-22-5p"	0.383694804254658	6.33945218219791	2.73298915239895	0.0982951561713977	0.115641360201644
"hsa-miR-221-3p"	1.82319359284477	12.7196610787561	48.2882504831754	3.67950314743078e-12	9.96532102429169e-12
"hsa-miR-221-5p"	2.26265283661714	8.86407742826128	52.9010618891345	3.50779855943809e-13	1.03053968977842e-12
"hsa-miR-222-3p"	4.01520510878863	13.2242170060813	246.86624277991	1.25211420830818e-55	3.42683888589608e-54
"hsa-miR-222-5p"	4.49967305425939	6.09562963669444	115.14655797039	7.30910377287592e-27	5.00096573933615e-26
"hsa-miR-223-3p"	-10.166223263197	7.11588477673155	122.903182134787	1.46422261951979e-28	1.07238839739478e-27
"hsa-miR-224-5p"	9.88998346830819	7.6741683438649	215.022045159213	1.10219366789496e-48	2.38808628043907e-47
"hsa-miR-2277-5p"	-0.412310441016067	3.86585521255478	2.13240103392347	0.144214702060252	0.165910719184361
"hsa-miR-2355-3p"	2.02141852233177	2.59377489490454	17.0529283441798	3.6352273724427e-05	5.8523784324155e-05
"hsa-miR-2355-5p"	1.02945682843749	4.63116113513277	10.1635696697532	0.00143243001901493	0.00201860056880152
"hsa-miR-23a-3p"	-0.441459634391398	11.3379611509918	4.77167710085054	0.0289316290457977	0.0360778108005151
"hsa-miR-23a-5p"	0.482901471875898	5.25853358170944	3.89187540086894	0.0485202146738769	0.0588123814228811
"hsa-miR-23b-3p"	0.851451839148579	8.48341552192466	15.3165994877246	9.09141173277699e-05	0.000139455283216638
"hsa-miR-23c"	-5.73207624403112	2.37219075751478	10.0633488499885	0.00151248053462071	0.0021256483189264
"hsa-miR-24-2-5p"	1.49226535716576	7.03070751520391	32.528398629616	1.17463486256542e-08	2.41426928274316e-08
"hsa-miR-24-3p"	-0.0769242618117479	9.7700088057931	0.0989861169424486	0.75304974241269	0.772358710166861
"hsa-miR-2467-5p"	1.53158428460783	3.45578252276932	15.3387871087574	8.98526206466028e-05	0.000138234800994774
"hsa-miR-25-3p"	-1.41659392630586	11.9330277979211	60.7287484434464	6.5506482594735e-15	2.15590955375077e-14
"hsa-miR-25-5p"	-0.0587142092110751	4.94364798915246	0.0557969982530899	0.813266707671495	0.82700217853536
"hsa-miR-2682-3p"	7.19754256719556	3.41045504152747	71.3498830333723	2.99175618786927e-17	1.19670247514771e-16
"hsa-miR-2682-5p"	8.86218399491804	4.86784092605705	142.706321918887	6.8146360614426e-33	6.00611991855958e-32
"hsa-miR-26a-1-3p"	4.07079107933564	2.50933693832285	26.0636287016145	3.30348723191588e-07	6.24659403853184e-07
"hsa-miR-26a-2-3p"	0.0212812358378918	4.85621676352316	0.00317261434310012	0.955082134516152	0.955082134516152
"hsa-miR-26a-5p"	-2.61813098184863	15.7104074796737	123.074209385719	1.34329616341979e-28	9.97877149968984e-28
"hsa-miR-26b-3p"	-2.55353363237206	6.88189513855931	59.0088535364714	1.56964124386442e-14	5.0696487379472e-14
"hsa-miR-26b-5p"	-3.2486539156621	13.0068365579372	217.646739069016	2.9491855364154e-49	6.6677238214609e-48
"hsa-miR-27a-3p"	-0.39353564238893	12.7690302859602	2.44029225482194	0.118254191715166	0.137874842358489
"hsa-miR-27a-5p"	0.302275940355963	6.71095914336337	1.81199654460942	0.178268911068895	0.203289109113652
"hsa-miR-27b-3p"	1.22532148531975	12.7238817352596	19.2090146127614	1.17158828870552e-05	1.95892575603496e-05
"hsa-miR-27b-5p"	2.54380798539371	5.18140724382355	49.1225228964443	2.40463241501936e-12	6.65111093515994e-12
"hsa-miR-28-3p"	-1.20448837008948	12.8735557208192	34.6152151369663	4.01753791719647e-09	8.45797456251888e-09
"hsa-miR-28-5p"	-1.31568851495818	10.1184299948075	31.7888446948804	1.71877084680352e-08	3.464189303635e-08
"hsa-miR-296-5p"	-2.23563749525342	3.39962582290229	22.1820654372702	2.47979440024074e-06	4.40100030076855e-06
"hsa-miR-299-3p"	7.49927661904665	3.66004860822932	56.8278274511819	4.75687237577274e-14	1.49913553660717e-13
"hsa-miR-29a-3p"	-2.69941101531528	14.0713708740603	159.613458174636	1.37437006893442e-36	1.55363573009978e-35
"hsa-miR-29a-5p"	-0.557313511620396	5.81443329530678	4.02714612695605	0.0447736199602104	0.0546532450218531
"hsa-miR-29b-1-5p"	-0.182492565246172	3.76328667979735	0.251322423420367	0.616145453962616	0.64079127212112
"hsa-miR-29b-2-5p"	-1.34814530924076	2.75663577424037	6.5303011131875	0.0106052002454573	0.0138213136031022
"hsa-miR-29b-3p"	-2.64824675290359	9.92825339306555	62.4415348449229	2.74473056178329e-15	9.26792137745007e-15
"hsa-miR-29c-3p"	-4.73069314171948	11.9916018265075	238.685552007104	7.60881582759056e-54	1.97829211517355e-52
"hsa-miR-29c-5p"	-2.44815291969778	6.15680605002429	66.0112519654745	4.48356079853487e-16	1.61906362169315e-15
"hsa-miR-301a-3p"	1.7883100411946	7.70095895221648	21.3041842245236	3.91875203178998e-06	6.76993706488635e-06
"hsa-miR-301b-3p"	4.33009367253616	6.54989188604274	69.7560168917419	6.71128209530797e-17	2.58508643671122e-16
"hsa-miR-30a-3p"	10.0448141179506	7.74871120834684	426.592687490937	8.96388143472329e-95	9.32243669211223e-93
"hsa-miR-30a-5p"	11.5478505820112	13.3768144211223	756.126451867765	1.86765876949134e-166	9.71182560135499e-164
"hsa-miR-30b-5p"	-2.91704440559127	11.0850983100997	89.464472011786	3.12194921496218e-21	1.6565444814085e-20
"hsa-miR-30c-1-3p"	0.468248176826292	3.88916527689997	2.24093685984809	0.134399527769253	0.155306120977803
"hsa-miR-30c-2-3p"	8.69085162492704	4.71041737964197	211.426894174879	6.70753336863069e-48	1.39516694067518e-46
"hsa-miR-30c-5p"	-0.608594365995871	11.676433056566	7.09412488433935	0.00773370446816328	0.0102589957230737
"hsa-miR-30d-3p"	-0.132014813689931	5.78342191439128	0.154588960235992	0.694187998127968	0.7176496203311
"hsa-miR-30d-5p"	-1.35150131515996	12.7174168809645	48.2561542945847	3.74022489585965e-12	1.0077289874855e-11
"hsa-miR-30e-3p"	-2.15925346913744	8.09874055547374	62.7990176466495	2.28912985901554e-15	7.78004919403975e-15
"hsa-miR-30e-5p"	-1.77093059991117	12.9580920984484	40.0889120583802	2.42662454054791e-10	5.65849668647943e-10
"hsa-miR-31-3p"	3.09513061565592	6.72410655444544	67.7756673303442	1.83196399066776e-16	6.95343996457835e-16
"hsa-miR-31-5p"	3.23630844729898	11.7312491791792	83.3736040699556	6.79229177341776e-20	3.24035937814425e-19
"hsa-miR-3117-3p"	6.214406679956	2.67234243416995	34.7422056314247	3.76382599669185e-09	7.95605495235677e-09
"hsa-miR-3129-3p"	5.32806241584085	2.09886132414464	34.0364665327969	5.40888041481168e-09	1.12956538783216e-08
"hsa-miR-3152-5p"	7.39513859968139	3.57443987740004	84.4984757864679	3.84511147361188e-20	1.90424568216969e-19
"hsa-miR-3158-3p"	1.53642133483737	3.62882268216124	22.0342507334777	2.67828241069437e-06	4.70509072149011e-06
"hsa-miR-3168"	0.549423487854678	2.84675933462831	1.21733990926256	0.269883328301502	0.300512485474906
"hsa-miR-3174"	4.55189424360231	2.21304020457398	35.1639390211496	3.03084205965058e-09	6.51255318602605e-09
"hsa-miR-3176"	2.63400283510389	4.26494280554295	54.4574001964789	1.58854364772669e-13	4.77481327640393e-13
"hsa-miR-3194-5p"	-2.42683291141341	3.26029813509244	39.8301096782407	2.77041150768352e-10	6.43131242855103e-10
"hsa-miR-32-3p"	-0.960980523989764	3.21341693700941	4.25761104803876	0.0390748357660991	0.0481490867259989
"hsa-miR-32-5p"	-4.54714857129881	7.23367801787145	58.9767575150602	1.59545442970321e-14	5.12121174966461e-14
"hsa-miR-3200-3p"	4.36710294242818	4.04997410686508	71.7164292631045	2.48455224675296e-17	1.00934935024339e-16
"hsa-miR-3202"	-6.18497032957752	2.51099243345235	66.1505432080437	4.17764506963929e-16	1.52984185648763e-15
"hsa-miR-320a"	0.245239329479647	10.6337011123148	0.700929651957214	0.402471493941885	0.435104317775011
"hsa-miR-320b"	-3.05907134689087	4.13139395877674	62.1257166869049	3.22215943994753e-15	1.0754725218984e-14
"hsa-miR-320d"	-3.92820195760506	3.36368646269794	47.4698662611262	5.58559994173943e-12	1.48949331779718e-11
"hsa-miR-323a-3p"	6.87668561050961	3.74748677413564	82.2983669400102	1.17018765041564e-19	5.38493432049676e-19
"hsa-miR-323b-3p"	4.92445206519883	3.17866651452275	35.8276538722005	2.15566336211185e-09	4.67060395124234e-09
"hsa-miR-324-3p"	0.578890691254946	5.42608737726608	5.04471931330357	0.0247011089814854	0.0309507871575239
"hsa-miR-324-5p"	0.0317999013629828	4.8999575692957	0.0189125664459642	0.890617440190007	0.899264211453988
"hsa-miR-326"	2.11021480161731	6.51023653308065	44.7763435388254	2.20875179590225e-11	5.68589571222362e-11
"hsa-miR-328-3p"	-1.76757429396897	6.14524411971529	28.6628233950458	8.61416676517653e-08	1.67766543741266e-07
"hsa-miR-329-3p"	6.91517267373572	3.18711003850409	55.8064884966916	7.99671773029663e-14	2.4899959399726e-13
"hsa-miR-330-3p"	-1.550045155446	5.7514118680845	42.3854137055551	7.49469064080203e-11	1.82968973390472e-10
"hsa-miR-330-5p"	0.615228349724913	6.23664337249156	3.70139267320029	0.054367071574729	0.0655936826423644
"hsa-miR-331-3p"	1.1081557959492	8.767876499241	14.1431483390997	0.00016941297746547	0.000254609099081053
"hsa-miR-331-5p"	0.623053839251248	4.13146145949004	4.91633469852491	0.0266039005775517	0.0332548757219396
"hsa-miR-335-3p"	0.313933201274548	6.18152589730163	0.25767090719129	0.611724806891939	0.637468736640899
"hsa-miR-335-5p"	-3.20223735960996	6.25252375302893	24.7930113494064	6.38284713186323e-07	1.17697890374783e-06
"hsa-miR-337-3p"	7.34733384997282	3.53373484569055	74.1648886181532	7.18570761808397e-18	2.98925436912293e-17
"hsa-miR-337-5p"	4.21525432918957	2.19229891825597	26.0153471979995	3.3871405305422e-07	6.35853095986262e-07
"hsa-miR-338-3p"	-2.25539207553147	7.03294272009796	8.61228013448086	0.00333904034088939	0.00460557288398536
"hsa-miR-338-5p"	0.454410245221045	3.44026288918649	0.594102826018968	0.440836952489295	0.471677397725172
"hsa-miR-339-3p"	-2.50950594925078	9.05282099811524	81.816655715377	1.49314914845374e-19	6.81085576487672e-19
"hsa-miR-339-5p"	-0.706785909759141	7.39478056369655	5.92415429179162	0.014934704635668	0.01908119511191
"hsa-miR-33a-3p"	-1.9541876094803	4.11248864485669	16.623538249979	4.55818025210939e-05	7.27071696655485e-05
"hsa-miR-33a-5p"	0.106566897473673	5.14365099644978	0.0638195620206332	0.800557747136528	0.817226155933426
"hsa-miR-33b-3p"	0.350166549421156	3.24290806219157	0.836107971834235	0.360512270516605	0.394666064565546
"hsa-miR-33b-5p"	-0.991596923818584	4.64964423072364	5.55772077014371	0.0183993537078076	0.0231662564844067
"hsa-miR-340-3p"	1.02880230789612	4.2752601480128	8.94427442703345	0.00278340631226787	0.00385965675301145
"hsa-miR-340-5p"	-0.0980080553180172	8.96851902057326	0.0825050008628097	0.773930981862677	0.792212816079906
"hsa-miR-342-3p"	-5.94966165162757	12.8770379056057	294.183943815883	6.09445561171164e-66	2.43778224468466e-64
"hsa-miR-342-5p"	-6.24896108394869	7.92723722777634	320.264234671863	1.26866010053623e-71	5.49752710232368e-70
"hsa-miR-345-5p"	3.08396820546519	9.30289514081138	83.9598590345638	5.04923395793847e-20	2.47698269634717e-19
"hsa-miR-34a-3p"	6.08384999406797	3.75045953917435	128.058960125623	1.08957625886339e-29	8.33205374424944e-29
"hsa-miR-34a-5p"	4.77641418594853	8.55898839537688	169.602642168634	9.03553727632166e-39	1.09266962411332e-37
"hsa-miR-34c-5p"	2.63409312818222	3.33139884867213	10.6985841242598	0.00107217557662742	0.00153167939518203
"hsa-miR-3605-3p"	-0.301360591650983	3.43195725818147	1.06756734085271	0.301495573036075	0.333569570167572
"hsa-miR-3605-5p"	1.96570988691438	2.74518273426166	15.84560852899	6.87258412405874e-05	0.0001076428838708
"hsa-miR-3607-3p"	-4.09416575565946	8.77087621837	85.3493266351219	2.50047125512861e-20	1.2502356275643e-19
"hsa-miR-3607-5p"	-4.21288971730456	2.53264792502175	24.7458396576272	6.54098361331999e-07	1.20187684767717e-06
"hsa-miR-3609"	-6.05083629370506	3.07076558395947	92.8636750181942	5.60233800973443e-22	3.13249006995904e-21
"hsa-miR-361-3p"	-4.64510668424221	11.0218385203032	248.53397753038	5.42062652599016e-56	1.56595877417494e-54
"hsa-miR-361-5p"	-0.561005968754602	8.16009658208378	7.04966188292295	0.00792802149734124	0.0104900029990266
"hsa-miR-3613-3p"	-0.900412189104297	2.94542778422859	2.94605391525127	0.0860875269586015	0.101509102082705
"hsa-miR-3613-5p"	-0.635639735743327	4.47631250155433	3.77759101358491	0.0519433937091334	0.062815266811045
"hsa-miR-3615"	-2.08881405900929	4.8573155408057	59.6870145300724	1.11207892271022e-14	3.63698767175669e-14
"hsa-miR-362-3p"	-2.58759467752191	3.52061700592569	20.0488838526537	7.54875776223308e-06	1.28279543671935e-05
"hsa-miR-362-5p"	0.964401544656092	3.89745863843343	6.41327426729622	0.0113270355713685	0.014725146242779
"hsa-miR-363-3p"	-10.5599617252981	9.04820071025558	205.352615464296	1.41855555547242e-46	2.83711111094484e-45
"hsa-miR-3651"	-0.746591343691619	3.37633453704412	2.42922122606872	0.119092050520379	0.138541087853685
"hsa-miR-3653-3p"	-4.19146279032612	3.25840298580635	34.4240755444071	4.43206897111427e-09	9.29304784265896e-09
"hsa-miR-3653-5p"	-4.88494529313369	2.96184239763401	71.3643572371031	2.9698893842241e-17	1.19670247514771e-16
"hsa-miR-365a-3p"	3.99860750604827	5.41355500668567	149.10831171671	2.71559701823198e-34	2.66435933864269e-33
"hsa-miR-365b-3p"	3.96626081373821	5.41577320883856	149.618017916968	2.10112849086544e-34	2.14232708872554e-33
"hsa-miR-365b-5p"	6.35741374826727	2.76859627002357	64.6791170813924	8.81441022974916e-16	3.05566221297971e-15
"hsa-miR-3661"	1.52425141978961	3.603558506177	22.1723401573046	2.4923877383596e-06	4.40830484335711e-06
"hsa-miR-3677-3p"	2.72011703222044	3.39902041982993	24.539696987379	7.27945358465549e-07	1.33285769859889e-06
"hsa-miR-3688-3p"	0.73676948813672	2.0702338697854	1.23491165973159	0.26645395934631	0.297330598412191
"hsa-miR-369-3p"	7.00270651562738	3.8558965829508	71.1901070831134	3.24410665409248e-17	1.28773699246419e-16
"hsa-miR-369-5p"	5.67290560206398	3.34752885704651	50.0890593599847	1.46923894182169e-12	4.12975270133665e-12
"hsa-miR-370-3p"	7.81656417652528	3.92947595241602	64.6395266623479	8.99330537721894e-16	3.09703231533367e-15
"hsa-miR-374a-3p"	0.355315226222735	7.94802992132108	0.709745345331928	0.399528364032335	0.432822394368363
"hsa-miR-374a-5p"	-1.80332470484736	7.14869302096602	35.9439107789964	2.0308003835673e-09	4.41847782198743e-09
"hsa-miR-374b-3p"	0.949342634560287	4.11589249887456	4.66037835589033	0.0308663890950847	0.038241901190375
"hsa-miR-374b-5p"	-1.41023414359804	6.72991249551685	22.7211826324574	1.87291829316235e-06	3.34679557541038e-06
"hsa-miR-376a-3p"	4.18257737477102	2.78383354587924	33.6339868498767	6.65202358454925e-09	1.37810847169945e-08
"hsa-miR-376a-5p"	5.43371316479629	3.17424100454152	42.6884127999467	6.41914084683755e-11	1.58950154302644e-10
"hsa-miR-376b-3p"	6.22679623676161	2.68150724849081	51.3660424893121	7.66530388431952e-13	2.20218675129622e-12
"hsa-miR-376c-3p"	6.30344143211255	4.38568417891807	89.0752232989345	3.80081600114254e-21	1.99638820262032e-20
"hsa-miR-377-3p"	5.50031845324565	2.20439307595531	36.3816287279244	1.62225132951076e-09	3.55937000567761e-09
"hsa-miR-377-5p"	6.33303807219892	2.7513847749104	67.3656235286445	2.25547569877895e-16	8.43775081557591e-16
"hsa-miR-378a-3p"	0.138748185193024	10.3191830289113	0.320579983432413	0.571259304480446	0.601325583663628
"hsa-miR-378a-5p"	0.523049438927391	3.33957227447242	1.39974984435763	0.236765459327613	0.265913690821509
"hsa-miR-378c"	-3.130559020968	3.07541289951727	24.4282225981575	7.71304543436447e-07	1.4072925003051e-06
"hsa-miR-378d"	-3.22778124996306	2.6880530668829	27.7214203830591	1.4010275826387e-07	2.67843508445634e-07
"hsa-miR-379-3p"	6.72048266566567	3.03566111061806	39.5993389461263	3.11788820935737e-10	7.20578608384815e-10
"hsa-miR-380-3p"	4.804768379329	2.73407242151704	28.697388728917	8.46177540496927e-08	1.65418165811429e-07
"hsa-miR-381-3p"	8.15793171506205	7.79397687839962	87.8494299060553	7.06315942101282e-21	3.63647811774917e-20
"hsa-miR-382-3p"	4.84599694038814	2.37192943248088	41.3621229512154	1.26484605574037e-10	3.00328743828765e-10
"hsa-miR-382-5p"	6.17782390867725	3.64541941582666	78.7273091811165	7.13030380611049e-19	3.14216777896394e-18
"hsa-miR-3909"	1.71649691775975	4.09698445508294	33.8123017505072	6.0693857634834e-09	1.26243223880455e-08
"hsa-miR-3912-3p"	-3.16290569950284	4.26988414866116	55.1985904906415	1.08946837939599e-13	3.37216403146377e-13
"hsa-miR-3940-3p"	1.43896116245207	2.70206043328198	6.98693927852062	0.00821066402778883	0.0108364093767771
"hsa-miR-409-3p"	8.16529148012812	8.27013202547211	189.540273209599	4.00571542439518e-43	6.1263882961338e-42
"hsa-miR-409-5p"	7.97718764883121	6.01781039047233	66.9509084090974	2.78353109920803e-16	1.03388297970584e-15
"hsa-miR-410-3p"	7.38541867293829	7.03230992343565	77.0059224238592	1.70446070193659e-18	7.38599637505857e-18
"hsa-miR-411-3p"	7.29243256951703	3.48406869240294	49.5596360786104	1.92432369324591e-12	5.37982968004233e-12
"hsa-miR-411-5p"	8.92148212830805	7.87884166362832	111.064455638919	5.72778166538359e-26	3.72305808249933e-25
"hsa-miR-421"	1.74588356152442	7.4651975417772	31.750149246916	1.75335788567822e-08	3.52025521448909e-08
"hsa-miR-423-3p"	-0.215259428509955	11.9859197007214	1.36324321913672	0.242976193326742	0.272300906314452
"hsa-miR-423-5p"	-1.33948869868674	11.6453780881533	34.8236927390387	3.6095401243518e-09	7.66106475372628e-09
"hsa-miR-424-3p"	2.84472705488777	4.25508078882173	46.1961014534666	1.06989658222974e-11	2.80982940787609e-11
"hsa-miR-424-5p"	2.90242029503175	6.09609448493885	44.6475705228862	2.35890115041854e-11	6.01288528538059e-11
"hsa-miR-425-3p"	-1.16034145091291	5.04461697567375	15.3756235013925	8.81177650978839e-05	0.000135968064839465
"hsa-miR-425-5p"	-1.14854761115385	8.68055684821629	31.345134778892	2.15999293869336e-08	4.31998587738672e-08
"hsa-miR-429"	-3.00882092216949	1.97148012629303	13.9840451384077	0.000184368516906547	0.000276046494720108
"hsa-miR-431-3p"	6.49538182365292	2.86574509333379	45.2087984888143	1.77107610533352e-11	4.60479787386716e-11
"hsa-miR-431-5p"	5.9597396322025	4.98612840914218	48.993607494159	2.56798067096651e-12	7.06534364498722e-12
"hsa-miR-432-5p"	7.79817098890073	3.91528109243855	82.4999700425994	1.05671736050608e-19	4.90618774520679e-19
"hsa-miR-4326"	3.39259951531085	4.07377791859252	37.5538481235772	8.8923811670439e-10	1.97608470378753e-09
"hsa-miR-433-3p"	4.25195520574238	2.01271474406963	19.6521140145885	9.29004736911504e-06	1.56844955582462e-05
"hsa-miR-4433b-5p"	-4.47762588079657	1.55570712794977	15.1610321225416	9.87198092291533e-05	0.000150540471551788
"hsa-miR-4443"	-5.47297793035751	3.29150319775889	83.1714238148164	7.52375205050225e-20	3.52464060023529e-19
"hsa-miR-450a-5p"	3.36597928591308	5.49410685730583	54.5139022172703	1.54352016050568e-13	4.66645629920323e-13
"hsa-miR-450b-5p"	4.79144183194487	6.33369838398647	66.5392505431117	3.42995414831035e-16	1.2649476291641e-15
"hsa-miR-451a"	-4.5726095906544	4.37515576176843	75.4128024687827	3.81905680778336e-18	1.60153995165108e-17
"hsa-miR-452-3p"	7.72196895810398	3.85028513484282	109.984120734989	9.87788514723645e-26	6.34135836612711e-25
"hsa-miR-452-5p"	9.894607534004	5.84265846477344	179.468749187469	6.33016235420632e-41	8.22921106046822e-40
"hsa-miR-4521"	3.3311048879	3.93746186227303	38.1073504082948	6.69574168261284e-10	1.50726652595614e-09
"hsa-miR-454-3p"	-0.220102987840937	7.30557438101027	0.664626768791813	0.414931256294798	0.446716880483012
"hsa-miR-454-5p"	0.693719365751261	4.50355060225081	6.27764414869262	0.0122270539232664	0.0158160896519864
"hsa-miR-455-3p"	6.70744640800601	7.20069507541558	137.176505365186	1.10329157499906e-31	9.10653363491287e-31
"hsa-miR-455-5p"	5.46422708227717	6.76968767220944	145.311799111048	1.83566916718193e-33	1.6457723567838e-32
"hsa-miR-4645-3p"	0.912698946689453	3.65552847972947	10.5765242534594	0.00114532794519405	0.00162724188934674
"hsa-miR-4661-5p"	0.354041442056548	2.34972674040098	0.127123702218974	0.721433124735214	0.74139372502433
"hsa-miR-4662a-5p"	-0.81782041312524	2.93086937269068	2.21892106682841	0.13632830222424	0.157185625624401
"hsa-miR-4677-3p"	1.23628667785494	4.94288260205312	22.7704107375888	1.82554892344928e-06	3.2733980696332e-06
"hsa-miR-4746-5p"	2.28341063943335	2.46519332933253	12.6896133179462	0.000367692299788257	0.000543181806505379
"hsa-miR-4772-3p"	-7.09192584291192	3.25111263900901	56.7879844071736	4.85423350245081e-14	1.52060326582796e-13
"hsa-miR-4772-5p"	-7.76763426872802	5.41942587426173	66.1336866497899	4.21352598306835e-16	1.53219126657031e-15
"hsa-miR-4775"	5.45163368481705	4.05968752609342	63.0416570992447	2.02380785159165e-15	6.92355317649773e-15
"hsa-miR-483-5p"	4.23634732354668	1.55813480406298	11.5947494295363	0.000661382850621254	0.000956036708665517
"hsa-miR-484"	-0.34406336307859	10.3149026355113	3.68351678544025	0.0549528269533117	0.06614692133269
"hsa-miR-485-3p"	5.69491582752157	3.72881769468289	71.1550485470526	3.30226664246995e-17	1.30089291976089e-16
"hsa-miR-485-5p"	6.10386886240231	2.58914532782539	55.148249815387	1.11773149796819e-13	3.43002965556488e-13
"hsa-miR-486-3p"	-2.37426881607584	3.05894997718156	17.9681138946707	2.24636479163724e-05	3.68488861719674e-05
"hsa-miR-486-5p"	-1.828216033511	8.37420414903667	17.6448522186671	2.66234888981208e-05	4.33987906803224e-05
"hsa-miR-487a-3p"	5.95472801473269	2.48788670419925	36.6050416072078	1.44657101131094e-09	3.18735985543089e-09
"hsa-miR-487b-3p"	6.5494272921055	4.90473785470794	81.2162511045089	2.02321370225803e-19	9.14844456673198e-19
"hsa-miR-493-3p"	5.34962282646073	3.03006442863135	35.0450412410999	3.22166344747731e-09	6.89409462011606e-09
"hsa-miR-493-5p"	6.50551457974216	2.87738316387095	46.8224978568634	7.77160943253964e-12	2.05138929183787e-11
"hsa-miR-494-3p"	7.37046573736733	4.2272387193576	83.7056853676496	5.74198604194092e-20	2.7646599461197e-19
"hsa-miR-495-3p"	5.80651768112518	3.41089443038433	92.5154346946561	6.68017510767441e-22	3.69541601701138e-21
"hsa-miR-496"	4.57035495999757	1.71681290017019	21.7368266925144	3.12729895905054e-06	5.4570317406251e-06
"hsa-miR-497-5p"	6.0337457863546	7.79073510111502	141.585866967819	1.19793911325311e-32	1.02119399818298e-31
"hsa-miR-499a-5p"	-4.84520037128583	2.34145733829575	50.3994139408265	1.25431675655773e-12	3.54480822505445e-12
"hsa-miR-500a-3p"	1.23595125512583	8.69622486038296	23.1981604255484	1.46137054294618e-06	2.63858570254172e-06
"hsa-miR-500b-3p"	2.11373733481404	2.27319351102473	11.2963015187376	0.000776616404283035	0.0011155815752132
"hsa-miR-501-3p"	1.20965957209582	7.73823349050275	10.4958112656205	0.00119645470314108	0.00169524917066311
"hsa-miR-501-5p"	2.74047269067204	3.64427036506309	45.2672193444477	1.71902456797472e-11	4.49192349420529e-11
"hsa-miR-502-3p"	0.926471008820937	4.96151452310671	8.03904071588668	0.00457797741178574	0.00621553068963077
"hsa-miR-502-5p"	1.40058253296968	2.29484513169068	6.07385348881544	0.0137197321421397	0.0176154585528707
"hsa-miR-503-5p"	5.57717720497621	3.33112914721695	73.5343931365421	9.88978164228501e-18	4.08149718570492e-17
"hsa-miR-505-3p"	1.18819495297674	7.16199503787624	15.3837574436574	8.77392524961428e-05	0.000135786938386888
"hsa-miR-505-5p"	0.962785452924769	3.04946434574299	7.61510841262411	0.00578812791103112	0.00775728482921697
"hsa-miR-514a-3p"	-3.74705538529291	2.07253822130439	18.7332738842119	1.50336186626331e-05	2.49759798868027e-05
"hsa-miR-515-5p"	2.20953577402458	1.44271099361019	2.26693996799192	0.132160624260269	0.153059074867126
"hsa-miR-532-3p"	0.797525949530025	5.49049828610821	5.67166613416776	0.017241073179789	0.0218135232445019
"hsa-miR-532-5p"	-0.176081148553197	8.99097439377962	0.547301769453924	0.459422290305006	0.490553574863662
"hsa-miR-539-3p"	7.33806159908105	4.31215174709543	59.2427571317253	1.39372376502315e-14	4.52960223632524e-14
"hsa-miR-542-3p"	4.30074028024114	3.98826568370094	65.030981580534	7.37297141362947e-16	2.57311754032706e-15
"hsa-miR-542-5p"	2.72095203793565	2.35019143533886	20.7741454832638	5.16759069787002e-06	8.83929987793556e-06
"hsa-miR-543"	5.02923861015926	2.88478364468889	44.7074854606386	2.28780997978174e-11	5.86039994820938e-11
"hsa-miR-548ar-3p"	1.39890048340773	1.81607114802482	1.8798504163906	0.170351149863028	0.195115854468667
"hsa-miR-548au-5p"	-3.82874140083868	2.99590066193862	37.8820581419749	7.51532246469401e-10	1.68446882829349e-09
"hsa-miR-548e-3p"	-1.36108015918185	6.14004585476401	18.326854890504	1.86065720910708e-05	3.06184097701165e-05
"hsa-miR-548e-5p"	-0.313568136630944	4.05863318103516	1.51191617654486	0.218846927515317	0.247931159712342
"hsa-miR-548h-5p"	2.73064194441926	2.00461495242804	8.37245892425709	0.00380949833046725	0.00519931530667446
"hsa-miR-548j-3p"	-2.08471543765634	2.68298571436416	7.41448676081225	0.00647007684854037	0.00862676913138716
"hsa-miR-548j-5p"	-2.83509262559364	2.52811702251797	14.9605084623437	0.000109784921610802	0.000166924442215254
"hsa-miR-548k"	0.495203499304135	6.2721161641239	3.61236676355472	0.0573514460309177	0.0688747157877072
"hsa-miR-548n"	1.96369770610229	2.55941293450753	8.89220897776943	0.00286390039636015	0.0039607133141151
"hsa-miR-548o-3p"	0.590964521660773	4.75926409697032	3.45153650875727	0.0631929988817324	0.0753677968314239
"hsa-miR-548s"	-0.259416065496533	2.52108300374723	0.28893076925749	0.590906534516315	0.619828744209425
"hsa-miR-548w"	-2.57980595376289	3.49484207043798	52.8106825879349	3.67298104187259e-13	1.0730056976257e-12
"hsa-miR-550a-3p"	0.3888761774658	3.63100142994528	0.618261727482341	0.431693973225669	0.462847146551233
"hsa-miR-550a-5p"	2.35258882550708	3.28931481041471	26.0557747058471	3.31695277845817e-07	6.24933132173278e-07
"hsa-miR-551a"	3.62259132230581	2.36790549884568	11.7104322669839	0.000621506806813994	0.000902747317159991
"hsa-miR-556-5p"	4.34519871588344	2.12527499338734	21.6526264248748	3.26762286526668e-06	5.68282237437683e-06
"hsa-miR-561-5p"	10.0898001547812	6.03023865438687	202.382389493925	6.30893683718451e-46	1.17165969833427e-44
"hsa-miR-5690"	-2.16854457807826	3.55750238079267	22.6101468146744	1.98433835436096e-06	3.5337532337935e-06
"hsa-miR-5696-3p"	-2.94429261890453	2.89154151967991	35.3128014119371	2.80780426774442e-09	6.05833285986348e-09
"hsa-miR-574-3p"	6.36960739192515	8.13117361234996	189.123114440493	4.94013126198239e-43	7.33962358923098e-42
"hsa-miR-574-5p"	6.75231203519879	3.06170877680643	90.8174025448325	1.57561486237389e-21	8.62441819404658e-21
"hsa-miR-576-3p"	1.497500735357	2.70373784044692	12.5867704713717	0.000388486848448398	0.000572275244173278
"hsa-miR-576-5p"	-1.29806711866274	6.11246362806023	21.1987109797652	4.14042885859431e-06	7.12921525320875e-06
"hsa-miR-577"	-5.2106960505597	1.90730157836378	29.0213809102069	7.15838460080741e-08	1.40466414808296e-07
"hsa-miR-580-3p"	-1.35211706401942	2.72723662260535	9.53204543550947	0.00201914960336706	0.00281490025134281
"hsa-miR-582-3p"	4.80292056988034	6.63583974967484	42.1398957667938	8.49718527997048e-11	2.04561867851141e-10
"hsa-miR-582-5p"	3.50022390644069	5.78391738688007	25.1158314470693	5.39878049418323e-07	9.9906258255348e-07
"hsa-miR-584-5p"	5.52528248748417	6.53947635355329	94.8629162725177	2.04036549310809e-22	1.19212365889462e-21
"hsa-miR-589-3p"	0.915336523110868	5.40130163601799	8.50814571166469	0.00353560163550642	0.00485095738908532
"hsa-miR-589-5p"	-0.806060846971074	7.98581972604039	4.15855727381617	0.0414246743053696	0.050803845846208
"hsa-miR-590-3p"	-1.17930234783232	6.56776703705668	9.86156926713979	0.00168767090378592	0.00236546865220668
"hsa-miR-590-5p"	-0.315581065620494	3.03617257099381	0.687111415505754	0.407148636584732	0.439247491751163
"hsa-miR-598-3p"	-1.1719001345082	5.5024587956384	15.5299460853649	8.12085355559794e-05	0.000126432450566195
"hsa-miR-616-5p"	-1.81680054640903	3.93750827742704	43.098350260751	5.2056131071781e-11	1.30140327679453e-10
"hsa-miR-624-5p"	0.210257959004029	3.06799714238719	0.383975850958043	0.53548307146991	0.565957717813727
"hsa-miR-625-3p"	-1.31370336236479	6.03546710102213	17.0682121236132	3.60608737615612e-05	5.82349514161858e-05
"hsa-miR-625-5p"	-0.458134322784984	5.04427390076321	3.2674294602661	0.0706682741717772	0.0838984076925209
"hsa-miR-627-3p"	-1.57529390584454	2.68510388268191	13.7561314671252	0.000208140309525354	0.000310123097287061
"hsa-miR-627-5p"	-1.03300930800582	2.80345039315625	6.66420672243311	0.00983684325852929	0.0128845302126832
"hsa-miR-628-3p"	-0.712205260093954	3.3132720216314	4.66011185751844	0.0308711802573524	0.038241901190375
"hsa-miR-628-5p"	-0.389741389808567	3.94363820724725	1.50767256515748	0.21949457604755	0.2481243033581
"hsa-miR-629-3p"	-1.04859134179502	3.50392377893504	7.39388762342854	0.00654458848948198	0.00870380054867169
"hsa-miR-629-5p"	-0.457353036048733	5.06927742101797	1.08983744610697	0.296507228356656	0.328750018647039
"hsa-miR-641"	0.4693755306285	4.17856637381415	2.53475272560596	0.111364331470467	0.130426694514961
"hsa-miR-642a-3p"	-6.31814142796008	2.6116883145044	86.4052295092569	1.46596752388477e-20	7.40100109145708e-20
"hsa-miR-642a-5p"	-7.44136983543357	3.51350931743078	122.157517489779	2.13219469096249e-28	1.53991838791736e-27
"hsa-miR-6503-3p"	-5.45696601526396	2.11115487626587	16.5068108490202	4.84756302728796e-05	7.68516089691994e-05
"hsa-miR-651-5p"	-3.54513303812435	2.98819245966268	44.200504178603	2.96404934753637e-11	7.51856419862883e-11
"hsa-miR-6511a-3p"	0.046722562639724	2.73591662328348	0.0129347053950504	0.909451159370053	0.914728438824811
"hsa-miR-6511b-3p"	-0.560948139909454	2.59148127892629	1.03807546544258	0.308269490502703	0.340339989514661
"hsa-miR-6516-3p"	-1.62493118131047	3.15837227249652	15.7272841050377	7.31612243274214e-05	0.000114245755706484
"hsa-miR-652-3p"	-1.66094378205352	6.97519246417239	42.3446259799211	7.65263225427774e-11	1.85951811786188e-10
"hsa-miR-652-5p"	-0.8983061667313	3.68236849307524	6.81009921381137	0.00906437284148467	0.011932845259676
"hsa-miR-654-3p"	7.8592271070524	8.15984698446962	125.594711411714	3.7715310760325e-29	2.84231327469116e-28
"hsa-miR-655-3p"	4.88408168616036	1.86886313896763	21.9016950960467	2.86980313935023e-06	5.02457115307111e-06
"hsa-miR-656-3p"	4.46986281431255	2.64069121160042	28.4327051142011	9.70125322929423e-08	1.88233271613172e-07
"hsa-miR-659-5p"	-1.620058411326	3.6096700216371	25.840573421279	3.70811210154447e-07	6.93603702447167e-07
"hsa-miR-660-5p"	-0.38288392739624	8.21548610909637	1.90653265279514	0.16734892638182	0.192100312844474
"hsa-miR-664a-3p"	-3.11855252036343	6.6024901737056	97.9638271940042	4.2609555751728e-23	2.54677804493087e-22
"hsa-miR-664a-5p"	-3.63587684093336	3.76381041483547	101.855806764889	5.971395627821e-24	3.65308908996108e-23
"hsa-miR-664b-3p"	-2.84029375601425	3.48282564006622	38.6951534581285	4.9543770648422e-10	1.12501138590303e-09
"hsa-miR-665"	6.86904891848284	3.14729239796262	49.1339346178027	2.39068361147122e-12	6.64789025649752e-12
"hsa-miR-671-3p"	1.40419559238334	6.63951007125811	47.2600564192778	6.21662187392917e-12	1.64930784410366e-11
"hsa-miR-671-5p"	0.932088681345573	5.10076287536156	12.9140847364986	0.000326118830024754	0.000484519404608206
"hsa-miR-6716-3p"	5.70120030586753	2.32427878193163	38.2702742019755	6.15937982216948e-10	1.39255543805571e-09
"hsa-miR-6731-3p"	-6.74426902390877	2.93658995404262	114.068951155525	1.2585517025301e-26	8.390344683534e-26
"hsa-miR-6769b-3p"	-2.50141677031884	3.36097434012623	40.8259930247553	1.66404957566584e-10	3.89777378083891e-10
"hsa-miR-6803-3p"	-4.68309151632581	3.6248952165631	90.777949033021	1.60734710625589e-21	8.7064634922194e-21
"hsa-miR-6842-3p"	-5.26848108040456	3.93557462139278	185.294523412586	3.38455248105117e-42	4.75666835174759e-41
"hsa-miR-7-1-3p"	-3.36983914829902	6.31419293789569	147.099891747124	7.46267348773024e-34	6.80805300635039e-33
"hsa-miR-7-5p"	-1.61297770670659	6.33171500607916	6.6928424737034	0.00968007423173046	0.0127112085871208
"hsa-miR-708-5p"	-1.47761220731659	1.82213801690646	1.24089462016911	0.265298708344474	0.296678125460488
"hsa-miR-744-3p"	2.54104534502055	3.23358620840728	43.8635943587549	3.52077183035712e-11	8.84445097481015e-11
"hsa-miR-744-5p"	1.55671330074873	7.63459451188694	48.7209673906874	2.9509467999196e-12	8.07627545241154e-12
"hsa-miR-758-3p"	7.46563586383998	4.90477704936762	55.14188665677	1.12135584893467e-13	3.43002965556488e-13
"hsa-miR-760"	1.06244190382161	2.3910773706701	5.64821967301067	0.0174731030817871	0.0220534310741002
"hsa-miR-766-3p"	-2.7227547808935	6.65949724587683	114.595303016223	9.65144390971861e-27	6.51785822474504e-26
"hsa-miR-769-3p"	0.956988029413372	2.64642931630515	4.65919389996	0.0308876894229952	0.038241901190375
"hsa-miR-769-5p"	0.39039396960796	9.90947151977286	4.17744179993541	0.0409654917374363	0.0503594697481486
"hsa-miR-7705"	0.6897698436679	3.06000214376234	3.36733765761047	0.066501141304016	0.0791317928560373
"hsa-miR-7706"	0.999379178951901	5.28100230337501	13.980272827362	0.000184738808004995	0.000276046494720108
"hsa-miR-7974"	6.27889989447322	5.65677333326707	157.654514687144	3.68240557560722e-36	3.98927270690782e-35
"hsa-miR-7976"	0.850809606053492	3.53212894954564	4.3809523233495	0.0363426866989085	0.0448888291767991
"hsa-miR-873-3p"	-8.23485864029657	4.27326790345977	25.4483522011284	4.5438558653791e-07	8.43858946427548e-07
"hsa-miR-873-5p"	-9.54926732957667	6.47641167683684	27.1490343979815	1.88359255119631e-07	3.57470119205139e-07
"hsa-miR-874-3p"	-0.152257806652335	7.98479828983758	0.138846774537832	0.70943017649776	0.73050235995809
"hsa-miR-874-5p"	-0.625720871647767	4.48874671922249	2.52353256883434	0.11215907548838	0.131062290458331
"hsa-miR-876-5p"	-7.76943349264184	3.86412504076352	10.9925541430603	0.00091478655339722	0.00131043803792439
"hsa-miR-877-5p"	1.75007110107645	5.83107618464047	48.1358085950441	3.97696898956148e-12	1.0659916879237e-11
"hsa-miR-887-3p"	10.3066649213064	6.24037100228169	333.76910508888	1.45172759479978e-74	8.38775943662094e-73
"hsa-miR-887-5p"	7.63892906832069	3.77750099769583	107.789846510562	2.98843428136992e-25	1.87227207989441e-24
"hsa-miR-889-3p"	8.40507526370127	5.1762707793216	89.943988966822	2.44998725434987e-21	1.31339522913601e-20
"hsa-miR-9-3p"	-4.44731337245848	2.1157392151767	39.3923103545216	3.46659428895575e-10	7.90626767656574e-10
"hsa-miR-9-5p"	-4.20768470250957	4.34071763740482	41.7977332742375	1.01220696963516e-10	2.41443864316644e-10
"hsa-miR-92a-1-5p"	0.177156140467759	4.18021813137448	0.264913332184774	0.606764545830938	0.633569405285317
"hsa-miR-92a-3p"	-1.58574058842354	15.9753852601273	43.9584720537932	3.35417363387443e-11	8.4668460660908e-11
"hsa-miR-92b-3p"	2.26130584246191	10.8371581734862	48.6771599697515	3.01760278946921e-12	8.21546309174863e-12
"hsa-miR-92b-5p"	1.32416678902877	2.22369845084285	3.114394432231	0.0776033203178908	0.0917130149211436
"hsa-miR-93-3p"	1.12685711397082	4.87299154311118	25.62857375312	4.13865371035188e-07	7.71361981857698e-07
"hsa-miR-93-5p"	0.0209989784166153	9.97762596800948	0.0111577406260679	0.915875757118984	0.91941195695342
"hsa-miR-935"	10.0481632266538	5.990341302669	268.895977485854	1.97482192463336e-60	6.41817125505843e-59
"hsa-miR-937-3p"	2.42122821092621	2.33458640399095	20.143922766479	7.18281002997444e-06	1.22461023461859e-05
"hsa-miR-940"	2.87832986046458	4.24468402118393	65.4854567886188	5.85444035469908e-16	2.07095849281872e-15
"hsa-miR-941"	-0.127044026138418	8.2314955382119	0.1679553820391	0.681935353758705	0.706387219032922
"hsa-miR-941-3-5p"	-0.13014734668091	5.94389138350396	0.169037257921207	0.680968848076318	0.706387219032922
"hsa-miR-942-5p"	-0.398211033299361	4.27387941592831	2.72835288426592	0.0985809063103436	0.115715736526814
"hsa-miR-95-3p"	-5.79859239136679	3.75753462362111	151.822814730987	6.92709773774363e-35	7.20418164725337e-34
"hsa-miR-98-3p"	2.98240108565028	4.27322617833248	37.7407061564733	8.08007572687421e-10	1.80327870299339e-09
"hsa-miR-98-5p"	1.36056029287305	10.9681694655683	23.0585918173016	1.57138719222587e-06	2.82740948082163e-06
"hsa-miR-99a-3p"	3.81499989571023	3.88104126903286	50.632744071321	1.11371355878319e-12	3.16465054954785e-12
"hsa-miR-99a-5p"	2.46144198679498	8.85450871444799	19.6079042517566	9.50750541876856e-06	1.59996854943678e-05
"hsa-miR-99b-3p"	3.87935839984059	6.00090331629537	148.008510093539	4.72357533185965e-34	4.46592576830367e-33
"hsa-miR-99b-5p"	3.15615116159588	13.8304312168742	51.7538256893648	6.29141167792541e-13	1.82767266621297e-12
