"logFC"	"logCPM"	"LR"	"PValue"	"FDR2"
"hsa-let-7a-2-3p"	7.29778641372869	3.64769027041297	59.9153161403037	9.90278159913191e-15	3.4292965908105e-14
"hsa-let-7a-3p"	1.5340821875015	6.11848749487408	12.05546827058	0.000516406747127569	0.000837295332770423
"hsa-let-7a-5p"	1.02977280590235	15.4167320751932	11.1746258324483	0.000829236171184461	0.00131412850857198
"hsa-let-7b-3p"	2.4130397326926	6.73657155799323	60.65638999701	6.79591127948161e-15	2.38281639236824e-14
"hsa-let-7b-5p"	1.60937145017752	12.2094813374065	22.9757770711822	1.64055554647005e-06	3.37125150758131e-06
"hsa-let-7c-5p"	5.19132319786084	8.94641244348773	69.2451806550763	8.69531457344302e-17	3.56063611365076e-16
"hsa-let-7d-3p"	0.288794067176234	7.04282665982833	1.10509911248749	0.293149779368141	0.330899449145929
"hsa-let-7d-5p"	-0.117418880759906	10.0108747411235	0.232446176446781	0.629715927794812	0.656636868945891
"hsa-let-7e-3p"	4.18388976450526	3.42620953924537	49.7438936006378	1.7518256567429e-12	5.3411640947433e-12
"hsa-let-7e-5p"	4.79874234387768	10.8271236361812	132.378192576547	1.23666369852046e-30	1.09750416745333e-29
"hsa-let-7f-1-3p"	1.25751982886891	4.15520975663854	12.5535758377636	0.000395448860470753	0.000650577157548658
"hsa-let-7f-2-3p"	0.624155937271175	4.33642613158734	0.86957007478485	0.351074357598772	0.391556092669804
"hsa-let-7f-5p"	-0.580964199106386	15.0310814064588	5.18687888913024	0.0227580524900322	0.0305437020260958
"hsa-let-7g-3p"	-2.84254814682124	4.65010781831322	44.3184624797139	2.79071820522271e-11	7.63703860063385e-11
"hsa-let-7g-5p"	-3.39882769067918	14.3570352204128	158.22246640518	2.76714037358094e-36	3.69610892756882e-35
"hsa-let-7i-3p"	-1.40073167603577	6.69240629367651	23.6698703099424	1.14358993767469e-06	2.37612575939074e-06
"hsa-let-7i-5p"	1.18358118117715	13.8939509884308	24.1105386588825	9.09611282207936e-07	1.91120572778521e-06
"hsa-miR-1-3p"	-1.91610040057592	1.6368595265863	1.73134478553844	0.188239247101026	0.219547229986852
"hsa-miR-100-3p"	10.7776724869392	7.67239623516835	179.946482210681	4.9785793236375e-41	8.21465588400188e-40
"hsa-miR-100-5p"	10.7330143274475	17.1717394660968	149.003391583568	2.86285468809135e-34	3.14914015690048e-33
"hsa-miR-101-3p"	-4.29486856379191	13.3574419724126	120.86780321984	4.08463331196288e-28	3.22743561691715e-27
"hsa-miR-101-5p"	-4.96955251114806	4.84630109885569	113.374713561307	1.78618366041589e-26	1.31848557038594e-25
"hsa-miR-103a-3p"	-0.781729398034017	12.0449304840557	11.3579884627487	0.000751241438476617	0.00119729104257211
"hsa-miR-106a-5p"	-6.76849884292031	3.74361651277862	84.5687472379728	3.71084838060659e-20	1.82612801887745e-19
"hsa-miR-106b-3p"	-1.5123779239181	8.23626855009087	19.7666752738979	8.74949672576993e-06	1.67524493623103e-05
"hsa-miR-106b-5p"	-1.43916974504724	7.99563526301194	16.4959297013761	4.87546265084607e-05	8.65548907317925e-05
"hsa-miR-107"	2.77764937724523	6.25093941101276	28.178154678949	1.10646363757058e-07	2.59718033756107e-07
"hsa-miR-10a-3p"	3.3698686665333	3.46920894849561	16.2003147600373	5.69846470928405e-05	0.000100846646747898
"hsa-miR-10a-5p"	2.28581275569553	13.97404908108	9.36566735133454	0.00221087489145444	0.00333031319077542
"hsa-miR-10b-5p"	6.61439264734498	11.0406518877102	24.4072800248296	7.79734825517467e-07	1.66323664302395e-06
"hsa-miR-1180-3p"	5.29006547528913	4.10218691307051	108.198954301166	2.43107887836078e-25	1.62361339376238e-24
"hsa-miR-1185-1-3p"	8.72810632843367	4.93693205889322	107.247278115871	3.9294994432698e-25	2.59346963255807e-24
"hsa-miR-1185-2-3p"	5.84246600829919	2.51965001717028	48.8557001632235	2.75503579253359e-12	8.26510737760078e-12
"hsa-miR-1185-5p"	8.18043731626766	4.42872263831017	128.470360400496	8.85599108853208e-30	7.30619264803896e-29
"hsa-miR-1197"	7.29520754287094	3.64627785541856	63.4181281978619	1.67172450291427e-15	6.21084401413845e-15
"hsa-miR-122-5p"	3.94937871306676	1.86848662403875	14.1073182201914	0.000172670682685282	0.000296233189560988
"hsa-miR-1226-3p"	1.28717572234773	2.91714686013229	5.94921411708484	0.0147238488241184	0.0202452921331628
"hsa-miR-1233-3p"	1.50855738880225	1.8348194376625	3.22793624986028	0.0723918632570662	0.0898491931133057
"hsa-miR-1247-5p"	3.67451468499017	1.43349947615631	5.00355539858855	0.0252953054230264	0.0337873008150424
"hsa-miR-1248"	-4.32143961302216	2.83556373654649	45.0177317819593	1.95258361677022e-11	5.50451964325676e-11
"hsa-miR-1249-3p"	1.41505059293392	4.23838898682336	5.88489792653112	0.0152712828540519	0.0208447437496913
"hsa-miR-1255a"	-0.0753211753763111	2.13851477872751	0.0106572285810671	0.917777371951242	0.932741133450447
"hsa-miR-1257"	4.73014818860663	1.83648818544005	11.6112665437947	0.000655534959923544	0.00105373957741292
"hsa-miR-125a-3p"	2.72396289258873	4.262954057567	42.1119333719675	8.61955877052105e-11	2.28093041050109e-10
"hsa-miR-125a-5p"	0.186798911509689	12.910355774337	0.301375853139234	0.583021167377582	0.615960216381965
"hsa-miR-125b-1-3p"	12.5082666907758	10.1803115204083	422.174921979062	8.20449119259591e-94	2.30135977952315e-91
"hsa-miR-125b-2-3p"	4.42066102899816	6.12209252961096	58.6367106635255	1.8964474700102e-14	6.40907849804653e-14
"hsa-miR-125b-5p"	7.27808018649095	13.9724651294437	129.039404790605	6.64852654130933e-30	5.56690058160378e-29
"hsa-miR-126-3p"	2.57919752885859	5.52668953557196	13.2575222767193	0.000271488247313994	0.000451943343451486
"hsa-miR-126-5p"	2.4536560095014	7.17301578559954	11.7635352240919	0.000604023962448906	0.000973728284292633
"hsa-miR-1260a"	-1.002634004231	4.76283942148172	10.0364405455185	0.00153473477437349	0.00235623095533662
"hsa-miR-1260b"	-0.294481215668802	3.54250605470276	0.566630420008206	0.451601013136784	0.495873324913688
"hsa-miR-1262"	4.39123923620853	2.16823178252384	29.471986592903	5.67307876848823e-08	1.34855813098385e-07
"hsa-miR-1269b"	3.63047960201668	1.42371280720732	7.57188483083987	0.00592857546934089	0.00848451744464346
"hsa-miR-127-3p"	11.5817299796889	13.6858304615393	500.609500767825	7.00414923120342e-111	3.92932771870512e-108
"hsa-miR-127-5p"	9.74585013390342	5.90932386462432	210.886750948489	8.798401564376e-48	2.35043013219759e-46
"hsa-miR-1271-5p"	0.407316231746707	7.36336149587944	0.721429692266977	0.395675344257328	0.437818280332073
"hsa-miR-1273h-3p"	-7.40595757404634	3.38389742063596	146.07830001676	1.24802594277701e-33	1.34642798826519e-32
"hsa-miR-1277-5p"	1.0447607976422	2.00752937436158	0.643405367359662	0.422480347825951	0.465641404971235
"hsa-miR-128-1-5p"	0.974367912314826	3.72150464115168	6.45085155486331	0.0110899175976476	0.0154991201073414
"hsa-miR-128-3p"	-0.12264143273473	9.49431291763897	0.214013104251045	0.643639993782306	0.669911013936686
"hsa-miR-1285-3p"	0.701601646294941	4.10959303589481	0.765106995556348	0.381735011760624	0.424066022965763
"hsa-miR-1287-5p"	-0.295817711365618	2.79826199184308	0.449184068258024	0.502722682197125	0.541732878356516
"hsa-miR-1291"	-1.84732243418224	2.32079897916195	12.4484860365299	0.000418330769599993	0.000684208634826811
"hsa-miR-1293-3p"	6.05820968155318	2.67291367095296	33.1839068252827	8.38415600643753e-09	2.03615217299197e-08
"hsa-miR-1294"	-0.95407555254325	2.07549161474635	2.26242017428136	0.132546774624767	0.159568112799344
"hsa-miR-1296-5p"	4.11272502435879	4.92245251987214	69.8365151617817	6.44290583659657e-17	2.65769865759609e-16
"hsa-miR-1301-3p"	0.525427983107375	5.21319935004216	2.17897835914283	0.139907307313977	0.167351811094117
"hsa-miR-1304-3p"	2.78496934937081	5.67659886282931	35.3067795926449	2.81649921199303e-09	7.02247136856928e-09
"hsa-miR-1306-3p"	1.34035207292858	1.81893230353633	2.73424593628102	0.0982178517561665	0.119783075728716
"hsa-miR-1306-5p"	0.356257877225353	3.07308628907576	0.448377109921289	0.503106648170668	0.541732878356516
"hsa-miR-1307-3p"	0.343824493633739	7.36760037727382	1.66584518601755	0.196815962964882	0.228127593436567
"hsa-miR-1307-5p"	0.771756101311642	9.12564079703624	3.62819889350381	0.0568082635507309	0.0717780086755857
"hsa-miR-130a-3p"	6.05070320376395	9.84473469755991	183.603549176205	7.91883647543145e-42	1.43305395571518e-40
"hsa-miR-130b-3p"	1.97920145800625	8.59338407896303	32.2640543154069	1.34580110596185e-08	3.25428629501983e-08
"hsa-miR-130b-5p"	2.7083737122124	7.19686863201284	46.0242780063625	1.1679658860396e-11	3.34300439830722e-11
"hsa-miR-132-3p"	0.958226870275073	6.39469025399459	10.189014281126	0.00141279818054117	0.00217741697605383
"hsa-miR-132-5p"	0.707437970641597	4.10766714866636	4.5168699963942	0.0335621786690179	0.0441980803599039
"hsa-miR-133a-3p"	-0.493255579537425	2.50719969500608	0.500411783325518	0.479319244038057	0.522132225058932
"hsa-miR-134-3p"	4.84746775706729	1.9284700543104	19.1926820911594	1.18165512942252e-05	2.23955583650686e-05
"hsa-miR-134-5p"	9.29164222149278	6.59636499851599	279.780788854319	8.38235616906877e-63	4.70250181084758e-61
"hsa-miR-1343-3p"	3.87727888682455	3.11061583777775	24.197212188544	8.69580626469425e-07	1.84785883124753e-06
"hsa-miR-135b-5p"	1.49435829925704	2.23026536945154	2.42272092179416	0.119587054241476	0.144509689382729
"hsa-miR-136-3p"	10.356219717077	8.98720919207246	218.083755708637	2.36795514265046e-49	7.81425197074652e-48
"hsa-miR-136-5p"	10.367268135036	7.18053255186385	154.106899980701	2.19465903367127e-35	2.6765298214991e-34
"hsa-miR-137"	8.72958654390648	4.93840236737792	104.022574898301	2.0002395251247e-24	1.23311469625819e-23
"hsa-miR-138-1-3p"	5.96055370056578	2.6009614744838	26.6793692740318	2.40172241440863e-07	5.41110953607728e-07
"hsa-miR-138-5p"	9.49360961819373	8.71641843929233	69.0904615866222	9.40491166666062e-17	3.82330104709899e-16
"hsa-miR-139-5p"	1.17933230121899	1.82245750660884	1.72405869958969	0.189171438439075	0.220176715693612
"hsa-miR-140-3p"	-2.59947171987188	11.8696110756248	87.6648917422687	7.75385591253694e-21	3.99074602470938e-20
"hsa-miR-140-5p"	-1.6441570256039	6.21122298737761	18.9434346975908	1.34651842669926e-05	2.52641082735213e-05
"hsa-miR-141-3p"	-1.33277317295069	8.25342413910198	1.15123101116253	0.283291604100068	0.32041651189544
"hsa-miR-141-5p"	3.92738804831976	4.33734461807129	2.5017003121751	0.113723457326224	0.137794513088578
"hsa-miR-142-3p"	-4.06168231561924	11.8766701221408	5.70789658379444	0.0168887637620201	0.0229409115508312
"hsa-miR-142-5p"	-5.36117212525422	15.0346855961122	11.51592632352	0.000690024376462237	0.00110601050055804
"hsa-miR-143-3p"	10.1155109482121	14.0021164240651	159.61635777634	1.37236663584166e-36	1.92474420676793e-35
"hsa-miR-143-5p"	8.64197775315919	4.85602199241336	106.799496550492	4.9256558418865e-25	3.21313131081201e-24
"hsa-miR-145-3p"	8.46263842885855	6.46455701031584	82.6333055679038	9.87785745143412e-20	4.62877180952708e-19
"hsa-miR-145-5p"	10.8285676846737	8.38241146101323	78.2731437512705	8.97335767336773e-19	3.9952806783804e-18
"hsa-miR-1468-5p"	-1.81719977100857	4.43464686580718	18.8759676054931	1.39499068293502e-05	2.60863257708849e-05
"hsa-miR-146a-3p"	-0.34815562485696	3.03998762683809	0.150178786745261	0.698364561826992	0.720188454384085
"hsa-miR-146a-5p"	-2.21986831202413	11.5058362625932	10.6593969477928	0.00109513093289569	0.00170185167134206
"hsa-miR-146b-3p"	-5.16249936029001	8.31923650080308	73.020000833509	1.28342617180103e-17	5.49619910214027e-17
"hsa-miR-146b-5p"	-4.34553215392271	13.2640324069554	23.9159872172987	1.00632576307512e-06	2.09869424938714e-06
"hsa-miR-147b"	1.00922655976459	2.32394525055511	2.4201853313209	0.119780758579267	0.144509689382729
"hsa-miR-148a-3p"	0.451007420824579	12.2452796045681	0.505105339033037	0.477265428903508	0.520906431157331
"hsa-miR-148a-5p"	2.0843112192425	6.42347333907892	6.99315070857137	0.00818221987978388	0.0115914781630272
"hsa-miR-148b-3p"	0.625217983213231	10.2450764305887	5.37173641137392	0.0204655944104349	0.0275990347698413
"hsa-miR-148b-5p"	0.828878067488881	6.51814061731971	9.54533465166528	0.00200458274725229	0.00304761767265185
"hsa-miR-149-5p"	7.09521760029817	7.73092349321664	77.8201046537004	1.12865509224874e-18	4.98563391142945e-18
"hsa-miR-150-3p"	-11.1975641427611	6.92294683232683	327.141426067337	4.03085031035701e-73	5.65326756027571e-71
"hsa-miR-150-5p"	-15.5841978492113	16.8518584504934	149.791176015628	1.92576766501597e-34	2.20480746953869e-33
"hsa-miR-151a-3p"	3.04965488753219	11.7257229936654	51.0369398005182	9.06439891865265e-13	2.79402626009018e-12
"hsa-miR-151a-5p"	3.09981568490987	12.236012529763	47.0851324170011	6.79693224707905e-12	1.98346677571232e-11
"hsa-miR-151b"	-0.526640181576883	3.99819601657661	1.09929319800107	0.29442127012258	0.331667334415195
"hsa-miR-152-3p"	1.67001560950146	8.08537772203275	14.9820298848679	0.000108539878644606	0.000188516631330106
"hsa-miR-152-5p"	4.83133929693831	5.46727788914132	59.3700161510108	1.30644562749195e-14	4.49641715965022e-14
"hsa-miR-153-3p"	-2.85254031293046	3.28802432191516	19.1120358200407	1.23265088739922e-05	2.32834056508741e-05
"hsa-miR-154-3p"	5.14365093386545	2.07912836255816	39.7313616297049	2.91408333191286e-10	7.56852198705146e-10
"hsa-miR-154-5p"	7.40967588892425	3.74160985807901	110.213458904517	8.79871732661443e-26	6.09392644472925e-25
"hsa-miR-155-5p"	-0.341276517089458	10.2288433225261	0.528901666404337	0.467068988047199	0.511768949793903
"hsa-miR-15a-3p"	0.419249126445369	1.83788382002289	0.28539082910461	0.593189449547899	0.624660494527245
"hsa-miR-15a-5p"	-2.75943443604082	10.2967999152089	65.7500136726297	5.11902142720311e-16	1.9669664525075e-15
"hsa-miR-15b-3p"	-0.222825000782438	5.77635752923071	0.467980721696261	0.493917600617641	0.534918482522194
"hsa-miR-15b-5p"	-0.979902166180588	8.47124634024883	12.3537217600697	0.000440108219179424	0.000717734624882723
"hsa-miR-16-1-3p"	1.36572538472129	2.09103783615337	2.03607364359798	0.153605686981283	0.181799135857595
"hsa-miR-16-2-3p"	-1.66441360271665	7.17320729283286	28.7879142351904	8.07534620746646e-08	1.90477552271551e-07
"hsa-miR-16-5p"	-2.00561574096873	12.7396332029599	27.7309716513528	1.39412741816877e-07	3.23094867363628e-07
"hsa-miR-17-3p"	-0.685637059132245	7.33568097378311	2.21808895383855	0.136401807739527	0.163507295174946
"hsa-miR-17-5p"	-0.259793178624653	8.16910429378862	0.266316134522995	0.605813714652088	0.636444745168205
"hsa-miR-181a-2-3p"	-1.28374923645682	9.11565883821566	4.5356862472791	0.0331951446824549	0.0439209343557953
"hsa-miR-181a-3p"	1.15074474259989	9.24342111943987	8.92157505831357	0.00281821358423759	0.00417527907954914
"hsa-miR-181a-5p"	-1.07476043922835	14.7130634639504	6.79260534407558	0.00915362224422078	0.0129024675351956
"hsa-miR-181b-2-3p"	-1.76064645984266	2.19886727239579	4.27381409665845	0.0387039627543175	0.0504951700120282
"hsa-miR-181b-3p"	3.22496692689469	3.97876459441221	40.4998304579427	1.96633105591286e-10	5.15472767461269e-10
"hsa-miR-181b-5p"	0.837386071866439	11.3181802959982	3.61047618108202	0.0574166773897504	0.0723837213834831
"hsa-miR-181c-3p"	-0.561047538590777	6.22671060045873	3.17614760960822	0.0747207038297226	0.0925349113652857
"hsa-miR-181c-5p"	-2.94267346417988	9.96468187559328	78.7151499152447	7.17432627261312e-19	3.24580406365803e-18
"hsa-miR-181d-5p"	-1.00452241450227	5.84615682272438	7.68285308348467	0.00557479610594443	0.0079986204998333
"hsa-miR-182-5p"	5.72787770308364	9.04082094868905	20.4413794478671	6.1485880665858e-06	1.1853463592284e-05
"hsa-miR-183-3p"	4.12762143850066	2.03700062631986	4.28923562273793	0.0383544052519049	0.0501557607140295
"hsa-miR-183-5p"	7.3359160694784	7.12913573200997	17.9633851187456	2.25195236588911e-05	4.183262507496e-05
"hsa-miR-184"	7.39838046459696	3.73007937258884	8.15283559343311	0.00429938820507004	0.00631402299226255
"hsa-miR-185-3p"	0.32977874987227	3.30502176465683	0.705059844230655	0.401088718395478	0.442934588621778
"hsa-miR-185-5p"	-0.630020900419003	6.61114065834344	2.05376986122879	0.151829834561951	0.180077245643245
"hsa-miR-186-5p"	-1.74427325756909	13.2951470343105	38.4321979875263	5.66893408948142e-10	1.4521790064836e-09
"hsa-miR-187-3p"	3.36815232206323	1.34343315157072	7.06520625309343	0.00785952649046694	0.0112115094444511
"hsa-miR-188-3p"	2.36974057111049	1.77973385540086	7.06190169411943	0.00787403693603159	0.0112115094444511
"hsa-miR-188-5p"	2.82163322720551	3.69774715649675	24.991320390991	5.75889805527428e-07	1.25222550736778e-06
"hsa-miR-18a-3p"	1.20627815014423	4.33871013598237	4.20351643993156	0.0403402461487802	0.0524693509178671
"hsa-miR-18a-5p"	1.32292023775171	5.68172747486514	4.3460116614863	0.0370957221951207	0.0486231311950063
"hsa-miR-190a-5p"	4.14948530471924	5.06532447003457	44.8361971787521	2.14225661017689e-11	5.92022639561199e-11
"hsa-miR-190b"	-1.51307184566996	2.79773602367565	5.48323205177744	0.019199727266594	0.0259543301121909
"hsa-miR-191-3p"	1.00208650809464	3.66118528636192	6.00699547473438	0.0142492698338639	0.0196892620118169
"hsa-miR-191-5p"	0.056767851839676	13.594448110167	0.0386289076895139	0.844185663917387	0.864211966163602
"hsa-miR-1910-5p"	5.5176265207764	2.92567826564292	44.5236002590162	2.51309471500875e-11	6.91101046627407e-11
"hsa-miR-192-5p"	-3.92365550014149	11.7845793246046	105.376908577217	1.00979802767684e-24	6.36513138794051e-24
"hsa-miR-193a-3p"	7.17003114407627	8.85938131394045	60.3786564272188	7.82569349800615e-15	2.72684102632388e-14
"hsa-miR-193a-5p"	5.45483588335906	7.29277592654582	90.2628368847121	2.08532928595297e-21	1.13579585380545e-20
"hsa-miR-193b-3p"	4.04122014653597	7.8343160830439	78.6902202998758	7.2654355971299e-19	3.2607274959919e-18
"hsa-miR-193b-5p"	4.48466138141652	2.84849633596699	65.040293917277	7.3382110636698e-16	2.78157865318835e-15
"hsa-miR-194-5p"	-3.47754516692713	6.32882144200214	50.1970518164372	1.3905657374054e-12	4.26288185073458e-12
"hsa-miR-195-5p"	1.69094839553338	5.00614724590939	16.8069532478165	4.13813986392174e-05	7.39330083968183e-05
"hsa-miR-196a-5p"	-1.38614169141377	3.53557243048541	1.36620245901295	0.242465426869445	0.275908934023852
"hsa-miR-196b-5p"	0.0287694154424672	4.05343764015392	0.000418826320203181	0.98367223542721	0.985428792990473
"hsa-miR-197-3p"	-1.6772644129034	9.56346139278789	39.2487987365344	3.73097846930213e-10	9.60127945540595e-10
"hsa-miR-1976"	-5.90532439191921	2.9102575275959	126.047058698236	3.00277635074677e-29	2.44138772865064e-28
"hsa-miR-199a-3p"	7.34163417705092	12.5419020267621	289.025847600332	8.10618508652502e-65	6.40715100271693e-63
"hsa-miR-199a-5p"	8.65241991493031	10.5740256449958	263.526588021748	2.922965401254e-59	1.49071235463954e-57
"hsa-miR-199b-3p"	7.39895099530739	11.3562564967277	256.153324988063	1.18310440314997e-57	5.53101308472613e-56
"hsa-miR-199b-5p"	5.09209915419115	9.9891293572132	49.6119099545848	1.87372779629881e-12	5.68195293904666e-12
"hsa-miR-19a-3p"	-1.31110230582233	7.88752214172093	7.78570329440777	0.00526612866852852	0.00761417057485696
"hsa-miR-19a-5p"	-0.465521278526099	2.35150935919357	0.401926909336837	0.526095794871273	0.564002923609202
"hsa-miR-19b-3p"	-2.39117050900018	10.1027126451757	24.1565590883118	8.88131641644268e-07	1.88015792816013e-06
"hsa-miR-200a-3p"	1.78928290416092	4.288841286708	1.69941864557348	0.192364023139713	0.223429020665381
"hsa-miR-200a-5p"	2.50487961640233	1.79158039609303	2.01352424079159	0.155902792312142	0.184129403130762
"hsa-miR-200b-3p"	3.50325288013496	7.51465588975785	5.17674674570054	0.0228911453855457	0.0306490037262319
"hsa-miR-200b-5p"	2.97244889911669	1.64894185210293	2.84341866341034	0.0917488216252272	0.112382290244001
"hsa-miR-200c-3p"	2.01193935560643	6.2594094769971	1.77277959997673	0.183038455428467	0.213926194782021
"hsa-miR-200c-5p"	2.75408419578477	1.40597493792266	1.95527741980342	0.162019291737062	0.190951308118681
"hsa-miR-203a-3p"	2.40678973370143	3.78445628200996	2.05738881092142	0.151469536216519	0.180030529274294
"hsa-miR-204-5p"	10.3726812691122	8.68888094072302	91.6274070590663	1.04633750128988e-21	5.75485625709432e-21
"hsa-miR-205-3p"	5.01415244721762	2.03048772847563	4.077790190263	0.0434504489643556	0.0557796381441728
"hsa-miR-205-5p"	10.1669447173242	10.5541471156775	13.7322374106843	0.000210804907745205	0.000355139799534715
"hsa-miR-20a-3p"	-0.714384703031153	2.95267243835842	1.41128599496237	0.23484302804827	0.267778330762357
"hsa-miR-20a-5p"	-1.37175673802474	8.7109686177768	8.05128324029442	0.00454714341664584	0.00666043722385984
"hsa-miR-20b-5p"	-4.35467212268131	4.23257246249723	14.6570899357406	0.000128948679716772	0.000222585259449566
"hsa-miR-21-3p"	2.27697906981009	11.5690648281603	35.5147597502916	2.53125257222422e-09	6.33943166525797e-09
"hsa-miR-21-5p"	1.30710842474128	15.8084421067035	12.3468401801027	0.000441733508281362	0.000718297096074911
"hsa-miR-210-3p"	3.69949941613871	8.0068737521197	73.1186995623968	1.22082369607224e-17	5.26832379612711e-17
"hsa-miR-210-5p"	4.52862607818472	4.74494220722913	68.3559878419012	1.36490159275951e-16	5.46935566812917e-16
"hsa-miR-2110"	-1.86333785662842	2.98910412079813	23.3085683771959	1.3798393511923e-06	2.84591866183411e-06
"hsa-miR-2110-3p"	-1.7574599628054	4.50920348204494	29.9791654817244	4.3671349350543e-08	1.0425373185385e-07
"hsa-miR-2114-5p"	1.5471653542444	1.671493681284	1.22485603826442	0.268409753561104	0.304197720702585
"hsa-miR-2116-3p"	3.59309623340027	2.50272318666496	26.8047792139621	2.25080004718141e-07	5.11214099784926e-07
"hsa-miR-212-3p"	1.40175455815917	3.87077557926094	12.8574383872025	0.000336140414859591	0.000556267766183571
"hsa-miR-212-5p"	1.44926950511513	4.12894585909561	9.27012557243063	0.00232921733308545	0.00349382599962818
"hsa-miR-214-3p"	10.1161136517742	7.2078894292667	229.220338143948	8.81810087039725e-52	3.13811759965222e-50
"hsa-miR-214-5p"	8.9598104471628	6.09646355629527	212.873839881803	3.24261349589088e-48	9.09553085597392e-47
"hsa-miR-215-5p"	-1.45779810511467	4.28513994719906	14.3011391154466	0.000155770587324185	0.000268059200886098
"hsa-miR-218-1-3p"	9.21238787407277	5.39566147389777	110.89366052543	6.24313262904181e-26	4.43341443657272e-25
"hsa-miR-218-5p"	7.22507029210799	6.41041465266409	125.775866360567	3.44248616654179e-29	2.75890677061421e-28
"hsa-miR-22-3p"	2.23296773306525	15.9250591646027	42.6627034408723	6.50406576641612e-11	1.73751471188545e-10
"hsa-miR-22-5p"	1.21985930799568	6.70413051754041	17.6927214506657	2.5961811214814e-05	4.75966538938257e-05
"hsa-miR-221-3p"	2.10844983473654	12.8568749276094	39.4946280344776	3.28963126141756e-10	8.50453058827303e-10
"hsa-miR-221-5p"	3.05265208425923	9.47881924377775	53.4003969929956	2.7204187398731e-13	8.57390400600455e-13
"hsa-miR-222-3p"	3.92532722374833	13.0885385413243	101.708636348068	6.43193415402014e-24	3.87990866710247e-23
"hsa-miR-222-5p"	3.99369356549055	5.54524328845141	84.4985625361157	3.84494276667644e-20	1.87566338443955e-19
"hsa-miR-223-3p"	-5.69671568808708	6.86586364987184	34.3643082223658	4.57028059710936e-09	1.12948344272174e-08
"hsa-miR-224-3p"	6.61359534892592	3.0858039702378	57.3425581873481	3.66146086746726e-14	1.21543168440777e-13
"hsa-miR-224-5p"	11.7308434602487	9.53373566808428	184.128468840461	6.08223435878498e-42	1.13737782509279e-40
"hsa-miR-2277-5p"	-0.611396911880411	3.55669255688087	2.93719495184934	0.0865609337142299	0.106259701999306
"hsa-miR-2355-3p"	0.975223828944782	1.96723429955494	1.45436248472972	0.227829242842579	0.26084123517283
"hsa-miR-2355-5p"	0.577600777668519	4.19146316867452	1.94623340958864	0.162993315572148	0.191696540955923
"hsa-miR-23a-3p"	-0.351888138061044	11.1198536843498	1.90818191519757	0.167165354372329	0.196191974483005
"hsa-miR-23a-5p"	0.553222923021975	5.11155873671651	2.09943398419986	0.147353678039668	0.175510431805209
"hsa-miR-23b-3p"	2.58763701954093	9.69216723083204	68.8929508267218	1.03955734813985e-16	4.19562354177307e-16
"hsa-miR-23b-5p"	3.44025940346172	2.16709235065595	15.5389260800409	8.08236967309907e-05	0.000141694043331518
"hsa-miR-23c"	-5.39234402297575	2.12736820454211	11.0179700690967	0.000902328303671024	0.00141794447719732
"hsa-miR-24-1-5p"	2.37959876233549	2.16598185867584	11.3905427645522	0.000738189587062007	0.00117984147675723
"hsa-miR-24-2-5p"	1.62976573235786	7.00722790510657	19.3875180256266	1.06702183211447e-05	2.03605186332048e-05
"hsa-miR-24-3p"	0.0461966214646176	9.61165759897957	0.0244985871663275	0.87562296252272	0.893135421773174
"hsa-miR-2467-5p"	0.687122742022691	2.86493558014285	2.62955471845287	0.104891126238382	0.127367796146606
"hsa-miR-25-3p"	-1.60969393420602	11.5295660737103	22.919973803496	1.68887767021152e-06	3.45788457295133e-06
"hsa-miR-25-5p"	-0.224079117593436	4.63021359281214	0.376205299402937	0.539641125468416	0.574456681950249
"hsa-miR-2682-3p"	6.25171529127608	2.80741188882812	86.1265344889079	1.6878285825169e-20	8.4542128106427e-20
"hsa-miR-2682-5p"	7.54304544103386	3.85792566345253	104.094014255873	1.92940235116185e-24	1.20266079889088e-23
"hsa-miR-26a-2-3p"	0.328670103025203	4.79797073158051	1.00042718705117	0.317207163176394	0.355196044993926
"hsa-miR-26a-5p"	-2.09755738814823	15.415496681736	67.3872285977584	2.23089416986502e-16	8.81360302319914e-16
"hsa-miR-26b-3p"	-2.35576993660016	6.51904759909336	22.0636701618354	2.6375459208645e-06	5.26570555731312e-06
"hsa-miR-26b-5p"	-2.99310478195082	12.6283271081363	83.9884041636328	4.97685337047364e-20	2.40690925934113e-19
"hsa-miR-27a-3p"	-0.547281613363783	12.4115467962489	3.01021737382267	0.0827411944853127	0.101793443215483
"hsa-miR-27a-5p"	0.0823631122422057	6.39294053470134	0.0574473049380799	0.810577042780271	0.831323073125652
"hsa-miR-27b-3p"	2.86882466263228	13.9305059825728	61.7640822332552	3.87172667016109e-15	1.38346411589833e-14
"hsa-miR-27b-5p"	3.92232942783283	6.31611474750612	81.2362276553931	2.00286529249061e-19	9.2860118106383e-19
"hsa-miR-28-3p"	-1.46983689763972	12.4810605442143	26.5059337394192	2.62729862877469e-07	5.8956581229704e-07
"hsa-miR-28-5p"	-1.82261980727087	9.63127736163246	26.244280056068	3.0084457120437e-07	6.72405595401002e-07
"hsa-miR-296-3p"	4.24673626004915	4.75896453358231	26.125444614727	3.19939996427182e-07	7.12247372998608e-07
"hsa-miR-296-5p"	1.5936157700268	4.86377852212865	6.95311654186196	0.0083673341568652	0.0118238651435803
"hsa-miR-299-3p"	9.04599921186642	5.23739271062134	143.598620094248	4.34857871016188e-33	4.43555028436512e-32
"hsa-miR-299-5p"	8.04331433955027	4.30400738793944	98.2851958483231	3.62264114542954e-23	2.16202306658082e-22
"hsa-miR-29a-3p"	-1.06282040356064	14.0940548455604	17.8766464774546	2.35695728633169e-05	4.34951657115816e-05
"hsa-miR-29a-5p"	0.188756603778886	5.91499247268512	0.313917548741678	0.575286111510277	0.61008602751846
"hsa-miR-29b-1-5p"	0.958439995597453	4.18669665018643	4.0600137466031	0.043910141962079	0.0562410722391012
"hsa-miR-29b-2-5p"	-2.34742794331276	2.3759953356891	13.5343256706629	0.000234239531385415	0.000391096360438148
"hsa-miR-29b-3p"	-1.23967604216733	9.8759578556865	9.70116460788281	0.00184151267311255	0.00280730600439169
"hsa-miR-29c-3p"	-5.04684024276195	11.5091584788387	198.874113549722	3.67729869238913e-45	8.2518582657212e-44
"hsa-miR-29c-5p"	-3.35192265587845	5.63589613699347	54.5287103981785	1.53193296212412e-13	4.88303631677064e-13
"hsa-miR-301a-3p"	2.19863407676806	7.91359264045171	11.1785439217171	0.000827486866954179	0.00131412850857198
"hsa-miR-301a-5p"	3.01929178078953	2.57883898904575	16.900508581443	3.93910271873007e-05	7.0828096961781e-05
"hsa-miR-301b-3p"	2.74514436857124	5.11763043129362	24.7322331379188	6.58732330531806e-07	1.41049174590971e-06
"hsa-miR-302a-5p"	5.3405158593058	2.20307551977146	23.4374586779372	1.29041216989648e-06	2.67129604174143e-06
"hsa-miR-302b-3p"	4.56210350271985	1.78384280288062	20.6228253312289	5.59253584012349e-06	1.08186641596872e-05
"hsa-miR-302d-3p"	5.08622752394388	2.05298011381645	25.4518862438852	4.53553987755247e-07	1.00174719342793e-06
"hsa-miR-3074-3p"	0.177829473064961	1.62738269375868	0.0322982773914511	0.857374577823761	0.876115005754335
"hsa-miR-3074-5p"	-0.548728921482258	2.44404734139871	0.393863285586409	0.530275653095901	0.565560154727758
"hsa-miR-30a-3p"	9.30116050814599	7.0351137288233	187.457124287024	1.14131387591722e-42	2.28670387281986e-41
"hsa-miR-30a-5p"	10.5753094249698	12.3703776412689	312.131623718647	7.49669532451784e-70	8.41129215410901e-68
"hsa-miR-30b-3p"	-0.47412187304636	2.55305203469573	0.744164835930096	0.3883299902653	0.430539771815876
"hsa-miR-30b-5p"	-2.69645672755708	10.6867859911278	47.0774312479821	6.82369140307449e-12	1.98346677571232e-11
"hsa-miR-30c-1-3p"	0.610424834075401	3.77747473122609	3.39311663798667	0.0654690896489369	0.0817999093386495
"hsa-miR-30c-2-3p"	8.20627275953451	4.45230837950286	132.353637887732	1.2520546651874e-30	1.09750416745333e-29
"hsa-miR-30c-5p"	-0.745144569994082	11.3291792877553	5.92038254368606	0.0149667086567333	0.0205289084509227
"hsa-miR-30d-3p"	-0.294621580743187	5.44795616509611	0.497955107494246	0.4804000108239	0.522295360605054
"hsa-miR-30d-5p"	-1.33837373002808	12.384698323288	21.4369636670725	3.65653591185633e-06	7.24846871572933e-06
"hsa-miR-30e-3p"	-1.92901651675828	7.78143811801705	24.1175307724503	9.06314519169498e-07	1.91120572778521e-06
"hsa-miR-30e-5p"	-1.78390717273927	12.591579445304	22.2828825753106	2.35294730115816e-06	4.71429798553475e-06
"hsa-miR-31-3p"	4.52215573903292	7.91848567390098	62.8862828569018	2.18992078060291e-15	8.02970952887734e-15
"hsa-miR-31-5p"	4.9073838039872	13.1672260272062	150.906993344493	1.09828847409895e-34	1.28362465410315e-33
"hsa-miR-3117-3p"	6.55459533362651	3.038834328668	47.1105377490545	6.70939909377205e-12	1.97066643539588e-11
"hsa-miR-3129-3p"	6.06448967011403	2.67361576829247	44.8415210138273	2.13643995958806e-11	5.92022639561199e-11
"hsa-miR-3152-5p"	6.94572056943989	3.35139366608508	58.9388875983935	1.6264580143649e-14	5.52995724884064e-14
"hsa-miR-3158-3p"	1.14770907939042	3.23806784084496	5.86039081739717	0.0154853552430625	0.0210856414838787
"hsa-miR-3168"	1.87327799283582	3.45416619662476	9.11529878450984	0.00253480550841929	0.00379206904059526
"hsa-miR-3176"	1.30065926559523	3.19956104272825	4.18070372940169	0.0408867199638216	0.0528512670500091
"hsa-miR-3194-5p"	-4.43638687139389	2.81434587942595	79.0104007622316	6.17838073612307e-19	2.81794438452442e-18
"hsa-miR-32-3p"	-1.94609844757645	2.72583569224363	9.76056514057088	0.00178295093291464	0.00272543725712565
"hsa-miR-32-5p"	-4.47706940614716	6.78320259803306	42.979037494739	5.53295478464296e-11	1.48516154745679e-10
"hsa-miR-3200-3p"	3.62480063062749	3.34757695312123	22.6431484155721	1.95054539260361e-06	3.93617253687275e-06
"hsa-miR-3202"	-5.92560906308913	2.30306990089606	62.5706752857479	2.57052550019748e-15	9.31171067668229e-15
"hsa-miR-320a"	0.328318102901656	10.4453027013937	1.43951059002427	0.230218554025946	0.263039936473637
"hsa-miR-320b"	-2.37201044766347	3.87548196040656	43.0682216625367	5.2863965220962e-11	1.42580213889229e-10
"hsa-miR-320d"	-3.19820507083431	3.08269574868526	36.4642595432004	1.55491407468176e-09	3.91168966769718e-09
"hsa-miR-323a-3p"	9.04518074426658	5.82907525932247	149.509211023324	2.21940038516243e-34	2.49016723215224e-33
"hsa-miR-323b-3p"	6.84046438144589	4.80078086187168	86.8994524125692	1.1418098023701e-20	5.77076846062725e-20
"hsa-miR-324-3p"	0.267419249207093	5.03795308938539	1.08516136369081	0.297545786332398	0.334515403071092
"hsa-miR-324-5p"	-0.702822339837911	4.33571034705798	4.20082970420107	0.0404042060544003	0.0524693509178671
"hsa-miR-326"	-1.81644281211212	4.24403603605832	12.5020963223735	0.000406495637210247	0.00066679547507295
"hsa-miR-328-3p"	-0.282041196331068	6.3697862329218	0.9023904598413	0.342141548696993	0.382353404021939
"hsa-miR-329-3p"	9.25158937958863	5.43318116424582	189.122606162942	4.9413934721286e-43	1.0267117547645e-41
"hsa-miR-330-3p"	-1.6466457806013	5.39836312456893	26.9472198157241	2.0908768716193e-07	4.76821920722937e-07
"hsa-miR-330-5p"	0.193572433916471	5.76952251294683	0.164144491443409	0.685369097729476	0.708088515333767
"hsa-miR-331-3p"	0.736918938014718	8.29639261485175	3.92771646107207	0.0474963975384402	0.0606958519796469
"hsa-miR-331-5p"	0.217143867644321	3.73193295404349	0.400321658419603	0.526923185829879	0.564002923609202
"hsa-miR-335-3p"	2.32966378510647	7.41724354814364	21.1410123633134	4.26697706260272e-06	8.39920748112325e-06
"hsa-miR-335-5p"	0.00653655031195043	6.78583060747104	0.000162089844835123	0.98984204621963	0.98984204621963
"hsa-miR-337-3p"	9.54113976484868	5.71191490326892	204.502555190929	2.17433650850296e-46	5.30349035334853e-45
"hsa-miR-337-5p"	6.29772749690694	3.7104000833716	89.5046267191585	3.05922186200839e-21	1.65021486979491e-20
"hsa-miR-338-3p"	-8.61735727303655	6.49235753159175	66.5966840167428	3.33146067519746e-16	1.29788155471234e-15
"hsa-miR-338-5p"	-3.61577980509343	2.34848307362382	12.7789371692199	0.000350544038759891	0.00057839766395382
"hsa-miR-339-3p"	-2.49760097537189	8.6419050948715	71.1421866341635	3.32386432530119e-17	1.39155812424923e-16
"hsa-miR-339-5p"	-0.550885233541693	7.20212982285666	3.11780993110582	0.0774408008173774	0.0956922670893143
"hsa-miR-33a-3p"	-1.92312812726743	3.81595901575057	10.9354122151223	0.000943434923064531	0.00147428131431533
"hsa-miR-33a-5p"	-0.289743794695111	4.75094639206459	0.264133899270277	0.607294228971953	0.63680759337059
"hsa-miR-33b-3p"	0.327591105952571	3.02966050728222	0.406724920626015	0.523636504463447	0.562758772038302
"hsa-miR-33b-5p"	-0.209334100122697	4.68593372087156	0.182478164387867	0.66925213853042	0.692713006855288
"hsa-miR-340-3p"	0.803209255364534	3.99215136210336	3.50504352024029	0.0611822381424399	0.0766143651739035
"hsa-miR-340-5p"	-0.926299184184106	8.36425993051719	6.30433876032437	0.0120442829683622	0.0166835623339536
"hsa-miR-342-3p"	-6.02085160038648	12.4124890331256	197.189863687224	8.57211038888207e-45	1.84959766467802e-43
"hsa-miR-342-5p"	-5.90466899396004	7.47974076672776	288.787311289794	9.13675722312575e-65	6.40715100271693e-63
"hsa-miR-345-3p"	4.83141837550889	2.52957495741746	7.00964729122169	0.00810716501938735	0.0115142267743704
"hsa-miR-345-5p"	1.41855030251772	7.82905782868962	13.9460644154156	0.000188131102757107	0.00032079498068917
"hsa-miR-34a-3p"	5.23559137494327	3.11567118363223	27.8299205719165	1.32461667267596e-07	3.09629147238005e-07
"hsa-miR-34a-5p"	4.5586868098245	8.33402001407016	46.2183091901097	1.05783804312094e-11	3.04331867790178e-11
"hsa-miR-34b-5p"	5.69925984293216	3.42220192563099	38.25872506317	6.19594197520453e-10	1.57996520367716e-09
"hsa-miR-34c-5p"	6.34316016280099	6.56819006130988	97.7286164448766	4.79837522285037e-23	2.83356684212532e-22
"hsa-miR-3605-3p"	0.619507307795306	3.71447655209926	2.66434270990477	0.102620210590892	0.124880559959849
"hsa-miR-3605-5p"	2.28664149919649	2.8625331086222	20.7569924166213	5.21408453475413e-06	1.01214582145227e-05
"hsa-miR-3607-3p"	-4.25033231090735	8.30200419833735	62.1750158296214	3.14249612267619e-15	1.13008995180855e-14
"hsa-miR-3607-5p"	-5.0879932293958	2.28750497663785	34.0095311870946	5.4842766180837e-09	1.34942069418638e-08
"hsa-miR-3609"	-5.3271355723753	2.80183942090263	82.8357823873627	8.91612561019501e-20	4.23893768416898e-19
"hsa-miR-361-3p"	-3.64898900146467	10.6520264636959	87.59040003302	8.05144813932112e-21	4.10623855105377e-20
"hsa-miR-361-5p"	-0.726780092939626	7.7965965981194	9.40655761874065	0.00216210765528304	0.00326938650839296
"hsa-miR-3613-3p"	-0.933731215272901	2.73928663252499	3.02005840341196	0.0822405043740441	0.101399830667777
"hsa-miR-3613-5p"	-0.914317327154216	4.13364082035342	5.29393906932782	0.0213997628179661	0.0287896089709328
"hsa-miR-3614-5p"	2.63478237741688	2.05449203310553	4.73103477687727	0.0296230580514377	0.0393804160352051
"hsa-miR-3615"	-2.62169222520148	4.42756580625141	53.9399101441255	2.06715840306398e-13	6.55184104021975e-13
"hsa-miR-362-3p"	-1.36783569376006	3.50243106168866	7.76906837233685	0.00531484535869809	0.00766485410341807
"hsa-miR-362-5p"	1.06262001682638	3.81839252687762	4.91938756672882	0.0265569295480492	0.0353882125331487
"hsa-miR-363-3p"	-6.80512833581273	8.6965980463578	22.6892011619615	1.90435095728444e-06	3.85682630699123e-06
"hsa-miR-3651"	-0.636682554190725	3.18480647620112	1.52663006769946	0.216618916916237	0.249534317022605
"hsa-miR-3653-3p"	-3.71759856024994	2.99799176512551	27.2531149210708	1.78487349500696e-07	4.10374602745452e-07
"hsa-miR-3653-5p"	-4.18095884634523	2.72164666993578	54.7723569268377	1.35330925167635e-13	4.33832280108817e-13
"hsa-miR-365a-3p"	4.84315179267055	6.12816252095975	159.520018582887	1.4405205222243e-36	1.97105369016544e-35
"hsa-miR-365b-3p"	4.79938474859135	6.11946869483194	157.287549258103	4.42911494288406e-36	5.64712155217718e-35
"hsa-miR-365b-5p"	6.74072948284981	3.18735207019671	87.8298522815091	7.13341662291714e-21	3.74004366865095e-20
"hsa-miR-3661"	0.905458544553578	3.09824256077291	5.65193025734759	0.0174361690117735	0.0236272725014612
"hsa-miR-3677-3p"	1.86914572719253	2.75623728197008	7.92164205877067	0.00488469187583235	0.00709925425477188
"hsa-miR-369-3p"	9.3921005328266	6.17361766842408	103.815057878227	2.22110662579104e-24	1.35439219246606e-23
"hsa-miR-369-5p"	8.15020305782701	5.588457595411	181.076312757103	2.82111871843069e-41	4.9457737532488e-40
"hsa-miR-370-3p"	10.0833956589647	6.23830024582796	235.516085189909	3.73625784594917e-53	1.49717189398392e-51
"hsa-miR-370-5p"	5.89058086018536	2.55363648425388	48.2815348349316	3.69212611199924e-12	1.10174614299552e-11
"hsa-miR-374a-3p"	-0.508282646977948	7.23991243963217	1.35870888941049	0.2437613676824	0.276822119979405
"hsa-miR-374a-5p"	-2.26901127455674	6.67027748373939	57.8496896449198	2.82931617979173e-14	9.50446932253391e-14
"hsa-miR-374b-3p"	0.424008975767385	3.63372279366473	0.479310037434839	0.488735007616413	0.530329476349725
"hsa-miR-374b-5p"	-1.39697940138111	6.38847949337146	10.9554393058061	0.000933292428424549	0.00146250573281054
"hsa-miR-375"	11.9072181155027	8.03621788155161	10.0334599075486	0.00153722019546026	0.00235623095533662
"hsa-miR-376a-2-5p"	5.33702487153283	2.2011261788295	28.7865908881026	8.08086585394459e-08	1.90477552271551e-07
"hsa-miR-376a-3p"	6.83262772758922	4.9531483973158	118.848344226584	1.13050663916889e-27	8.6878660900513e-27
"hsa-miR-376a-5p"	8.65822932828569	6.07508199147515	95.1778655999251	1.7402524600785e-22	9.96205745004121e-22
"hsa-miR-376b-3p"	8.12652262504418	4.38528889757855	95.8950890447717	1.21135497977671e-22	7.00587776963645e-22
"hsa-miR-376c-3p"	8.83893308961153	6.78291162012587	142.736057520713	6.71337696364173e-33	6.60737627474212e-32
"hsa-miR-377-3p"	8.03174854064722	4.29372564562203	96.0013654394781	1.14804272828974e-22	6.70887469344317e-22
"hsa-miR-377-5p"	9.08414149322499	5.27340473109132	214.859732774037	1.19582075070493e-48	3.72697467303038e-47
"hsa-miR-378a-3p"	0.0796470725625663	10.0651239688674	0.0135946801848768	0.907180027633449	0.92364427495892
"hsa-miR-378a-5p"	0.0344427759840566	2.94571620496967	0.00139635446800312	0.970191725365284	0.973662894329024
"hsa-miR-378c"	-3.00298141440541	2.80562499045492	25.0539317774411	5.57489630051019e-07	1.21693261657051e-06
"hsa-miR-378d"	-3.64908367044212	2.41288135774979	40.4082791441322	2.0606604605535e-10	5.37688613195588e-10
"hsa-miR-379-3p"	8.06332675202904	4.32224949866482	112.369755946491	2.96517572177938e-26	2.16034231158212e-25
"hsa-miR-379-5p"	8.07445361664437	4.33211052727815	112.076859873871	3.43723379796689e-26	2.47216430853772e-25
"hsa-miR-380-3p"	6.33975186556801	3.98112896636211	80.4132540327872	3.03750947657786e-19	1.39675640685261e-18
"hsa-miR-381-3p"	9.80077312229852	9.3631228513492	142.690927066307	6.86765904947272e-33	6.64268401164517e-32
"hsa-miR-382-3p"	7.04166440688652	4.10231102383724	108.882195234433	1.72223481313274e-25	1.16406473514152e-24
"hsa-miR-382-5p"	8.72134711166303	6.01358028749436	180.539534780619	3.69503825845267e-41	6.28156503936954e-40
"hsa-miR-3909"	1.91849025660908	4.13377001781544	24.0730163318057	9.27509480988313e-07	1.94154036878524e-06
"hsa-miR-3912-3p"	-2.7495688180627	3.9723214715129	63.4321113877038	1.65989962093989e-15	6.2080245823152e-15
"hsa-miR-3928-3p"	1.64502046046622	2.60324393422618	6.64559835635497	0.00994010890671599	0.0139759425981646
"hsa-miR-3929"	4.05097261976306	1.57380784409902	7.99543775419597	0.00468953610068203	0.00685111914709016
"hsa-miR-409-3p"	10.4899563417437	10.5263711036753	376.335276834099	7.8133830697939e-84	1.46110263405146e-81
"hsa-miR-409-5p"	10.6296697926693	8.63619690517462	132.779003577327	1.01057762826067e-30	9.14409757184256e-30
"hsa-miR-410-3p"	9.09312843328915	8.63146434874949	145.620280780055	1.5716437215591e-33	1.66357005244274e-32
"hsa-miR-411-3p"	8.14244915546769	4.39460583084435	88.606341695275	4.81742310681727e-21	2.54959845558914e-20
"hsa-miR-411-5p"	10.873300616887	9.7592489524055	287.202772334395	2.02328438973521e-64	1.26118060293495e-62
"hsa-miR-412-3p"	4.64926117302035	1.82461061291471	20.362861610788	6.40610594232203e-06	1.23076213480913e-05
"hsa-miR-412-5p"	7.3250693482216	3.66995850464583	87.770876468472	7.34931285559318e-21	3.81755973332201e-20
"hsa-miR-421"	1.40370192438877	7.06253628171632	9.36285278638745	0.00221427240670095	0.00333031319077542
"hsa-miR-423-3p"	0.173378753791038	11.9406887085582	0.284937456608549	0.59348314364175	0.624660494527245
"hsa-miR-423-5p"	-0.630004601309392	11.6010959597916	3.86166562109136	0.0494012628185735	0.0629866100936812
"hsa-miR-424-3p"	3.82026294438595	4.95009681703936	41.9722004016897	9.25802918465357e-11	2.4383823345496e-10
"hsa-miR-424-5p"	3.33871510614513	6.34335707728105	33.5831160918977	6.82828675911377e-09	1.66550820515775e-08
"hsa-miR-425-3p"	-1.28627940090355	4.71280030684314	21.9372967289692	2.8170542967281e-06	5.60413993072506e-06
"hsa-miR-425-5p"	-1.23084524378588	8.33783930132081	15.1957608056075	9.69207528797637e-05	0.000168858827222197
"hsa-miR-429"	3.56277873737875	4.80228442778418	4.52779864312111	0.0333484889839145	0.0440200054587672
"hsa-miR-431-3p"	8.82803079113714	5.03086908381121	142.604996321715	7.17129166736443e-33	6.818804449816e-32
"hsa-miR-431-5p"	7.68938607892881	6.59682931619676	156.090479071556	8.0890193724377e-36	1.0084310817639e-34
"hsa-miR-432-5p"	10.3248182983503	6.47369928970254	229.190756888976	8.95006802039848e-52	3.13811759965222e-50
"hsa-miR-4326"	3.31445451708452	4.02659090169875	20.9350969614551	4.75109582822572e-06	9.28698522520777e-06
"hsa-miR-433-3p"	6.12084891571161	3.30678532930577	65.8997651681587	4.74448191558727e-16	1.83562369285825e-15
"hsa-miR-433-5p"	4.04958195299239	1.92136778278925	19.3080288575946	1.11237615286505e-05	2.11540007375354e-05
"hsa-miR-4421"	3.28545903157046	1.84006948956841	9.04677115118232	0.00263159164014852	0.00392639071841309
"hsa-miR-4433b-5p"	-4.13601199332332	1.45386010831981	14.8992466538132	0.000113408265194008	0.000196364311030366
"hsa-miR-4443"	-4.03289772700998	3.03995335726364	61.0577902405182	5.54237739008286e-15	1.95551806027452e-14
"hsa-miR-449a"	3.32335626968955	2.25051610177239	11.1309898455664	0.000848972740940897	0.00133805305652299
"hsa-miR-449b-5p"	0.766777257532038	1.57457309438667	0.457472466166255	0.498807594500699	0.539173527003645
"hsa-miR-450a-5p"	3.47429940231918	5.48258151845915	46.9479528907371	7.28970917768114e-12	2.10800353024697e-11
"hsa-miR-450b-5p"	4.78561938501065	6.30713838359959	56.7288243460668	5.00248841241623e-14	1.64116725109094e-13
"hsa-miR-451a"	-3.98617469058472	4.02009397233677	36.4684546838625	1.55157103407319e-09	3.91168966769718e-09
"hsa-miR-452-3p"	8.14878944265094	4.39920848041957	85.2991576254947	2.56472482576963e-20	1.27328374093519e-19
"hsa-miR-452-5p"	10.6400733701647	6.78323160899508	172.210824728822	2.43398620481768e-39	3.69044935379113e-38
"hsa-miR-4521"	3.72528591279907	4.18479779655274	31.6897206246658	1.80877040175554e-08	4.3550222977891e-08
"hsa-miR-4524a-5p"	4.98160908694419	1.99486151063167	25.3082900580405	4.88604256561716e-07	1.07492936443578e-06
"hsa-miR-454-3p"	-0.780342291186926	6.78536040235595	4.5845152032218	0.0322620965062416	0.042787319479909
"hsa-miR-454-5p"	0.157647585072881	4.02706825813517	0.250540511675059	0.616694743491486	0.645458490855828
"hsa-miR-455-3p"	5.70784909756993	6.24364329973329	57.0529610862225	4.24232160272325e-14	1.39996612889867e-13
"hsa-miR-455-5p"	4.40349803198189	5.72466165668305	67.8156007110381	1.79523425216258e-16	7.14274053520006e-16
"hsa-miR-4636"	1.68408015984897	1.90996969044945	4.11593178409537	0.0424811177469817	0.0546603372845338
"hsa-miR-4645-3p"	-1.77505611463116	2.44476801894272	16.0910701761015	6.03680238970297e-05	0.000106498306308911
"hsa-miR-4662a-5p"	0.321505901888022	3.21575247591087	0.234795849735125	0.627990355944642	0.656056964031553
"hsa-miR-4677-3p"	1.16854957771022	4.74423634929382	10.3347479832317	0.00130548947997231	0.0020175746508663
"hsa-miR-4772-3p"	-6.87349954038737	2.97390076679424	56.3398456351909	6.09673198733734e-14	1.98852711912572e-13
"hsa-miR-4772-5p"	-9.24747756131023	5.03819574965071	93.0241968656022	5.1658889692048e-22	2.89806371172389e-21
"hsa-miR-4775"	5.84352266825914	4.3623416044739	119.735163063948	7.22960487011148e-28	5.63306712796186e-27
"hsa-miR-484"	-0.305562051194893	10.0748976857278	1.04785533176178	0.306001540735823	0.343333728705593
"hsa-miR-485-3p"	7.68280433740283	5.52723608212262	185.879600856114	2.5221790405803e-42	4.87911186815706e-41
"hsa-miR-485-5p"	9.73578466219981	5.89996280652039	140.411106055869	2.16428903855458e-32	2.02361025104853e-31
"hsa-miR-486-3p"	-0.0522205921515218	3.5303212593698	0.00718932587955479	0.932428429174941	0.945917448041848
"hsa-miR-486-5p"	-0.0409319404843244	8.77390804232563	0.00645977710736645	0.935940808204524	0.947766775095195
"hsa-miR-487a-3p"	7.76638026144262	4.05561635088815	82.6286568129166	9.9011161701114e-20	4.62877180952708e-19
"hsa-miR-487b-3p"	9.35395269133863	7.60159077956841	214.326564143968	1.56306407687956e-48	4.61515235331282e-47
"hsa-miR-490-3p"	4.38542410158172	2.18455299033492	7.76271643214622	0.00533356850847174	0.00767213316218627
"hsa-miR-493-3p"	9.14148520264929	6.45042883138167	208.808690273572	2.49907483855864e-47	6.37264083832454e-46
"hsa-miR-493-5p"	9.81861588625859	5.98030581057981	238.742959499439	7.39263733377893e-54	3.19020734173075e-52
"hsa-miR-494-3p"	9.22127774826154	6.05341145962122	161.856038867967	4.44774987012936e-37	6.39791712087839e-36
"hsa-miR-495-3p"	8.37731609519045	5.75184309369825	199.298752377924	2.97071600456389e-45	6.9440486606681e-44
"hsa-miR-496"	7.56325548633523	3.87587629283898	72.3307396712618	1.81990360563903e-17	7.73459032396588e-17
"hsa-miR-497-5p"	3.30522476436336	5.11233077677303	24.7511671127731	6.52292907826539e-07	1.40205487084555e-06
"hsa-miR-499a-5p"	-4.53184034620063	2.13786470749785	47.2801057670808	6.15335864551088e-12	1.81686010533242e-11
"hsa-miR-500a-3p"	1.71781117969277	8.96088422952538	22.3746511633303	2.2431520984117e-06	4.51042411186008e-06
"hsa-miR-501-3p"	1.60538219693571	7.89759757932939	16.4971167482785	4.87241119396764e-05	8.65548907317925e-05
"hsa-miR-501-5p"	2.29420849271372	3.22215831373768	22.7430608201936	1.85171583188822e-06	3.77750029705196e-06
"hsa-miR-502-3p"	1.32748010428069	5.06297185888393	10.4037086377624	0.00125762479916679	0.00194897102854301
"hsa-miR-502-5p"	1.48068405069872	2.20453178722267	6.50610049736992	0.0107505006903564	0.0150775772182248
"hsa-miR-503-5p"	5.53461339663864	3.29984731106023	43.2131545391535	4.9089532997838e-11	1.33039748849213e-10
"hsa-miR-504-5p"	5.67599393693021	2.41273309012763	24.820867503302	6.29126937881797e-07	1.35746235442957e-06
"hsa-miR-505-3p"	0.269688406287487	6.35897120669141	0.566438002133285	0.451677841409795	0.495873324913688
"hsa-miR-514a-3p"	-4.10576249748024	1.92238655100551	21.3280195172136	3.87032957941297e-06	7.64526371144603e-06
"hsa-miR-532-3p"	1.12880825683468	5.54350973156599	16.8624874225096	4.01880423702707e-05	7.20303251428814e-05
"hsa-miR-532-5p"	0.575039858395755	9.21390158653064	3.37277643231662	0.0662819647127768	0.0826315160085951
"hsa-miR-539-3p"	8.93384435953108	5.87193583990107	115.045990521197	7.68933259123672e-27	5.75162077824507e-26
"hsa-miR-539-5p"	7.26219089418233	3.61666615292329	105.42306963167	9.86546124894022e-25	6.28923154619939e-24
"hsa-miR-541-5p"	6.16631108132195	2.74868029851203	44.8894124998646	2.08482081331924e-11	5.84792238136046e-11
"hsa-miR-542-3p"	4.48137156289848	4.08546744148446	51.7261372317824	6.38076384296983e-13	1.9886713977256e-12
"hsa-miR-542-5p"	3.3985527485323	2.70962783277364	20.7892939060476	5.12687660215405e-06	9.98672838127923e-06
"hsa-miR-543"	7.82438311185017	5.28935004875043	143.535284397904	4.48946937080436e-33	4.49748628039509e-32
"hsa-miR-548au-5p"	-4.6499291824758	2.67545282395064	48.8686968762593	2.73684019614495e-12	8.25466317224365e-12
"hsa-miR-548e-3p"	-1.58699583572453	5.77358097819647	17.3115248375137	3.17256877380604e-05	5.79743023487032e-05
"hsa-miR-548e-5p"	-1.61292367465417	3.39235399834068	11.1307048624838	0.000849103187383575	0.00133805305652299
"hsa-miR-548h-5p"	2.80778175161599	1.98699317460082	10.6641469520399	0.00109232216966859	0.00170185167134206
"hsa-miR-548j-3p"	-2.88286769632154	2.35371393718982	15.5313900518668	8.11465300287344e-05	0.000141816832853956
"hsa-miR-548j-5p"	-2.88047209528813	2.26451053665124	13.7524155870633	0.00020855245491873	0.00035240339520906
"hsa-miR-548k"	-0.277744268999649	5.63766325487417	0.51998501490791	0.470848074273733	0.514904034439697
"hsa-miR-548o-3p"	-0.751582156326089	3.89338474637899	3.83297597259963	0.0502536313564502	0.0639280888684094
"hsa-miR-548w"	-1.96045618062468	3.30745571781377	30.2704681285311	3.75804419029706e-08	9.00967004596859e-08
"hsa-miR-549a"	5.63546743279728	2.38041829012111	25.4743634625012	4.48300448841802e-07	9.94057516997039e-07
"hsa-miR-549a-5p"	7.35478126109848	4.25282367316781	57.4740045802389	3.42475854919066e-14	1.14362472981902e-13
"hsa-miR-550a-3p"	-0.0285059490226167	3.23351577665016	0.00386368339013643	0.950436583413489	0.960711573504445
"hsa-miR-550a-5p"	1.42176814815207	2.57746434832471	4.19676025489257	0.0405012853803948	0.0524739517284098
"hsa-miR-561-5p"	7.38619439041957	3.72429811896959	55.5766834527322	8.98834459162941e-14	2.90673719396235e-13
"hsa-miR-5690"	-5.6919119937644	2.98227746632577	93.4406693067121	4.18561224986091e-22	2.37184694158785e-21
"hsa-miR-5696-3p"	-3.05401289645855	2.62329887268689	52.1763552338618	5.07333507733268e-13	1.59002289295175e-12
"hsa-miR-574-3p"	7.0035728775148	8.820613791998	134.174576384013	5.00365425860056e-31	4.60172137553265e-30
"hsa-miR-574-5p"	6.9165849996997	3.32915546584789	64.1979781900132	1.12524164606291e-15	4.23664807678719e-15
"hsa-miR-576-5p"	-2.16341335667804	5.53729273926476	71.2821783890843	3.09619861866956e-17	1.30599054516814e-16
"hsa-miR-577"	-2.27049421248924	1.86415213196571	7.96677987965299	0.00476436192137507	0.00694235594257511
"hsa-miR-580-3p"	-2.67489084655702	2.3021709530755	25.1694468104326	5.25074929002166e-07	1.15065248113365e-06
"hsa-miR-582-3p"	1.61755921764999	3.91668522702621	4.40377916170981	0.0358593828248067	0.0471126786058936
"hsa-miR-582-5p"	0.516667090854371	3.50365510482604	0.336775483503374	0.56169641380026	0.596802439662776
"hsa-miR-584-5p"	5.28959366992189	6.20555324805836	70.2984895250717	5.09767133616072e-17	2.1183656441379e-16
"hsa-miR-585-3p"	5.67627731627999	2.41294526474491	33.7861513203369	6.15152109578457e-09	1.50698835577954e-08
"hsa-miR-589-3p"	-0.453177112984177	4.41328044527122	1.53507624903727	0.215352186152865	0.248585548213492
"hsa-miR-589-5p"	-0.830972708286969	7.70065724933889	3.52860231194266	0.0603186155749564	0.0757018866611868
"hsa-miR-590-3p"	-1.69487789003872	6.08287358058441	13.7782646548412	0.000205702359765721	0.000348637534225285
"hsa-miR-590-5p"	-1.62672429088222	2.47286757415025	6.42612879422899	0.0112453417322929	0.0156541853891223
"hsa-miR-598-3p"	-2.82883946706593	4.8121389617296	19.032938102821	1.28481405248939e-05	2.41872712565956e-05
"hsa-miR-605-3p"	5.96030520327518	2.59834600123356	26.7315582033458	2.33772183318615e-07	5.28815301781221e-07
"hsa-miR-605-5p"	4.12053942823532	1.59458093162687	13.6506523780018	0.000220164812391849	0.000368693909706948
"hsa-miR-615-3p"	3.45518371747966	4.31038327535042	11.8019297628108	0.000591693578382131	0.000956599704531342
"hsa-miR-616-5p"	-1.16368511166461	3.83233443329525	5.99686327835753	0.0143313364406931	0.0197540042831175
"hsa-miR-625-3p"	0.099565450252128	6.35103394577605	0.0590582859689803	0.807990596466524	0.830188140325495
"hsa-miR-625-5p"	1.08054080762174	5.69885816356003	9.42504468060597	0.00214041883115329	0.00324533774128918
"hsa-miR-627-3p"	-1.67701979017062	2.471795089417	17.0213204612065	3.69624395310751e-05	6.71065649738937e-05
"hsa-miR-627-5p"	-2.0514331756916	2.38642630413002	15.6513208653884	7.61593699905103e-05	0.000133935443776415
"hsa-miR-628-3p"	-1.28327736132728	2.90560219679552	12.8939483252026	0.00032964627500542	0.000547134793722013
"hsa-miR-628-5p"	-0.0151360254462866	3.88129125116513	0.00176024546800591	0.966534348585188	0.971730769814141
"hsa-miR-629-3p"	-1.92594690626699	3.01852721813772	17.7499200305068	2.51928083169075e-05	4.63382474288036e-05
"hsa-miR-629-5p"	-0.214075645581632	4.95853044094436	0.189445802188072	0.663378272279982	0.687902422826377
"hsa-miR-641"	0.416185807498451	3.95982243382106	1.5048772219619	0.21992244401546	0.252704912998137
"hsa-miR-642a-3p"	-4.87595711383938	2.36645274186481	76.2236350789463	2.53291921073002e-18	1.10152533117794e-17
"hsa-miR-642a-5p"	-5.09286758521623	3.19503224096105	88.9134799501091	4.12463207775653e-21	2.20373199582992e-20
"hsa-miR-6503-3p"	-5.42560297414627	2.01589229150962	17.0331601950114	3.67326859295163e-05	6.69059636573332e-05
"hsa-miR-651-5p"	-2.79499821174075	2.7883758713756	24.9151347795977	5.99102396816819e-07	1.29766967032523e-06
"hsa-miR-6511b-3p"	0.405175437512533	2.78379207529099	0.78224361097174	0.376455840960231	0.419031203925971
"hsa-miR-6516-3p"	-4.31183258382727	2.60917804183476	55.5707427952975	9.01554851603296e-14	2.90673719396235e-13
"hsa-miR-652-3p"	-1.70063855823853	6.62368890166056	13.6529811194029	0.000219891926054295	0.000368693909706948
"hsa-miR-652-5p"	-1.39371165987822	3.27483010396966	8.91994361059801	0.00282073221238703	0.00417527907954914
"hsa-miR-654-3p"	9.92962909766242	10.1265545116196	304.414905244018	3.59695665373263e-68	3.36315447124001e-66
"hsa-miR-654-5p"	8.33433804204244	4.57020149461116	109.71362448829	1.13220971839006e-25	7.7459713660588e-25
"hsa-miR-655-3p"	6.87170436920307	3.29220866149249	65.0667660557137	7.24029084456864e-16	2.76313140394762e-15
"hsa-miR-656-3p"	7.03192848168777	4.7389418151114	130.834114355663	2.69187158216336e-30	2.28809084483886e-29
"hsa-miR-659-5p"	-1.76962494173062	3.31433949173768	16.9548829957473	3.8278736261288e-05	6.92721646534922e-05
"hsa-miR-660-5p"	0.474834442151339	8.46915311622846	1.50259704016943	0.220272196891424	0.252704912998137
"hsa-miR-664a-3p"	-2.61635618741498	6.25730553772853	36.5670060621566	1.47507429448784e-09	3.74441936293066e-09
"hsa-miR-664a-5p"	-3.22085770092808	3.47328881014785	42.5346365234773	6.94415743575767e-11	1.8462901997441e-10
"hsa-miR-664b-3p"	-3.27781003080027	3.12122185121737	44.8448878406426	2.13276963510574e-11	5.92022639561199e-11
"hsa-miR-665"	9.04269281328332	5.2342186709577	153.054755922913	3.72654262515949e-35	4.44806470790314e-34
"hsa-miR-668-3p"	6.46540037351078	2.97600793652631	82.9277449934964	8.51081802466237e-20	4.08082812977401e-19
"hsa-miR-671-3p"	2.02949684207967	7.01620882680081	45.2379695563002	1.74489115118368e-11	4.9438582616871e-11
"hsa-miR-671-5p"	0.457230046934638	4.61919739141811	1.64023592020724	0.200293102015674	0.231679237589264
"hsa-miR-6731-3p"	-6.4623700204178	2.66176165337256	106.590280423828	5.47410265908524e-25	3.52985240430669e-24
"hsa-miR-6769b-3p"	-3.27639553966968	2.98534054160154	51.4795213091224	7.23478474098348e-13	2.24238355784074e-12
"hsa-miR-6803-3p"	-3.45643504720263	3.36512078076585	62.5689683976704	2.57275428678388e-15	9.31171067668229e-15
"hsa-miR-6842-3p"	-4.62942022902525	3.62703267466388	92.4352479510961	6.95640086569754e-22	3.86390186698646e-21
"hsa-miR-6852-5p"	1.49930727359837	2.34069264347726	7.81079448822558	0.00519350664715664	0.00752857165130459
"hsa-miR-7-1-3p"	-3.34612605866765	5.89498167255157	165.278695260378	7.95114948143769e-38	1.1738407523912e-36
"hsa-miR-7-5p"	-1.86460905030973	6.03615449056685	8.18646908561549	0.00422039870302865	0.00621428785406581
"hsa-miR-708-3p"	6.32101125810834	5.42386441520632	110.790600083106	6.57627953727812e-26	4.61161602551628e-25
"hsa-miR-708-5p"	5.26827812313476	5.81763543840955	67.1357000526146	2.53447032571938e-16	9.94292204705294e-16
"hsa-miR-744-3p"	2.04395841602306	2.79496270741172	14.0678811195796	0.000176329336218053	0.000301587675665633
"hsa-miR-744-5p"	1.3697492707314	7.36174157679163	22.7350011779468	1.85949838927369e-06	3.77963259558892e-06
"hsa-miR-758-3p"	8.76594364241245	6.17899438581906	143.616794087428	4.30897319254646e-33	4.43555028436512e-32
"hsa-miR-758-5p"	5.56885829980964	2.339693391754	43.4723478881628	4.29992815413967e-11	1.17099985168561e-10
"hsa-miR-766-3p"	-4.36142134898418	6.09695155393081	115.954114758292	4.86421760927848e-27	3.68760280919625e-26
"hsa-miR-769-5p"	0.0154907742768991	9.46394397729744	0.00358343094511504	0.952265732126002	0.960829272882531
"hsa-miR-770-5p"	4.51977834813993	2.13362382917316	21.0589170057725	4.45375357824355e-06	8.73620894193928e-06
"hsa-miR-7706"	0.682083953331139	4.91119359804444	3.63601199284791	0.0565422198358419	0.0716031271510322
"hsa-miR-7974"	4.9875546030965	4.42180100904334	35.0230863889969	3.25819325105264e-09	8.08781599044483e-09
"hsa-miR-7976"	0.123663788148461	3.00544655921171	0.0701273656262877	0.791151426199105	0.814377890087519
"hsa-miR-7977"	-0.290559279423229	2.21030064828303	0.193673998971327	0.659876210610043	0.685538063244878
"hsa-miR-873-3p"	-4.91596472326727	4.1591288662455	8.95952980878375	0.00276025924548967	0.00410744147671009
"hsa-miR-873-5p"	-7.59719866144703	6.28085489632452	17.8957315632797	2.33343873724124e-05	4.3203271669714e-05
"hsa-miR-874-3p"	-3.63575912670661	6.75587049213914	45.6143736680518	1.43981137738143e-11	4.10017351629941e-11
"hsa-miR-874-5p"	-4.48237834962135	3.53593525784064	61.687280985719	4.02572340231341e-15	1.42938660044166e-14
"hsa-miR-876-5p"	-6.32626225356825	3.75753768345494	6.41959846319042	0.0112867678336669	0.0156729622640771
"hsa-miR-877-3p"	1.26472248049384	1.65570493286211	1.86861112209804	0.171634234207712	0.201016295178552
"hsa-miR-877-5p"	1.32008085014775	5.366592139817	16.9319055804284	3.87448612702066e-05	6.9890248143363e-05
"hsa-miR-887-3p"	8.50434377011072	4.72687414008998	157.452476548965	4.07641765784292e-36	5.3183030373253e-35
"hsa-miR-887-5p"	5.79496015500737	2.48681295275003	63.2475175983322	1.82297256816576e-15	6.72820796540125e-15
"hsa-miR-889-3p"	10.1077012258544	6.92691881007306	131.054097791226	2.40949544103604e-30	2.07957991141726e-29
"hsa-miR-9-3p"	-0.680063378158378	2.40646212191353	0.301569373885556	0.582900233013927	0.615960216381965
"hsa-miR-9-5p"	0.686154835471709	5.37768518045385	0.398605678042969	0.527810222628933	0.564002923609202
"hsa-miR-92a-1-5p"	-0.777327774998873	3.53382475305751	2.7936113298428	0.09464072549812	0.115671997831036
"hsa-miR-92a-3p"	-1.83261178463032	15.5541030846889	27.0966980990675	1.93528213851554e-07	4.43140114166211e-07
"hsa-miR-92b-3p"	3.15425990911486	11.4873269917498	59.169656294114	1.44647217550261e-14	4.94799323449369e-14
"hsa-miR-92b-5p"	1.84964883303264	2.38462172177194	5.8977070479807	0.0151606090784792	0.0207441504707972
"hsa-miR-93-3p"	0.666900353722797	4.41848246606635	4.13675287563415	0.0419615880984287	0.0541159791338356
"hsa-miR-93-5p"	-0.669189941671612	9.39301605267302	3.32353878147916	0.0682946770599595	0.0849519153672667
"hsa-miR-935"	9.74848696527254	5.91237313753654	179.750150668246	5.4950641547197e-41	8.80780283085072e-40
"hsa-miR-939-3p"	-0.0625414806389775	1.59798419252527	0.00331753118496891	0.954068831866685	0.960920313603609
"hsa-miR-940"	2.41772274410394	3.78589185940487	27.7235282748402	1.39950183189593e-07	3.23094867363628e-07
"hsa-miR-941"	-0.607464964078915	7.77401202918865	2.1704291673752	0.140686966848165	0.167926358301745
"hsa-miR-941-3-5p"	-0.610116572358736	5.49745390267354	2.24592187508401	0.133967047660341	0.160932577596255
"hsa-miR-942-5p"	-1.29010984113479	3.69957239280604	13.8759700757464	0.000195279362471935	0.00033197491620229
"hsa-miR-944"	3.83515218812089	3.75856392880482	3.59347465595055	0.0580068389073109	0.0729637592533665
"hsa-miR-95-3p"	-7.3962979964041	3.38238727049723	173.373379958093	1.3565253319676e-39	2.11391864231618e-38
"hsa-miR-96-5p"	4.72889721343499	4.45484391350686	6.4482255399308	0.0111063213603409	0.0154991201073414
"hsa-miR-98-3p"	2.54332260103378	3.84611119131801	27.8127519311281	1.33642346747455e-07	3.11092765665237e-07
"hsa-miR-98-5p"	0.993435295043819	10.5765608757895	8.87772933246855	0.00288670353811254	0.00426168601284509
"hsa-miR-99a-3p"	2.68521744324536	2.98722551423789	18.4905672773312	1.70747279475575e-05	3.18236623873081e-05
"hsa-miR-99a-5p"	1.26395382275323	7.79612375775901	3.81767090384294	0.0507146884101919	0.0643686429821667
"hsa-miR-99b-3p"	3.22477000398355	5.33971471898424	77.3572378697455	1.42670930854349e-18	6.25299939135078e-18
"hsa-miR-99b-5p"	2.88781461947761	13.4939794642979	47.7339342863014	4.88168284688309e-12	1.44900744820181e-11
