"logFC"	"logCPM"	"LR"	"PValue"	"FDR2"
"hsa-let-7a-3p"	0.199204581201221	5.27230933712332	0.121500730839474	0.727412491544588	0.758405003715661
"hsa-let-7a-5p"	-0.350277218679292	14.7634839107776	1.02642510197509	0.310999789857856	0.373918822488058
"hsa-let-7b-3p"	-0.464166681992637	5.00145423957812	1.05067820927814	0.305350940884656	0.369261602930281
"hsa-let-7b-5p"	-0.37571618854212	11.1070380121606	0.936519060036151	0.333174661062092	0.39375187216429
"hsa-let-7c-5p"	0.793664026011558	4.92186728846787	1.7501710321579	0.185855232687412	0.236439684397441
"hsa-let-7d-3p"	1.4979084892691	7.52033504268763	22.4339213491266	2.17498587121172e-06	8.69994348484687e-06
"hsa-let-7d-5p"	0.923478689538186	10.4791665255931	9.21912010990206	0.00239500622051227	0.00481315259774447
"hsa-let-7e-3p"	3.92765060380891	2.61211964606089	31.9307300043234	1.59769481033896e-08	9.63247885653631e-08
"hsa-let-7e-5p"	4.41562348217794	9.5131851621256	90.9628071057434	1.46398199454452e-21	3.38342505405844e-20
"hsa-let-7f-1-3p"	1.224043056024	3.89489938360418	8.4644328416918	0.0036215815898819	0.00697489787680959
"hsa-let-7f-2-3p"	0.147197897169424	4.12942906839018	0.0456789624306939	0.830760443985222	0.851222523886336
"hsa-let-7f-5p"	-0.510027678936942	15.32857663984	2.61280064114089	0.106004404278382	0.143174779804568
"hsa-let-7g-3p"	-2.16318106699623	5.39540402382127	15.2339381533217	9.49810868985415e-05	0.000256572286686969
"hsa-let-7g-5p"	-2.50390865817716	15.177480203383	41.2086803654984	1.36813611119373e-10	1.01632968260106e-09
"hsa-let-7i-3p"	-1.66352099472738	7.17502862198531	9.32481645649179	0.00226070964274766	0.00456531656011179
"hsa-let-7i-5p"	0.385198821782214	13.3249645518381	2.14266393044285	0.143252944500998	0.186228827851297
"hsa-miR-1-3p"	0.442822031264006	2.10124760796846	0.083475781597885	0.77264125383226	0.801543046369626
"hsa-miR-100-5p"	-0.584017396700894	7.28247575304046	0.395758163829058	0.529288089082729	0.585595332602168
"hsa-miR-101-3p"	-3.46521390910798	14.200844557042	28.1427368508776	1.12689772401101e-07	5.78752411343924e-07
"hsa-miR-101-5p"	-2.68523828855544	5.7302842649131	19.5121376378232	9.99624894240031e-06	3.2487809062801e-05
"hsa-miR-103a-3p"	0.310472139427058	12.6255676885477	1.15229230976283	0.28306980258567	0.344318824197774
"hsa-miR-106a-5p"	-3.52277970587923	4.51905573889466	15.3545324924093	8.91069057333594e-05	0.000243871531480773
"hsa-miR-106b-3p"	-2.52593868531032	8.67909234116285	50.3437796468736	1.29038467642053e-12	1.30926835461205e-11
"hsa-miR-106b-5p"	-1.60705847183583	8.50264558629049	15.0937566226914	0.000102301074028556	0.000271065266215792
"hsa-miR-107"	0.895075820711313	4.60087934838869	4.54859976170823	0.0329456786091619	0.0502029388330086
"hsa-miR-10a-5p"	-2.48350779898059	11.9487202812428	8.34023914512541	0.00387764932905612	0.0073995510132447
"hsa-miR-10b-5p"	-1.44657149121702	5.23617873247049	2.30807687445413	0.128703197890066	0.169432057981859
"hsa-miR-1226-3p"	2.80612812822228	3.4242157095976	19.7870462425996	8.65673807933527e-06	2.88096243280278e-05
"hsa-miR-1228-3p"	7.52397704353992	2.95628606117885	96.7784136001749	7.7536860769391e-23	2.15035560533778e-21
"hsa-miR-1228-5p"	5.28891342476171	1.67562776852678	20.7009889976034	5.36882647778383e-06	1.95915071470006e-05
"hsa-miR-1237-3p"	1.78803308287529	1.96347939162964	4.30729559327228	0.0379492454381475	0.0559818656108842
"hsa-miR-1248"	-1.31508269665046	3.61623495489378	4.24434966964623	0.039381149754056	0.0578888985784003
"hsa-miR-1249-3p"	4.24324152739326	5.8245474812156	91.7473537926741	9.84798768795211e-22	2.40986051658122e-20
"hsa-miR-1255a"	0.171000976091174	2.29820071589517	0.0164070579769966	0.898077719191578	0.913448242502925
"hsa-miR-125a-3p"	1.17953013292598	2.96570954166583	4.70645340137292	0.0300495835852421	0.0461277740644307
"hsa-miR-125a-5p"	0.269386700487965	12.980420587534	0.342618147188205	0.558321862235311	0.606427923472296
"hsa-miR-125b-2-3p"	-0.0378067368897939	2.86573233346096	0.00233415410124493	0.961466727078015	0.966111493875493
"hsa-miR-125b-5p"	-2.57616148404595	7.22812299825045	11.2052380720677	0.000815667613166461	0.00177653260249868
"hsa-miR-126-3p"	0.264921870648641	3.95901227446909	0.213039831238541	0.644395177351224	0.682107872208929
"hsa-miR-126-5p"	-0.529974096327895	5.45928966653	0.445740649487821	0.504364623149346	0.561004500615315
"hsa-miR-1260a"	-0.562988124505706	5.22303544611448	1.7045803266418	0.191690058029334	0.243119097988424
"hsa-miR-1260b"	0.369288722672319	3.86452338032753	0.458442933903152	0.498352570486236	0.555803403008778
"hsa-miR-127-3p"	0.422533684482251	3.4289910507343	0.687136774867772	0.407139980456153	0.463855768823798
"hsa-miR-1271-5p"	-1.18682629558491	7.03739972075233	10.9494039826576	0.000936337290142947	0.0020182192367848
"hsa-miR-1273h-3p"	-1.58083836057126	4.33642562347755	6.8487391970219	0.00887038489835916	0.0156359327021924
"hsa-miR-128-1-5p"	0.912431924597411	3.54900633814724	4.34841079135073	0.0370434977818004	0.0552333156889927
"hsa-miR-128-3p"	-0.515005669374876	9.56643938672695	3.09070984347386	0.0787404518378013	0.108824013171181
"hsa-miR-1285-3p"	0.90268308531277	4.13482860431188	0.99687215884531	0.318068539354828	0.381315597612705
"hsa-miR-1287-5p"	-5.78032251517021	2.70490356118383	26.3574224414555	2.83726462685308e-07	1.38859068796574e-06
"hsa-miR-1291"	-1.83201497906094	2.71801421787138	7.88576062104353	0.00498255189137124	0.00917142295048865
"hsa-miR-1294"	-2.21537036903853	2.19168111357945	4.34224524104147	0.0371778654923844	0.0552356858743997
"hsa-miR-1296-5p"	2.88081634787965	3.30371449946956	29.677614957595	5.10205966155552e-08	2.75643742754168e-07
"hsa-miR-1301-3p"	3.22531175491781	6.59570275582718	112.674745299192	2.54240240232376e-26	9.61490363060622e-25
"hsa-miR-1303"	6.27749473844231	2.85682557364899	25.7321663204861	3.92234745851234e-07	1.83336690195633e-06
"hsa-miR-1304-3p"	1.38729766893145	4.2521683380828	13.1630844288438	0.000285518515553544	0.000678718299830139
"hsa-miR-1306-5p"	0.433772214239532	3.12272969639822	0.881407619872194	0.347816433376684	0.40761906932822
"hsa-miR-1307-3p"	1.38339172693689	7.77330107980124	23.8025744988315	1.06739598708702e-06	4.48521950129496e-06
"hsa-miR-1307-5p"	0.169480944830662	8.81228373489948	0.0693068166093056	0.792348740204743	0.813869323272033
"hsa-miR-130a-3p"	0.946214456342229	5.04828973551753	4.32670082562047	0.037518900701882	0.0555439953451349
"hsa-miR-130b-3p"	0.769317069633431	7.49989977866721	4.4993627663335	0.033907487048471	0.0514799803363647
"hsa-miR-130b-5p"	0.93313341780701	5.56494793557393	5.44996813364932	0.0195686836500772	0.0311899325610426
"hsa-miR-132-3p"	1.79848107184091	6.59066077273991	29.5299749213089	5.50585725586122e-08	2.93645720312598e-07
"hsa-miR-132-5p"	1.31184262076483	4.22876360978877	8.52499871576148	0.00350300997733037	0.00684155939234476
"hsa-miR-133a-3p"	2.75277051579343	3.81887950287757	6.08210010694249	0.0136558335965986	0.0225429633975596
"hsa-miR-1343-3p"	3.24627502765567	2.21236456920868	25.4035207491122	4.65068563399886e-07	2.14965024860392e-06
"hsa-miR-139-5p"	4.12035288211719	2.93072563832237	52.4142336182841	4.49454527717898e-13	4.92034430343804e-12
"hsa-miR-140-3p"	-1.44104779037258	12.6595839888569	19.3999008771143	1.0601256208238e-05	3.39240198663617e-05
"hsa-miR-140-5p"	-1.02451939185134	6.85727158870034	4.44808979481851	0.0349403091498495	0.0526812875921546
"hsa-miR-141-3p"	-4.00168544410419	8.56861133494847	48.7254586371406	2.94419689256454e-12	2.84833931931826e-11
"hsa-miR-142-3p"	-3.48199886150783	12.7473239255206	29.0337951239695	7.11265852751199e-08	3.74539993347467e-07
"hsa-miR-142-5p"	-3.09838467110834	15.981150625805	30.367185751742	3.57525306271897e-08	2.06570176957096e-07
"hsa-miR-143-3p"	1.84884157744923	5.5461924041647	13.3249831496514	0.000261893263538852	0.000626135618575646
"hsa-miR-1468-5p"	-3.59555505843778	4.89472990280759	56.1466403970062	6.72624362433597e-14	7.77254818812156e-13
"hsa-miR-146a-3p"	2.3248290681959	4.20572502073348	7.99743819775519	0.00468435784295958	0.00866085716742748
"hsa-miR-146a-5p"	1.6651360738568	13.0694550613252	4.85030115658242	0.027641305801566	0.0432285083212461
"hsa-miR-146b-3p"	0.577440089388022	9.73623870253204	2.43208766776038	0.118874489169611	0.158088918222225
"hsa-miR-146b-5p"	1.8118867338974	15.1155457889849	4.79923029274505	0.0284724546362133	0.0441960489875549
"hsa-miR-147b"	5.71222334962497	5.07577849661552	142.005050534758	9.70011756125554e-33	5.76464129354615e-31
"hsa-miR-148a-3p"	-1.40711750567028	11.8230568519597	8.98891371532093	0.00271622418189791	0.0053807107603311
"hsa-miR-148a-5p"	-0.232426286126485	5.00111232566814	0.325192407566601	0.568503780605959	0.615879095656456
"hsa-miR-148b-3p"	0.94076330572108	10.2535474588214	6.91407660083011	0.00855197929769888	0.0152035187514647
"hsa-miR-148b-5p"	1.31843966724283	6.5640068972996	20.5174100549623	5.90913258103947e-06	2.11208301824124e-05
"hsa-miR-150-3p"	-11.3141261838032	7.82860230770272	132.193164689975	1.35746675997815e-30	6.27451302389902e-29
"hsa-miR-150-5p"	-11.0749849053501	17.7920579746089	72.4894188272793	1.6792992990576e-17	2.91078545169984e-16
"hsa-miR-151a-3p"	-0.0454226890450091	9.39589800938645	0.00578306432176134	0.939382134178655	0.948502349073593
"hsa-miR-151a-5p"	0.359770070836055	9.98112682336063	0.367422759541228	0.544412447363244	0.599141741013518
"hsa-miR-151b"	-2.43724594300239	3.96698901637895	6.80211031154181	0.00910501917541227	0.0159146553654265
"hsa-miR-152-3p"	-1.01298307900113	6.83747136338853	2.02566890769747	0.154660810157282	0.199191631657676
"hsa-miR-152-5p"	1.52922110098931	2.54473425760294	2.43113549033969	0.118946710104703	0.158088918222225
"hsa-miR-153-3p"	-3.48617434588291	3.84961924403274	12.2862725847471	0.000456302152246096	0.00102606321802365
"hsa-miR-155-5p"	0.384004341760124	10.6472512036085	0.958264416210397	0.327624544573738	0.389405172979072
"hsa-miR-15a-5p"	-1.04106673109951	11.1915196411806	7.07298346577331	0.00782548425593887	0.0140319028037525
"hsa-miR-15b-3p"	-1.47384361990613	5.74917843232474	12.3750590658666	0.000435107039460512	0.000983720263128115
"hsa-miR-15b-5p"	-1.13687104742581	8.84701780492702	10.6719518633551	0.00108772279945214	0.0022738325857894
"hsa-miR-16-2-3p"	-2.32514256863143	7.67165795877388	34.3265217367614	4.65988037497553e-09	2.94952473824913e-08
"hsa-miR-16-5p"	-0.957788413205458	13.4876273064546	4.4250432400911	0.0354152158009688	0.0531867500837655
"hsa-miR-17-3p"	-1.97835889190888	7.47797864653336	11.7480272461997	0.000609077614389083	0.00134774621056308
"hsa-miR-17-5p"	-1.04962527726991	8.23459924105727	5.28332658903792	0.0215305737330501	0.0341859491333926
"hsa-miR-181a-2-3p"	-4.62849773368868	9.36184520934138	15.2984131409766	9.17935898159742e-05	0.00024958257100291
"hsa-miR-181a-3p"	0.169953626004664	8.61481610723841	0.158174298608941	0.690842987939888	0.723906002476054
"hsa-miR-181a-5p"	-1.36466015716242	15.0651200700821	6.24898601727682	0.0124264421000667	0.0209251628755154
"hsa-miR-181b-2-3p"	-5.34985147648184	2.45423297163457	10.323789349864	0.00131326375943427	0.00273132579961471
"hsa-miR-181b-3p"	1.71239029859549	2.60539613363286	7.82093309570547	0.0051644525601365	0.00946437121152769
"hsa-miR-181b-5p"	-0.587682123241977	10.7414193129101	1.33182772300904	0.248480324105508	0.308560641277287
"hsa-miR-181c-3p"	0.709312572472104	6.89370013664907	2.08161323360718	0.149082542247418	0.192603532841385
"hsa-miR-181c-5p"	-1.32223351708115	10.9038560047486	6.8063788626203	0.00908327826315039	0.0159146553654265
"hsa-miR-181d-5p"	-0.088257837210514	6.48630690969482	0.0237530455673731	0.877514936922163	0.89472111215593
"hsa-miR-182-5p"	-0.0493290356888139	4.32608475152155	0.0110288606461495	0.916361222315093	0.929771386544094
"hsa-miR-185-3p"	2.14258184605697	3.98947492110052	21.2175759442317	4.09987551519902e-06	1.53652992281333e-05
"hsa-miR-185-5p"	1.35212270536036	7.46383129266369	9.01839762900406	0.0026727559753521	0.00531993533849988
"hsa-miR-186-5p"	-1.75645471982874	13.8740846264497	33.4741544663724	7.22173002253744e-09	4.41799954319937e-08
"hsa-miR-188-5p"	2.4292218894283	2.95704367783684	10.3147620658483	0.00131970309067922	0.00273132579961471
"hsa-miR-18a-3p"	-0.260339987455275	3.69035497170865	0.209028397991945	0.647530003732947	0.683686501403314
"hsa-miR-18a-5p"	0.627348959561508	5.12027960850924	1.89208823629336	0.168966577231902	0.216277218856835
"hsa-miR-1908-5p"	5.84303501989176	2.39568149208086	51.3122509729979	7.87824478105342e-13	8.40346109979031e-12
"hsa-miR-190a-5p"	2.23924827123358	3.075963615051	16.5179861823313	4.81907618372499e-05	0.000137310663865041
"hsa-miR-190b"	-0.760298336273996	3.24050626816915	1.79071506140618	0.18083906409812	0.230763959094534
"hsa-miR-191-3p"	1.94092554389159	3.89581111646362	15.1639191358262	9.85689804955888e-05	0.000264546425072032
"hsa-miR-191-5p"	1.61651275915789	14.2608457805819	20.0550099136965	7.52461492204285e-06	2.58697504757837e-05
"hsa-miR-192-5p"	-5.23181894075374	12.5823154546095	88.6332769149816	4.75227205135483e-21	1.04049745966506e-19
"hsa-miR-193a-3p"	5.64077428939175	6.41719565892469	56.3772646012944	5.98180454511654e-14	7.10980197362424e-13
"hsa-miR-193a-5p"	5.92569395756884	6.72595786532204	138.189554772778	6.62420989925458e-32	3.44458914761238e-30
"hsa-miR-193b-3p"	-2.6606790680778	4.39715880614717	12.0526136981557	0.000517198123540121	0.00115674419028328
"hsa-miR-194-5p"	-5.00373936458516	7.10216001206223	60.7172370362296	6.58906603222652e-15	8.84210151421365e-14
"hsa-miR-195-5p"	-4.66289970436453	3.65840671543006	42.2031060508686	8.22692503086595e-11	6.53308177320849e-10
"hsa-miR-196a-5p"	-7.17495923783748	3.8919335678746	18.7115503133466	1.52058620789112e-05	4.72062583942319e-05
"hsa-miR-196b-5p"	-1.64943616359076	3.88390519153423	1.51384816103958	0.218552828870815	0.273022712973701
"hsa-miR-197-3p"	0.209125656193512	10.4697184042561	0.535640090092471	0.464245252460153	0.521962229793037
"hsa-miR-1976"	0.999542784361565	4.33351347565701	8.08627017709934	0.00446018598520011	0.0083578259902849
"hsa-miR-199a-3p"	0.138601218033764	6.18451090723518	0.144327362665362	0.704016371755394	0.735856308166442
"hsa-miR-199a-5p"	-2.60359592881298	2.88897952621646	15.7963903625162	7.05369504366679e-05	0.000196935378400361
"hsa-miR-199b-3p"	0.216648625432982	5.00931806073168	0.345857270927174	0.556467649158896	0.605996183377227
"hsa-miR-199b-5p"	0.246124664219328	5.89247524980948	0.246256287396591	0.619723564639484	0.661038468948783
"hsa-miR-19a-3p"	-1.40881562615153	8.34988175570403	7.28748722074119	0.0069436528742637	0.0125589547638856
"hsa-miR-19b-3p"	-2.11273153241753	10.7869456999026	12.4144583134261	0.000426022569428445	0.000968444747990346
"hsa-miR-200a-3p"	-1.50174853731662	3.07634493046985	5.26713312507468	0.0217317743398329	0.0343742134044505
"hsa-miR-200b-3p"	-0.991888356611942	4.73206865825592	4.72290626459792	0.029763398074605	0.0458576799964285
"hsa-miR-200c-3p"	-0.383817756014555	4.87466736017044	0.848436354745692	0.356995062062283	0.415994245988542
"hsa-miR-203a-3p"	-2.28724878828205	2.2511659919527	2.82219702080603	0.0929690702713285	0.127220833002871
"hsa-miR-20a-3p"	-1.1806193392701	3.15685577294105	2.64583389529873	0.103821665465465	0.140683429425516
"hsa-miR-20a-5p"	-2.02677185804993	9.15173517952025	17.664101644184	2.63553984519196e-05	7.88765881726513e-05
"hsa-miR-20b-5p"	-2.8468981135837	4.99477438462678	10.872382184889	0.000976088986851134	0.00206211698988229
"hsa-miR-21-3p"	2.3225602532868	10.9984912607066	37.331951706253	9.96387161848716e-10	7.02537388693332e-09
"hsa-miR-21-5p"	2.31704809891994	16.0336209035679	30.4107987170482	3.49576701322686e-08	2.04822405282025e-07
"hsa-miR-210-3p"	3.85976714311485	7.28931888950035	67.1668053565049	2.49479571135487e-16	3.84383339230973e-15
"hsa-miR-210-5p"	4.76600253899463	4.13372117440138	51.2140801947645	8.28224348236309e-13	8.61353322165762e-12
"hsa-miR-2110"	-0.148947470177122	3.71504448901214	0.0787774795711655	0.778961019120654	0.804088793930997
"hsa-miR-2110-3p"	-1.10520603535782	5.13445835006812	4.97459574396413	0.0257222142944155	0.0403790231942523
"hsa-miR-2116-3p"	4.96375880365665	2.79701685871617	43.0828264685734	5.24708133177437e-11	4.36557166803628e-10
"hsa-miR-212-3p"	1.87026245018117	3.82321949502783	20.3288023738598	6.52115200825137e-06	2.27966322305258e-05
"hsa-miR-212-5p"	2.31090918659728	4.2660689340217	22.44229235289	2.16552738033298e-06	8.69994348484687e-06
"hsa-miR-215-5p"	-1.81736491746071	4.71165312635119	13.4256470384014	0.000248207392200726	0.000596845521130069
"hsa-miR-218-5p"	2.20680522072634	1.94451364168623	8.06423933793506	0.0045147424900494	0.00842212051955404
"hsa-miR-22-3p"	1.98623678534745	15.2407473528405	25.2453108692317	5.04821537672124e-07	2.2826713007783e-06
"hsa-miR-22-5p"	0.895277595354849	6.31834966036519	6.27057491279231	0.0122759305509415	0.0207592971918361
"hsa-miR-221-3p"	-0.422324611532103	11.3240568848143	0.939910268483004	0.332300919374115	0.39375187216429
"hsa-miR-221-5p"	0.653717618522543	7.42610841102682	1.99996824276969	0.157302502755633	0.201968645513406
"hsa-miR-222-3p"	0.709769688057545	10.2230756104869	2.43886882488731	0.118361551199881	0.158088918222225
"hsa-miR-222-5p"	0.35397202760604	2.8893194531351	0.284741533161636	0.593610155500732	0.636448001773981
"hsa-miR-223-3p"	2.75926649728212	9.33805248731549	14.903998753716	0.00011312294487047	0.000295969465824625
"hsa-miR-223-5p"	3.42076767992323	3.67461478010758	65.291723478229	6.45920519393491e-16	9.59653343098901e-15
"hsa-miR-2277-5p"	0.482424081181791	4.07050734778554	1.19812068610124	0.273697616357885	0.335864921548319
"hsa-miR-2355-5p"	0.525146813615996	4.1169280273168	0.794574026438974	0.372720614031836	0.430699376214566
"hsa-miR-23a-3p"	0.221518047371713	11.4888488381178	0.345998964282813	0.556386804881019	0.605996183377227
"hsa-miR-23a-5p"	0.533880433401524	5.05467915225991	1.67006675388389	0.196249593569556	0.248145382750563
"hsa-miR-23b-3p"	-1.79752541863772	7.59925631600821	25.2475360612224	5.0423945261898e-07	2.2826713007783e-06
"hsa-miR-23c"	-5.65591583693842	2.75099067271617	3.68003348174162	0.0550677442924225	0.0781849202240538
"hsa-miR-24-2-5p"	2.02564053446455	6.81588769307509	23.8095725034532	1.06352236303802e-06	4.48521950129496e-06
"hsa-miR-24-3p"	0.909904681063407	9.98047140703806	6.5763049353543	0.0103345207547226	0.0177651265866305
"hsa-miR-2467-5p"	2.39269857025779	3.44795532721726	23.3921643714999	1.3211559136208e-06	5.49600860066251e-06
"hsa-miR-25-3p"	-2.00936520954359	12.0504252772856	46.3807799700587	9.73659124307332e-12	8.80526512417065e-11
"hsa-miR-25-5p"	-1.44745009519277	4.61816939748949	18.3571358894287	1.83131803268801e-05	5.61947299068026e-05
"hsa-miR-26a-2-3p"	-1.42394669965603	4.47773260399434	4.75452227863738	0.029221403143457	0.0451899766084689
"hsa-miR-26a-5p"	-1.86445886884411	16.0707088078907	24.32154352318	8.1522181978475e-07	3.60112590481528e-06
"hsa-miR-26b-3p"	-1.14250453622653	7.34112541329455	4.23313578372579	0.0396421358163037	0.0580673538717688
"hsa-miR-26b-5p"	-1.50359538506252	13.5000295432973	19.9446874704726	7.9715141424983e-06	2.69605681567422e-05
"hsa-miR-27a-3p"	-0.154999064156211	12.806180905386	0.191376396335997	0.661773515329323	0.696956411081009
"hsa-miR-27a-5p"	-0.844139257190669	6.28317668732139	3.936020233215	0.047262464170562	0.0682680038019229
"hsa-miR-27b-3p"	-1.7793866146591	11.5953804987513	14.1201423333814	0.000171497515861053	0.000422147731350284
"hsa-miR-27b-5p"	-2.23090459959859	3.17901974566079	9.5876076782937	0.0019589501964643	0.00401440040260664
"hsa-miR-28-3p"	-0.906163965895666	13.0586788576112	6.01780515341881	0.0141622489450319	0.0232865437198944
"hsa-miR-28-5p"	-0.896230922498385	10.3516496313536	5.78604407401336	0.0161539003519626	0.0261479476514258
"hsa-miR-296-5p"	-4.57749028577683	3.61167187694597	26.7743887145863	2.28647678864233e-07	1.13235040961335e-06
"hsa-miR-29a-3p"	-2.54391906776675	14.3940257989908	42.1803069956151	8.32339745144351e-11	6.53308177320849e-10
"hsa-miR-29a-5p"	-1.70317637513918	5.66927604520001	10.8890527349298	0.000967342876090191	0.00206211698988229
"hsa-miR-29b-1-5p"	-1.22590977839815	3.53545781800963	4.40410904834945	0.0358524477750265	0.0536497060230612
"hsa-miR-29b-2-5p"	-0.0207048152681448	3.10769232041631	0.000801535799199726	0.97741378231408	0.979768996247367
"hsa-miR-29b-3p"	-3.33044049583048	10.1985874783169	40.3402632779015	2.13366138429892e-10	1.53035023425577e-09
"hsa-miR-29c-3p"	-3.3928400142039	12.4221064146142	56.5448359253127	5.49314583077041e-14	6.72102548706027e-13
"hsa-miR-29c-5p"	-1.48991672468842	6.52360680895713	10.9350806481734	0.000943603775924241	0.00202339778754889
"hsa-miR-301a-3p"	0.29140994945643	6.54120214930566	0.252545669431184	0.615288269993658	0.657994653772138
"hsa-miR-301b-3p"	2.63328531822892	4.41464572251357	12.9511748442124	0.00031972078697688	0.000747212625743719
"hsa-miR-30a-3p"	4.07802662879191	1.95679309021504	29.9977087274375	4.32557123620228e-08	2.39925017901353e-07
"hsa-miR-30a-5p"	5.89321973253772	6.71485900742695	175.608972102478	4.40782264983121e-40	4.58413555582446e-38
"hsa-miR-30b-5p"	-1.37893711980188	11.5348015081278	8.22311958407445	0.004136003943865	0.00785651890706777
"hsa-miR-30c-1-3p"	1.0259200171929	3.86842908815337	4.66106669354404	0.0308540176071701	0.0471884975168484
"hsa-miR-30c-5p"	-0.00536885599447838	11.8309041700591	0.000310503400392292	0.985941118599948	0.985941118599948
"hsa-miR-30d-3p"	-1.5612473956916	5.47525054364817	6.99866244327483	0.00815706427604538	0.0145636855743986
"hsa-miR-30d-5p"	-0.261160586117353	13.0545376421592	0.755743152912935	0.384663983958754	0.440827044977525
"hsa-miR-30e-3p"	-0.962832980190679	8.50419191397505	6.51336476271081	0.0107066728533011	0.0181794934978501
"hsa-miR-30e-5p"	-0.458710173915722	13.3676748284679	1.1779355829101	0.277776670873155	0.338871246578394
"hsa-miR-31-3p"	-7.38271337305004	4.03119371999964	34.4342975968927	4.40885323703204e-09	2.91124277238941e-08
"hsa-miR-31-5p"	-7.94853740703725	8.78557067395821	72.0269769027023	2.12275447375869e-17	3.53226344433446e-16
"hsa-miR-3158-3p"	0.594113856531084	2.89600695577034	1.24092700351697	0.265292472415393	0.327317256900538
"hsa-miR-3168"	1.44680797916311	2.94350417914176	6.86873789584696	0.0087716578887929	0.0155277007733525
"hsa-miR-3174"	4.93040901403434	1.9410624729647	18.351093226754	1.83713540079932e-05	5.61947299068026e-05
"hsa-miR-3176"	1.93307587466975	3.25247635685825	11.8654467918123	0.000571850495507305	0.00127213800070074
"hsa-miR-3194-5p"	-6.76148488454453	3.48051875808843	47.5382149042995	5.39420723149644e-12	4.98664490733893e-11
"hsa-miR-32-3p"	-0.510932128317786	3.37868948058798	0.774337125548561	0.378878663004606	0.436602559030239
"hsa-miR-32-5p"	-3.89835101862432	7.66581978816617	14.0470680260484	0.000178291582425671	0.000436289989935759
"hsa-miR-3200-3p"	1.96638283751798	1.993782315791	3.45404474801589	0.0630971846551377	0.0877873873462785
"hsa-miR-3202"	-3.71548126936063	2.91677548087168	17.0729174239131	3.59716362322246e-05	0.000105460987723525
"hsa-miR-320a"	-0.348654560994397	10.2836735258779	0.980430485109544	0.32209254943332	0.384466744454866
"hsa-miR-320b"	-2.72327813587572	4.47202375700196	21.946651017514	2.80335670151435e-06	1.08990316619623e-05
"hsa-miR-320d"	-1.7951522219359	3.81023969261977	6.72724887416579	0.00949509372227367	0.016458162451941
"hsa-miR-324-3p"	1.18124466604777	5.39017249936235	12.4287392008989	0.000422777218198451	0.000966347927310746
"hsa-miR-324-5p"	0.650502464109475	4.96683593549665	2.93648540020933	0.0865989725469032	0.119288650925536
"hsa-miR-326"	4.28063833835788	7.46343542551278	176.595538670565	2.68405140928849e-40	3.72188462088004e-38
"hsa-miR-328-3p"	0.26229545613906	6.70428908778893	0.552363319921149	0.457353647611121	0.515607364244516
"hsa-miR-330-3p"	-1.67705771349782	5.94324749414357	17.0714890380009	3.59987025402416e-05	0.000105460987723525
"hsa-miR-330-5p"	-0.432249654171749	5.70868485032697	0.881292187336644	0.347848003873842	0.40761906932822
"hsa-miR-331-3p"	0.777539827662015	8.21653167093497	3.594880195879	0.0579578059822679	0.081454213812917
"hsa-miR-331-5p"	-0.979351507944708	3.55183143717217	3.61704238934088	0.0571904591607338	0.0806482407147975
"hsa-miR-335-3p"	-4.44112555758866	5.48508202589466	31.451951893232	2.04436995763181e-08	1.21493986053548e-07
"hsa-miR-335-5p"	-2.88688066975633	6.58510116057619	14.0212784106247	0.000180753553837208	0.000439727943837887
"hsa-miR-338-3p"	0.614266860553213	7.86845101065829	0.397613891227678	0.528324122655587	0.585595332602168
"hsa-miR-338-5p"	3.64567735137146	4.94532571635864	16.7711130335437	4.21704080086439e-05	0.000121825623136082
"hsa-miR-339-3p"	-2.29966981642743	9.3702158498699	21.3609408931887	3.80443409399226e-06	1.46541165101924e-05
"hsa-miR-339-5p"	-0.254259961004615	7.51698363925099	0.304217376980048	0.581250504486821	0.626425414161962
"hsa-miR-33a-3p"	-0.807839271822725	4.5110669903055	1.18868768220609	0.275594426227244	0.337197886207452
"hsa-miR-33a-5p"	-2.92190439375494	4.6480095702882	16.7894480261374	4.17648982640273e-05	0.000121497885858988
"hsa-miR-33b-3p"	0.0360037448404925	3.00403624725494	0.00430894288887274	0.947662421130513	0.954546167530977
"hsa-miR-33b-5p"	-3.44185075023209	4.54083124623842	18.2994335316176	1.88763290431112e-05	5.73179042476955e-05
"hsa-miR-340-3p"	3.3834868022942	5.27816182010037	54.9221673725399	1.25398658648058e-13	1.40988762155654e-12
"hsa-miR-340-5p"	2.15931180365906	9.82429036335112	22.2892544797631	2.34515250973249e-06	9.29127089570207e-06
"hsa-miR-342-3p"	-2.10847124533903	13.4144568540598	15.9110659463398	6.63894188779763e-05	0.000186608096305663
"hsa-miR-342-5p"	-2.72062789854752	8.43072031483159	26.933859880856	2.10537955055678e-07	1.05522637714653e-06
"hsa-miR-345-5p"	2.34740649489288	7.96354141412874	20.6798911028679	5.42830971210933e-06	1.96363203498911e-05
"hsa-miR-34a-3p"	5.85992061354519	2.81136530954069	75.2098687424569	4.2324627501336e-18	7.65523697415469e-17
"hsa-miR-34a-5p"	4.96917396999085	7.72480012229427	100.299196937029	1.31029904658961e-23	3.893460024152e-22
"hsa-miR-34c-5p"	1.91837986100817	2.43769995532179	5.91192892294308	0.0150386960740738	0.0244378811203699
"hsa-miR-3605-3p"	0.618557197815618	3.63458998954342	2.151935700711	0.142390269608403	0.185687624316914
"hsa-miR-3605-5p"	2.38246499517132	2.52223699559915	15.6987425469072	7.42735314367141e-05	0.000205985260517821
"hsa-miR-3607-3p"	-3.44495133487522	9.19275370908362	17.0848685024777	3.57459767684357e-05	0.000105460987723525
"hsa-miR-3607-5p"	-3.79793890331211	2.89622033798452	8.50206399041129	0.00354743850616403	0.00689595522693569
"hsa-miR-3609"	-3.58641022844768	3.50825248192942	22.2076010725384	2.44703113195697e-06	9.60344293296319e-06
"hsa-miR-361-3p"	-2.52171994101079	11.4979123473935	24.246329445882	8.47684746903117e-07	3.67330056991351e-06
"hsa-miR-361-5p"	0.132281986402664	8.32775666386872	0.16369521023425	0.685776964116962	0.72041216432489
"hsa-miR-3613-3p"	0.919949941689353	3.45816492277909	2.8459473185618	0.0916045875976611	0.125767354589528
"hsa-miR-3613-5p"	-1.37781549784207	4.41844537887838	6.24213277511977	0.0124746163296342	0.0209251628755154
"hsa-miR-3614-5p"	3.41203413930257	2.03850763881778	19.6939021057071	9.08909341478865e-06	2.97721485082841e-05
"hsa-miR-3615"	-0.883387108088296	5.26777283042237	4.44751813387618	0.0349520081140256	0.0526812875921546
"hsa-miR-362-3p"	-1.07023656170607	3.94770311501197	3.96809578705589	0.0463701824722239	0.0672125292977183
"hsa-miR-362-5p"	2.28317521203304	4.18831447895522	43.8618594160792	3.52389414935721e-11	3.05404159610958e-10
"hsa-miR-3620-3p"	2.79445215395538	2.00674829525477	14.2414963194669	0.000160785661266212	0.000400519970579305
"hsa-miR-363-3p"	-3.42412473517212	9.57276170523864	19.49434780107	1.0089779787736e-05	3.25375844317687e-05
"hsa-miR-3651"	-1.39523347495676	3.36025938934093	3.9000185722331	0.0482855738932183	0.0695044939085771
"hsa-miR-3653-3p"	-1.51978874774324	3.77627370050518	2.37912015006881	0.122966786670129	0.162911411639406
"hsa-miR-3653-5p"	-3.24983622531542	3.39315507265084	19.3688725506576	1.07749087451625e-05	3.42165041067755e-05
"hsa-miR-365a-3p"	4.83896175493965	5.21006625312925	82.2891679908297	1.17564649402731e-19	2.32889972150173e-18
"hsa-miR-365b-3p"	4.80517219633955	5.21337763944291	83.7724762677525	5.55123207444287e-20	1.15465627148412e-18
"hsa-miR-365b-5p"	6.71472632337961	2.38626844539134	37.264306325506	1.03155460020472e-09	7.15211189475271e-09
"hsa-miR-3677-3p"	1.52522086822912	2.31403541965326	6.13382296027126	0.0132619803426051	0.0219800152291783
"hsa-miR-3690"	6.71266922678139	5.2608471101255	62.8377417843125	2.24456242556114e-15	3.2197861001153e-14
"hsa-miR-371b-5p"	4.67437925947015	3.09656324160219	57.5614178171787	3.27588759292877e-14	4.12960375351021e-13
"hsa-miR-374a-3p"	-1.06232938065948	7.45332320189574	2.58271592617772	0.108036151249512	0.145446727895784
"hsa-miR-374a-5p"	-1.23908808065246	7.43969399582541	8.10741980014594	0.00440844319418346	0.00829824601258063
"hsa-miR-374b-3p"	0.661581588769022	3.71961112685807	1.23754213204467	0.265945271231687	0.327317256900538
"hsa-miR-374b-5p"	-0.113899405498737	7.13122760093966	0.0705971391832509	0.790469322457774	0.813869323272033
"hsa-miR-378a-3p"	4.61958288451837	12.8990710120098	197.311747485915	8.06284245029811e-45	2.60180901015213e-42
"hsa-miR-378a-5p"	4.48159343712368	5.38480447690158	115.239886821586	6.97308603843408e-27	2.90080379198858e-25
"hsa-miR-378c"	-1.05024546487899	3.52235066350776	2.54628026033705	0.110554264914165	0.148356690981589
"hsa-miR-378d"	-1.17467179861316	3.12387231810407	3.57062462809882	0.0588101856477049	0.0823738627254049
"hsa-miR-3909"	3.94325909023871	5.0300117928688	101.436865002473	7.37778643475297e-24	2.55763263071436e-22
"hsa-miR-3912-3p"	-3.39745439303639	4.61441303392186	25.9348866943358	3.53129255656179e-07	1.68852609601116e-06
"hsa-miR-3922-3p"	1.92970505887247	2.80373342050576	8.39016554424282	0.00377256548978014	0.00723219927994718
"hsa-miR-3928-3p"	1.48820290034669	2.28797234219867	3.62162342994451	0.057033194205813	0.0806482407147975
"hsa-miR-421"	2.31999771947593	7.25725617325619	34.8852014589343	3.49728949807196e-09	2.34656843741603e-08
"hsa-miR-423-3p"	0.0264060715763459	11.9762037936805	0.00677021026456259	0.934423034408835	0.94579071122646
"hsa-miR-423-5p"	-0.787372733859559	11.8756633120522	4.84125573753519	0.027786654159673	0.0432930641588912
"hsa-miR-424-3p"	1.78354877636808	3.00455150945408	8.60435573366644	0.00335359979940897	0.00658064866299118
"hsa-miR-424-5p"	4.61972891569233	6.64489787041914	42.0117927959124	9.07246258642077e-11	6.98915636287229e-10
"hsa-miR-425-3p"	1.44745333188872	5.88882429928346	20.9557642719585	4.70011474669574e-06	1.73030772975702e-05
"hsa-miR-425-5p"	0.313158309239956	9.12260073005408	0.805847628880063	0.369350755247219	0.427994189924354
"hsa-miR-429"	-0.785752382869167	2.39193189419688	0.6017993636268	0.437892309749438	0.495008697977625
"hsa-miR-4326"	3.57960182248542	3.48444198658856	14.7968192442869	0.00011973729155832	0.000311316958051631
"hsa-miR-4433b-5p"	-4.33761763145204	1.80483022769387	5.95073051489621	0.014711188474912	0.0239994290414251
"hsa-miR-4443"	-7.0040616366998	3.69929773333658	42.2065949439419	8.21226112176997e-11	6.53308177320849e-10
"hsa-miR-450a-5p"	1.51622987572572	3.59880883392334	5.67603853035208	0.017198156184977	0.027730360360273
"hsa-miR-450b-5p"	2.48970981966714	3.74398695734163	9.3331943969168	0.00225039718295981	0.00456531656011179
"hsa-miR-451a"	-2.3334719121193	4.82775479558505	10.8715430103712	0.000976531362997141	0.00206211698988229
"hsa-miR-4521"	2.38006413353966	2.70426358178242	14.7255720623759	0.000124348242171559	0.000319314004588695
"hsa-miR-454-3p"	-1.10373943506461	7.09870909337304	5.62583043826227	0.0176976789986983	0.028425615689029
"hsa-miR-454-5p"	-0.391880629794386	3.96967612181842	0.856931565175635	0.354598798244598	0.414362640645373
"hsa-miR-455-5p"	-5.19806374086346	2.29491017199414	13.8024787265527	0.00020306814112402	0.000491141550625537
"hsa-miR-4645-3p"	-0.443916848806988	3.02226596473367	0.978597048777393	0.322545417823914	0.384466744454866
"hsa-miR-4662a-5p"	0.471680567406866	3.28115037884449	0.614057196089394	0.433264280884	0.491111555443445
"hsa-miR-4677-3p"	1.91993168984262	4.85006566920433	30.0230700341074	4.26936613480279e-08	2.39925017901353e-07
"hsa-miR-4707-3p"	3.40698435113414	1.87054333200827	14.3926315192622	0.000148381795566735	0.000374101981550072
"hsa-miR-4772-3p"	-6.99512489958634	3.70936194525198	20.3810849218142	6.34538972905745e-06	2.2370187519389e-05
"hsa-miR-4772-5p"	-9.39225964072501	5.93935485284486	29.9657377754043	4.39748198385807e-08	2.40704277011178e-07
"hsa-miR-4775"	4.04417681209462	2.32695619672731	34.3496957047507	4.60472354578937e-09	2.94952473824913e-08
"hsa-miR-4787-3p"	1.73303368760609	2.97301820554812	8.17345039269867	0.00425079685388462	0.00803787041461818
"hsa-miR-4802-3p"	5.24556808608093	1.66330469920257	20.144501927365	7.18063545686309e-06	2.4892869583792e-05
"hsa-miR-484"	-0.148920971536892	10.3253465979742	0.235097901589636	0.62776930687274	0.66790800935821
"hsa-miR-486-3p"	-2.17868981600279	3.33621506931799	12.657865908266	0.00037398886559859	0.000869158480944209
"hsa-miR-486-5p"	-2.16244493884051	8.57028819462293	14.7535662166968	0.000122515580370855	0.000316561996486185
"hsa-miR-497-5p"	-2.06022820759521	2.7294269138479	6.14964027732697	0.0131438833105685	0.0218714218287861
"hsa-miR-499a-5p"	-1.92699087395928	2.77234417266247	8.05573998618761	0.00453597124540554	0.00842394659861029
"hsa-miR-500a-3p"	3.07938471474105	9.36377282489079	80.867504962868	2.41370234804249e-19	4.56409171266216e-18
"hsa-miR-500a-5p"	2.03346482902832	2.6221454394073	14.5044925893974	0.00013982568101441	0.000354679776231673
"hsa-miR-500b-3p"	2.91662274192018	2.25919589212677	22.6061496254451	1.9884710683332e-06	8.12599527325268e-06
"hsa-miR-500b-5p"	2.09477385724389	2.60607543958298	15.6010378243031	7.82116495067059e-05	0.000215470504601256
"hsa-miR-501-3p"	3.5357000667133	8.753850565359	145.722580963087	1.49275807598649e-33	1.03497893268397e-31
"hsa-miR-501-5p"	3.2390630179794	3.32842474498358	40.8314442290967	1.65941429332549e-10	1.21108130881299e-09
"hsa-miR-5010-3p"	5.18254732921493	3.27233561136627	100.675210898748	1.08373451780578e-23	3.4679504569785e-22
"hsa-miR-502-3p"	1.66690575339376	4.93199118886668	24.3047211948062	8.22372502301567e-07	3.60112590481528e-06
"hsa-miR-502-5p"	2.27669841973331	2.32108085427495	14.2277079870555	0.000161968009900431	0.000401063643562971
"hsa-miR-505-3p"	0.300490908702189	6.44243696111325	0.392878731356562	0.530790086565038	0.585699405864869
"hsa-miR-511-3p"	11.1001352957739	6.07621306742503	168.768953394692	1.37418415432851e-38	1.14332121640132e-36
"hsa-miR-511-5p"	10.0491070578538	6.05129371740198	196.437826432061	1.2508697164193e-44	2.60180901015213e-42
"hsa-miR-514a-3p"	-5.30919357360017	2.35513496008169	12.4458654500098	0.000418918128189466	0.000962817355396784
"hsa-miR-532-3p"	2.40357940803237	5.94817166065325	60.9423297564751	5.87714691415246e-15	8.14964372095808e-14
"hsa-miR-532-5p"	1.47539433456141	9.47445235313826	17.9631489448202	2.25223179746293e-05	6.78933643293174e-05
"hsa-miR-542-3p"	2.09856792497752	2.05417845752495	7.58016429866311	0.00590140611123914	0.0107674778169977
"hsa-miR-548au-5p"	-0.935230596920143	3.55620304884156	2.30099612348261	0.129291058553417	0.169669023212055
"hsa-miR-548e-3p"	0.142465140126398	6.57510328316943	0.0798225657203648	0.777538008282762	0.804088793930997
"hsa-miR-548e-5p"	0.262250735435775	4.16657619988381	0.504314128330972	0.477610640280233	0.534102221388648
"hsa-miR-548j-3p"	-2.87823962931405	2.89817222559777	5.96417849542944	0.0145994010058914	0.0239108299939008
"hsa-miR-548j-5p"	-0.982629625726251	2.96609103979818	1.0398005192444	0.307867870389102	0.371226185744541
"hsa-miR-548k"	1.29785393269491	6.34546394418124	11.1224344784377	0.000852897661235375	0.00184794493267665
"hsa-miR-548o-3p"	0.346001398806959	4.43045756153494	1.11079106735121	0.291910052696661	0.354036681987787
"hsa-miR-548w"	-2.58266238823919	3.79037919648017	27.4922545006985	1.57724905091418e-07	8.00165372171096e-07
"hsa-miR-550a-3p"	0.688071476950899	3.55699638151465	1.26353281088138	0.260983435545054	0.323122348770067
"hsa-miR-5690"	-1.3191301807598	3.87030012874554	5.52353747874512	0.0187622811317655	0.0300196498108249
"hsa-miR-5696-3p"	-4.06961150851911	3.16789056601419	36.7421948491045	1.34829349424679e-09	9.19491956732238e-09
"hsa-miR-574-3p"	5.53609499624941	6.3200774839545	58.7313011615927	1.80743115313682e-14	2.34966049907786e-13
"hsa-miR-576-5p"	-1.53076275268963	6.24052413807407	16.355440405776	5.25052244815252e-05	0.000148586213498738
"hsa-miR-577"	-2.31237824245145	2.25038874963974	3.84466664934888	0.0499044408887704	0.0715870600335465
"hsa-miR-580-3p"	-2.02736641958076	2.83105250390359	7.3384805298563	0.00674938663968048	0.0122608945070178
"hsa-miR-582-3p"	0.991110812924085	3.26332266723658	0.909607876735389	0.340218481961725	0.40093736117869
"hsa-miR-582-5p"	0.864033568578398	3.4975152251122	0.764612884237035	0.381888776478347	0.438855610538653
"hsa-miR-584-5p"	-0.645526490914649	2.33437349477723	0.349189310487851	0.554572400839966	0.605996183377227
"hsa-miR-589-3p"	0.256000006892042	4.85694679941851	0.361259486116171	0.547807579910747	0.601287475574857
"hsa-miR-589-5p"	-0.371351835396404	8.12060399816411	0.3044746161153	0.581090741773163	0.626425414161962
"hsa-miR-590-3p"	-1.54132342926023	6.66907676284377	6.78150789400126	0.00921070470253712	0.0160320215742906
"hsa-miR-590-5p"	-1.34209324751919	2.86075769211441	2.36611230162107	0.123995505140412	0.163752794090195
"hsa-miR-598-3p"	-2.51731293034727	5.52497553121167	20.5073620781189	5.94023348880348e-06	2.11208301824124e-05
"hsa-miR-616-5p"	0.409641992867029	4.54705525312188	1.50956329418267	0.219205735897154	0.273022712973701
"hsa-miR-618"	4.6982085703751	2.54835415087096	41.2137527690909	1.36459031068427e-10	1.01632968260106e-09
"hsa-miR-625-3p"	-2.20019323971756	6.11580163240023	19.8432628254883	8.40584684361969e-06	2.82002603785951e-05
"hsa-miR-625-5p"	-1.06487852426442	4.93912625023636	8.48313845212971	0.00358453177320757	0.00693565217513651
"hsa-miR-627-3p"	-2.00380249824581	2.84002224609296	9.46395401896276	0.00209548887500803	0.0042731537843301
"hsa-miR-627-5p"	-1.64244662781075	2.85683251113182	7.0734208523826	0.00782357422157461	0.0140319028037525
"hsa-miR-628-3p"	0.622656514868726	3.65809924431729	3.52319689294472	0.0605156151671179	0.0844781741930237
"hsa-miR-628-5p"	0.688896539157483	4.21107321977661	2.79132285864218	0.0947759592228504	0.12926819356297
"hsa-miR-629-3p"	-0.950088930491329	3.61708711785779	1.64168322465219	0.200094679382427	0.252240565524514
"hsa-miR-629-5p"	0.688332691153628	5.34480841975697	1.54796267571875	0.21343645728751	0.267438452504832
"hsa-miR-641"	-0.470292916973145	3.75705487127127	0.817208192282791	0.365997691262274	0.425293406606441
"hsa-miR-642a-3p"	-3.88153629076049	3.017029295841	25.0688827895336	5.5318373359488e-07	2.47445627070398e-06
"hsa-miR-642a-5p"	-7.29302909873711	3.95298477235175	45.7263625961669	1.35980349687937e-11	1.20357075468472e-10
"hsa-miR-6503-3p"	2.4734788918743	3.68214344415926	4.1623797376279	0.0413312955284554	0.0603291892625876
"hsa-miR-6503-5p"	2.65551818078691	2.02667085394311	9.77371161507793	0.00177024725381162	0.00364565771081997
"hsa-miR-651-5p"	-2.38625649678195	3.39763769651331	15.1347993760874	0.000100100997370142	0.000266935992987045
"hsa-miR-6511b-3p"	0.382536925793534	2.777058539437	0.287922651283248	0.591554829742391	0.635883227836782
"hsa-miR-6516-3p"	-0.706125377860569	3.47062129067902	1.57021488793142	0.210175809520483	0.264148449427555
"hsa-miR-652-3p"	0.91804543137583	7.73667707610732	6.55878197429449	0.0104367779912419	0.0178670767257474
"hsa-miR-652-5p"	0.340063798840014	4.00520154742094	0.749272753962463	0.38670657888138	0.441950375864435
"hsa-miR-653-5p"	4.79394783502067	1.76685361723655	26.3061550944595	2.91358637214734e-07	1.40936271024801e-06
"hsa-miR-659-5p"	-2.65425565936472	3.72747337329171	19.744142101731	8.85326377050449e-06	2.92298232423005e-05
"hsa-miR-660-3p"	1.83999757953298	2.80023491537175	6.54662992443394	0.0105083013942895	0.0179157925410837
"hsa-miR-660-5p"	1.57860945118981	8.84416642883108	15.0330789496461	0.000105643152928417	0.00027814906087482
"hsa-miR-664a-3p"	-1.3273923800802	7.07638386846176	12.4633559018252	0.00041501364728139	0.000959142651494768
"hsa-miR-664a-5p"	-2.31712775629939	4.18465113202386	25.8607674308659	3.66952013100498e-07	1.73468224374781e-06
"hsa-miR-664b-3p"	-2.32454508603871	3.81590168376758	14.585194409989	0.000133962947318188	0.000341893166161757
"hsa-miR-671-3p"	0.564100834014328	5.84880651333966	2.24873870193491	0.133723359021181	0.174933702367331
"hsa-miR-671-5p"	-0.240439472914033	4.42638206693756	0.506471061196039	0.476670510087361	0.534102221388648
"hsa-miR-6731-3p"	-6.60663809255135	3.36033112701281	43.5041203409355	4.23067657925091e-11	3.59175807544567e-10
"hsa-miR-6769b-3p"	-1.05882459549105	3.76225019146432	2.76357837319515	0.0964323208995536	0.131097534294818
"hsa-miR-6803-3p"	-2.58387971182971	4.07158478419033	21.3082845031399	3.91037904972961e-06	1.48233899962276e-05
"hsa-miR-6810-3p"	4.90361914368728	2.05448058172828	34.3183304688256	4.67953444049141e-09	2.94952473824913e-08
"hsa-miR-6842-3p"	-0.188366355722511	4.71924545371284	0.231663845869755	0.630292846965302	0.66888220494277
"hsa-miR-7-1-3p"	-3.11429767543174	6.68577381678064	48.9583088946081	2.61461306902579e-12	2.58971199217793e-11
"hsa-miR-7-5p"	-2.88885333028239	6.44539562486056	6.61840252942064	0.0100930323423086	0.0174219977361012
"hsa-miR-708-5p"	1.39404532980125	2.47583197440317	2.08222668046013	0.14902264983252	0.192603532841385
"hsa-miR-744-3p"	2.1426983596866	2.51528316919971	19.3104732181204	1.11095303111753e-05	3.50118531018857e-05
"hsa-miR-744-5p"	1.95084142401663	7.32820968137294	30.1359272259076	4.02799489985983e-08	2.29540531279684e-07
"hsa-miR-766-3p"	-2.08122422086897	7.02092647419658	34.2193058178869	4.92380525145716e-09	3.05716863374056e-08
"hsa-miR-769-5p"	-1.41419232063621	9.33304418134635	16.6934984787072	4.39312975422462e-05	0.000126037377776375
"hsa-miR-7705"	1.20855416209564	2.99121139721905	6.22687025033136	0.0125825935769733	0.0210215217992807
"hsa-miR-7706"	1.31500374066598	5.04441232978156	10.7214208742252	0.00105902317855149	0.0022250183953405
"hsa-miR-7976"	1.21867763039727	3.39280001733748	8.80688318151637	0.00300096238984604	0.00591658935628413
"hsa-miR-7977"	-0.174330367686048	2.37374169478296	0.0332723944032622	0.855263159053968	0.874175612202581
"hsa-miR-873-3p"	-8.14078288524275	4.76113206566938	9.17595316936017	0.00245215624601333	0.00490431249202666
"hsa-miR-873-5p"	-10.4808886661648	7.00942726293235	11.33011906719	0.000762600114595735	0.00166969288248329
"hsa-miR-874-3p"	-3.43271421681283	7.54181060872375	24.1881219660683	8.73694701455622e-07	3.74697933820143e-06
"hsa-miR-874-5p"	-3.45211539848446	4.28022464572568	21.3037467723732	3.91964639323325e-06	1.48233899962276e-05
"hsa-miR-876-5p"	-7.65568180100663	4.32421905687863	4.13104742784761	0.0421032832668647	0.0612411392972577
"hsa-miR-877-5p"	1.34809343151717	5.09190695196323	11.4408256776316	0.000718478576279101	0.00158141316260373
"hsa-miR-9-3p"	-0.521158356466801	2.66228965881887	0.684317756422383	0.408103873532476	0.463855768823798
"hsa-miR-9-5p"	0.220412073759987	5.20009570992643	0.0875868469693479	0.767267692474747	0.797958400173737
"hsa-miR-92a-1-5p"	-2.45167307680663	3.67169145360907	13.1363464182422	0.000289622071308702	0.000684561259456933
"hsa-miR-92a-3p"	-2.09990815757225	16.1150354185785	28.3773697205188	9.98254353282332e-08	5.19092263706812e-07
"hsa-miR-92b-3p"	-1.19450670520903	8.93953310927382	5.23809967056362	0.0220973989813595	0.034820143849415
"hsa-miR-93-3p"	1.15374234068661	4.50825493724615	14.3297634789247	0.000153419943067412	0.000384474074193032
"hsa-miR-93-5p"	-0.67291315855704	9.71838761499748	3.23293201228112	0.0721713667296439	0.100077628531773
"hsa-miR-940"	2.23687688112248	3.21787752409537	22.6023268485915	1.99243153334561e-06	8.12599527325268e-06
"hsa-miR-941"	2.20684946948516	9.09744668462536	21.0791315106304	4.40701532131968e-06	1.6368914050616e-05
"hsa-miR-941-3-5p"	2.20110653639043	6.7961388612772	19.9563335681593	7.92310628598898e-06	2.69605681567422e-05
"hsa-miR-942-5p"	-0.730263634635012	4.19196420125516	3.74542518190666	0.0529522537174456	0.0754388272138951
"hsa-miR-95-3p"	-7.54112253776229	4.18081276758844	68.2746796451388	1.42235686185004e-16	2.27577097896007e-15
"hsa-miR-98-3p"	2.64775432938511	3.40826478025925	19.2545026390111	1.14400254196372e-05	3.5782335147136e-05
"hsa-miR-98-5p"	1.51748872965474	10.5728805318103	12.9729814068423	0.000316018390012645	0.000742732487261359
"hsa-miR-99a-5p"	-1.84204274157635	6.71712151079898	3.83672820692672	0.050141274839326	0.0716796231380056
"hsa-miR-99b-3p"	3.05799809656726	4.51660812579132	47.7708815510632	4.79054525803295e-12	4.52924278941297e-11
"hsa-miR-99b-5p"	3.64438887662048	13.3395620684152	96.2244878421612	1.02568385915623e-22	2.66677803380619e-21
